1 358
1 382
1 585
1 98
1 236
1 83
1 220
1 187
1 441
1 436
1 165
1 488
1 84
1 122
1 60
1 85
1 127
1 132
1 306
1 534
2 517
2 28
2 429
2 364
2 246
2 18
2 19
2 401
2 127
2 20
2 357
2 339
2 159
2 218
2 467
2 479
2 484
2 589
3 68
3 183
3 27
3 213
3 302
3 281
3 131
3 5
3 67
3 108
3 124
3 160
3 199
3 247
3 282
3 444
3 498
3 567
3 597
4 302
4 161
4 319
4 345
4 370
4 379
4 455
4 469
4 528
4 585
5 519
5 464
5 3
5 359
5 480
5 371
5 129
5 455
5 515
5 576
6 61
6 416
6 258
6 217
6 242
6 378
6 27
6 397
6 432
6 599
6 66
6 15
6 67
6 85
6 147
6 201
6 251
6 407
6 459
6 492
6 533
6 589
6 592
7 555
7 339
7 313
7 238
7 495
7 483
7 568
7 416
7 557
7 185
7 327
7 597
7 10
7 87
7 125
7 255
7 269
7 343
7 359
7 406
7 419
7 571
7 586
8 574
8 12
8 95
8 123
8 139
8 207
8 209
8 235
8 353
9 75
9 593
9 490
9 292
9 440
9 226
9 456
9 93
9 499
9 249
9 48
9 350
9 28
9 40
9 49
9 66
9 153
9 301
9 382
9 412
9 484
9 574
10 389
10 468
10 372
10 133
10 7
10 11
10 66
10 110
10 120
10 153
10 236
10 300
10 318
10 351
10 414
10 470
10 479
11 442
11 572
11 334
11 10
11 490
11 180
11 320
11 173
11 348
11 46
11 366
11 70
11 299
11 321
11 330
11 432
11 438
11 464
11 501
11 553
12 20
12 562
12 108
12 201
12 396
12 8
12 370
12 147
12 592
12 150
12 48
12 119
12 121
12 143
12 227
12 348
12 357
12 457
12 544
12 575
13 517
13 484
13 558
13 294
13 432
13 319
13 145
13 569
13 354
13 86
13 104
13 368
13 448
13 516
13 552
14 308
14 157
14 251
14 482
14 555
15 181
15 6
15 95
15 346
15 234
15 62
15 102
15 167
15 468
15 89
15 96
15 214
15 222
15 353
15 487
16 203
16 147
16 47
16 358
16 230
16 174
16 149
16 430
16 443
16 56
16 154
16 180
16 247
16 320
16 409
16 455
17 170
17 491
17 498
17 260
17 106
17 278
17 428
17 78
17 444
17 518
17 96
17 127
17 150
17 168
17 224
17 367
17 405
17 412
17 413
17 555
17 564
17 565
18 518
18 395
18 194
18 48
18 431
18 2
18 55
18 87
18 127
18 204
18 274
18 289
18 317
18 402
19 293
19 32
19 243
19 409
19 549
19 589
19 85
19 109
19 411
19 532
19 510
19 446
19 500
19 63
19 2
19 98
19 135
19 262
19 477
19 479
19 517
19 538
19 559
19 574
19 599
20 164
20 258
20 280
20 291
20 214
20 160
20 430
20 562
20 458
20 2
20 12
20 34
20 95
20 124
20 235
20 386
20 586
21 84
21 72
21 132
21 514
21 578
21 563
21 71
21 213
21 504
21 406
21 343
21 25
21 41
21 101
21 134
21 176
21 189
21 304
21 328
21 364
21 372
21 393
21 439
21 499
21 555
22 334
22 523
22 65
22 83
22 144
22 337
22 266
22 188
22 340
22 77
22 104
22 92
22 461
22 397
22 66
22 81
22 101
22 158
22 180
22 208
22 222
22 235
22 354
22 382
23 537
23 273
23 47
23 110
23 208
23 248
23 268
23 330
23 374
23 435
23 505
24 451
24 572
24 78
24 278
24 477
24 274
24 68
24 549
24 46
24 62
24 90
24 152
24 211
24 410
24 431
24 492
24 507
24 513
25 296
25 396
25 183
25 21
25 368
25 105
25 318
25 478
26 367
26 568
26 117
26 126
26 259
26 412
26 281
26 261
26 342
26 418
26 450
26 463
26 479
26 493
27 45
27 363
27 522
27 162
27 3
27 6
27 62
27 102
27 108
27 127
27 131
27 305
27 328
27 344
27 495
27 553
28 185
28 565
28 111
28 583
28 320
28 433
28 9
28 536
28 524
28 492
28 425
28 2
28 60
28 143
28 151
28 247
28 363
28 401
28 458
28 507
29 369
29 532
29 218
29 228
29 461
29 489
29 68
29 160
29 102
29 509
29 270
29 83
29 54
29 145
29 200
29 252
30 512
30 598
30 341
30 334
30 556
30 354
30 153
30 442
30 136
30 364
30 311
30 39
30 47
30 79
30 117
30 172
30 318
30 344
30 415
31 366
31 187
31 282
31 462
31 526
31 107
31 61
31 76
31 290
31 294
31 376
31 391
32 83
32 542
32 495
32 384
32 87
32 448
32 47
32 19
32 60
32 80
32 108
32 112
32 183
32 187
32 198
32 281
32 300
32 398
32 422
32 433
32 511
32 515
33 534
33 412
33 110
33 476
33 487
33 311
33 494
33 340
33 108
33 469
33 44
33 218
33 240
33 300
33 309
33 310
33 343
33 344
34 444
34 337
34 398
34 464
34 447
34 20
34 557
34 159
34 257
34 154
34 354
34 132
34 451
34 224
34 283
34 178
34 99
34 151
34 172
34 298
34 333
34 538
34 564
34 569
34 590
35 383
35 554
35 489
35 81
35 334
35 223
35 465
35 149
35 219
35 266
35 370
35 443
35 445
35 456
35 577
36 489
36 348
36 358
36 199
36 305
36 180
36 140
36 378
36 479
36 350
36 50
36 51
36 150
36 155
36 182
36 229
36 257
36 277
36 295
36 345
36 393
36 428
36 497
36 509
37 497
37 343
37 39
37 526
37 277
37 222
37 291
37 451
37 348
37 491
37 228
37 433
37 94
37 302
37 267
37 135
37 159
37 168
37 337
37 456
38 407
38 54
38 74
38 307
38 65
38 194
38 323
38 347
38 355
38 372
38 574
39 244
39 380
39 373
39 597
39 30
39 293
39 37
39 51
39 56
39 102
39 225
39 264
39 421
39 440
39 579
40 48
40 152
40 537
40 9
40 579
40 469
40 122
40 179
40 208
40 252
40 370
40 449
40 462
41 117
41 214
41 65
41 503
41 200
41 21
41 438
41 349
41 104
41 347
41 216
41 192
41 229
41 286
41 290
41 322
41 325
41 365
41 372
41 470
42 282
42 399
42 569
42 410
42 514
42 305
42 510
42 384
42 123
42 489
42 262
42 388
42 418
42 427
42 528
43 274
43 474
43 261
43 339
43 534
43 283
43 226
43 238
43 414
43 509
43 506
43 51
43 85
43 154
43 197
43 219
43 246
43 249
43 306
43 518
44 306
44 47
44 315
44 282
44 204
44 33
44 50
44 76
44 279
44 333
44 574
45 255
45 317
45 27
45 111
45 210
45 270
45 274
45 299
45 341
45 439
45 563
46 399
46 340
46 333
46 194
46 498
46 55
46 354
46 327
46 401
46 161
46 173
46 84
46 24
46 543
46 559
46 88
46 551
46 424
46 589
46 276
46 11
46 48
46 148
46 242
46 245
46 314
46 366
46 369
46 371
46 415
46 445
46 515
46 574
46 582
47 516
47 298
47 559
47 598
47 135
47 23
47 164
47 526
47 384
47 561
47 543
47 455
47 30
47 585
47 16
47 32
47 44
47 145
47 219
47 247
47 347
47 433
47 536
47 549
47 588
47 592
48 403
48 429
48 320
48 593
48 12
48 317
48 203
48 46
48 528
48 428
48 219
48 520
48 319
48 9
48 18
48 40
48 117
48 185
48 458
48 543
48 553
48 554
49 500
49 346
49 9
49 509
49 590
49 196
49 55
49 61
49 175
49 238
49 391
49 482
49 558
50 504
50 150
50 243
50 534
50 44
50 222
50 36
50 552
50 586
50 118
50 537
50 363
50 544
50 153
50 318
50 398
50 482
51 328
51 534
51 495
51 245
51 43
51 254
51 470
51 39
51 36
51 522
51 456
51 399
51 339
51 222
51 294
51 417
51 194
51 77
51 122
51 209
51 219
51 348
51 379
51 518
51 583
52 78
52 431
52 297
52 58
52 252
52 54
52 69
52 217
52 278
52 325
52 552
52 564
52 592
52 596
53 185
53 482
53 230
53 303
53 399
53 337
53 301
53 103
53 247
53 452
53 553
53 514
53 363
53 110
53 72
53 75
53 90
53 285
53 364
54 430
54 467
54 29
54 154
54 449
54 52
54 597
54 38
54 85
54 127
54 156
54 210
54 483
54 487
54 513
54 521
54 544
55 62
55 381
55 203
55 49
55 18
55 487
55 46
55 60
55 167
55 251
55 302
55 400
55 505
55 568
56 425
56 244
56 126
56 39
56 383
56 273
56 490
56 352
56 16
56 59
56 97
56 252
56 410
56 486
56 535
57 552
57 131
57 264
57 565
57 456
57 488
57 114
57 320
57 154
57 174
57 292
57 324
57 442
57 533
57 599
58 545
58 422
58 553
58 571
58 225
58 52
58 60
58 70
58 265
58 289
58 293
58 404
58 411
58 425
58 451
59 510
59 200
59 364
59 70
59 56
59 501
59 419
59 291
59 490
59 271
59 313
59 430
59 451
59 592
60 1
60 32
60 255
60 494
60 366
60 522
60 28
60 450
60 409
60 277
60 371
60 58
60 157
60 482
60 55
60 598
60 182
60 369
60 64
60 199
60 377
60 405
60 479
60 517
60 528
60 553
61 31
61 157
61 98
61 521
61 111
61 352
61 49
61 96
61 431
61 6
61 87
61 116
61 118
61 171
61 208
61 249
61 255
61 347
61 363
61 414
61 437
61 483
61 511
61 543
62 155
62 184
62 293
62 27
62 557
62 24
62 110
62 321
62 185
62 381
62 15
62 55
62 182
62 187
62 271
62 460
62 523
62 568
63 507
63 459
63 224
63 412
63 294
63 319
63 567
63 573
63 19
63 117
63 285
63 315
63 517
63 552
64 590
64 586
64 576
64 266
64 410
64 357
64 176
64 494
64 262
64 358
64 339
64 479
64 268
64 60
64 137
64 104
64 139
64 223
64 355
64 421
64 575
65 362
65 589
65 313
65 230
65 398
65 309
65 402
65 130
65 22
65 38
65 41
65 400
65 535
65 563
66 67
66 22
66 194
66 577
66 146
66 170
66 9
66 10
66 147
66 245
66 6
66 71
66 121
66 197
66 219
66 290
66 488
66 518
66 520
66 522
67 131
67 372
67 445
67 500
67 383
67 3
67 156
67 516
67 385
67 570
67 322
67 366
67 6
67 473
67 66
67 215
67 252
67 341
67 351
67 368
67 444
67 504
68 562
68 194
68 446
68 158
68 484
68 470
68 541
68 310
68 3
68 24
68 29
68 149
68 242
68 305
68 312
68 316
68 400
68 463
69 553
69 328
69 100
69 335
69 491
69 52
69 355
69 173
69 560
69 592
69 283
69 105
69 270
69 324
69 361
69 376
69 397
69 490
69 509
69 515
69 548
70 248
70 589
70 58
70 11
70 415
70 357
70 551
70 386
70 236
70 362
70 310
70 559
70 443
70 59
70 154
70 204
70 292
70 359
70 413
70 464
70 553
71 180
71 525
71 202
71 195
71 291
71 66
71 288
71 508
71 298
71 356
71 21
71 130
71 237
71 264
71 391
71 428
71 592
72 156
72 115
72 518
72 284
72 595
72 195
72 346
72 53
72 362
72 21
72 163
72 279
72 358
72 566
73 248
73 183
73 507
73 438
73 406
73 224
73 436
73 212
73 556
73 126
73 155
73 252
73 281
73 426
73 451
74 158
74 338
74 78
74 450
74 273
74 254
74 548
74 296
74 84
74 38
74 110
74 130
74 142
74 193
74 215
74 258
74 334
74 363
74 367
74 517
74 518
74 527
74 530
75 472
75 329
75 467
75 465
75 210
75 125
75 53
75 95
75 9
75 78
75 242
75 347
75 397
75 412
75 510
75 517
76 31
76 352
76 394
76 330
76 44
76 275
76 89
76 207
76 97
76 232
76 350
76 464
76 574
76 589
77 236
77 429
77 267
77 246
77 225
77 51
77 201
77 22
77 125
77 229
77 238
77 248
77 279
77 403
77 426
77 548
78 160
78 177
78 241
78 473
78 151
78 260
78 134
78 275
78 334
78 344
78 75
78 472
78 17
78 24
78 52
78 74
78 112
78 146
78 518
79 93
79 461
79 30
79 374
79 187
79 470
79 496
79 557
79 405
79 334
79 585
79 193
79 206
79 219
79 365
79 437
79 448
79 457
79 505
80 32
80 448
80 537
80 121
80 245
80 447
80 532
80 533
80 536
80 543
81 465
81 153
81 351
81 131
81 267
81 466
81 22
81 300
81 319
81 374
81 469
81 335
81 35
81 121
81 135
81 151
81 256
81 331
82 581
82 273
82 343
82 580
82 454
82 117
82 95
82 123
82 195
82 201
82 205
82 207
82 236
82 241
82 308
83 582
83 163
83 440
83 247
83 589
83 213
83 364
83 1
83 22
83 29
83 32
83 87
83 147
83 153
83 192
83 211
83 212
83 266
83 269
83 374
83 417
83 539
84 238
84 277
84 296
84 454
84 574
84 222
84 194
84 1
84 21
84 46
84 74
84 314
84 367
84 423
85 302
85 548
85 411
85 43
85 301
85 94
85 398
85 392
85 214
85 6
85 1
85 54
85 113
85 19
85 96
85 135
85 182
85 365
85 429
85 488
86 495
86 507
86 247
86 237
86 13
86 395
86 148
86 213
86 365
86 110
86 119
86 156
86 391
86 453
86 582
87 18
87 158
87 83
87 7
87 239
87 61
87 326
87 501
87 521
87 304
87 302
87 228
87 32
87 139
87 147
87 278
87 291
87 292
87 321
87 443
87 453
87 468
87 504
87 548
88 157
88 136
88 216
88 46
88 153
88 191
88 278
88 370
88 398
88 430
88 448
88 459
88 461
88 495
89 15
89 468
89 188
89 558
89 513
89 226
89 230
89 357
89 325
89 540
89 373
89 76
89 100
89 200
89 331
89 385
89 585
90 410
90 200
90 448
90 413
90 509
90 204
90 24
90 432
90 53
90 228
90 465
90 176
90 177
90 314
90 315
90 321
90 377
90 411
91 124
91 223
91 103
91 355
91 353
91 99
91 476
91 144
91 169
91 104
91 137
91 146
91 386
91 471
92 477
92 101
92 548
92 111
92 418
92 22
92 94
92 119
92 174
92 276
92 598
93 154
93 308
93 113
93 107
93 391
93 430
93 500
93 325
93 313
93 372
93 102
93 527
93 392
93 370
93 478
93 358
93 600
93 440
93 212
93 459
93 9
93 79
93 105
93 300
93 448
93 456
93 476
93 564
94 534
94 92
94 453
94 152
94 575
94 464
94 367
94 117
94 527
94 403
94 526
94 377
94 37
94 85
94 162
94 201
94 224
94 378
94 520
95 82
95 590
95 318
95 154
95 533
95 20
95 8
95 15
95 75
95 105
95 109
95 295
95 402
95 404
95 412
95 419
95 454
95 526
95 562
96 486
96 507
96 593
96 211
96 131
96 426
96 85
96 15
96 424
96 467
96 17
96 102
96 61
96 114
96 153
96 163
96 267
96 280
96 442
96 505
96 539
97 427
97 462
97 301
97 180
97 175
97 56
97 111
97 597
97 76
97 449
97 564
97 281
97 128
97 163
97 185
97 264
97 298
97 309
97 400
97 472
98 416
98 200
98 352
98 19
98 584
98 439
98 594
98 1
98 61
98 155
98 336
98 484
98 487
98 513
98 565
99 464
99 217
99 191
99 175
99 219
99 273
99 298
99 34
99 91
99 102
99 141
99 285
99 288
99 300
99 390
99 514
99 570
100 197
100 472
100 402
100 439
100 260
100 417
100 89
100 261
100 69
100 283
100 343
100 394
100 456
100 478
100 496
100 544
100 571
101 569
101 352
101 21
101 187
101 22
101 139
101 496
101 599
101 225
101 536
101 92
101 193
101 255
101 298
101 342
101 428
101 457
101 561
101 597
102 289
102 253
102 119
102 140
102 218
102 549
102 99
102 226
102 39
102 212
102 27
102 302
102 315
102 15
102 29
102 93
102 96
102 162
102 199
102 211
102 231
102 350
102 362
102 440
102 486
103 130
103 337
103 160
103 258
103 406
103 302
103 53
103 91
103 208
103 261
103 293
103 357
103 388
103 414
103 415
103 434
103 574
104 120
104 64
104 578
104 197
104 13
104 223
104 22
104 41
104 91
104 128
104 240
104 327
104 350
104 598
105 487
105 95
105 25
105 428
105 69
105 345
105 240
105 546
105 93
105 134
105 220
105 349
105 372
105 380
105 526
106 159
106 233
106 234
106 227
106 17
106 114
106 261
106 370
106 490
106 575
107 381
107 421
107 559
107 510
107 160
107 221
107 393
107 567
107 414
107 566
107 31
107 93
107 218
107 274
107 302
107 422
107 473
107 552
107 584
108 123
108 32
108 125
108 27
108 402
108 205
108 464
108 168
108 379
108 3
108 442
108 12
108 33
108 186
108 206
108 346
108 365
108 370
108 410
108 514
109 449
109 413
109 163
109 112
109 379
109 276
109 95
109 215
109 275
109 476
109 454
109 19
109 213
109 417
109 432
109 581
109 589
110 162
110 396
110 151
110 23
110 141
110 194
110 499
110 74
110 10
110 86
110 139
110 33
110 53
110 62
110 201
110 224
110 300
110 454
110 561
110 563
111 449
111 218
111 583
111 502
111 169
111 45
111 28
111 61
111 92
111 97
111 168
111 349
111 499
111 562
111 569
112 199
112 146
112 411
112 431
112 78
112 208
112 187
112 223
112 268
112 222
112 287
112 307
112 32
112 533
112 109
112 301
112 309
112 336
112 390
112 461
113 390
113 429
113 85
113 93
113 318
113 437
113 508
113 510
114 96
114 596
114 349
114 106
114 184
114 57
114 120
114 190
114 251
114 264
114 278
114 350
114 428
114 533
115 571
115 239
115 72
115 133
115 205
115 410
115 426
115 434
115 509
115 543
115 562
116 239
116 318
116 61
116 477
116 496
116 440
116 171
116 321
116 436
116 182
116 186
116 291
116 388
116 519
116 572
117 473
117 525
117 143
117 205
117 30
117 164
117 63
117 48
117 391
117 200
117 527
117 26
117 41
117 82
117 94
117 223
117 351
117 434
117 583
117 592
118 179
118 314
118 357
118 511
118 574
118 350
118 154
118 121
118 431
118 561
118 471
118 61
118 50
118 295
118 330
118 423
119 449
119 352
119 323
119 502
119 375
119 357
119 92
119 175
119 253
119 256
119 342
119 12
119 86
119 102
119 174
119 325
119 365
119 520
119 568
119 573
120 114
120 10
120 430
120 267
120 470
120 320
120 104
120 127
120 145
120 187
120 402
120 418
121 492
121 408
121 539
121 204
121 359
121 427
121 461
121 161
121 336
121 81
121 66
121 156
121 561
121 375
121 343
121 80
121 12
121 118
121 178
121 315
121 495
121 549
121 557
121 574
121 585
122 123
122 515
122 208
122 204
122 301
122 592
122 542
122 393
122 371
122 489
122 442
122 40
122 449
122 213
122 292
122 226
122 167
122 51
122 469
122 282
122 1
122 450
122 568
123 267
123 273
123 139
123 302
123 82
123 570
123 8
123 190
123 255
123 195
123 502
123 442
123 519
123 413
123 217
123 42
123 108
123 122
123 180
123 546
124 20
124 251
124 141
124 531
124 3
124 305
124 370
124 515
124 321
124 190
124 91
124 182
124 247
124 268
124 271
124 278
124 480
124 550
125 384
125 511
125 417
125 565
125 232
125 142
125 591
125 155
125 77
125 274
125 7
125 75
125 108
125 154
125 268
125 343
125 480
125 484
125 513
125 558
126 195
126 244
126 162
126 398
126 73
126 524
126 375
126 26
126 56
126 180
126 240
126 341
126 403
126 477
126 492
126 511
126 519
127 245
127 513
127 120
127 17
127 312
127 18
127 433
127 553
127 545
127 27
127 515
127 456
127 322
127 478
127 130
127 436
127 502
127 1
127 54
127 2
127 461
127 546
128 216
128 97
128 404
128 104
128 346
128 314
128 152
128 259
128 547
128 215
128 549
128 199
128 213
128 262
128 278
128 280
128 316
128 384
128 387
128 544
128 594
129 5
129 389
129 318
129 596
129 203
129 289
129 540
129 549
129 172
129 130
129 141
129 304
129 402
129 425
129 440
129 475
129 591
130 583
130 74
130 346
130 71
130 300
130 165
130 129
130 297
130 237
130 328
130 65
130 103
130 127
130 192
130 203
130 325
130 389
130 478
130 513
130 522
131 27
131 465
131 436
131 323
131 152
131 322
131 550
131 3
131 57
131 67
131 81
131 96
131 157
131 185
131 282
131 346
131 417
131 444
131 513
132 560
132 467
132 557
132 508
132 579
132 1
132 166
132 21
132 34
132 188
132 245
132 290
132 336
132 430
132 439
132 449
132 543
133 408
133 600
133 309
133 115
133 289
133 431
133 174
133 10
133 432
133 448
133 532
133 536
133 566
134 21
134 439
134 105
134 321
134 503
134 269
134 519
134 78
134 148
134 180
134 314
134 332
134 464
134 579
135 266
135 37
135 19
135 416
135 543
135 81
135 580
135 386
135 287
135 230
135 576
135 85
135 332
135 47
135 153
135 186
135 217
135 269
135 347
135 382
135 394
135 562
136 173
136 167
136 410
136 30
136 88
136 397
136 457
136 500
136 543
136 556
137 498
137 561
137 173
137 588
137 510
137 509
137 366
137 91
137 357
137 64
137 158
137 182
137 438
137 569
138 445
138 461
138 371
138 522
138 384
138 321
138 423
138 452
138 458
138 459
139 380
139 438
139 294
139 8
139 64
139 451
139 87
139 398
139 475
139 101
139 110
139 123
139 306
139 312
139 342
139 386
139 399
139 412
139 413
139 441
139 512
140 376
140 345
140 411
140 573
140 377
140 244
140 581
140 441
140 433
140 36
140 102
140 204
140 264
140 267
140 274
140 281
140 456
140 508
141 547
141 194
141 129
141 512
141 99
141 110
141 124
141 195
141 204
141 358
142 74
142 532
142 355
142 352
142 385
142 125
142 143
142 208
142 273
142 314
142 357
142 383
142 427
142 545
143 463
143 187
143 260
143 142
143 12
143 28
143 337
143 381
143 339
143 273
143 117
143 154
143 224
143 322
143 358
143 367
143 455
144 330
144 159
144 364
144 468
144 570
144 514
144 539
144 22
144 91
144 178
144 270
144 372
144 413
144 525
144 543
144 564
145 582
145 167
145 295
145 255
145 272
145 281
145 47
145 29
145 488
145 321
145 120
145 13
145 218
145 271
145 273
145 403
145 465
145 572
146 91
146 503
146 437
146 354
146 78
146 66
146 112
146 185
146 201
146 529
146 578
146 600
147 87
147 574
147 207
147 83
147 6
147 275
147 12
147 16
147 66
147 271
147 384
147 408
147 410
147 479
147 509
148 600
148 565
148 222
148 245
148 46
148 224
148 305
148 134
148 86
148 165
148 381
148 514
149 35
149 228
149 367
149 511
149 597
149 297
149 278
149 68
149 529
149 336
149 350
149 16
149 190
149 299
149 315
149 415
149 538
150 36
150 329
150 346
150 447
150 519
150 529
150 522
150 17
150 530
150 12
150 50
150 213
150 273
150 423
150 454
150 476
150 506
150 525
150 551
150 599
151 504
151 464
151 28
151 397
151 34
151 497
151 587
151 203
151 81
151 78
151 110
151 387
151 431
151 519
151 570
152 184
152 314
152 197
152 248
152 24
152 232
152 494
152 249
152 40
152 94
152 128
152 131
152 154
152 412
152 546
152 565
152 592
153 88
153 323
153 462
153 96
153 50
153 135
153 600
153 83
153 328
153 216
153 9
153 290
153 311
153 10
153 30
153 81
153 154
153 189
153 521
154 552
154 316
154 143
154 238
154 152
154 57
154 125
154 280
154 70
154 16
154 282
154 43
154 153
154 34
154 54
154 93
154 95
154 118
154 326
154 362
154 363
154 413
154 422
154 486
154 512
154 564
155 167
155 431
155 73
155 360
155 36
155 98
155 401
155 278
155 475
155 544
155 62
155 125
155 257
155 309
155 361
155 453
155 511
156 86
156 54
156 404
156 581
156 382
156 582
156 492
156 200
156 67
156 72
156 121
156 240
156 260
157 14
157 329
157 163
157 237
157 440
157 131
157 60
157 61
157 88
157 169
157 328
157 333
157 365
157 454
157 508
158 186
158 335
158 22
158 370
158 415
158 160
158 137
158 319
158 556
158 68
158 74
158 87
158 286
158 324
158 334
158 555
158 571
159 291
159 432
159 190
159 235
159 165
159 319
159 2
159 37
159 553
159 173
159 34
159 106
159 144
159 202
159 213
159 257
159 314
159 324
159 352
159 377
159 388
159 425
159 426
160 578
160 282
160 3
160 180
160 534
160 20
160 29
160 78
160 103
160 107
160 158
160 226
160 435
160 492
160 507
160 515
160 538
161 4
161 347
161 527
161 375
161 256
161 166
161 594
161 529
161 420
161 243
161 46
161 121
161 214
161 327
161 331
161 374
161 559
162 565
162 590
162 200
162 394
162 540
162 102
162 94
162 222
162 453
162 187
162 313
162 446
162 27
162 110
162 126
162 163
162 203
162 269
162 369
162 432
162 564
163 482
163 343
163 96
163 455
163 500
163 509
163 558
163 162
163 97
163 510
163 72
163 83
163 109
163 157
163 263
163 295
163 349
163 435
163 445
163 547
164 564
164 587
164 477
164 388
164 215
164 536
164 20
164 47
164 117
164 258
164 272
164 337
164 399
164 455
164 521
164 586
165 488
165 191
165 148
165 1
165 130
165 159
165 190
165 216
165 367
165 393
165 480
166 271
166 382
166 315
166 494
166 275
166 282
166 570
166 268
166 463
166 132
166 161
166 176
166 201
166 211
166 349
166 465
166 473
166 487
166 523
166 543
166 556
166 561
167 55
167 578
167 301
167 508
167 423
167 15
167 122
167 136
167 145
167 155
167 275
167 310
167 354
167 397
167 472
168 17
168 37
168 515
168 111
168 593
168 108
168 299
168 301
168 334
168 400
168 430
168 447
169 157
169 372
169 399
169 298
169 247
169 563
169 553
169 261
169 91
169 111
169 186
169 318
169 376
169 415
169 570
169 589
170 363
170 420
170 456
170 271
170 284
170 533
170 308
170 563
170 17
170 66
170 221
170 226
171 61
171 185
171 264
171 355
171 576
171 116
171 192
171 236
171 290
171 347
171 527
171 545
171 568
172 532
172 433
172 400
172 30
172 521
172 587
172 597
172 474
172 34
172 129
172 197
172 212
172 280
172 304
172 312
172 341
172 513
172 547
172 573
173 406
173 347
173 361
173 392
173 195
173 442
173 11
173 46
173 69
173 136
173 137
173 159
173 218
173 233
173 305
173 344
173 380
173 547
173 565
174 234
174 381
174 92
174 331
174 446
174 361
174 119
174 57
174 366
174 524
174 377
174 16
174 133
174 179
174 249
174 348
174 411
174 445
174 495
174 549
174 564
175 49
175 338
175 508
175 455
175 554
175 97
175 99
175 119
175 193
175 220
175 248
175 251
175 257
175 261
175 303
175 365
175 439
175 467
175 503
175 559
176 494
176 367
176 385
176 166
176 423
176 177
176 379
176 21
176 375
176 188
176 90
176 64
176 218
176 267
176 274
176 364
176 383
176 424
176 471
176 505
176 552
177 493
177 90
177 78
177 176
177 289
177 330
177 333
177 343
177 577
178 265
178 535
178 144
178 545
178 121
178 34
178 327
178 378
178 379
178 381
178 412
178 467
178 540
178 596
179 40
179 532
179 540
179 521
179 597
179 174
179 565
179 252
179 196
179 308
179 118
179 210
179 306
179 310
179 415
180 565
180 134
180 283
180 16
180 22
180 234
180 429
180 126
180 123
180 11
180 36
180 71
180 97
180 160
180 261
180 281
180 370
180 561
181 318
181 231
181 204
181 525
181 252
181 436
181 238
181 15
181 258
181 286
181 367
181 389
182 434
182 584
182 454
182 587
182 116
182 85
182 300
182 124
182 541
182 249
182 36
182 62
182 461
182 509
182 540
182 498
182 137
182 263
182 60
182 232
182 390
182 408
182 414
182 433
183 32
183 521
183 3
183 25
183 73
183 233
183 299
183 304
183 357
183 363
183 449
183 471
183 524
183 552
184 324
184 62
184 114
184 152
184 487
184 568
184 587
184 593
184 599
185 48
185 146
185 350
185 97
185 131
185 7
185 28
185 53
185 62
185 171
185 283
185 324
185 339
185 346
185 388
185 402
185 414
186 325
186 524
186 135
186 345
186 108
186 540
186 235
186 169
186 437
186 116
186 512
186 377
186 229
186 291
186 194
186 158
186 366
186 448
186 525
186 579
187 460
187 359
187 355
187 528
187 292
187 300
187 120
187 62
187 467
187 358
187 370
187 32
187 1
187 31
187 79
187 101
187 112
187 143
187 162
187 256
187 286
187 323
187 368
187 391
187 435
187 452
187 507
188 193
188 132
188 376
188 347
188 545
188 384
188 22
188 89
188 176
188 247
188 417
188 570
189 153
189 195
189 273
189 194
189 586
189 21
189 583
189 264
189 276
189 375
189 432
189 477
189 483
189 520
189 549
189 558
189 589
190 431
190 218
190 379
190 165
190 545
190 149
190 420
190 294
190 265
190 114
190 550
190 564
190 392
190 123
190 124
190 159
190 258
190 281
190 299
190 321
190 413
190 468
190 569
191 589
191 492
191 576
191 88
191 99
191 165
191 241
191 377
191 535
191 550
191 562
192 41
192 562
192 528
192 473
192 437
192 171
192 83
192 130
192 270
192 301
192 309
192 443
192 457
192 546
192 594
193 344
193 101
193 175
193 567
193 213
193 328
193 559
193 523
193 251
193 462
193 79
193 222
193 74
193 188
193 384
193 439
193 471
193 472
193 517
194 240
194 38
194 422
194 534
194 18
194 46
194 51
194 66
194 68
194 84
194 110
194 141
194 186
194 189
194 200
194 203
194 216
194 405
194 431
194 459
195 450
195 502
195 82
195 141
195 71
195 72
195 123
195 126
195 173
195 189
195 205
195 209
195 218
195 313
195 350
195 435
195 453
195 514
195 533
195 569
195 572
196 391
196 367
196 348
196 217
196 227
196 334
196 49
196 179
196 199
196 386
196 440
196 478
196 595
197 280
197 328
197 590
197 172
197 375
197 571
197 211
197 66
197 43
197 327
197 527
197 100
197 104
197 152
197 200
197 336
197 349
197 418
197 486
197 513
198 32
198 251
198 291
198 447
198 471
198 490
198 593
199 60
199 539
199 482
199 128
199 102
199 402
199 599
199 3
199 226
199 326
199 511
199 444
199 207
199 438
199 485
199 506
199 196
199 36
199 112
199 262
199 278
199 279
199 350
199 563
199 589
200 394
200 328
200 197
200 257
200 351
200 29
200 499
200 349
200 285
200 207
200 474
200 194
200 306
200 89
200 41
200 59
200 90
200 98
200 117
200 156
200 162
200 225
200 291
200 366
200 402
200 535
201 220
201 549
201 277
201 82
201 94
201 459
201 482
201 146
201 166
201 218
201 110
201 473
201 6
201 457
201 12
201 77
201 212
201 221
201 229
201 357
201 504
201 540
201 591
202 334
202 335
202 247
202 467
202 536
202 245
202 159
202 71
202 256
202 390
202 440
203 329
203 162
203 294
203 489
203 194
203 411
203 209
203 358
203 300
203 130
203 16
203 48
203 55
203 129
203 151
203 249
203 287
203 441
204 141
204 400
204 18
204 140
204 70
204 44
204 90
204 121
204 122
204 181
204 267
204 316
204 332
204 342
204 479
204 596
205 256
205 441
205 391
205 223
205 82
205 195
205 546
205 465
205 115
205 108
205 117
205 320
205 414
205 464
206 108
206 442
206 496
206 211
206 79
206 218
206 341
206 438
206 465
206 473
206 485
206 514
206 540
206 564
206 572
207 483
207 309
207 8
207 230
207 533
207 433
207 475
207 82
207 76
207 147
207 199
207 200
207 417
207 486
207 530
207 536
207 545
208 23
208 310
208 61
208 103
208 494
208 22
208 142
208 331
208 446
208 316
208 510
208 400
208 294
208 40
208 112
208 122
208 212
208 279
208 440
209 195
209 51
209 417
209 362
209 8
209 510
209 527
209 258
209 371
209 294
209 203
209 256
209 505
210 297
210 179
210 491
210 364
210 277
210 54
210 324
210 600
210 538
210 45
210 582
210 482
210 399
210 75
210 292
210 370
210 377
210 450
210 549
211 83
211 510
211 24
211 455
211 166
211 102
211 579
211 96
211 197
211 206
211 219
211 253
211 300
211 308
211 352
211 500
212 380
212 383
212 201
212 172
212 83
212 397
212 208
212 251
212 248
212 385
212 495
212 73
212 93
212 102
212 278
212 305
212 394
212 428
212 450
212 498
212 504
213 507
213 150
213 375
213 592
213 109
213 409
213 128
213 159
213 3
213 21
213 83
213 86
213 122
213 193
213 220
213 226
213 229
213 292
213 378
213 473
213 492
214 15
214 316
214 363
214 355
214 315
214 595
214 161
214 471
214 325
214 570
214 20
214 41
214 85
214 266
214 431
215 74
215 67
215 327
215 482
215 377
215 313
215 109
215 128
215 164
215 220
215 317
215 388
215 447
215 462
215 548
216 165
216 228
216 451
216 255
216 566
216 194
216 413
216 577
216 41
216 88
216 128
216 153
216 262
216 310
216 334
216 339
217 52
217 508
217 135
217 6
217 99
217 123
217 196
217 223
217 235
217 247
217 268
217 302
217 377
217 409
217 523
217 544
217 596
218 368
218 310
218 107
218 2
218 173
218 176
218 456
218 33
218 402
218 195
218 145
218 329
218 262
218 206
218 581
218 29
218 102
218 111
218 190
218 201
218 229
218 336
218 413
218 451
218 458
218 482
218 498
218 520
218 550
218 563
218 596
219 51
219 592
219 79
219 43
219 502
219 346
219 66
219 444
219 555
219 35
219 259
219 590
219 419
219 211
219 47
219 48
219 99
219 223
219 514
219 544
219 570
220 215
220 337
220 456
220 446
220 234
220 213
220 175
220 105
220 1
220 201
220 366
220 443
220 471
220 518
220 557
221 201
221 170
221 320
221 309
221 522
221 107
221 372
221 406
221 460
221 466
222 15
222 247
222 245
222 565
222 520
222 349
222 22
222 552
222 581
222 522
222 37
222 50
222 51
222 84
222 112
222 148
222 162
222 193
222 282
222 331
222 503
222 507
222 577
222 586
223 219
223 217
223 560
223 117
223 64
223 237
223 285
223 316
223 471
223 308
223 429
223 582
223 369
223 279
223 35
223 91
223 104
223 112
223 205
223 266
223 277
223 322
223 572
224 17
224 143
224 110
224 524
224 94
224 574
224 34
224 63
224 73
224 148
224 263
224 282
224 300
224 402
224 506
224 543
224 551
225 200
225 39
225 568
225 596
225 253
225 233
225 379
225 437
225 375
225 295
225 322
225 58
225 77
225 101
225 262
225 314
225 439
225 492
225 547
225 576
225 583
226 213
226 230
226 239
226 160
226 170
226 311
226 255
226 9
226 43
226 89
226 102
226 122
226 199
226 259
226 453
227 368
227 370
227 483
227 12
227 363
227 300
227 423
227 106
227 196
227 228
227 233
227 251
227 392
227 542
228 376
228 253
228 436
228 559
228 416
228 227
228 279
228 321
228 403
228 29
228 37
228 87
228 90
228 149
228 216
228 291
228 292
228 328
228 467
229 279
229 201
229 41
229 213
229 302
229 77
229 218
229 36
229 186
229 270
229 341
229 403
229 507
229 570
230 554
230 530
230 522
230 457
230 260
230 16
230 53
230 65
230 89
230 135
230 207
230 226
230 319
230 386
230 414
231 481
231 102
231 568
231 181
231 253
231 320
231 332
231 517
231 522
231 555
232 409
232 182
232 370
232 600
232 561
232 76
232 125
232 152
232 277
232 325
232 329
232 413
232 534
233 183
233 475
233 227
233 238
233 173
233 106
233 225
233 421
233 473
234 313
234 15
234 106
234 174
234 180
234 220
234 336
234 369
234 400
234 499
234 529
234 530
234 542
234 553
235 22
235 217
235 20
235 307
235 8
235 254
235 159
235 186
235 391
235 407
235 525
235 577
236 171
236 341
236 82
236 394
236 544
236 10
236 1
236 70
236 77
236 284
236 337
236 435
236 508
236 520
236 565
237 400
237 404
237 523
237 309
237 425
237 71
237 86
237 130
237 157
237 223
237 244
237 302
237 326
237 516
238 597
238 77
238 49
238 495
238 7
238 43
238 84
238 154
238 181
238 233
238 322
238 357
238 486
238 511
238 542
239 563
239 454
239 572
239 493
239 330
239 286
239 356
239 87
239 115
239 116
239 226
239 242
239 370
239 465
239 551
239 567
239 593
240 320
240 126
240 422
240 156
240 404
240 326
240 104
240 267
240 508
240 426
240 33
240 577
240 105
240 194
240 271
240 504
241 82
241 432
241 541
241 191
241 363
241 323
241 594
241 78
241 280
241 305
241 322
241 356
241 434
241 437
241 483
241 494
241 519
241 558
242 413
242 239
242 68
242 75
242 473
242 501
242 46
242 417
242 6
242 250
242 265
242 267
242 295
242 321
242 363
242 460
242 467
242 488
242 542
243 277
243 19
243 50
243 161
243 252
243 322
243 339
243 430
243 451
243 506
243 532
243 561
244 405
244 484
244 248
244 312
244 381
244 237
244 518
244 427
244 445
244 536
244 39
244 56
244 126
244 140
244 319
245 80
245 132
245 596
245 46
245 258
245 325
245 51
245 66
245 127
245 148
245 202
245 222
245 267
245 285
245 359
245 405
245 450
245 460
245 484
245 488
246 520
246 43
246 2
246 77
246 293
246 362
246 394
247 217
247 289
247 3
247 537
247 188
247 404
247 16
247 520
247 382
247 28
247 47
247 333
247 124
247 472
247 53
247 83
247 86
247 169
247 202
247 222
247 293
247 350
247 419
247 438
247 467
248 77
248 175
248 23
248 315
248 294
248 519
248 70
248 73
248 152
248 212
248 244
248 324
248 424
248 440
248 521
248 572
249 511
249 593
249 61
249 174
249 203
249 43
249 9
249 152
249 182
249 255
249 276
249 278
249 341
249 379
250 425
250 242
250 529
250 262
250 279
250 283
250 290
250 427
250 463
250 486
250 568
250 569
250 587
251 227
251 547
251 306
251 198
251 565
251 340
251 473
251 114
251 14
251 175
251 55
251 328
251 304
251 480
251 6
251 124
251 193
251 212
251 353
251 418
251 463
251 574
251 583
251 591
252 243
252 29
252 67
252 489
252 391
252 362
252 73
252 40
252 328
252 56
252 52
252 179
252 181
252 270
252 357
252 458
252 485
252 582
253 408
253 231
253 320
253 306
253 211
253 494
253 102
253 119
253 225
253 228
253 332
253 384
253 411
253 415
253 493
253 574
253 587
254 279
254 51
254 74
254 235
254 264
254 418
254 481
255 7
255 258
255 61
255 249
255 101
255 575
255 393
255 310
255 45
255 60
255 123
255 145
255 216
255 226
255 268
255 284
255 328
255 363
255 394
255 471
255 535
256 486
256 540
256 585
256 494
256 187
256 209
256 81
256 202
256 591
256 516
256 119
256 161
256 205
256 281
256 405
256 426
256 437
256 478
256 483
256 501
256 505
256 543
257 513
257 351
257 461
257 333
257 155
257 316
257 159
257 36
257 175
257 317
257 34
257 200
257 300
257 364
257 372
257 506
258 181
258 190
258 164
258 374
258 74
258 6
258 20
258 103
258 209
258 245
258 255
258 276
258 306
258 370
258 399
258 422
258 513
259 580
259 226
259 587
259 386
259 453
259 26
259 128
259 219
259 332
259 361
259 370
259 418
259 483
259 590
260 262
260 156
260 450
260 17
260 78
260 100
260 143
260 230
260 451
260 481
260 512
260 548
261 180
261 595
261 351
261 103
261 175
261 26
261 543
261 106
261 43
261 100
261 169
261 284
261 341
261 470
262 297
262 431
262 250
262 397
262 216
262 377
262 225
262 489
262 598
262 19
262 483
262 128
262 199
262 595
262 42
262 64
262 218
262 260
262 305
262 366
262 390
262 552
263 163
263 433
263 224
263 460
263 182
263 293
263 325
263 431
263 432
263 441
263 513
263 570
264 545
264 356
264 189
264 71
264 97
264 524
264 254
264 500
264 548
264 39
264 405
264 466
264 114
264 140
264 57
264 171
264 341
264 344
264 448
264 503
264 573
264 595
264 597
265 372
265 391
265 58
265 314
265 434
265 302
265 242
265 178
265 190
265 320
265 381
265 384
265 530
266 486
266 214
266 410
266 439
266 397
266 223
266 550
266 35
266 563
266 83
266 22
266 64
266 135
266 314
266 541
266 549
266 564
266 590
267 600
267 96
267 176
267 242
267 204
267 400
267 245
267 140
267 37
267 77
267 81
267 120
267 123
267 240
267 295
267 364
267 467
267 524
268 402
268 418
268 124
268 273
268 563
268 217
268 397
268 551
268 255
268 23
268 125
268 64
268 112
268 166
268 275
268 349
268 368
268 384
268 494
268 499
268 538
269 83
269 351
269 514
269 539
269 135
269 7
269 581
269 533
269 500
269 599
269 162
269 134
269 398
269 448
269 491
269 540
269 546
270 69
270 45
270 229
270 591
270 252
270 144
270 319
270 192
270 29
270 332
270 473
270 487
271 124
271 488
271 147
271 364
271 145
271 240
271 62
271 418
271 59
271 166
271 170
271 294
271 435
271 456
271 473
271 497
272 292
272 402
272 281
272 351
272 289
272 445
272 164
272 145
272 490
272 502
273 351
273 549
273 150
273 321
273 145
273 530
273 436
273 553
273 142
273 278
273 23
273 56
273 74
273 82
273 99
273 123
273 143
273 189
273 268
274 286
274 316
274 530
274 176
274 338
274 45
274 107
274 18
274 140
274 24
274 43
274 125
274 309
274 378
274 409
274 419
275 276
275 522
275 268
275 518
275 167
275 583
275 76
275 78
275 109
275 147
275 166
275 317
275 344
275 351
275 433
275 457
275 488
276 581
276 249
276 421
276 405
276 189
276 514
276 535
276 508
276 92
276 258
276 46
276 109
276 275
276 452
276 501
276 572
277 223
277 232
277 435
277 373
277 36
277 37
277 60
277 84
277 201
277 210
277 243
277 292
277 329
277 331
277 520
278 199
278 114
278 422
278 128
278 460
278 52
278 87
278 478
278 249
278 124
278 88
278 212
278 17
278 24
278 149
278 155
278 273
278 336
278 389
278 399
278 529
278 543
278 582
279 199
279 77
279 454
279 208
279 250
279 44
279 512
279 381
279 358
279 72
279 443
279 223
279 228
279 229
279 254
279 327
279 481
280 356
280 241
280 172
280 287
280 128
280 316
280 96
280 333
280 20
280 154
280 197
280 306
280 406
280 499
280 515
280 598
281 32
281 180
281 73
281 190
281 318
281 373
281 256
281 595
281 483
281 140
281 442
281 3
281 26
281 97
281 145
281 272
281 352
281 405
281 418
281 586
281 600
282 590
282 3
282 415
282 222
282 592
282 224
282 131
282 31
282 42
282 44
282 122
282 154
282 160
282 166
282 306
282 312
282 318
282 333
282 382
282 494
282 509
282 564
282 568
283 365
283 250
283 185
283 488
283 100
283 338
283 34
283 43
283 69
283 180
283 289
283 292
283 368
283 381
283 393
283 450
283 464
284 403
284 416
284 559
284 337
284 255
284 261
284 339
284 236
284 72
284 170
284 320
284 349
284 387
284 449
284 527
285 63
285 524
285 53
285 361
285 459
285 245
285 497
285 581
285 99
285 568
285 200
285 223
285 357
285 386
285 498
286 419
286 181
286 41
286 158
286 187
286 239
286 274
286 290
286 306
286 324
286 355
286 427
286 480
286 523
286 560
287 594
287 566
287 425
287 438
287 593
287 355
287 330
287 498
287 524
287 553
287 203
287 356
287 555
287 444
287 112
287 135
287 280
287 316
287 336
287 341
287 416
287 442
287 480
287 500
288 323
288 377
288 289
288 597
288 99
288 71
288 307
288 341
288 356
289 58
289 497
289 362
289 177
289 18
289 283
289 102
289 129
289 133
289 247
289 272
289 288
289 295
289 350
289 419
290 534
290 171
290 66
290 41
290 302
290 286
290 594
290 461
290 326
290 132
290 250
290 31
290 153
290 340
290 394
290 414
290 456
290 503
291 554
291 228
291 87
291 497
291 198
291 403
291 349
291 116
291 415
291 391
291 483
291 350
291 359
291 200
291 20
291 37
291 59
291 71
291 159
291 186
291 342
291 379
291 411
291 462
291 495
291 564
291 581
292 228
292 444
292 210
292 521
292 87
292 283
292 57
292 486
292 70
292 277
292 550
292 213
292 9
292 122
292 187
292 272
292 447
292 452
292 459
292 573
293 548
293 263
293 547
293 247
293 103
293 351
293 246
293 415
293 322
293 58
293 19
293 39
293 62
293 365
293 490
293 504
293 522
293 549
293 570
293 575
294 271
294 337
294 31
294 394
294 489
294 13
294 51
294 63
294 139
294 190
294 203
294 208
294 209
294 248
294 299
294 301
294 371
294 486
294 491
294 500
294 524
295 412
295 425
295 163
295 95
295 546
295 529
295 289
295 267
295 242
295 36
295 118
295 145
295 225
295 355
295 392
295 464
296 319
296 300
296 378
296 25
296 74
296 84
296 408
296 478
296 498
296 541
296 588
297 453
297 397
297 52
297 130
297 149
297 210
297 262
297 318
297 324
297 340
297 408
297 418
297 421
297 439
297 440
297 517
298 101
298 565
298 458
298 34
298 595
298 378
298 526
298 517
298 97
298 531
298 361
298 47
298 71
298 99
298 169
298 323
298 486
298 502
299 168
299 149
299 453
299 11
299 190
299 294
299 45
299 571
299 478
299 183
299 532
299 333
299 390
299 454
299 481
300 211
300 33
300 257
300 10
300 93
300 355
300 32
300 110
300 99
300 224
300 81
300 130
300 182
300 187
300 203
300 227
300 296
300 305
300 432
300 465
300 520
300 590
301 112
301 426
301 168
301 9
301 310
301 294
301 453
301 192
301 443
301 53
301 85
301 97
301 122
301 167
301 513
301 520
301 593
302 452
302 107
302 531
302 519
302 237
302 593
302 217
302 399
302 55
302 411
302 3
302 4
302 37
302 85
302 87
302 102
302 103
302 123
302 229
302 265
302 290
302 315
302 328
302 448
302 459
303 175
303 519
303 53
303 382
303 396
303 402
304 305
304 571
304 591
304 183
304 129
304 172
304 21
304 87
304 251
304 340
304 401
304 438
304 454
305 241
305 27
305 68
305 415
305 262
305 363
305 212
305 474
305 558
305 173
305 300
305 36
305 42
305 124
305 148
305 304
305 361
305 500
305 583
305 594
306 286
306 139
306 1
306 258
306 576
306 338
306 179
306 573
306 280
306 394
306 43
306 282
306 578
306 485
306 451
306 44
306 200
306 251
306 253
306 388
306 475
306 510
306 537
307 326
307 415
307 566
307 518
307 484
307 519
307 288
307 38
307 112
307 235
307 372
307 393
307 397
307 528
307 540
307 552
307 560
308 324
308 403
308 82
308 211
308 14
308 93
308 170
308 179
308 223
309 413
309 155
309 112
309 401
309 587
309 97
309 483
309 411
309 350
309 495
309 192
309 569
309 274
309 489
309 33
309 65
309 133
309 207
309 221
309 237
309 310
309 314
309 315
309 410
309 423
309 439
309 573
309 596
310 482
310 393
310 167
310 216
310 412
310 385
310 451
310 179
310 309
310 392
310 413
310 33
310 68
310 70
310 208
310 218
310 255
310 301
310 391
310 437
310 465
310 501
310 512
310 552
310 564
310 566
311 376
311 489
311 470
311 30
311 33
311 153
311 226
311 324
311 407
311 480
311 488
311 505
312 437
312 172
312 282
312 600
312 139
312 357
312 500
312 68
312 127
312 244
312 498
312 552
312 558
313 59
313 582
313 335
313 548
313 430
313 468
313 195
313 518
313 7
313 65
313 93
313 162
313 215
313 234
313 444
313 498
313 541
313 564
314 134
314 560
314 90
314 309
314 46
314 84
314 142
314 225
314 159
314 372
314 421
314 266
314 118
314 128
314 152
314 265
314 471
314 472
314 478
314 507
315 63
315 537
315 561
315 337
315 398
315 316
315 121
315 149
315 309
315 90
315 302
315 44
315 102
315 166
315 214
315 248
315 408
315 426
315 510
315 532
316 287
316 204
316 128
316 428
316 68
316 483
316 154
316 208
316 214
316 223
316 257
316 274
316 280
316 315
316 331
316 455
316 554
317 599
317 215
317 275
317 548
317 540
317 519
317 522
317 18
317 45
317 48
317 257
317 405
317 439
317 447
318 25
318 10
318 297
318 169
318 282
318 440
318 469
318 50
318 113
318 30
318 95
318 116
318 129
318 181
318 281
318 369
318 411
318 449
318 599
319 506
319 477
319 4
319 244
319 230
319 556
319 13
319 48
319 63
319 81
319 158
319 159
319 270
319 296
319 525
320 265
320 205
320 558
320 284
320 545
320 231
320 16
320 497
320 11
320 28
320 48
320 57
320 120
320 221
320 240
320 253
320 373
320 411
320 424
320 441
320 450
320 456
320 523
321 364
321 388
321 87
321 345
321 531
321 373
321 538
321 190
321 390
321 468
321 11
321 90
321 516
321 354
321 477
321 402
321 532
321 242
321 62
321 116
321 124
321 134
321 138
321 145
321 228
321 273
321 465
321 530
321 561
322 440
322 243
322 541
322 238
322 41
322 433
322 223
322 143
322 380
322 546
322 241
322 67
322 127
322 131
322 225
322 293
322 372
322 585
323 38
323 187
323 298
323 372
323 523
323 598
323 119
323 131
323 153
323 241
323 288
323 328
323 341
323 361
323 497
323 585
323 591
323 597
324 297
324 248
324 503
324 286
324 530
324 57
324 311
324 69
324 519
324 159
324 158
324 185
324 518
324 393
324 184
324 210
324 308
324 421
324 459
324 461
324 506
324 513
324 528
324 531
324 547
324 593
325 398
325 119
325 363
325 232
325 52
325 263
325 41
325 130
325 557
325 89
325 93
325 186
325 214
325 245
325 475
325 526
325 560
325 594
326 154
326 596
326 552
326 237
326 459
326 355
326 87
326 199
326 240
326 290
326 307
326 539
326 545
326 564
327 554
327 161
327 178
327 104
327 571
327 577
327 279
327 390
327 7
327 46
327 197
327 215
327 340
327 544
328 302
328 21
328 380
328 27
328 479
328 228
328 437
328 255
328 323
328 501
328 157
328 51
328 69
328 130
328 153
328 193
328 197
328 200
328 251
328 252
328 555
329 277
329 232
329 75
329 150
329 157
329 203
329 218
329 378
329 380
329 493
329 498
329 551
330 514
330 118
330 455
330 177
330 457
330 418
330 516
330 23
330 527
330 526
330 11
330 76
330 144
330 239
330 287
330 348
330 365
330 399
330 452
330 482
330 538
330 576
330 592
331 595
331 461
331 161
331 277
331 81
331 222
331 504
331 570
331 316
331 89
331 174
331 208
331 418
331 439
331 572
331 578
332 596
332 259
332 204
332 510
332 270
332 405
332 358
332 253
332 231
332 134
332 135
332 387
333 44
333 177
333 34
333 157
333 575
333 344
333 282
333 485
333 406
333 299
333 46
333 247
333 257
333 280
333 392
333 487
334 216
334 503
334 407
334 359
334 74
334 158
334 465
334 168
334 11
334 22
334 30
334 35
334 78
334 79
334 196
334 202
334 345
334 441
334 501
334 547
335 400
335 503
335 589
335 588
335 500
335 69
335 81
335 158
335 202
335 313
336 341
336 234
336 278
336 287
336 112
336 98
336 432
336 360
336 197
336 132
336 430
336 566
336 554
336 218
336 121
336 149
336 381
336 538
336 539
336 593
337 164
337 37
337 506
337 236
337 586
337 22
337 34
337 53
337 103
337 143
337 220
337 284
337 294
337 315
337 363
337 382
337 396
338 568
338 417
338 74
338 175
338 274
338 283
338 306
338 384
338 411
338 519
338 570
338 575
339 559
339 409
339 589
339 508
339 216
339 581
339 542
339 243
339 185
339 567
339 344
339 2
339 7
339 43
339 51
339 64
339 143
339 284
339 363
339 408
339 411
339 440
339 466
339 593
340 297
340 327
340 304
340 290
340 567
340 22
340 33
340 46
340 251
340 355
340 486
340 517
340 523
340 546
341 506
341 354
341 288
341 264
341 172
341 480
341 323
341 45
341 206
341 67
341 419
341 261
341 126
341 249
341 287
341 379
341 401
341 229
341 30
341 236
341 336
341 527
341 550
342 101
342 363
342 582
342 383
342 360
342 480
342 139
342 368
342 291
342 204
342 427
342 382
342 26
342 119
342 377
342 441
342 454
342 518
342 577
343 459
343 438
343 177
343 573
343 125
343 33
343 502
343 7
343 474
343 100
343 21
343 37
343 82
343 121
343 163
343 385
343 387
343 402
343 430
343 557
344 27
344 275
344 33
344 30
344 173
344 264
344 78
344 193
344 333
344 339
344 493
345 4
345 334
345 36
345 583
345 105
345 140
345 186
345 321
345 377
345 405
346 387
346 185
346 356
346 131
346 108
346 390
346 15
346 49
346 72
346 128
346 130
346 150
346 219
347 579
347 504
347 388
347 75
347 527
347 488
347 135
347 47
347 38
347 171
347 61
347 557
347 584
347 386
347 41
347 161
347 173
347 188
347 428
347 498
347 523
347 535
347 538
347 570
348 529
348 174
348 51
348 561
348 12
348 330
348 454
348 492
348 356
348 584
348 11
348 36
348 37
348 196
348 475
348 513
348 518
348 522
349 456
349 527
349 111
349 493
349 502
349 445
349 163
349 594
349 284
349 197
349 268
349 105
349 166
349 41
349 114
349 200
349 222
349 291
349 400
349 514
350 289
350 102
350 76
350 247
350 195
350 104
350 114
350 199
350 9
350 36
350 118
350 149
350 185
350 291
350 309
350 464
350 467
350 523
350 527
351 552
351 581
351 67
351 425
351 117
351 10
351 469
351 275
351 449
351 81
351 200
351 257
351 261
351 269
351 272
351 273
351 293
351 394
351 456
351 497
351 513
351 553
352 211
352 465
352 505
352 281
352 584
352 566
352 526
352 159
352 56
352 61
352 76
352 98
352 101
352 119
352 142
352 358
352 413
352 425
352 458
352 463
352 475
353 15
353 8
353 395
353 547
353 251
353 91
353 514
354 410
354 22
354 475
354 404
354 480
354 167
354 13
354 30
354 34
354 46
354 146
354 321
354 341
354 388
354 434
354 465
354 499
355 498
355 64
355 340
355 38
355 577
355 286
355 295
355 69
355 91
355 142
355 171
355 187
355 214
355 287
355 300
355 326
355 357
356 526
356 392
356 380
356 418
356 241
356 288
356 71
356 239
356 264
356 280
356 287
356 346
356 348
356 365
356 444
357 183
357 386
357 252
357 12
357 285
357 103
357 592
357 201
357 355
357 142
357 238
357 365
357 2
357 64
357 70
357 89
357 118
357 119
357 137
357 312
357 457
357 530
357 535
358 352
358 141
358 143
358 72
358 406
358 422
358 519
358 559
358 1
358 16
358 36
358 64
358 93
358 187
358 203
358 279
358 332
358 383
358 505
359 393
359 245
359 437
359 7
359 70
359 553
359 5
359 121
359 187
359 291
359 334
359 377
359 425
359 536
359 537
359 585
360 433
360 589
360 155
360 336
360 342
360 411
360 424
360 442
360 527
361 69
361 259
361 155
361 323
361 529
361 305
361 173
361 174
361 285
361 298
361 374
361 399
361 416
361 564
362 154
362 246
362 102
362 394
362 440
362 433
362 65
362 70
362 72
362 209
362 252
362 289
362 510
362 570
362 579
362 593
363 337
363 339
363 74
363 255
363 440
363 242
363 471
363 154
363 483
363 28
363 439
363 61
363 183
363 27
363 50
363 53
363 170
363 214
363 227
363 241
363 305
363 325
363 342
363 390
363 405
363 449
363 454
364 257
364 590
364 176
364 493
364 267
364 505
364 53
364 21
364 2
364 30
364 59
364 83
364 144
364 210
364 271
364 321
364 426
364 544
364 549
365 356
365 175
365 157
365 379
365 554
365 41
365 85
365 119
365 330
365 108
365 374
365 293
365 378
365 79
365 86
365 283
365 357
365 376
365 447
366 220
366 200
366 46
366 262
366 186
366 11
366 31
366 60
366 67
366 137
366 174
366 459
366 550
367 181
367 17
367 165
367 84
367 143
367 74
367 392
367 462
367 475
367 382
367 530
367 26
367 94
367 149
367 176
367 196
367 484
367 563
368 268
368 403
368 556
368 283
368 523
368 67
368 187
368 13
368 25
368 218
368 227
368 342
368 384
368 409
368 518
368 521
369 502
369 587
369 46
369 162
369 426
369 234
369 386
369 318
369 575
369 29
369 60
369 223
369 459
369 461
369 464
369 532
370 461
370 180
370 239
370 539
370 259
370 258
370 4
370 108
370 210
370 106
370 88
370 35
370 40
370 417
370 12
370 93
370 124
370 158
370 187
370 227
370 232
370 399
370 470
370 479
370 480
370 541
371 591
371 401
371 46
371 590
371 294
371 581
371 5
371 60
371 122
371 138
371 209
371 411
372 257
372 105
372 21
372 307
372 382
372 38
372 322
372 41
372 221
372 144
372 10
372 67
372 93
372 169
372 265
372 314
372 323
372 402
372 413
372 444
372 487
372 537
373 320
373 39
373 89
373 277
373 281
373 321
373 449
373 527
374 457
374 590
374 547
374 433
374 161
374 83
374 361
374 23
374 463
374 412
374 79
374 81
374 258
374 365
374 404
374 448
374 488
374 526
375 189
375 600
375 486
375 591
375 543
375 119
375 121
375 126
375 161
375 176
375 197
375 213
375 225
375 447
375 504
375 540
375 574
376 527
376 473
376 365
376 169
376 433
376 479
376 69
376 31
376 390
376 140
376 188
376 228
376 311
376 392
376 507
377 159
377 593
377 191
377 210
377 90
377 556
377 503
377 60
377 523
377 217
377 342
377 359
377 345
377 94
377 140
377 174
377 186
377 215
377 262
377 288
377 555
377 597
378 565
378 329
378 505
378 579
378 274
378 502
378 94
378 213
378 178
378 6
378 36
378 296
378 298
378 365
378 396
378 497
379 4
379 249
379 51
379 442
379 536
379 291
379 178
379 108
379 109
379 176
379 190
379 225
379 341
379 365
379 434
379 469
380 528
380 396
380 173
380 586
380 382
380 329
380 105
380 404
380 39
380 139
380 212
380 322
380 328
380 356
380 524
381 336
381 283
381 178
381 265
381 148
381 55
381 62
381 107
381 143
381 174
381 244
381 279
381 500
381 540
381 565
381 571
382 337
382 405
382 282
382 303
382 22
382 9
382 135
382 404
382 572
382 417
382 545
382 443
382 1
382 156
382 166
382 247
382 342
382 367
382 372
382 380
382 396
382 441
382 463
382 510
382 593
383 406
383 358
383 499
383 176
383 142
383 35
383 56
383 67
383 212
383 342
383 411
383 487
383 585
384 193
384 368
384 530
384 253
384 128
384 527
384 415
384 265
384 268
384 338
384 147
384 32
384 42
384 47
384 125
384 138
384 188
384 587
385 519
385 343
385 390
385 562
385 443
385 89
385 67
385 142
385 176
385 212
385 310
385 404
385 445
385 467
385 521
386 196
386 139
386 556
386 553
386 413
386 285
386 230
386 20
386 91
386 70
386 135
386 259
386 347
386 357
386 369
386 506
387 128
387 151
387 332
387 284
387 343
387 346
387 477
387 481
387 516
387 547
388 103
388 159
388 42
388 116
388 430
388 306
388 354
388 469
388 185
388 215
388 164
388 321
388 347
388 478
389 461
389 565
389 278
389 130
389 181
389 10
389 129
389 524
389 544
390 182
390 99
390 363
390 395
390 202
390 299
390 538
390 484
390 112
390 262
390 113
390 321
390 327
390 346
390 376
390 385
390 464
391 310
391 235
391 187
391 71
391 86
391 438
391 544
391 49
391 31
391 93
391 117
391 196
391 205
391 252
391 265
391 291
391 400
391 418
392 295
392 547
392 579
392 590
392 376
392 489
392 227
392 333
392 402
392 85
392 93
392 173
392 190
392 310
392 356
392 367
392 431
392 534
393 283
393 36
393 21
393 165
393 307
393 455
393 463
393 107
393 122
393 255
393 310
393 324
393 359
393 418
393 431
393 467
393 469
393 523
393 565
393 574
394 536
394 246
394 290
394 551
394 351
394 474
394 212
394 255
394 535
394 135
394 409
394 575
394 100
394 470
394 76
394 162
394 200
394 236
394 294
394 306
394 362
394 397
394 426
394 545
394 553
394 579
395 405
395 18
395 86
395 353
395 390
395 462
395 515
395 546
395 578
396 303
396 468
396 337
396 382
396 378
396 507
396 12
396 25
396 110
396 380
396 426
396 442
396 448
397 473
397 394
397 69
397 167
397 136
397 75
397 398
397 558
397 535
397 307
397 6
397 22
397 151
397 212
397 262
397 266
397 268
397 297
397 574
398 32
398 443
398 591
398 598
398 50
398 269
398 88
398 34
398 65
398 85
398 126
398 139
398 315
398 325
398 397
398 451
398 469
398 471
398 506
399 361
399 330
399 164
399 370
399 139
399 258
399 582
399 278
399 42
399 46
399 51
399 53
399 169
399 210
399 302
399 428
399 430
399 498
400 65
400 55
400 234
400 444
400 168
400 349
400 574
400 391
400 97
400 68
400 172
400 204
400 208
400 237
400 267
400 335
400 432
401 304
401 28
401 472
401 2
401 46
401 155
401 309
401 341
401 371
401 505
401 514
402 224
402 18
402 343
402 185
402 200
402 556
402 120
402 372
402 460
402 303
402 95
402 129
402 65
402 100
402 108
402 199
402 218
402 268
402 272
402 321
402 392
402 480
403 413
403 451
403 527
403 145
403 443
403 552
403 77
403 229
403 126
403 48
403 94
403 228
403 284
403 291
403 308
403 368
403 509
403 557
404 374
404 585
404 435
404 427
404 95
404 58
404 385
404 128
404 156
404 237
404 240
404 247
404 354
404 380
404 382
404 425
404 518
405 17
405 60
405 509
405 363
405 281
405 317
405 256
405 572
405 345
405 245
405 194
405 79
405 244
405 264
405 276
405 332
405 382
405 395
405 485
405 491
405 515
405 534
406 280
406 529
406 498
406 7
406 557
406 530
406 221
406 445
406 21
406 73
406 103
406 173
406 333
406 358
406 383
406 430
406 455
407 541
407 311
407 6
407 235
407 505
407 38
407 334
407 465
407 486
408 147
408 441
408 315
408 297
408 182
408 296
408 339
408 556
408 121
408 133
408 253
408 425
408 575
408 586
409 217
409 548
409 368
409 595
409 274
409 16
409 19
409 60
409 213
409 232
409 339
409 394
409 413
409 415
409 482
409 494
409 569
410 433
410 489
410 309
410 24
410 536
410 477
410 517
410 147
410 115
410 56
410 108
410 42
410 64
410 90
410 136
410 266
410 354
410 430
411 548
411 338
411 174
411 318
411 501
411 291
411 416
411 320
411 58
411 90
411 371
411 383
411 253
411 360
411 339
411 19
411 85
411 112
411 140
411 203
411 302
411 309
411 477
411 528
412 75
412 152
412 9
412 95
412 17
412 139
412 449
412 513
412 178
412 26
412 33
412 63
412 295
412 310
412 374
412 421
412 597
413 144
413 372
413 570
413 559
413 600
413 154
413 17
413 557
413 470
413 352
413 511
413 218
413 513
413 70
413 409
413 139
413 190
413 479
413 232
413 90
413 109
413 123
413 216
413 242
413 309
413 310
413 386
413 403
413 456
413 486
413 503
413 547
414 508
414 61
414 290
414 185
414 10
414 103
414 443
414 205
414 230
414 182
414 43
414 107
414 419
414 467
414 516
414 531
415 103
415 500
415 46
415 566
415 511
415 169
415 253
415 432
415 409
415 30
415 179
415 494
415 149
415 70
415 158
415 282
415 291
415 293
415 305
415 307
415 384
415 455
415 529
415 571
415 584
416 287
416 361
416 6
416 7
416 98
416 135
416 228
416 284
416 411
417 207
417 109
417 188
417 131
417 83
417 420
417 587
417 51
417 100
417 125
417 209
417 242
417 338
417 370
417 382
417 423
417 464
417 476
417 517
417 527
418 120
418 297
418 251
418 254
418 391
418 42
418 393
418 259
418 441
418 26
418 281
418 197
418 331
418 568
418 569
418 92
418 268
418 271
418 330
418 356
418 531
418 549
419 247
419 289
419 414
419 482
419 469
419 274
419 7
419 95
419 59
419 219
419 286
419 341
420 587
420 161
420 170
420 190
420 417
420 467
420 493
420 500
420 556
421 569
421 64
421 233
421 466
421 39
421 324
421 297
421 412
421 107
421 276
421 314
421 460
421 549
422 258
422 32
422 107
422 510
422 154
422 58
422 194
422 240
422 278
422 358
422 471
422 482
422 496
422 539
423 530
423 417
423 150
423 309
423 118
423 138
423 84
423 588
423 532
423 488
423 467
423 167
423 176
423 227
423 531
423 569
424 487
424 448
424 514
424 594
424 320
424 248
424 360
424 530
424 176
424 46
424 96
424 430
425 352
425 547
425 585
425 404
425 529
425 159
425 359
425 58
425 453
425 408
425 129
425 450
425 462
425 28
425 56
425 237
425 250
425 287
425 295
425 351
425 444
425 448
425 479
425 503
425 561
426 592
426 159
426 394
426 73
426 256
426 364
426 115
426 396
426 77
426 315
426 96
426 240
426 301
426 369
426 454
426 600
427 286
427 42
427 250
427 454
427 142
427 97
427 121
427 244
427 342
427 404
427 546
428 114
428 399
428 36
428 523
428 569
428 101
428 212
428 347
428 514
428 454
428 591
428 71
428 509
428 17
428 48
428 105
428 316
428 441
428 446
428 451
428 457
428 458
428 493
429 553
429 85
429 459
429 510
429 2
429 48
429 77
429 113
429 180
429 223
429 450
429 512
429 565
430 446
430 343
430 410
430 168
430 586
430 88
430 424
430 59
430 399
430 591
430 243
430 132
430 406
430 16
430 20
430 54
430 93
430 120
430 313
430 336
430 388
430 528
430 547
430 563
431 393
431 525
431 151
431 486
431 392
431 194
431 214
431 24
431 263
431 496
431 18
431 52
431 61
431 112
431 118
431 133
431 155
431 190
431 262
431 483
431 503
431 555
432 109
432 263
432 11
432 518
432 400
432 189
432 133
432 471
432 484
432 300
432 162
432 6
432 13
432 90
432 159
432 241
432 336
432 415
432 563
433 182
433 533
433 32
433 525
433 275
433 470
433 499
433 47
433 28
433 37
433 127
433 140
433 172
433 207
433 263
433 322
433 360
433 362
433 374
433 376
433 410
433 532
433 547
433 590
434 115
434 241
434 600
434 588
434 354
434 117
434 103
434 511
434 469
434 379
434 182
434 265
435 497
435 540
435 160
435 23
435 465
435 541
435 187
435 479
435 574
435 195
435 163
435 236
435 271
435 440
435 277
435 404
435 525
435 570
435 585
436 568
436 1
436 73
436 116
436 127
436 131
436 181
436 228
436 273
436 481
436 490
437 113
437 256
437 464
437 79
437 241
437 593
437 506
437 589
437 61
437 310
437 146
437 186
437 192
437 225
437 312
437 328
437 359
437 456
437 500
437 529
437 571
437 585
438 247
438 11
438 206
438 304
438 560
438 137
438 41
438 73
438 139
438 199
438 287
438 343
438 391
438 478
438 511
439 309
439 193
439 175
439 331
439 297
439 514
439 132
439 45
439 21
439 507
439 317
439 225
439 98
439 100
439 134
439 266
439 363
439 459
439 568
440 196
440 248
440 39
440 339
440 102
440 297
440 208
440 129
440 202
440 9
440 83
440 93
440 116
440 157
440 318
440 322
440 362
440 363
440 435
441 342
441 514
441 560
441 139
441 483
441 320
441 203
441 382
441 263
441 428
441 334
441 1
441 140
441 205
441 408
441 418
441 558
442 466
442 96
442 574
442 451
442 287
442 57
442 557
442 396
442 360
442 453
442 11
442 30
442 108
442 122
442 123
442 173
442 206
442 281
442 379
442 459
442 498
442 501
442 502
442 547
442 576
443 87
443 192
443 35
443 528
443 220
443 16
443 70
443 279
443 301
443 382
443 385
443 398
443 403
443 414
443 540
443 590
444 585
444 313
444 425
444 372
444 356
444 67
444 455
444 131
444 3
444 17
444 34
444 199
444 219
444 287
444 292
444 400
444 495
445 35
445 493
445 385
445 46
445 163
445 174
445 67
445 138
445 244
445 272
445 349
445 406
445 505
445 517
445 524
446 428
446 19
446 68
446 162
446 174
446 208
446 220
446 430
446 481
446 599
446 600
447 375
447 365
447 317
447 80
447 215
447 494
447 593
447 467
447 168
447 292
447 198
447 34
447 150
447 519
447 537
447 562
447 571
447 598
448 93
448 88
448 302
448 79
448 425
448 269
448 13
448 133
448 578
448 186
448 264
448 374
448 396
448 32
448 80
448 90
448 424
448 487
448 513
448 596
449 183
449 40
449 555
449 132
449 373
449 318
449 363
449 284
449 54
449 97
449 109
449 111
449 119
449 122
449 351
449 412
449 477
449 505
449 526
450 210
450 212
450 283
450 429
450 245
450 26
450 122
450 581
450 558
450 320
450 60
450 74
450 195
450 260
450 425
450 462
451 58
451 398
451 243
451 428
451 558
451 260
451 73
451 594
451 59
451 218
451 24
451 34
451 37
451 139
451 216
451 306
451 310
451 403
451 442
452 504
452 276
452 572
452 330
452 187
452 138
452 292
452 53
452 302
452 542
452 593
453 86
453 226
453 155
453 87
453 195
453 94
453 162
453 259
453 297
453 299
453 301
453 425
453 442
453 484
453 488
453 525
453 588
454 95
454 110
454 157
454 299
454 426
454 150
454 342
454 462
454 304
454 363
454 545
454 592
454 82
454 84
454 109
454 182
454 239
454 279
454 348
454 427
454 428
454 516
455 4
455 406
455 16
455 577
455 537
455 567
455 415
455 503
455 164
455 316
455 143
455 521
455 5
455 582
455 47
455 163
455 175
455 211
455 330
455 393
455 444
455 490
455 572
455 578
455 587
455 594
456 527
456 320
456 517
456 35
456 568
456 351
456 290
456 271
456 100
456 413
456 140
456 492
456 93
456 437
456 37
456 523
456 575
456 554
456 9
456 51
456 57
456 127
456 170
456 218
456 220
456 349
456 506
456 565
456 581
457 594
457 79
457 516
457 582
457 192
457 357
457 136
457 275
457 592
457 428
457 101
457 12
457 580
457 574
457 201
457 230
457 330
457 374
457 587
458 571
458 525
458 138
458 466
458 48
458 428
458 218
458 352
458 252
458 28
458 20
458 298
458 473
459 302
459 88
459 324
459 138
459 547
459 465
459 369
459 6
459 366
459 442
459 495
459 292
459 439
459 194
459 63
459 93
459 201
459 285
459 326
459 343
459 429
459 513
459 594
460 507
460 421
460 62
460 221
460 242
460 498
460 245
460 187
460 263
460 278
460 402
460 503
460 534
460 553
461 127
461 88
461 112
461 560
461 472
461 324
461 369
461 538
461 22
461 29
461 79
461 121
461 138
461 182
461 257
461 290
461 331
461 370
461 389
461 562
461 595
462 450
462 395
462 291
462 215
462 40
462 31
462 97
462 153
462 193
462 367
462 425
462 454
462 527
463 382
463 251
463 250
463 581
463 352
463 68
463 479
463 26
463 143
463 166
463 374
463 393
463 472
463 509
464 76
464 369
464 11
464 70
464 417
464 205
464 350
464 283
464 295
464 528
464 390
464 134
464 479
464 5
464 34
464 94
464 99
464 108
464 151
464 437
464 527
464 582
465 310
465 496
465 407
465 239
465 145
465 300
465 206
465 480
465 166
465 321
465 354
465 35
465 75
465 81
465 90
465 131
465 205
465 334
465 352
465 435
465 459
465 467
465 470
466 498
466 339
466 221
466 81
466 264
466 421
466 442
466 458
466 550
467 350
467 385
467 267
467 175
467 228
467 420
467 535
467 393
467 414
467 178
467 242
467 560
467 247
467 513
467 2
467 572
467 465
467 54
467 75
467 96
467 132
467 187
467 202
467 423
467 447
467 489
467 514
467 595
468 571
468 515
468 550
468 190
468 87
468 10
468 15
468 89
468 144
468 313
468 321
468 396
468 562
469 398
469 393
469 379
469 4
469 516
469 525
469 33
469 40
469 81
469 122
469 318
469 351
469 388
469 419
469 434
470 41
470 370
470 587
470 10
470 591
470 465
470 261
470 567
470 51
470 68
470 79
470 120
470 311
470 394
470 413
470 433
471 539
471 255
471 183
471 176
471 220
471 523
471 422
471 592
471 198
471 398
471 559
471 314
471 193
471 91
471 118
471 214
471 223
471 363
471 432
471 509
471 560
471 579
472 463
472 598
472 193
472 314
472 97
472 167
472 75
472 78
472 100
472 247
472 401
472 461
472 553
473 500
473 107
473 213
473 206
473 166
473 271
473 458
473 477
473 233
473 270
473 67
473 78
473 117
473 192
473 201
473 242
473 251
473 376
473 397
473 536
474 587
474 43
474 172
474 200
474 305
474 343
474 394
474 568
475 129
475 543
475 306
475 325
475 348
475 352
475 139
475 155
475 207
475 233
475 354
475 367
475 519
475 558
476 578
476 150
476 417
476 93
476 574
476 546
476 33
476 91
476 109
476 534
476 556
477 126
477 496
477 189
477 449
477 387
477 411
477 19
477 24
477 92
477 116
477 164
477 319
477 321
477 410
477 473
477 555
478 483
478 388
478 196
478 438
478 25
478 130
478 100
478 296
478 256
478 314
478 488
478 93
478 127
478 278
478 299
479 586
479 60
479 10
479 204
479 370
479 147
479 2
479 19
479 558
479 425
479 26
479 36
479 64
479 328
479 376
479 413
479 435
479 463
479 464
479 579
479 582
479 591
480 124
480 370
480 286
480 522
480 574
480 402
480 125
480 287
480 311
480 165
480 552
480 582
480 5
480 251
480 341
480 342
480 354
480 465
480 548
481 279
481 555
481 436
481 299
481 446
481 254
481 260
481 563
481 387
481 596
481 494
481 231
481 531
481 536
481 557
482 50
482 524
482 218
482 330
482 409
482 422
482 49
482 14
482 53
482 60
482 163
482 199
482 201
482 210
482 215
482 310
482 419
482 492
483 535
483 431
483 256
483 498
483 524
483 259
483 559
483 54
483 189
483 525
483 241
483 502
483 593
483 61
483 7
483 207
483 227
483 262
483 281
483 291
483 309
483 316
483 363
483 441
483 478
483 486
483 528
483 543
483 553
483 587
484 2
484 367
484 499
484 98
484 125
484 245
484 509
484 9
484 453
484 13
484 68
484 244
484 307
484 390
484 432
484 586
485 206
485 405
485 252
485 199
485 306
485 333
486 483
486 207
486 294
486 154
486 238
486 56
486 407
486 250
486 102
486 298
486 413
486 340
486 197
486 96
486 256
486 266
486 292
486 375
486 431
486 560
487 333
487 166
487 270
487 98
487 448
487 521
487 184
487 15
487 498
487 383
487 372
487 54
487 33
487 55
487 105
487 424
487 500
487 516
487 547
488 453
488 66
488 374
488 245
488 591
488 242
488 275
488 85
488 311
488 1
488 57
488 145
488 165
488 271
488 283
488 347
488 423
488 478
488 542
488 554
489 467
489 29
489 35
489 36
489 42
489 122
489 203
489 252
489 262
489 294
489 309
489 311
489 392
489 410
489 535
490 436
490 198
490 293
490 272
490 106
490 547
490 69
490 594
490 525
490 455
490 9
490 11
490 56
490 59
490 508
490 552
491 294
491 405
491 542
491 269
491 17
491 37
491 69
491 210
491 581
491 592
492 213
492 225
492 160
492 126
492 482
492 6
492 24
492 28
492 121
492 156
492 191
492 348
492 456
492 548
492 568
493 253
493 428
493 532
493 26
493 344
493 517
493 593
493 329
493 420
493 177
493 239
493 349
493 364
493 445
493 548
493 586
494 282
494 268
494 593
494 241
494 409
494 33
494 60
494 64
494 152
494 166
494 176
494 208
494 253
494 256
494 415
494 447
494 481
494 510
495 88
495 444
495 556
495 291
495 121
495 27
495 174
495 7
495 32
495 51
495 86
495 212
495 238
495 309
495 459
495 528
496 100
496 422
496 79
496 101
496 116
496 206
496 431
496 465
496 477
497 271
497 323
497 574
497 351
497 36
497 378
497 37
497 151
497 285
497 289
497 291
497 320
497 435
497 597
498 347
498 591
498 568
498 296
498 3
498 312
498 442
498 550
498 218
498 329
498 313
498 212
498 523
498 399
498 285
498 560
498 567
498 17
498 46
498 137
498 182
498 287
498 355
498 406
498 460
498 466
498 483
498 487
499 541
499 234
499 111
499 537
499 268
499 280
499 21
499 354
499 9
499 110
499 200
499 383
499 433
499 484
499 517
499 525
499 542
500 437
500 305
500 136
500 420
500 211
500 294
500 287
500 487
500 381
500 19
500 49
500 67
500 93
500 163
500 264
500 269
500 312
500 335
500 415
500 473
500 566
501 310
501 256
501 11
501 276
501 442
501 575
501 334
501 59
501 87
501 242
501 328
501 411
501 541
502 272
502 442
502 298
502 588
502 111
502 119
502 123
502 127
502 195
502 219
502 343
502 349
502 369
502 378
502 483
503 413
503 264
503 536
503 222
503 290
503 509
503 175
503 425
503 460
503 585
503 431
503 41
503 134
503 146
503 324
503 334
503 335
503 377
503 455
503 546
503 569
504 201
504 87
504 67
504 293
504 526
504 240
504 212
504 375
504 21
504 50
504 151
504 331
504 347
504 452
504 552
505 572
505 79
505 401
505 23
505 96
505 311
505 449
505 445
505 256
505 176
505 55
505 358
505 209
505 352
505 364
505 378
505 407
505 519
505 560
506 570
506 150
506 542
506 224
506 243
506 386
506 398
506 456
506 257
506 324
506 43
506 199
506 319
506 337
506 341
506 437
506 529
506 594
507 160
507 222
507 229
507 314
507 24
507 187
507 28
507 582
507 376
507 63
507 73
507 86
507 96
507 213
507 396
507 439
507 460
507 584
508 140
508 113
508 490
508 236
508 157
508 71
508 132
508 167
508 175
508 217
508 240
508 276
508 339
508 414
508 527
508 572
509 403
509 282
509 115
509 147
509 36
509 463
509 69
509 471
509 591
509 29
509 43
509 49
509 90
509 137
509 163
509 182
509 405
509 428
509 484
509 503
509 541
510 75
510 567
510 315
510 382
510 306
510 494
510 113
510 362
510 19
510 42
510 59
510 107
510 137
510 163
510 208
510 209
510 211
510 332
510 422
510 429
510 529
510 591
511 532
511 238
511 32
511 155
511 438
511 126
511 61
511 118
511 125
511 149
511 199
511 249
511 413
511 415
511 434
511 520
511 562
511 594
512 260
512 139
512 310
512 564
512 429
512 577
512 592
512 154
512 30
512 141
512 186
512 279
512 581
512 593
513 459
513 98
513 531
513 130
513 263
513 172
513 54
513 351
513 324
513 24
513 596
513 197
513 258
513 448
513 348
513 131
513 555
513 125
513 301
513 89
513 127
513 257
513 412
513 413
513 467
513 544
513 556
514 595
514 401
514 206
514 108
514 353
514 148
514 467
514 195
514 349
514 219
514 99
514 528
514 21
514 42
514 53
514 144
514 269
514 276
514 330
514 424
514 428
514 439
514 441
514 529
514 568
515 32
515 523
515 405
515 69
515 46
515 395
515 280
515 5
515 160
515 122
515 124
515 127
515 168
515 468
515 524
515 558
515 563
516 454
516 414
516 532
516 237
516 13
516 487
516 387
516 47
516 67
516 256
516 321
516 330
516 457
516 469
516 524
517 231
517 193
517 297
517 63
517 60
517 74
517 445
517 19
517 340
517 521
517 417
517 499
517 567
517 75
517 2
517 13
517 298
517 410
517 456
517 493
517 522
517 549
517 587
518 342
518 584
518 66
518 220
518 43
518 348
518 368
518 404
518 74
518 520
518 78
518 51
518 596
518 17
518 18
518 72
518 244
518 275
518 307
518 313
518 324
518 432
518 577
519 151
519 116
519 338
519 447
519 241
519 475
519 126
519 505
519 5
519 123
519 134
519 150
519 248
519 302
519 303
519 307
519 317
519 324
519 358
519 385
519 572
520 531
520 119
520 300
520 574
520 301
520 511
520 94
520 66
520 218
520 189
520 236
520 277
520 48
520 222
520 246
520 247
520 518
520 563
520 583
521 164
521 54
521 153
521 248
521 385
521 530
521 368
521 61
521 87
521 172
521 179
521 183
521 292
521 455
521 487
521 517
522 66
522 231
522 560
522 348
522 130
522 293
522 517
522 27
522 51
522 60
522 138
522 150
522 221
522 222
522 230
522 275
522 317
522 480
522 577
523 166
523 350
523 320
523 347
523 217
523 340
523 393
523 62
523 286
523 22
523 193
523 237
523 323
523 368
523 377
523 428
523 456
523 471
523 498
523 515
523 529
524 445
524 515
524 380
524 389
524 267
524 183
524 516
524 548
524 294
524 28
524 126
524 174
524 186
524 224
524 264
524 285
524 287
524 482
524 483
524 600
525 319
525 186
525 435
525 590
525 235
525 144
525 453
525 150
525 499
525 71
525 117
525 181
525 431
525 433
525 458
525 469
525 483
525 490
526 449
526 325
526 105
526 534
526 374
526 95
526 31
526 37
526 47
526 94
526 298
526 330
526 352
526 356
526 504
526 570
526 576
526 583
527 417
527 171
527 350
527 284
527 464
527 373
527 341
527 360
527 74
527 462
527 508
527 93
527 94
527 117
527 161
527 197
527 209
527 330
527 347
527 349
527 376
527 384
527 403
527 456
527 585
527 595
528 42
528 4
528 536
528 495
528 530
528 538
528 483
528 307
528 411
528 573
528 60
528 430
528 324
528 48
528 187
528 192
528 380
528 443
528 464
528 514
528 594
529 514
529 510
529 415
529 562
529 506
529 278
529 234
529 437
529 146
529 523
529 149
529 150
529 161
529 250
529 295
529 348
529 361
529 406
529 425
529 561
530 357
530 321
530 207
530 234
530 265
530 74
530 150
530 230
530 273
530 274
530 324
530 367
530 384
530 406
530 423
530 424
530 521
530 528
530 535
530 574
531 324
531 423
531 414
531 481
531 418
531 124
531 298
531 302
531 321
531 513
531 520
531 541
532 599
532 369
532 243
532 315
532 433
532 133
532 80
532 19
532 29
532 142
532 172
532 179
532 299
532 321
532 423
532 493
532 511
532 516
533 80
533 6
533 57
533 195
533 114
533 95
533 112
533 170
533 207
533 269
533 433
534 476
534 405
534 392
534 232
534 1
534 460
534 33
534 43
534 50
534 51
534 94
534 160
534 194
534 290
534 526
535 56
535 489
535 530
535 191
535 65
535 357
535 255
535 347
535 575
535 200
535 178
535 276
535 394
535 397
535 467
535 483
535 566
536 207
536 47
536 133
536 481
536 80
536 359
536 473
536 28
536 101
536 164
536 202
536 244
536 379
536 394
536 410
536 503
536 528
537 306
537 372
537 447
537 359
537 23
537 40
537 50
537 80
537 247
537 315
537 455
537 499
537 551
538 19
538 149
538 330
538 336
538 347
538 160
538 268
538 34
538 210
538 321
538 390
538 461
538 528
539 336
539 422
539 83
539 96
539 326
539 121
539 144
539 199
539 269
539 370
539 471
539 557
540 307
540 375
540 269
540 381
540 563
540 178
540 443
540 201
540 206
540 89
540 129
540 162
540 179
540 182
540 186
540 256
540 317
540 435
541 501
541 266
541 531
541 296
541 509
541 313
541 370
541 68
541 182
541 241
541 322
541 407
541 435
541 499
542 234
542 242
542 238
542 544
542 499
542 227
542 488
542 452
542 32
542 122
542 339
542 491
542 506
542 564
543 132
543 166
543 256
543 136
543 144
543 483
543 278
543 80
543 115
543 48
543 224
543 61
543 46
543 47
543 135
543 261
543 375
543 475
543 546
543 551
543 563
543 565
544 219
544 217
544 364
544 54
544 513
544 327
544 389
544 12
544 100
544 128
544 574
544 50
544 155
544 236
544 391
544 542
545 394
545 326
545 171
545 142
545 207
545 58
545 127
545 178
545 188
545 190
545 264
545 320
545 382
545 454
546 127
546 575
546 123
546 269
546 340
546 152
546 543
546 395
546 503
546 427
546 192
546 105
546 205
546 295
546 322
546 476
546 591
547 173
547 430
547 163
547 334
547 559
547 433
547 225
547 487
547 413
547 324
547 172
547 442
547 387
547 128
547 141
547 251
547 293
547 353
547 374
547 392
547 425
547 459
547 490
548 69
548 87
548 77
548 584
548 215
548 493
548 492
548 260
548 480
548 74
548 85
548 92
548 264
548 293
548 313
548 317
548 409
548 411
548 524
548 550
548 552
549 517
549 121
549 47
549 174
549 293
549 364
549 421
549 418
549 189
549 210
549 266
549 19
549 24
549 102
549 128
549 129
549 201
549 273
549 588
550 548
550 466
550 218
550 341
550 124
550 191
550 366
550 131
550 190
550 266
550 292
550 468
550 498
550 575
551 239
551 224
551 150
551 543
551 537
551 329
551 46
551 70
551 268
551 394
552 548
552 107
552 307
552 176
552 504
552 52
552 183
552 262
552 13
552 490
552 310
552 312
552 63
552 50
552 57
552 154
552 222
552 326
552 351
552 403
552 480
553 234
553 472
553 483
553 70
553 11
553 394
553 351
553 48
553 460
553 27
553 60
553 53
553 58
553 69
553 127
553 159
553 169
553 273
553 287
553 359
553 386
553 429
554 316
554 48
554 488
554 35
554 175
554 230
554 291
554 327
554 336
554 365
554 456
555 231
555 477
555 431
555 14
555 328
555 377
555 582
555 158
555 17
555 21
555 7
555 219
555 287
555 449
555 481
555 513
556 571
556 559
556 513
556 476
556 420
556 166
556 136
556 30
556 73
556 158
556 319
556 368
556 377
556 386
556 402
556 408
556 495
557 569
557 220
557 343
557 481
557 403
557 121
557 539
557 7
557 34
557 62
557 79
557 132
557 325
557 347
557 406
557 413
557 442
557 561
558 441
558 241
558 475
558 562
558 49
558 189
558 312
558 125
558 515
558 13
558 89
558 163
558 305
558 320
558 397
558 450
558 451
558 479
558 587
559 580
559 175
559 589
559 573
559 161
559 570
559 598
559 19
559 46
559 47
559 70
559 107
559 193
559 228
559 284
559 339
559 358
559 413
559 471
559 483
559 547
559 556
560 286
560 486
560 505
560 471
560 325
560 307
560 69
560 132
560 223
560 314
560 438
560 441
560 461
560 467
560 498
560 522
561 180
561 166
561 321
561 101
561 557
561 243
561 425
561 110
561 529
561 47
561 118
561 121
561 137
561 232
561 315
561 348
562 468
562 115
562 111
562 135
562 447
562 511
562 191
562 95
562 461
562 12
562 20
562 68
562 192
562 385
562 529
562 558
562 566
563 45
563 432
563 515
563 65
563 367
563 430
563 110
563 543
563 575
563 199
563 520
563 218
563 21
563 169
563 170
563 239
563 266
563 268
563 481
563 540
563 578
563 590
564 52
564 291
564 34
564 174
564 154
564 313
564 592
564 361
564 282
564 17
564 266
564 93
564 326
564 310
564 162
564 542
564 206
564 144
564 97
564 164
564 190
564 512
565 543
565 173
565 429
565 393
565 236
565 98
565 152
565 17
565 456
565 381
565 28
565 57
565 125
565 148
565 162
565 179
565 180
565 222
565 251
565 298
565 378
565 389
566 310
566 535
566 133
566 72
566 500
566 562
566 107
566 216
566 287
566 307
566 336
566 352
566 415
567 3
567 239
567 63
567 107
567 193
567 339
567 340
567 455
567 470
567 498
567 510
567 517
568 592
568 55
568 171
568 184
568 122
568 250
568 439
568 119
568 492
568 282
568 514
568 474
568 62
568 7
568 26
568 225
568 231
568 285
568 338
568 418
568 436
568 456
568 498
569 195
569 423
569 111
569 34
569 190
569 137
569 503
569 250
569 409
569 13
569 42
569 101
569 309
569 418
569 421
569 428
569 557
570 219
570 293
570 151
570 263
570 435
570 229
570 526
570 188
570 347
570 169
570 338
570 99
570 362
570 67
570 123
570 144
570 166
570 214
570 331
570 413
570 506
570 559
571 158
571 447
571 7
571 437
571 415
571 381
571 100
571 58
571 115
571 197
571 299
571 304
571 327
571 458
571 468
571 556
571 580
572 519
572 145
572 455
572 248
572 116
572 195
572 331
572 508
572 206
572 223
572 276
572 11
572 24
572 239
572 382
572 405
572 452
572 467
572 505
573 292
573 264
573 119
573 309
573 172
573 63
573 140
573 306
573 343
573 528
573 559
574 46
574 375
574 76
574 397
574 9
574 251
574 121
574 530
574 19
574 103
574 44
574 393
574 253
574 587
574 38
574 8
574 84
574 118
574 147
574 224
574 400
574 435
574 442
574 457
574 476
574 480
574 497
574 520
574 544
575 408
575 338
575 550
575 293
575 106
575 12
575 64
575 94
575 255
575 333
575 369
575 394
575 456
575 501
575 535
575 546
575 563
576 330
576 442
576 526
576 5
576 225
576 64
576 135
576 171
576 191
576 306
577 235
577 342
577 518
577 522
577 35
577 222
577 177
577 66
577 216
577 240
577 327
577 355
577 455
577 512
578 455
578 563
578 146
578 395
578 331
578 21
578 104
578 160
578 167
578 306
578 448
578 476
579 39
579 186
579 479
579 394
579 134
579 362
579 588
579 471
579 40
579 132
579 211
579 347
579 378
579 392
580 571
580 82
580 135
580 259
580 457
580 559
581 491
581 456
581 109
581 512
581 291
581 82
581 140
581 156
581 218
581 222
581 269
581 276
581 285
581 339
581 351
581 371
581 450
581 463
582 479
582 86
582 46
582 252
582 278
582 464
582 83
582 145
582 156
582 210
582 223
582 313
582 342
582 399
582 455
582 457
582 480
582 507
582 555
582 599
583 305
583 526
583 520
583 225
583 51
583 251
583 117
583 28
583 111
583 130
583 189
583 275
583 345
583 585
584 507
584 415
584 107
584 98
584 182
584 347
584 348
584 352
584 518
584 548
585 527
585 583
585 437
585 383
585 435
585 89
585 322
585 4
585 121
585 586
585 359
585 323
585 1
585 47
585 79
585 256
585 404
585 425
585 444
585 503
586 20
586 598
586 7
586 164
586 484
586 281
586 408
586 222
586 493
586 50
586 64
586 189
586 337
586 380
586 430
586 479
586 585
587 253
587 184
587 457
587 517
587 558
587 250
587 384
587 483
587 455
587 151
587 164
587 172
587 182
587 259
587 309
587 369
587 417
587 420
587 470
587 474
587 574
588 47
588 598
588 453
588 549
588 296
588 137
588 335
588 423
588 434
588 502
588 579
588 596
589 189
589 199
589 76
589 109
589 6
589 169
589 2
589 19
589 46
589 65
589 70
589 83
589 191
589 335
589 339
589 360
589 437
589 559
590 34
590 563
590 259
590 266
590 433
590 443
590 300
590 49
590 64
590 95
590 162
590 197
590 219
590 282
590 364
590 371
590 374
590 392
590 525
591 201
591 323
591 129
591 479
591 600
591 546
591 510
591 251
591 125
591 256
591 270
591 304
591 371
591 375
591 398
591 428
591 430
591 470
591 488
591 498
591 509
592 491
592 152
592 52
592 117
592 6
592 59
592 71
592 330
592 595
592 47
592 12
592 69
592 122
592 213
592 219
592 282
592 357
592 426
592 454
592 457
592 471
592 512
592 564
592 568
593 362
593 452
593 324
593 336
593 198
593 184
593 382
593 239
593 301
593 339
593 512
593 9
593 48
593 96
593 168
593 249
593 287
593 302
593 377
593 437
593 447
593 483
593 493
593 494
594 528
594 128
594 459
594 511
594 192
594 506
594 455
594 325
594 305
594 98
594 161
594 241
594 287
594 290
594 349
594 424
594 451
594 457
594 490
595 527
595 264
595 461
595 467
595 196
595 72
595 214
595 261
595 262
595 281
595 298
595 331
595 409
595 514
595 592
596 178
596 218
596 309
596 52
596 448
596 204
596 588
596 217
596 114
596 129
596 225
596 245
596 326
596 332
596 481
596 513
596 518
597 412
597 377
597 101
597 264
597 323
597 3
597 497
597 7
597 39
597 54
597 97
597 149
597 172
597 179
597 238
597 288
598 92
598 280
598 104
598 447
598 30
598 47
598 60
598 262
598 323
598 398
598 472
598 559
598 586
598 588
599 318
599 582
599 19
599 57
599 184
599 150
599 446
599 6
599 101
599 199
599 269
599 317
599 532
600 446
600 426
600 281
600 524
600 146
600 93
600 133
600 148
600 153
600 210
600 232
600 267
600 312
600 375
600 413
600 434
600 591
