1 477
2 604
3 37
4 990
5 76
5 326
5 674
5 538
5 221
5 876
6 144
6 727
6 306
6 483
6 848
7 147
9 426
9 528
9 598
9 841
9 672
10 237
10 428
11 387
12 155
12 950
12 369
12 705
12 435
12 806
12 570
13 595
13 912
13 881
13 131
14 228
15 614
15 499
15 669
15 53
15 734
15 745
15 877
15 776
15 947
15 62
15 409
15 142
15 953
15 178
15 664
16 981
17 945
17 922
17 835
19 575
19 544
20 707
20 616
20 617
21 1000
21 80
21 37
21 754
22 493
22 896
22 707
23 516
23 889
23 395
23 545
24 216
25 899
26 148
27 310
29 954
30 612
30 155
30 605
30 51
30 921
30 39
30 546
30 637
30 917
31 541
32 691
32 568
33 791
33 102
33 668
34 474
34 287
35 947
36 235
36 555
37 803
37 234
37 660
37 3
37 21
37 809
38 852
39 472
39 316
39 30
39 942
39 407
39 318
40 370
41 100
41 381
42 401
42 268
42 567
42 726
42 731
42 152
42 119
42 612
43 72
43 484
44 687
44 579
44 766
44 827
44 300
44 197
45 810
45 689
46 507
46 50
46 448
46 230
46 605
46 685
47 276
47 971
47 202
48 228
49 691
50 703
50 890
50 46
51 30
52 703
53 990
53 15
55 126
55 604
56 732
56 252
56 989
56 475
56 170
56 615
56 481
56 495
56 443
56 701
56 647
56 605
56 522
56 834
57 918
57 456
57 835
58 953
59 88
59 922
60 886
60 423
60 215
60 920
60 159
60 214
61 321
61 237
62 636
62 15
62 286
63 906
64 67
64 616
65 792
65 579
66 833
66 120
66 241
66 517
66 128
67 226
67 64
67 724
67 567
67 374
67 681
67 320
68 159
68 815
69 237
69 672
70 128
70 166
71 625
71 789
71 287
72 43
72 148
74 966
74 890
74 878
75 792
75 668
75 971
76 5
76 553
77 646
78 437
79 878
80 912
80 709
80 350
80 344
80 804
80 758
80 659
80 746
80 745
80 540
80 21
80 368
80 786
80 896
80 617
81 649
81 504
82 672
83 88
83 990
83 953
84 502
84 197
84 93
85 733
85 496
85 657
85 532
85 360
85 513
85 128
85 287
86 701
86 599
86 124
87 971
87 815
87 640
88 59
88 158
88 749
88 354
88 833
88 839
88 83
88 279
88 922
89 269
89 648
89 695
89 160
90 237
92 874
92 131
92 234
92 541
93 370
93 441
93 384
93 84
93 174
93 141
94 237
95 994
95 373
95 754
95 437
96 906
97 477
98 286
98 296
99 467
99 466
100 41
100 585
100 336
100 966
100 492
100 410
101 978
101 639
102 33
102 854
102 918
102 237
103 282
103 332
104 701
105 369
107 283
107 589
107 807
108 992
108 441
108 705
108 289
109 454
109 451
109 308
109 826
109 191
109 341
109 609
109 316
109 166
110 575
110 806
111 296
111 147
112 852
112 451
112 214
113 949
113 777
113 805
113 776
113 299
114 512
114 980
116 605
117 690
117 980
117 815
117 582
117 437
118 568
119 604
119 806
119 42
120 66
120 842
120 197
120 545
122 780
122 649
124 740
124 257
124 168
124 231
124 246
124 989
124 86
125 801
125 147
126 55
126 221
127 311
128 749
128 85
128 405
128 673
128 853
128 721
128 249
128 417
128 66
128 319
128 70
128 346
129 1000
129 321
129 404
130 971
131 938
131 13
131 151
131 92
131 613
131 432
132 178
133 947
134 975
134 842
134 841
135 574
135 374
135 708
135 263
135 547
136 921
136 379
137 941
138 815
140 771
140 705
140 199
140 641
141 601
141 643
141 820
141 93
142 872
142 15
142 892
142 300
143 579
143 687
144 6
144 760
145 617
146 287
147 7
147 953
147 462
147 575
147 290
147 125
147 111
147 519
147 529
147 444
147 329
148 26
148 669
148 347
148 72
148 963
148 584
148 543
149 370
150 640
151 131
151 407
151 504
152 199
152 517
152 42
152 827
152 687
153 808
154 610
154 925
154 707
155 12
155 460
155 854
155 30
155 720
155 808
155 553
156 906
156 945
157 250
157 917
158 866
158 88
158 296
158 760
159 755
159 378
159 361
159 68
159 648
159 266
159 60
159 871
159 221
159 672
159 834
160 932
160 89
160 314
160 1000
160 599
161 701
161 568
162 460
163 889
163 835
164 435
164 878
164 541
165 472
165 604
165 668
166 785
166 109
166 303
166 264
166 70
166 250
166 698
166 451
166 290
166 175
166 974
166 487
166 686
166 717
167 789
168 124
170 917
170 56
170 616
171 239
172 351
172 553
173 545
173 834
174 467
174 93
175 166
176 545
177 820
178 497
178 330
178 327
178 684
178 757
178 15
178 698
178 736
178 955
178 398
178 132
179 793
179 259
180 691
180 865
181 966
181 841
182 720
182 809
182 890
182 713
183 446
184 370
186 283
187 720
187 918
188 689
188 276
188 197
189 841
190 703
190 197
190 373
191 109
191 517
191 214
192 781
192 689
192 865
193 605
193 289
196 1000
196 835
197 653
197 368
197 832
197 952
197 44
197 190
197 654
197 322
197 553
197 911
197 84
197 120
197 188
197 887
198 474
199 819
199 596
199 152
199 270
199 565
199 912
199 461
199 140
199 691
199 513
199 483
199 395
200 966
201 834
202 401
202 348
202 455
202 232
202 725
202 573
202 463
202 478
202 575
202 877
202 465
202 263
202 955
202 724
202 47
202 919
202 502
203 237
204 370
205 214
206 477
207 703
207 640
207 834
208 851
208 483
208 573
209 483
210 228
211 573
211 754
212 780
213 617
214 710
214 416
214 862
214 60
214 191
214 112
214 396
214 205
214 573
215 60
216 571
216 24
216 847
216 275
216 678
216 260
216 628
216 952
216 640
217 865
217 835
218 544
219 990
219 922
220 899
221 652
221 931
221 385
221 412
221 159
221 5
221 909
221 851
221 824
221 520
221 126
221 555
221 835
221 807
222 744
222 602
223 767
224 502
224 387
224 579
224 570
225 276
225 282
225 392
226 67
228 822
228 305
228 210
228 14
228 722
228 779
228 655
228 482
228 48
228 570
229 286
230 918
230 46
231 889
231 124
231 410
232 499
232 202
233 971
233 234
233 953
233 296
234 338
234 233
234 538
234 908
234 990
234 368
234 902
234 555
234 955
234 1000
234 505
234 969
234 92
234 337
234 461
234 783
234 37
234 834
235 36
235 387
236 980
237 203
237 704
237 10
237 102
237 61
237 455
237 69
237 90
237 94
237 338
237 789
237 287
239 912
239 799
239 171
239 736
239 391
239 999
240 625
240 842
240 798
241 66
241 796
241 465
241 702
241 701
244 484
246 669
246 641
246 124
246 573
246 504
248 918
249 128
250 157
250 166
251 701
252 625
252 499
252 56
254 689
255 555
255 300
257 124
257 296
258 318
258 760
259 723
259 323
259 877
259 267
259 179
259 297
259 876
259 922
259 892
259 707
260 852
260 216
263 135
263 202
264 166
265 462
265 499
266 516
266 159
267 259
267 379
268 876
268 42
268 617
269 89
269 544
270 854
270 199
271 815
271 387
272 565
272 932
272 366
272 841
273 379
273 809
275 216
276 47
276 681
276 536
276 481
276 188
276 225
277 648
277 594
277 597
277 781
278 755
278 490
278 356
278 979
278 810
278 820
279 653
279 88
279 850
279 698
279 415
279 922
280 893
280 369
280 451
280 316
280 553
281 472
281 318
281 925
282 946
282 873
282 787
282 225
282 103
282 773
282 812
282 810
282 456
283 900
283 107
283 861
283 186
283 579
284 741
284 484
285 588
285 369
286 703
286 381
286 676
286 62
286 452
286 229
286 769
286 842
286 98
287 763
287 768
287 237
287 34
287 85
287 71
287 146
287 870
287 744
289 662
289 733
289 193
289 627
289 738
289 348
289 933
289 108
289 717
289 822
289 419
289 444
289 617
290 466
290 166
290 760
290 147
292 573
292 892
293 920
293 392
294 922
295 890
296 457
296 357
296 777
296 499
296 461
296 111
296 890
296 233
296 648
296 158
296 676
296 902
296 478
296 566
296 257
296 98
296 540
297 259
297 842
297 504
298 801
299 876
299 113
299 395
300 44
300 529
300 730
300 808
300 435
300 623
300 142
300 255
300 517
300 877
302 311
303 166
305 228
306 479
306 545
306 6
307 437
307 925
308 109
308 953
308 687
310 27
311 302
311 888
311 469
311 127
311 503
311 794
311 445
311 846
311 795
311 923
311 511
312 604
314 160
314 809
315 436
316 826
316 743
316 325
316 534
316 409
316 280
316 39
316 109
316 709
316 516
316 504
317 705
318 711
318 39
318 258
318 724
318 434
318 829
318 563
318 598
318 281
318 767
318 713
319 544
319 128
319 687
320 67
321 61
321 704
321 718
321 129
321 797
321 461
321 896
321 894
321 418
322 197
323 259
323 925
323 373
325 316
325 917
326 720
326 5
326 689
327 517
327 178
328 780
329 753
329 147
330 502
330 178
331 741
331 582
332 500
332 740
332 956
332 704
332 772
332 103
332 820
332 428
332 807
333 780
333 573
334 602
334 404
334 834
334 664
335 981
336 100
336 573
337 234
338 610
338 234
338 237
339 517
339 925
340 874
340 437
341 941
341 852
341 109
342 651
344 80
344 917
344 573
344 760
346 128
347 723
347 148
347 466
348 383
348 729
348 889
348 876
348 202
348 579
348 687
348 289
350 971
350 80
351 172
351 699
351 490
351 400
351 851
351 444
352 485
352 373
353 418
353 617
354 678
354 456
354 88
354 780
355 703
356 278
357 809
357 953
357 296
358 733
359 921
359 925
360 85
361 159
361 499
362 428
363 980
364 370
365 456
365 649
365 579
366 272
366 990
367 448
367 701
368 80
368 234
368 197
369 877
369 702
369 280
369 105
369 613
369 12
369 379
369 285
369 436
370 719
370 394
370 997
370 907
370 904
370 996
370 364
370 184
370 204
370 149
370 489
370 40
370 93
371 484
372 484
372 640
373 95
373 873
373 727
373 323
373 801
373 410
373 703
373 913
373 948
373 984
373 190
373 496
373 642
373 352
374 135
374 67
374 754
375 448
375 599
375 917
376 687
377 941
378 549
378 159
379 273
379 620
379 369
379 721
379 267
379 567
379 136
379 827
381 900
381 548
381 880
381 41
381 515
381 286
381 834
382 589
383 348
383 573
383 834
384 918
384 865
384 93
385 221
385 466
385 404
386 428
386 640
387 271
387 474
387 224
387 696
387 565
387 856
387 781
387 235
387 441
387 11
389 780
389 599
390 625
391 239
392 473
392 293
392 770
392 225
393 639
394 370
395 588
395 847
395 725
395 299
395 199
395 438
395 546
395 683
395 23
395 855
396 668
396 214
396 953
397 935
398 178
400 351
401 892
401 428
401 402
401 202
401 42
402 401
402 761
402 715
402 455
402 521
402 453
402 701
403 815
403 820
403 789
404 837
404 129
404 965
404 334
404 385
404 810
404 487
404 919
404 509
405 128
406 513
407 660
407 39
407 710
407 805
407 603
407 734
407 491
407 425
407 577
407 151
409 316
409 15
410 854
410 231
410 100
410 962
410 748
410 434
410 373
410 570
411 573
412 221
413 687
415 279
415 918
416 472
416 214
416 553
417 128
418 888
418 353
418 321
418 976
418 488
419 754
419 289
420 421
421 420
421 705
422 683
422 913
423 60
423 754
424 942
424 918
424 922
424 570
425 801
425 407
425 687
426 9
427 753
428 401
428 429
428 705
428 627
428 10
428 386
428 332
428 362
429 971
429 428
430 689
431 705
431 892
432 872
432 809
432 131
433 742
433 863
433 760
434 410
434 318
435 474
435 12
435 902
435 847
435 877
435 164
435 300
435 617
436 315
436 875
436 717
436 369
436 769
436 440
436 705
436 798
436 887
436 969
436 518
437 95
437 853
437 78
437 829
437 340
437 117
437 471
437 708
437 920
437 847
437 914
437 739
437 307
438 890
438 876
438 395
440 856
440 436
440 570
441 705
441 108
441 387
441 754
441 93
442 984
442 748
442 930
442 551
442 490
442 734
442 876
443 625
443 820
443 835
443 56
444 351
444 989
444 977
444 147
444 289
445 668
445 311
445 544
446 588
446 714
446 551
446 691
446 915
446 513
446 621
446 183
446 650
446 504
447 646
448 367
448 751
448 786
448 999
448 375
448 827
448 760
448 46
451 952
451 596
451 280
451 112
451 109
451 166
452 723
452 286
453 705
453 842
453 568
453 402
454 966
454 109
455 237
455 402
455 202
456 354
456 57
456 282
456 365
456 705
456 874
456 542
456 480
456 545
456 504
457 296
459 477
460 162
460 155
460 645
460 731
460 906
460 687
461 199
461 321
461 234
461 296
461 754
462 265
462 953
462 147
463 809
463 202
464 484
464 617
465 241
465 789
465 202
465 616
466 983
466 491
466 385
466 347
466 99
466 290
466 980
466 823
466 649
466 664
467 967
467 796
467 174
467 475
467 99
467 992
467 517
469 644
469 602
469 311
470 809
471 753
471 437
472 774
472 39
472 416
472 931
472 935
472 512
472 281
472 165
472 911
472 545
473 392
474 34
474 198
474 807
474 435
474 672
474 387
475 467
475 990
475 56
477 501
477 860
477 206
477 1
477 459
477 825
477 97
477 630
477 560
478 582
478 202
478 296
479 874
479 590
479 902
479 306
480 456
481 276
481 555
481 56
482 228
483 666
483 902
483 208
483 765
483 209
483 816
483 960
483 199
483 575
483 922
483 6
484 244
484 464
484 284
484 43
484 565
484 372
484 371
484 945
484 806
485 352
485 865
486 966
486 866
487 404
487 166
488 418
488 616
489 370
490 278
490 442
490 351
491 466
491 407
492 747
492 992
492 585
492 100
493 22
493 1000
494 754
495 841
495 56
496 85
496 373
497 178
498 545
499 265
499 361
499 232
499 513
499 520
499 576
499 252
499 912
499 841
499 15
499 296
500 332
501 477
502 697
502 84
502 224
502 330
502 592
502 202
502 504
503 810
503 311
504 752
504 151
504 446
504 81
504 316
504 456
504 502
504 246
504 297
505 918
505 234
505 570
507 46
509 867
509 404
511 810
511 311
511 820
512 114
512 765
512 472
512 720
512 780
512 640
512 570
513 824
513 85
513 199
513 406
513 915
513 499
513 446
515 381
515 834
516 266
516 845
516 316
516 23
516 651
516 547
516 659
517 339
517 537
517 152
517 327
517 693
517 864
517 191
517 66
517 548
517 618
517 895
517 467
517 300
518 436
518 834
519 672
519 147
520 981
520 801
520 499
520 221
521 705
521 589
521 402
522 56
522 687
523 834
524 687
528 9
528 639
529 300
529 147
530 649
530 878
530 834
531 827
532 720
532 85
532 820
534 316
534 917
534 579
535 871
536 966
536 276
536 942
536 589
537 517
538 5
538 234
538 807
539 866
540 781
540 80
540 296
541 830
541 31
541 596
541 599
541 581
541 164
541 891
541 894
541 92
542 456
543 148
543 918
543 570
544 319
544 218
544 19
544 612
544 611
544 445
544 269
544 834
545 472
545 456
545 120
545 176
545 498
545 173
545 970
545 720
545 583
545 951
545 713
545 23
545 306
546 30
546 820
546 395
546 925
547 648
547 669
547 135
547 516
548 867
548 517
548 381
548 789
548 760
549 378
550 668
551 442
551 446
553 627
553 172
553 76
553 963
553 604
553 280
553 569
553 416
553 155
553 640
553 197
553 649
554 625
554 892
555 255
555 652
555 481
555 36
555 663
555 921
555 786
555 234
555 221
555 789
556 689
556 602
556 841
556 889
560 477
562 668
562 917
563 852
563 318
565 272
565 484
565 199
565 387
566 296
567 67
567 379
567 780
567 713
567 42
568 829
568 590
568 453
568 32
568 118
568 918
568 620
568 677
568 161
568 741
569 720
569 553
570 228
570 424
570 512
570 440
570 505
570 543
570 410
570 696
570 854
570 12
570 224
571 216
571 834
572 871
572 701
573 588
573 344
573 598
573 333
573 292
573 336
573 211
573 214
573 246
573 208
573 411
573 729
573 383
573 717
573 202
574 135
574 878
575 110
575 951
575 939
575 608
575 696
575 19
575 483
575 202
575 147
576 499
577 815
577 917
577 407
578 589
579 44
579 365
579 534
579 897
579 348
579 224
579 65
579 143
579 970
579 283
580 754
581 541
582 710
582 773
582 812
582 633
582 117
582 478
582 598
582 647
582 331
582 923
583 955
583 545
584 148
585 492
585 100
587 980
588 285
588 395
588 573
588 446
589 804
589 536
589 629
589 622
589 107
589 521
589 578
589 382
589 731
590 771
590 990
590 568
590 479
592 502
592 827
593 808
594 277
594 636
594 713
595 13
596 451
596 199
596 760
596 541
597 277
597 966
598 9
598 582
598 573
598 318
599 86
599 375
599 739
599 942
599 160
599 389
599 541
601 141
601 720
602 469
602 611
602 636
602 879
602 728
602 902
602 222
602 334
602 721
602 556
602 641
602 687
603 407
604 715
604 312
604 55
604 690
604 792
604 911
604 929
604 119
604 2
604 165
604 553
605 116
605 193
605 737
605 30
605 56
605 46
606 703
608 575
609 109
610 154
610 338
610 971
611 964
611 602
611 544
611 925
612 30
612 544
612 876
612 42
613 741
613 369
613 980
613 131
613 945
614 15
614 808
615 705
615 56
616 20
616 488
616 693
616 826
616 836
616 819
616 465
616 734
616 64
616 170
617 20
617 353
617 289
617 145
617 618
617 213
617 694
617 435
617 716
617 268
617 686
617 464
617 909
617 80
618 517
618 617
619 801
619 639
619 878
620 379
620 568
621 446
621 640
621 672
621 760
622 589
623 890
623 300
624 741
624 892
625 71
625 554
625 443
625 240
625 390
625 252
627 798
627 553
627 428
627 289
628 1000
628 216
629 589
630 477
631 639
633 582
634 771
635 641
636 62
636 594
636 602
637 30
638 872
639 711
639 631
639 619
639 528
639 393
639 797
639 101
639 969
640 621
640 926
640 800
640 861
640 150
640 553
640 677
640 512
640 207
640 386
640 372
640 87
640 216
641 635
641 246
641 786
641 140
641 657
641 602
642 867
642 892
642 373
643 141
644 740
644 469
644 751
644 972
645 460
645 990
646 447
646 77
647 582
647 56
647 672
648 89
648 277
648 691
648 159
648 547
648 865
648 296
649 530
649 122
649 782
649 81
649 882
649 466
649 553
649 686
649 365
650 947
650 446
651 342
651 852
651 771
651 516
652 221
652 555
653 947
653 279
653 871
653 701
653 197
654 835
654 197
655 228
657 641
657 85
657 808
659 516
659 80
660 407
660 789
660 37
661 815
661 890
662 289
663 555
664 986
664 929
664 985
664 893
664 466
664 15
664 701
664 334
666 483
668 396
668 75
668 445
668 562
668 33
668 550
668 165
668 954
669 246
669 867
669 547
669 148
669 15
672 474
672 647
672 69
672 786
672 780
672 159
672 621
672 846
672 900
672 9
672 729
672 519
672 82
672 881
673 128
674 5
676 286
676 296
677 568
677 640
677 925
678 354
678 216
681 276
681 67
683 422
683 395
684 876
684 178
684 766
685 46
686 990
686 166
686 806
686 649
686 878
686 617
687 44
687 974
687 885
687 413
687 522
687 308
687 821
687 425
687 690
687 524
687 319
687 460
687 704
687 348
687 143
687 376
687 602
687 849
687 152
689 188
689 973
689 326
689 430
689 974
689 192
689 932
689 254
689 850
689 556
689 45
690 117
690 604
690 687
691 32
691 896
691 49
691 869
691 648
691 180
691 199
691 865
691 446
693 517
693 616
694 864
694 801
694 918
694 617
695 89
696 575
696 387
696 570
697 502
698 941
698 279
698 166
698 178
699 966
699 871
699 351
701 86
701 367
701 726
701 161
701 965
701 572
701 653
701 941
701 241
701 251
701 104
701 56
701 402
701 664
702 369
702 241
703 52
703 190
703 207
703 355
703 606
703 50
703 286
703 373
704 332
704 321
704 237
704 687
705 723
705 140
705 615
705 441
705 521
705 317
705 453
705 12
705 431
705 421
705 108
705 456
705 713
705 428
705 436
706 922
707 20
707 154
707 719
707 259
707 22
707 898
708 135
708 437
709 316
709 80
710 582
710 871
710 214
710 407
711 806
711 639
711 318
713 750
713 705
713 594
713 567
713 182
713 318
713 545
714 446
715 604
715 1000
715 953
715 402
716 617
717 573
717 166
717 436
717 289
718 321
719 370
719 707
720 569
720 512
720 532
720 155
720 187
720 182
720 738
720 326
720 601
720 992
720 545
721 874
721 602
721 815
721 379
721 128
722 228
723 347
723 452
723 259
723 705
723 876
724 957
724 67
724 318
724 202
725 841
725 395
725 202
726 971
726 701
726 42
727 373
727 6
728 602
728 808
728 806
729 348
729 876
729 573
729 672
730 300
731 460
731 741
731 589
731 42
731 878
732 56
733 358
733 85
733 289
734 442
734 942
734 971
734 15
734 922
734 407
734 616
736 239
736 178
737 988
737 605
738 954
738 720
738 289
739 599
739 437
740 644
740 332
740 124
741 613
741 624
741 284
741 331
741 731
741 568
742 433
742 1000
743 316
744 222
744 944
744 287
745 80
745 15
746 1000
746 80
747 492
748 442
748 410
749 906
749 88
749 918
749 128
749 835
750 713
751 644
751 448
752 504
753 427
753 471
753 329
753 953
754 95
754 441
754 423
754 803
754 580
754 461
754 494
754 21
754 211
754 419
754 374
754 841
755 278
755 159
756 971
757 810
757 178
758 80
759 766
760 144
760 621
760 344
760 258
760 448
760 433
760 596
760 548
760 158
760 822
760 290
761 920
761 918
761 402
762 899
763 287
764 918
765 512
765 483
765 827
766 44
766 684
766 759
766 777
766 796
767 223
767 815
767 318
767 925
768 897
768 287
769 286
769 436
770 392
771 590
771 140
771 651
771 634
772 954
772 332
773 282
773 582
773 798
773 917
774 472
776 801
776 15
776 113
777 113
777 296
777 766
778 889
779 228
780 333
780 567
780 389
780 354
780 512
780 212
780 122
780 782
780 328
780 672
781 540
781 873
781 192
781 277
781 945
781 387
782 780
782 649
783 234
784 872
785 166
786 448
786 641
786 80
786 555
786 672
787 282
789 660
789 803
789 555
789 71
789 403
789 237
789 548
789 167
789 465
789 801
789 958
791 33
792 65
792 75
792 604
792 842
793 179
794 311
795 311
796 467
796 241
796 947
796 766
797 920
797 321
797 639
798 627
798 773
798 240
798 436
799 239
800 640
801 619
801 298
801 850
801 520
801 776
801 425
801 125
801 694
801 890
801 917
801 789
801 925
801 373
801 878
802 835
803 37
803 789
803 754
804 589
804 889
804 80
805 407
805 113
806 711
806 12
806 119
806 908
806 110
806 484
806 728
806 686
807 474
807 107
807 538
807 855
807 910
807 332
807 221
808 614
808 593
808 823
808 886
808 155
808 657
808 728
808 153
808 945
808 300
809 470
809 273
809 432
809 182
809 314
809 463
809 357
809 876
809 37
810 757
810 282
810 278
810 511
810 503
810 45
810 404
811 949
811 925
812 282
812 582
813 848
813 827
815 271
815 87
815 661
815 577
815 117
815 68
815 138
815 767
815 980
815 403
815 721
816 483
818 920
818 922
819 199
819 890
819 616
820 511
820 957
820 177
820 532
820 278
820 141
820 403
820 443
820 332
820 546
821 918
821 687
822 228
822 760
822 289
823 808
823 466
824 513
824 871
824 221
825 477
826 316
826 109
826 944
826 945
826 616
827 44
827 813
827 379
827 152
827 765
827 448
827 531
827 592
828 890
829 568
829 437
829 318
830 541
832 197
833 66
833 88
834 530
834 855
834 518
834 993
834 56
834 201
834 207
834 515
834 234
834 381
834 383
834 544
834 334
834 846
834 159
834 571
834 173
834 523
834 925
835 17
835 163
835 802
835 217
835 749
835 977
835 221
835 57
835 875
835 654
835 196
835 443
835 917
836 917
836 616
837 404
838 954
838 917
839 88
840 917
841 134
841 888
841 272
841 556
841 189
841 495
841 725
841 499
841 9
841 181
841 754
842 134
842 120
842 453
842 297
842 792
842 240
842 906
842 286
844 945
845 516
846 311
846 672
846 834
847 216
847 395
847 435
847 437
848 813
848 6
849 687
850 801
850 689
850 279
850 892
851 857
851 208
851 351
851 221
852 651
852 38
852 260
852 563
852 881
852 341
852 112
852 950
853 128
853 437
854 270
854 155
854 928
854 102
854 410
854 570
855 395
855 807
855 953
855 834
856 440
856 387
857 851
858 899
860 477
861 283
861 889
861 640
862 981
862 214
863 433
864 517
864 694
865 648
865 384
865 180
865 874
865 192
865 691
865 485
865 217
866 995
866 486
866 158
866 539
866 928
867 548
867 669
867 642
867 509
869 691
870 287
871 710
871 572
871 159
871 653
871 824
871 535
871 699
872 432
872 638
872 142
872 784
873 781
873 282
873 373
874 721
874 340
874 92
874 865
874 456
874 479
875 835
875 436
876 268
876 438
876 729
876 809
876 299
876 259
876 5
876 903
876 684
876 723
876 348
876 612
876 442
877 369
877 259
877 15
877 435
877 202
877 300
878 530
878 79
878 164
878 731
878 574
878 801
878 914
878 928
878 979
878 619
878 74
878 686
878 950
879 602
880 381
880 890
881 13
881 852
881 672
882 649
883 942
885 687
886 60
886 808
887 920
887 436
887 197
888 841
888 418
888 311
889 804
889 778
889 348
889 556
889 23
889 861
889 231
889 163
890 983
890 801
890 182
890 50
890 74
890 880
890 438
890 295
890 819
890 979
890 828
890 623
890 661
890 296
891 541
892 401
892 624
892 554
892 967
892 431
892 142
892 642
892 259
892 850
892 292
893 280
893 664
894 321
894 541
895 517
896 22
896 691
896 321
896 80
897 768
897 579
898 707
899 905
899 916
899 220
899 762
899 858
899 25
900 283
900 381
900 672
901 942
902 602
902 234
902 483
902 479
902 435
902 296
903 876
904 370
905 899
906 63
906 156
906 749
906 460
906 96
906 842
906 945
907 370
908 234
908 806
909 221
909 617
910 807
911 472
911 604
911 1000
911 197
912 13
912 239
912 199
912 499
912 80
913 941
913 422
913 373
914 437
914 878
915 513
915 446
916 899
917 157
917 840
917 835
917 375
917 534
917 577
917 562
917 836
917 773
917 344
917 170
917 30
917 801
917 921
917 838
917 325
918 821
918 102
918 187
918 694
918 505
918 424
918 749
918 57
918 415
918 764
918 384
918 230
918 543
918 248
918 761
918 568
919 945
919 404
919 202
920 60
920 818
920 761
920 797
920 887
920 293
920 437
921 136
921 359
921 30
921 555
921 917
922 17
922 818
922 294
922 483
922 259
922 734
922 88
922 706
922 424
922 279
922 59
922 219
923 582
923 311
925 978
925 339
925 281
925 834
925 767
925 323
925 154
925 611
925 307
925 811
925 801
925 546
925 359
925 677
926 640
928 854
928 866
928 878
929 604
929 664
930 442
931 472
931 221
932 272
932 160
932 689
933 289
934 990
935 397
935 472
938 131
939 575
941 137
941 341
941 913
941 698
941 377
941 701
942 901
942 883
942 734
942 39
942 424
942 536
942 599
944 744
944 826
945 983
945 993
945 906
945 826
945 919
945 844
945 17
945 156
945 781
945 808
945 613
945 484
946 282
947 133
947 650
947 35
947 796
947 653
947 15
948 373
949 811
949 113
950 12
950 852
950 878
951 575
951 545
952 451
952 216
952 197
953 58
953 308
953 396
953 357
953 462
953 855
953 15
953 233
953 963
953 715
953 83
953 753
953 147
954 772
954 838
954 974
954 738
954 29
954 668
955 583
955 234
955 178
955 202
956 332
957 724
957 820
958 789
960 483
962 410
963 148
963 553
963 953
964 611
965 701
965 404
966 699
966 536
966 200
966 181
966 486
966 74
966 597
966 454
966 100
967 467
967 990
967 892
969 234
969 639
969 436
970 545
970 579
971 610
971 87
971 75
971 233
971 756
971 429
971 47
971 350
971 130
971 734
971 726
972 644
973 689
974 954
974 689
974 166
974 687
975 134
976 418
977 444
977 835
978 101
978 925
979 278
979 890
979 878
980 236
980 587
980 363
980 117
980 613
980 114
980 815
980 466
981 862
981 335
981 16
981 520
983 945
983 890
983 466
984 442
984 373
985 664
986 664
988 737
989 124
989 444
989 56
990 934
990 590
990 4
990 967
990 366
990 645
990 53
990 219
990 475
990 83
990 686
990 234
992 467
992 492
992 720
992 108
993 945
993 834
994 95
995 866
996 370
997 370
999 448
999 239
1000 21
1000 628
1000 715
1000 911
1000 196
1000 129
1000 160
1000 746
1000 742
1000 493
1000 234
