1 776
1 854
1 189
1 684
1 772
1 64
1 499
1 149
2 103
2 179
2 553
2 241
2 676
2 918
2 914
2 250
2 166
2 762
3 353
3 714
3 968
3 242
3 197
3 949
3 617
3 873
3 61
3 8
4 990
4 744
4 658
5 76
5 326
5 674
5 538
5 221
5 876
5 157
5 404
5 776
5 43
6 144
6 483
6 190
6 299
6 67
6 157
6 392
6 513
6 919
7 718
7 918
7 715
7 615
7 583
7 999
7 737
7 272
7 146
7 204
7 905
7 981
7 845
7 518
7 465
7 612
7 384
7 369
7 560
7 746
8 389
8 561
8 569
8 756
8 183
8 3
8 345
8 697
8 904
8 187
8 328
8 65
8 855
8 552
8 946
8 893
8 770
8 25
8 274
9 426
9 965
9 572
9 610
9 834
9 672
9 59
9 468
10 237
10 428
10 466
10 164
10 640
10 809
10 357
11 387
11 847
11 585
11 940
12 155
12 950
12 389
12 224
12 859
12 608
12 807
12 369
12 705
12 806
12 570
12 731
12 983
12 876
12 54
13 595
13 912
13 881
13 131
13 259
13 398
14 227
14 486
14 828
14 94
14 639
14 292
14 649
14 222
14 332
14 652
14 986
14 862
15 499
15 669
15 53
15 734
15 745
15 877
15 776
15 947
15 62
15 409
15 142
15 911
15 750
15 139
15 953
15 178
15 664
15 401
15 522
15 154
15 212
15 888
15 422
15 235
16 981
16 909
17 945
17 922
17 835
17 717
17 60
17 918
17 941
17 421
18 621
18 400
18 39
18 602
18 565
18 467
18 685
18 341
18 916
18 959
19 870
19 872
19 104
19 518
19 210
19 923
19 407
19 544
19 377
20 751
20 869
20 214
20 197
20 363
20 795
20 684
20 552
20 36
20 259
20 707
20 224
20 614
20 496
20 803
21 867
21 98
21 215
21 542
21 689
21 280
21 1000
21 80
21 754
21 771
21 471
21 989
22 493
22 896
22 56
22 552
22 931
22 809
23 516
23 889
23 395
23 545
23 425
23 404
23 752
23 926
23 660
24 596
24 267
24 154
24 574
24 182
24 807
24 495
24 698
24 166
24 328
24 497
24 54
25 177
25 989
25 801
25 8
25 965
25 272
25 173
25 65
25 803
25 721
26 148
27 310
27 556
27 590
28 612
28 681
28 329
28 214
28 715
28 166
29 954
29 180
29 898
30 612
30 155
30 605
30 51
30 921
30 39
30 546
30 637
30 917
30 932
30 590
30 420
31 541
31 174
31 949
31 618
31 66
32 691
32 568
33 791
33 102
33 668
33 292
33 803
33 746
33 692
34 474
34 287
34 144
34 611
34 848
34 154
34 222
34 858
35 947
35 599
35 384
35 354
35 497
35 918
36 342
36 467
36 485
36 352
36 658
36 330
36 928
36 110
36 219
36 250
36 255
36 454
36 533
36 555
36 20
36 780
36 381
36 619
36 396
36 706
36 746
36 394
37 803
37 234
37 809
37 935
37 86
37 949
37 835
37 736
37 838
37 652
37 686
37 753
37 459
37 120
37 297
37 298
37 338
37 121
37 206
38 852
38 492
38 658
39 472
39 316
39 30
39 942
39 407
39 318
39 813
39 212
39 338
39 18
39 779
40 749
40 725
40 100
40 970
40 118
40 95
40 62
40 815
40 987
40 724
40 803
40 48
40 844
40 739
40 885
40 276
40 299
40 41
40 904
40 123
41 160
41 40
41 729
41 715
41 419
41 447
41 502
41 603
41 100
41 855
41 786
41 85
41 902
41 926
41 793
41 346
41 507
42 268
42 567
42 726
42 731
42 152
42 119
42 612
42 527
42 134
42 384
42 61
43 210
43 654
43 534
43 5
43 130
43 729
43 225
43 484
43 925
43 96
43 761
43 464
43 250
43 357
43 377
43 48
44 306
44 568
44 390
44 528
44 382
44 573
44 341
44 993
44 127
44 947
44 542
44 879
44 687
44 197
44 266
44 681
44 77
44 561
45 506
45 910
45 957
45 500
45 169
45 229
45 898
45 847
45 577
45 688
45 46
45 391
45 487
45 689
45 189
45 330
45 621
45 461
45 825
46 507
46 230
46 515
46 437
46 238
46 472
46 45
46 139
47 276
47 971
47 202
47 809
47 214
47 711
47 357
47 660
47 489
48 473
48 548
48 43
48 452
48 431
48 556
48 40
49 691
49 161
49 837
50 90
50 519
50 95
50 188
50 480
50 703
50 890
50 847
50 397
50 201
50 714
51 30
51 768
51 731
51 502
51 975
51 94
51 898
52 908
52 255
52 203
52 986
52 299
52 826
52 261
53 990
53 15
53 782
54 180
54 12
54 979
54 298
54 343
54 224
54 858
54 24
54 117
54 144
54 148
54 543
54 330
54 65
54 624
55 126
55 604
55 349
56 252
56 475
56 170
56 615
56 481
56 495
56 443
56 701
56 647
56 605
56 817
56 656
56 933
56 834
56 474
56 67
56 22
56 782
56 785
57 918
57 456
57 835
57 810
57 319
57 432
57 77
57 606
58 953
58 159
59 70
59 881
59 99
59 9
59 122
59 97
59 65
59 975
59 605
59 266
59 88
59 713
59 281
59 935
59 801
59 222
60 423
60 215
60 264
60 104
60 485
60 474
60 150
60 432
60 657
60 17
60 269
60 115
60 159
60 214
60 354
60 661
60 377
61 462
61 887
61 967
61 600
61 67
61 3
61 42
61 611
61 184
61 493
61 321
61 282
61 598
61 981
61 461
62 636
62 15
62 286
62 624
62 592
62 785
62 40
63 906
63 283
63 128
63 731
63 463
63 454
63 121
63 940
63 261
64 67
64 616
64 599
64 992
64 894
64 981
64 744
64 989
64 606
64 770
64 1
64 859
64 364
65 681
65 834
65 323
65 898
65 469
65 974
65 246
65 979
65 54
65 301
65 579
65 164
65 59
65 727
65 503
65 392
65 25
65 8
65 655
66 804
66 380
66 31
66 188
66 752
66 367
66 227
66 539
66 241
66 517
66 128
66 333
66 935
66 560
66 204
67 64
67 724
67 567
67 374
67 681
67 320
67 56
67 209
67 497
67 299
67 913
67 61
67 6
68 159
68 815
68 146
68 86
68 786
68 276
68 362
68 447
69 237
69 672
69 522
69 873
70 538
70 120
70 557
70 583
70 472
70 267
70 910
70 246
70 128
70 915
70 601
70 59
70 366
70 903
70 617
71 854
71 849
71 628
71 358
71 492
71 543
71 789
71 847
71 772
71 846
71 919
71 230
71 940
72 507
72 124
72 496
72 834
72 148
72 495
73 764
74 966
74 890
74 878
74 750
74 614
74 365
74 461
74 274
74 655
74 204
75 792
75 668
75 971
75 618
76 305
76 571
76 84
76 790
76 634
76 998
76 453
76 596
76 806
76 5
76 409
76 813
76 96
76 83
76 894
76 803
76 704
76 884
77 57
77 311
77 961
77 865
77 769
77 321
77 413
77 44
77 444
77 153
77 734
77 315
77 601
77 714
78 182
78 91
78 455
78 849
78 471
79 878
79 144
79 543
79 459
79 771
79 793
80 912
80 709
80 350
80 758
80 659
80 746
80 745
80 540
80 21
80 368
80 896
80 490
80 188
80 814
80 741
80 617
80 859
81 180
81 775
81 477
81 340
81 86
81 229
81 183
81 976
81 113
81 380
81 337
81 371
81 335
81 718
81 504
81 852
81 833
81 184
82 672
82 657
82 893
83 532
83 776
83 675
83 473
83 926
83 76
83 196
83 88
83 990
83 666
83 915
83 362
83 592
83 169
84 888
84 921
84 91
84 221
84 272
84 487
84 614
84 240
84 146
84 331
84 271
84 197
84 93
84 902
84 226
84 431
84 76
84 210
84 306
84 420
84 101
85 733
85 657
85 584
85 267
85 404
85 41
85 764
85 513
85 128
85 287
85 904
85 655
86 377
86 727
86 406
86 485
86 619
86 68
86 165
86 404
86 148
86 701
86 37
86 681
86 81
86 770
87 971
87 815
87 640
87 333
87 123
88 59
88 158
88 749
88 833
88 839
88 83
88 350
88 858
88 983
88 734
88 584
88 279
88 922
88 696
88 918
88 825
89 269
89 648
89 695
89 160
89 575
89 214
89 207
90 643
90 356
90 548
90 127
90 616
90 94
90 756
90 50
90 553
91 855
91 983
91 84
91 134
91 340
91 78
91 655
92 874
92 131
92 234
92 541
92 197
92 634
92 646
92 194
92 349
93 441
93 384
93 84
93 174
93 141
93 799
93 404
93 398
93 345
94 99
94 486
94 199
94 621
94 731
94 362
94 778
94 605
94 51
94 928
94 174
94 978
94 333
94 574
94 652
94 264
94 259
94 14
94 696
94 1000
94 381
94 90
95 651
95 274
95 873
95 241
95 200
95 896
95 558
95 754
95 437
95 314
95 686
95 852
95 50
95 740
95 649
95 40
96 559
96 584
96 43
96 463
96 371
96 452
96 936
96 276
96 76
96 508
97 314
97 313
97 468
97 115
97 713
97 59
97 913
97 437
98 286
98 296
98 21
98 620
98 250
99 365
99 552
99 294
99 514
99 881
99 466
99 965
99 59
99 94
99 341
99 913
100 41
100 336
100 966
100 192
100 954
100 104
100 410
100 332
100 442
100 397
100 184
100 40
101 663
101 772
101 834
101 213
101 796
101 431
101 747
101 797
101 84
101 978
101 691
101 617
101 894
102 33
102 854
102 918
102 237
102 440
102 848
102 894
102 792
102 622
102 454
102 525
103 410
103 519
103 685
103 358
103 923
103 332
103 2
103 967
103 369
103 728
104 701
104 992
104 60
104 100
104 761
104 19
104 321
104 567
105 369
105 916
105 204
106 115
106 577
106 296
106 348
106 356
106 802
106 119
106 179
106 525
106 154
106 121
106 204
107 283
107 589
107 807
108 992
108 441
108 705
108 289
109 451
109 308
109 826
109 191
109 341
109 609
109 121
109 850
109 465
109 969
109 602
109 204
109 151
109 603
109 316
109 180
109 999
109 862
109 624
109 926
110 575
110 806
110 36
110 825
110 169
111 296
111 147
111 974
111 305
112 819
112 891
112 391
112 963
112 659
112 531
112 351
112 907
112 852
112 451
112 401
112 220
113 777
113 805
113 191
113 168
113 862
113 732
113 81
114 512
114 980
114 428
114 681
114 528
114 862
114 471
115 934
115 525
115 247
115 559
115 774
115 674
115 725
115 221
115 791
115 464
115 845
115 812
115 431
115 366
115 60
115 97
115 106
116 605
116 691
116 863
116 346
116 280
117 690
117 604
117 399
117 900
117 605
117 330
117 195
117 192
117 186
117 980
117 815
117 582
117 266
117 446
117 54
117 770
117 274
118 568
118 732
118 915
118 421
118 790
118 858
118 40
119 304
119 333
119 313
119 446
119 774
119 806
119 42
119 424
119 1000
119 420
119 106
120 731
120 202
120 37
120 434
120 467
120 151
120 868
120 617
120 334
120 842
120 197
120 545
120 226
120 70
120 368
120 503
120 825
121 37
121 609
121 329
121 840
121 900
121 366
121 106
121 148
121 342
121 63
121 887
121 744
121 109
121 454
121 722
122 717
122 274
122 816
122 683
122 495
122 573
122 995
122 294
122 780
122 713
122 59
122 297
122 471
123 588
123 339
123 269
123 640
123 889
123 87
123 350
123 171
123 40
123 232
123 162
123 254
123 149
123 333
123 483
123 967
123 697
124 740
124 257
124 168
124 231
124 246
124 989
124 535
124 409
124 444
124 299
124 72
124 997
125 801
125 147
125 225
125 590
125 829
126 55
126 221
126 807
127 311
127 44
127 700
127 90
128 749
128 85
128 405
128 673
128 853
128 249
128 66
128 319
128 70
128 965
128 488
128 719
128 63
128 752
128 357
128 732
128 948
129 570
129 877
129 268
129 726
129 803
129 1000
129 321
129 697
129 338
129 826
130 971
130 983
130 772
130 43
131 938
131 13
131 151
131 92
131 432
131 723
131 929
131 582
131 500
131 354
131 761
131 862
132 178
132 495
132 292
132 250
132 245
133 947
133 503
134 626
134 91
134 916
134 323
134 828
134 465
134 842
134 42
134 942
134 739
134 613
134 935
134 981
135 574
135 708
135 263
135 637
135 477
135 547
135 195
136 921
136 379
136 174
136 468
137 941
137 711
137 250
138 815
138 360
138 856
138 530
139 680
139 260
139 253
139 902
139 46
139 428
139 354
139 418
139 295
139 15
139 575
139 300
139 867
139 489
140 771
140 705
140 199
140 641
140 892
140 621
141 643
141 709
141 919
141 820
141 93
141 487
141 722
142 360
142 170
142 194
142 187
142 273
142 907
142 731
142 786
142 872
142 15
142 300
142 528
143 579
143 687
143 381
143 156
143 220
144 258
144 917
144 276
144 984
144 34
144 955
144 686
144 79
144 972
144 196
144 817
144 225
144 857
144 6
144 369
144 415
144 660
144 886
144 54
145 617
145 224
145 212
146 268
146 643
146 653
146 685
146 332
146 751
146 533
146 335
146 718
146 68
146 360
146 7
146 84
146 859
147 953
147 462
147 575
147 290
147 125
147 111
147 519
147 529
147 444
147 329
147 496
147 224
147 949
147 435
147 459
147 820
148 26
148 669
148 347
148 72
148 963
148 584
148 543
148 86
148 932
148 121
148 54
149 478
149 663
149 415
149 463
149 526
149 278
149 239
149 1
149 681
149 276
149 222
149 123
150 640
150 612
150 60
150 530
151 131
151 407
151 504
151 952
151 496
151 120
151 109
152 199
152 517
152 42
152 827
152 687
152 424
152 567
152 703
152 364
153 229
153 560
153 240
153 267
153 805
153 600
153 954
153 952
153 926
153 740
153 77
154 748
154 106
154 34
154 15
154 662
154 424
154 330
154 610
154 925
154 24
154 741
154 918
154 606
155 777
155 656
155 642
155 788
155 697
155 12
155 460
155 854
155 30
155 720
155 553
155 624
155 859
155 220
156 887
156 899
156 486
156 449
156 143
156 450
156 881
156 945
157 250
157 5
157 252
157 361
157 406
157 367
157 209
157 6
157 571
157 750
157 431
157 993
158 866
158 88
158 296
158 760
158 919
159 755
159 378
159 361
159 68
159 648
159 60
159 605
159 58
159 871
159 221
159 672
159 834
159 992
159 698
159 431
159 724
159 370
160 932
160 89
160 314
160 1000
160 599
160 41
160 837
161 674
161 49
161 231
161 812
161 766
161 430
161 731
161 701
161 560
161 201
161 768
161 169
162 460
162 370
162 333
162 345
162 123
163 889
163 835
163 272
163 198
163 948
164 512
164 65
164 10
164 178
164 463
164 872
164 539
164 878
164 541
164 750
164 604
164 754
164 349
165 472
165 604
165 668
165 86
165 289
166 303
166 290
166 686
166 252
166 791
166 24
166 987
166 631
166 28
166 977
166 543
166 805
166 516
166 2
166 440
166 873
166 374
167 789
167 838
167 180
167 432
167 651
167 420
168 124
168 589
168 113
168 899
168 206
169 874
169 845
169 479
169 521
169 161
169 110
169 83
169 45
169 893
169 204
170 917
170 56
170 616
170 492
170 949
170 548
170 142
170 504
170 206
171 239
171 357
171 238
171 123
172 586
172 396
172 731
172 306
172 311
172 384
172 999
172 1000
172 501
173 545
173 834
173 645
173 909
173 230
173 345
173 25
174 885
174 999
174 411
174 968
174 31
174 870
174 908
174 978
174 366
174 380
174 520
174 136
174 201
174 907
174 93
174 848
174 94
175 425
175 368
175 854
175 265
175 630
175 529
175 213
175 921
175 865
175 672
175 986
175 604
176 545
176 496
177 820
177 354
177 25
178 497
178 330
178 327
178 684
178 757
178 15
178 736
178 955
178 132
178 187
178 811
178 375
178 897
178 855
178 164
178 877
178 727
178 213
179 939
179 319
179 438
179 193
179 645
179 628
179 259
179 763
179 2
179 932
179 226
179 833
179 298
179 106
180 109
180 508
180 167
180 491
180 909
180 29
180 865
180 81
180 501
180 54
180 775
181 781
181 495
181 900
181 661
181 773
181 261
181 966
181 873
181 184
182 519
182 693
182 892
182 830
182 345
182 734
182 720
182 890
182 713
182 24
182 761
182 325
182 78
182 506
183 297
183 315
183 415
183 801
183 532
183 459
183 81
183 8
183 447
184 687
184 100
184 339
184 597
184 81
184 181
184 547
184 942
184 652
184 281
184 314
184 502
184 926
184 804
184 61
184 944
185 939
185 344
186 283
186 117
186 790
187 626
187 649
187 408
187 382
187 280
187 142
187 914
187 496
187 357
187 178
187 8
187 658
187 489
188 689
188 276
188 197
188 717
188 80
188 50
188 66
188 660
188 837
189 701
189 889
189 45
189 865
189 616
189 500
189 560
189 357
189 864
189 854
189 734
189 952
189 556
189 573
189 511
189 1
190 703
190 197
190 373
190 793
190 6
191 490
191 990
191 818
191 195
191 817
191 109
191 517
191 555
191 113
191 340
191 779
192 781
192 689
192 865
192 100
192 887
192 117
192 471
193 605
193 289
193 281
193 179
193 205
193 503
194 765
194 92
194 838
194 562
194 142
194 914
195 854
195 924
195 881
195 408
195 135
195 370
195 380
195 658
195 431
195 191
195 117
196 1000
196 835
196 360
196 144
196 713
196 83
196 893
196 692
197 653
197 832
197 952
197 44
197 190
197 654
197 322
197 553
197 911
197 84
197 120
197 188
197 820
197 896
197 92
197 421
197 577
197 988
197 20
197 604
197 613
197 528
197 618
197 396
197 685
197 3
197 779
197 324
198 865
198 314
198 718
198 583
198 163
198 252
198 617
198 514
198 418
198 366
199 819
199 596
199 152
199 270
199 565
199 912
199 140
199 691
199 827
199 920
199 654
199 837
199 513
199 483
199 395
199 740
199 460
199 94
199 509
199 916
199 825
200 966
200 952
200 95
200 228
201 571
201 161
201 779
201 518
201 339
201 254
201 766
201 913
201 50
201 997
201 925
201 912
201 556
201 174
202 348
202 455
202 232
202 725
202 573
202 463
202 478
202 575
202 877
202 465
202 263
202 955
202 724
202 47
202 919
202 502
202 302
202 474
202 120
202 335
202 503
203 237
203 565
203 52
203 385
204 970
204 279
204 106
204 169
204 384
204 480
204 945
204 830
204 616
204 978
204 881
204 323
204 944
204 66
204 105
204 74
204 479
204 416
204 887
204 793
204 370
204 7
204 222
204 366
204 109
205 193
205 431
205 445
205 346
205 876
205 656
205 630
205 810
205 325
205 922
205 365
205 567
206 539
206 37
206 357
206 933
206 308
206 710
206 170
206 903
206 168
206 915
206 250
206 561
207 89
207 953
207 512
207 676
207 771
207 663
207 480
207 342
207 703
207 640
207 850
208 851
208 483
208 573
209 483
209 157
209 67
210 788
210 539
210 600
210 976
210 953
210 642
210 959
210 485
210 924
210 385
210 506
210 288
210 613
210 84
210 19
210 43
210 651
211 573
211 754
211 884
212 690
212 145
212 915
212 39
212 15
212 804
212 631
212 648
213 300
213 178
213 955
213 101
213 264
213 175
214 710
214 416
214 862
214 60
214 47
214 406
214 646
214 836
214 28
214 89
214 904
214 573
214 20
214 319
214 497
215 60
215 281
215 21
215 681
215 1000
216 571
216 847
216 678
216 260
216 628
216 704
216 514
216 638
216 394
216 640
216 903
217 865
217 835
217 433
217 913
218 544
218 600
219 990
219 922
219 652
219 715
219 432
219 36
219 837
219 420
220 664
220 748
220 504
220 936
220 155
220 112
220 656
220 620
220 411
220 571
220 364
220 143
220 331
220 555
220 862
221 931
221 385
221 412
221 159
221 5
221 909
221 851
221 824
221 520
221 126
221 555
221 873
221 835
221 807
221 723
221 84
221 115
222 935
222 689
222 204
222 242
222 59
222 968
222 34
222 347
222 149
222 411
222 736
222 602
222 846
222 711
222 14
222 764
222 903
222 989
223 767
223 804
223 715
224 581
224 145
224 20
224 952
224 147
224 294
224 661
224 352
224 986
224 715
224 387
224 579
224 570
224 841
224 887
224 12
224 711
224 747
224 54
224 630
225 753
225 858
225 352
225 706
225 125
225 677
225 369
225 289
225 276
225 282
225 144
225 43
225 826
226 84
226 250
226 631
226 120
226 286
226 841
226 675
226 952
226 707
226 179
226 903
226 630
227 614
227 772
227 66
227 926
227 14
228 822
228 475
228 620
228 326
228 787
228 200
228 788
228 729
228 921
228 733
228 776
228 900
228 960
228 850
228 250
228 660
228 916
228 790
229 286
229 954
229 45
229 357
229 81
229 153
229 660
230 71
230 682
230 269
230 173
230 559
230 46
230 613
230 829
230 341
230 487
230 309
231 889
231 124
231 410
231 847
231 613
231 913
231 161
232 499
232 202
232 867
232 123
233 971
233 234
233 953
233 296
233 570
233 776
233 345
233 907
234 338
234 233
234 538
234 908
234 990
234 368
234 902
234 555
234 955
234 1000
234 505
234 969
234 92
234 337
234 461
234 783
234 37
234 834
234 926
234 903
235 884
235 957
235 856
235 15
235 527
235 988
235 775
235 355
235 387
235 501
236 980
236 847
236 281
236 461
236 884
237 203
237 10
237 102
237 455
237 69
237 586
237 369
237 555
237 474
237 346
237 853
237 789
237 287
237 889
237 515
238 804
238 875
238 616
238 402
238 696
238 538
238 892
238 322
238 171
238 890
238 719
238 705
238 926
238 46
238 762
239 912
239 799
239 171
239 736
239 391
239 459
239 694
239 861
239 258
239 684
239 836
239 952
239 333
239 792
239 149
240 413
240 945
240 585
240 680
240 867
240 625
240 798
240 750
240 84
240 153
240 309
240 940
241 66
241 796
241 465
241 702
241 701
241 741
241 2
241 620
241 812
241 95
241 661
241 489
242 222
242 3
243 601
243 744
243 344
244 484
244 651
245 634
245 757
245 562
245 132
245 344
245 273
245 768
245 620
245 621
245 968
246 669
246 641
246 124
246 573
246 504
246 965
246 649
246 65
246 70
246 919
246 959
247 664
247 509
247 115
248 918
248 914
248 496
248 468
249 128
249 763
249 733
250 740
250 406
250 137
250 98
250 827
250 43
250 977
250 228
250 745
250 578
250 132
250 839
250 847
250 901
250 206
250 2
250 968
250 487
250 918
250 373
250 157
250 717
250 897
250 530
250 226
250 36
251 701
251 314
251 619
251 968
252 625
252 499
252 56
252 157
252 166
252 198
252 348
252 397
252 696
253 752
253 601
253 139
254 689
254 543
254 796
254 201
254 123
255 555
255 300
255 965
255 918
255 52
255 36
255 503
255 775
256 329
256 953
256 508
256 324
257 124
257 296
257 999
257 565
257 415
257 366
257 899
258 318
258 760
258 144
258 239
258 963
259 723
259 323
259 877
259 267
259 179
259 297
259 444
259 948
259 858
259 901
259 484
259 13
259 94
259 820
259 876
259 922
259 892
259 20
259 837
259 309
259 394
260 852
260 216
260 981
260 421
260 139
261 646
261 830
261 52
261 805
261 946
261 382
261 63
261 181
261 377
261 349
262 384
263 135
263 202
263 639
263 873
263 340
263 414
264 368
264 680
264 213
264 653
264 678
264 94
264 415
264 901
264 60
264 512
265 462
265 499
265 963
265 175
265 368
266 44
266 117
266 856
266 393
266 711
266 555
266 59
266 829
266 362
267 259
267 379
267 24
267 85
267 70
267 551
267 153
267 394
268 876
268 42
268 617
268 146
268 129
268 282
268 341
269 89
269 544
269 60
269 330
269 230
269 420
269 968
269 123
270 854
270 199
271 815
271 387
271 847
271 731
271 811
271 630
271 84
272 602
272 444
272 803
272 163
272 550
272 335
272 836
272 687
272 823
272 382
272 423
272 811
272 983
272 7
272 84
272 279
272 888
272 342
272 25
273 603
273 932
273 379
273 887
273 142
273 977
273 298
273 245
274 981
274 74
274 398
274 400
274 874
274 739
274 8
274 324
274 720
274 117
274 95
274 122
275 990
275 576
275 364
275 965
275 438
275 619
275 601
275 649
275 790
276 47
276 536
276 481
276 188
276 225
276 370
276 68
276 149
276 884
276 495
276 40
276 805
276 702
276 144
276 772
276 96
277 648
277 594
277 597
277 781
277 786
277 565
277 981
278 755
278 490
278 356
278 979
278 424
278 740
278 820
278 786
278 149
279 653
279 88
279 850
279 415
279 993
279 538
279 679
279 272
279 922
279 627
279 991
279 775
279 204
280 626
280 586
280 326
280 650
280 116
280 774
280 891
280 369
280 451
280 316
280 553
280 502
280 21
280 666
280 459
280 415
280 187
280 422
280 876
280 940
280 907
281 786
281 760
281 674
281 449
281 193
281 886
281 59
281 215
281 308
281 745
281 184
281 669
281 236
281 472
281 925
281 811
281 565
281 740
281 706
281 624
281 606
281 804
282 787
282 225
282 773
282 690
282 317
282 618
282 61
282 268
282 456
282 548
282 916
283 107
283 861
283 186
283 63
283 579
283 717
283 360
283 904
284 741
284 484
284 612
284 901
284 666
285 369
285 945
285 768
285 444
285 747
286 703
286 381
286 676
286 62
286 452
286 229
286 769
286 842
286 98
286 604
286 530
286 226
286 707
286 398
286 349
287 768
287 237
287 34
287 85
287 870
287 744
287 807
287 809
287 989
287 548
288 604
288 210
288 655
288 762
289 662
289 733
289 193
289 738
289 348
289 933
289 108
289 717
289 822
289 419
289 444
289 165
289 617
289 225
289 620
289 963
289 946
289 365
290 466
290 166
290 760
290 147
290 978
290 503
291 807
291 747
292 594
292 132
292 985
292 590
292 750
292 788
292 452
292 502
292 33
292 618
292 573
292 14
292 561
293 925
293 566
293 873
293 755
293 920
294 922
294 224
294 99
294 877
294 963
294 122
294 363
294 762
295 890
295 139
296 457
296 357
296 777
296 499
296 461
296 111
296 890
296 233
296 648
296 158
296 676
296 902
296 478
296 566
296 257
296 98
296 540
296 717
296 392
296 834
296 846
296 511
296 106
297 379
297 122
297 333
297 37
297 864
297 609
297 371
297 259
297 842
297 612
297 330
297 903
297 183
297 884
298 179
298 798
298 815
298 273
298 917
298 389
298 37
298 920
298 601
298 54
298 692
299 927
299 501
299 40
299 52
299 681
299 586
299 707
299 124
299 840
299 67
299 876
299 395
299 915
299 903
299 991
299 6
299 370
300 529
300 730
300 808
300 435
300 623
300 142
300 255
300 517
300 877
300 363
300 139
300 801
300 608
300 497
300 213
300 859
301 65
301 366
301 975
301 826
302 311
302 448
302 786
302 853
302 983
302 202
302 471
302 341
303 166
303 919
303 728
304 119
304 698
305 655
305 111
305 940
305 671
305 849
305 551
305 832
305 76
305 692
305 324
305 561
306 84
306 686
306 734
306 434
306 775
306 479
306 545
306 44
306 437
306 829
306 980
306 172
306 432
306 362
307 437
307 925
307 528
308 381
308 329
308 684
308 434
308 927
308 796
308 109
308 687
308 804
308 281
308 980
308 206
309 420
309 813
309 230
309 320
309 685
309 240
309 616
309 259
309 455
309 373
309 994
310 27
310 420
311 302
311 888
311 469
311 127
311 503
311 794
311 445
311 846
311 795
311 923
311 511
311 614
311 502
311 172
311 77
312 604
312 492
312 806
313 119
313 365
313 342
313 97
314 917
314 184
314 251
314 981
314 95
314 675
314 607
314 878
314 786
314 160
314 588
314 543
314 532
314 198
314 919
314 97
314 904
315 799
315 645
315 601
315 77
315 577
315 990
315 460
315 374
315 183
315 341
316 826
316 743
316 534
316 280
316 39
316 109
316 709
316 547
316 879
316 797
316 832
316 457
316 636
316 516
316 504
316 528
316 593
316 508
317 705
317 901
317 425
317 532
317 282
317 846
317 903
317 515
317 354
318 39
318 258
318 434
318 829
318 563
318 598
318 767
318 713
318 522
318 799
318 540
318 847
318 560
318 551
318 525
318 600
319 606
319 585
319 57
319 696
319 214
319 512
319 128
319 370
319 963
319 179
320 67
320 495
320 425
320 918
320 309
320 561
321 61
321 704
321 718
321 129
321 797
321 461
321 896
321 104
321 716
321 418
321 77
322 197
322 914
322 913
322 238
322 345
323 259
323 925
323 373
323 452
323 65
323 134
323 204
324 969
324 197
324 990
324 438
324 256
324 605
324 852
324 305
324 672
324 776
324 509
324 274
325 182
325 205
325 687
325 917
325 906
326 720
326 5
326 689
326 602
326 878
326 228
326 704
326 280
327 517
327 178
327 612
327 704
327 873
327 994
328 953
328 535
328 604
328 492
328 903
328 485
328 917
328 799
328 24
328 8
329 800
329 481
329 638
329 854
329 256
329 614
329 28
329 147
329 308
329 121
330 348
330 540
330 837
330 45
330 269
330 891
330 297
330 456
330 54
330 788
330 178
330 154
330 563
330 117
330 36
330 940
331 741
331 582
331 409
331 84
331 428
331 220
332 500
332 956
332 704
332 103
332 949
332 100
332 490
332 571
332 820
332 807
332 146
332 612
332 731
332 621
332 385
332 14
333 66
333 239
333 355
333 162
333 123
333 87
333 660
333 573
333 119
333 297
333 94
334 745
334 913
334 885
334 376
334 435
334 759
334 460
334 451
334 602
334 834
334 664
334 741
334 120
335 635
335 852
335 380
335 202
335 357
335 428
335 750
335 973
335 954
335 829
335 146
335 768
335 272
335 433
335 81
335 692
336 100
336 573
336 877
336 919
336 357
336 454
337 234
337 750
337 932
337 404
337 81
337 658
338 129
338 696
338 974
338 724
338 674
338 376
338 37
338 695
338 757
338 39
338 610
338 234
338 939
338 698
339 517
339 925
339 847
339 401
339 711
339 201
339 184
339 123
340 825
340 191
340 466
340 873
340 618
340 879
340 91
340 263
340 874
340 81
340 593
341 355
341 463
341 99
341 467
341 302
341 230
341 315
341 961
341 268
341 18
341 852
341 109
341 44
341 848
341 886
341 482
342 630
342 690
342 272
342 313
342 893
342 380
342 361
342 732
342 900
342 974
342 207
342 36
342 121
343 847
343 977
343 697
343 54
344 743
344 243
344 486
344 592
344 788
344 185
344 917
344 573
344 760
344 590
344 959
344 245
345 903
345 233
345 453
345 450
345 322
345 173
345 93
345 952
345 162
345 621
345 657
345 182
345 724
345 806
345 357
345 714
345 8
346 593
346 116
346 960
346 782
346 970
346 980
346 41
346 890
346 613
346 237
346 205
346 487
347 723
347 148
347 466
347 590
347 740
347 222
348 383
348 729
348 431
348 252
348 831
348 889
348 202
348 579
348 687
348 289
348 384
348 330
348 370
348 106
349 810
349 92
349 831
349 772
349 286
349 801
349 641
349 513
349 935
349 789
349 261
349 55
349 164
349 609
349 463
350 971
350 80
350 612
350 88
350 696
350 515
350 700
350 123
350 762
351 699
351 490
351 400
351 851
351 688
351 444
351 112
351 422
351 525
352 485
352 373
352 225
352 691
352 224
352 548
352 36
352 454
353 418
353 617
353 358
353 401
353 941
353 3
353 355
354 678
354 715
354 177
354 35
354 131
354 996
354 60
354 949
354 317
354 585
354 892
354 525
354 139
355 771
355 718
355 870
355 955
355 484
355 706
355 353
355 363
355 547
355 823
355 580
355 333
355 809
355 474
355 850
355 235
355 341
355 468
356 278
356 652
356 612
356 834
356 841
356 106
356 90
357 47
357 187
357 724
357 345
357 43
357 691
357 336
357 171
357 10
357 229
357 655
357 813
357 953
357 296
357 189
357 335
357 128
357 463
357 904
357 206
358 521
358 353
358 886
358 801
358 456
358 747
358 905
358 71
358 103
358 946
359 921
359 925
359 416
359 746
360 682
360 138
360 146
360 283
360 874
360 748
360 196
360 518
360 811
360 142
361 159
361 499
361 157
361 604
361 342
362 266
362 83
362 913
362 934
362 68
362 620
362 515
362 843
362 306
362 862
362 772
362 986
362 752
362 553
362 903
362 94
362 508
363 764
363 294
363 739
363 539
363 670
363 20
363 983
363 300
363 355
363 968
363 858
363 370
364 702
364 730
364 926
364 772
364 703
364 152
364 377
364 64
364 563
364 587
364 633
364 547
364 275
364 608
364 711
364 220
365 704
365 369
365 289
365 998
365 74
365 918
365 205
365 313
365 771
365 708
365 456
365 579
365 691
365 999
365 949
365 99
366 650
366 70
366 301
366 115
366 257
366 529
366 422
366 204
366 935
366 198
366 990
366 174
366 121
367 448
367 701
367 157
367 66
367 980
367 732
368 550
368 657
368 747
368 756
368 120
368 265
368 80
368 234
368 625
368 792
368 264
368 634
368 175
369 877
369 280
369 105
369 12
369 597
369 7
369 103
369 646
369 610
369 144
369 374
369 942
369 379
369 285
369 436
369 225
369 620
369 237
369 365
369 561
370 719
370 204
370 319
370 162
370 472
370 348
370 618
370 504
370 299
370 988
370 713
370 544
370 159
370 363
370 999
370 915
370 276
370 884
370 195
371 484
371 804
371 96
371 297
371 81
372 484
372 640
372 461
372 916
373 873
373 727
373 323
373 801
373 410
373 703
373 913
373 984
373 190
373 496
373 642
373 352
373 606
373 528
373 588
373 250
373 309
374 315
374 962
374 460
374 903
374 811
374 492
374 166
374 67
374 754
374 369
374 560
374 764
374 386
375 448
375 599
375 917
375 178
375 722
376 687
376 334
376 338
376 447
377 472
377 745
377 474
377 19
377 856
377 964
377 60
377 418
377 261
377 43
377 530
377 86
377 556
377 364
378 549
378 159
378 415
379 273
379 620
379 369
379 721
379 267
379 567
379 136
379 827
379 608
379 297
379 658
380 174
380 66
380 502
380 335
380 81
380 342
380 808
380 944
380 195
381 880
381 143
381 812
381 36
381 853
381 94
381 668
381 286
381 834
381 954
381 901
381 308
381 621
381 508
382 589
382 44
382 272
382 894
382 711
382 598
382 187
382 261
383 348
383 573
383 834
383 417
384 705
384 792
384 42
384 35
384 172
384 262
384 933
384 647
384 348
384 7
384 865
384 93
384 889
384 456
384 204
385 332
385 846
385 928
385 639
385 203
385 484
385 221
385 466
385 210
386 805
386 626
386 912
386 374
386 438
386 866
386 640
386 804
386 483
387 271
387 474
387 224
387 696
387 565
387 856
387 781
387 235
387 441
387 11
387 935
387 780
387 825
388 556
388 850
389 780
389 599
389 12
389 585
389 459
389 298
389 606
389 394
389 8
389 858
390 625
390 44
390 761
390 496
390 833
390 468
391 239
391 45
391 723
391 112
392 473
392 662
392 6
392 296
392 430
392 65
392 955
393 639
393 266
394 427
394 259
394 36
394 665
394 889
394 389
394 831
394 267
394 216
394 516
394 903
394 989
394 898
395 588
395 847
395 725
395 299
395 199
395 438
395 546
395 683
395 23
395 855
395 650
395 624
396 466
396 781
396 591
396 455
396 36
396 530
396 197
396 549
396 668
396 731
396 651
396 172
396 471
396 893
397 591
397 712
397 568
397 829
397 252
397 50
397 100
397 941
397 960
397 802
397 813
397 782
397 497
398 719
398 577
398 93
398 779
398 924
398 13
398 286
398 565
398 274
399 768
399 848
399 117
399 747
400 351
400 612
400 431
400 18
400 274
401 339
401 971
401 353
401 15
401 112
401 769
401 941
401 552
401 892
401 428
401 992
401 692
402 761
402 715
402 455
402 521
402 453
402 701
402 703
402 958
402 939
402 821
402 238
403 815
403 820
403 789
403 599
403 776
403 989
404 810
404 487
404 23
404 745
404 634
404 5
404 93
404 337
404 997
404 850
404 86
404 85
404 437
405 128
405 859
406 513
406 157
406 86
406 424
406 214
406 590
406 250
407 660
407 39
407 710
407 805
407 603
407 734
407 491
407 425
407 577
407 151
407 897
407 19
407 461
407 420
407 790
408 986
408 187
408 195
409 585
409 441
409 331
409 575
409 694
409 411
409 451
409 76
409 878
409 15
409 918
409 124
409 509
410 854
410 231
410 100
410 962
410 748
410 434
410 373
410 570
410 103
410 935
411 573
411 652
411 409
411 174
411 222
411 220
412 221
412 974
412 651
413 687
413 240
413 963
413 77
414 669
414 263
414 707
414 764
414 727
414 959
415 632
415 748
415 422
415 447
415 502
415 557
415 144
415 724
415 744
415 728
415 378
415 981
415 854
415 749
415 257
415 675
415 280
415 759
415 960
415 279
415 914
415 264
415 183
415 149
416 573
416 359
416 214
416 553
416 902
416 959
416 477
416 204
417 675
417 383
417 753
417 958
417 653
417 566
417 724
417 703
418 888
418 353
418 321
418 976
418 488
418 198
418 377
418 898
418 139
419 754
419 289
419 528
419 41
420 407
420 629
420 541
420 691
420 30
420 685
420 687
420 84
420 916
420 310
420 833
420 635
420 219
420 567
420 269
420 741
420 119
420 167
420 952
420 711
420 309
421 955
421 17
421 260
421 118
421 479
421 591
421 705
421 842
421 197
421 518
421 959
422 683
422 351
422 965
422 15
422 280
422 415
422 366
423 60
423 754
423 721
423 272
423 600
424 802
424 152
424 988
424 406
424 119
424 631
424 942
424 922
424 570
424 876
424 154
424 278
425 849
425 471
425 822
425 703
425 783
425 23
425 927
425 317
425 320
425 983
425 407
425 687
425 175
426 9
426 841
426 812
426 783
426 630
427 753
427 724
427 394
427 477
428 401
428 429
428 10
428 907
428 114
428 331
428 731
428 565
428 860
428 691
428 335
428 139
429 971
429 428
429 916
430 689
430 575
430 392
430 161
431 996
431 535
431 756
431 841
431 437
431 115
431 159
431 493
431 157
431 84
431 824
431 400
431 648
431 635
431 705
431 809
431 101
431 348
431 926
431 551
431 205
431 195
431 48
431 447
432 219
432 978
432 57
432 167
432 506
432 439
432 904
432 642
432 730
432 306
432 565
432 872
432 131
432 60
432 548
432 560
432 953
432 477
432 785
433 742
433 335
433 217
433 457
433 900
433 568
433 837
433 524
433 760
433 437
433 978
433 792
434 410
434 318
434 440
434 605
434 926
434 308
434 120
434 306
435 474
435 847
435 533
435 147
435 973
435 902
435 300
435 620
435 761
435 334
436 875
436 717
436 369
436 769
436 440
436 705
436 798
436 887
436 969
436 518
436 520
437 95
437 829
437 471
437 708
437 920
437 307
437 433
437 522
437 968
437 467
437 306
437 404
437 97
437 503
437 900
437 504
437 46
437 431
437 598
438 890
438 876
438 395
438 275
438 992
438 179
438 386
438 324
439 804
439 612
439 967
439 432
440 677
440 434
440 476
440 744
440 166
440 529
440 102
440 884
440 436
440 993
441 705
441 108
441 387
441 754
441 93
441 409
441 711
441 806
442 984
442 748
442 930
442 551
442 490
442 734
442 100
442 686
442 508
442 859
443 625
443 820
443 835
443 56
443 460
444 351
444 989
444 124
444 905
444 769
444 147
444 289
444 965
444 272
444 259
444 77
444 285
445 668
445 311
445 544
445 685
445 205
446 588
446 691
446 699
446 736
446 544
446 495
446 117
446 959
446 649
446 733
446 504
446 119
447 431
447 376
447 664
447 68
447 512
447 574
447 183
447 844
447 729
447 415
447 41
448 367
448 751
448 786
448 999
448 375
448 809
448 302
448 981
448 827
448 760
448 474
449 892
449 281
449 156
450 156
450 345
451 952
451 596
451 280
451 112
451 836
451 945
451 109
451 409
451 813
451 334
452 778
452 539
452 795
452 323
452 598
452 860
452 286
452 292
452 772
452 620
452 96
452 613
452 722
452 48
453 705
453 842
453 568
453 402
453 76
453 345
454 102
454 621
454 352
454 809
454 336
454 541
454 794
454 964
454 63
454 121
454 966
454 36
454 898
455 237
455 402
455 202
455 681
455 396
455 78
455 309
455 707
456 57
456 282
456 365
456 705
456 874
456 542
456 480
456 678
456 721
456 995
456 384
456 545
456 504
456 358
456 890
456 330
456 658
457 296
457 316
457 518
457 433
457 810
457 959
458 701
458 858
459 389
459 147
459 613
459 79
459 37
459 280
459 183
459 239
459 492
459 904
459 916
460 162
460 155
460 731
460 872
460 644
460 315
460 940
460 695
460 443
460 974
460 199
460 983
460 906
460 687
460 334
460 608
460 913
460 374
460 898
461 372
461 897
461 236
461 603
461 74
461 407
461 61
461 45
461 321
461 234
461 296
461 754
461 599
461 565
461 989
462 265
462 953
462 147
462 903
462 61
462 904
463 357
463 63
463 466
463 349
463 927
463 202
463 522
463 164
463 96
463 341
463 503
463 149
463 858
464 532
464 518
464 754
464 690
464 738
464 919
464 43
464 862
464 877
464 617
464 974
464 953
464 528
464 624
464 115
465 241
465 789
465 202
465 616
465 134
465 109
465 7
466 491
466 385
466 347
466 99
466 290
466 980
466 823
466 810
466 10
466 649
466 664
466 602
466 396
466 340
466 463
466 646
466 509
467 967
467 475
467 992
467 18
467 590
467 716
467 858
467 565
467 589
467 550
467 991
467 923
467 517
467 437
467 120
467 36
467 341
468 613
468 928
468 355
468 725
468 502
468 390
468 756
468 9
468 912
468 248
468 136
468 798
468 862
468 497
468 97
469 644
469 602
469 311
469 894
469 65
469 873
469 916
470 809
470 495
470 999
470 606
471 302
471 899
471 21
471 758
471 192
471 789
471 114
471 997
471 867
471 396
471 122
471 593
471 631
471 904
471 687
471 437
471 612
471 425
471 620
471 915
471 78
472 774
472 39
472 931
472 935
472 512
472 281
472 165
472 911
472 690
472 485
472 597
472 806
472 686
472 545
472 878
472 370
472 902
472 70
472 377
472 46
473 392
473 965
473 518
473 83
473 919
473 48
474 34
474 448
474 997
474 980
474 724
474 778
474 56
474 202
474 934
474 355
474 435
474 387
474 588
474 60
474 919
474 237
474 377
474 714
475 467
475 990
475 56
475 983
475 543
475 228
475 506
476 440
476 915
476 991
476 770
477 501
477 860
477 737
477 938
477 432
477 633
477 416
477 728
477 427
477 724
477 946
477 661
477 551
477 135
477 81
477 503
478 582
478 202
478 296
478 684
478 149
479 874
479 590
479 902
479 306
479 421
479 169
479 204
480 456
480 50
480 207
480 204
481 276
481 555
481 56
481 329
481 657
482 975
482 835
482 923
482 560
482 537
482 585
482 341
482 897
482 602
482 650
482 776
483 902
483 208
483 765
483 209
483 816
483 960
483 199
483 575
483 123
483 626
483 386
483 922
483 6
484 244
484 284
484 43
484 565
484 372
484 371
484 779
484 945
484 806
484 259
484 867
484 385
484 355
485 352
485 865
485 86
485 60
485 472
485 618
485 328
485 36
485 210
485 692
486 966
486 866
486 926
486 344
486 14
486 94
486 820
486 156
487 346
487 911
487 974
487 230
487 141
487 404
487 750
487 45
487 811
487 84
487 618
487 250
488 418
488 616
488 128
488 853
488 618
488 862
489 241
489 187
489 47
489 630
489 648
489 889
489 139
489 903
490 278
490 442
490 351
490 80
490 332
490 613
490 191
491 466
491 407
491 180
492 585
492 924
492 742
492 170
492 539
492 38
492 312
492 459
492 71
492 328
492 374
493 22
493 1000
493 604
493 548
493 431
493 61
494 754
494 599
495 510
495 922
495 132
495 470
495 24
495 72
495 320
495 56
495 939
495 276
495 181
495 446
495 122
496 20
496 176
496 248
496 187
496 963
496 889
496 151
496 390
496 867
496 373
496 147
496 926
496 72
496 624
497 397
497 300
497 24
497 35
497 214
497 468
497 178
497 804
497 963
497 67
497 980
497 606
498 545
498 548
498 863
498 697
499 265
499 361
499 232
499 513
499 520
499 576
499 252
499 912
499 841
499 15
499 296
499 894
499 1
500 332
500 189
500 45
500 585
500 131
501 172
501 235
501 180
501 477
501 877
501 299
502 51
502 280
502 862
502 511
502 184
502 311
502 380
502 725
502 202
502 504
502 292
502 563
502 415
502 876
502 41
502 468
503 539
503 768
503 555
503 778
503 133
503 202
503 632
503 120
503 255
503 463
503 290
503 820
503 193
503 65
503 853
503 525
503 509
503 526
503 664
503 477
503 311
503 437
504 151
504 446
504 81
504 316
504 456
504 502
504 246
504 170
504 437
504 653
504 902
504 370
504 220
505 918
505 234
505 570
505 887
505 920
506 826
506 475
506 182
506 45
506 432
506 210
507 41
507 606
507 46
507 681
507 821
507 72
508 624
508 442
508 885
508 381
508 798
508 256
508 316
508 96
508 636
508 362
508 180
509 891
509 466
509 409
509 247
509 883
509 324
509 838
509 601
509 199
509 867
509 918
509 873
509 503
510 495
511 981
511 189
511 296
511 586
511 519
511 311
511 820
511 502
511 568
511 706
512 114
512 765
512 564
512 264
512 549
512 855
512 472
512 720
512 640
512 570
512 952
512 996
512 164
512 702
512 946
512 207
512 319
512 447
513 824
513 85
513 199
513 406
513 915
513 883
513 6
513 935
513 555
513 499
513 651
513 913
513 349
513 688
514 216
514 99
514 198
515 537
515 317
515 562
515 767
515 672
515 237
515 350
515 721
515 590
515 694
515 46
515 362
516 845
516 316
516 23
516 651
516 547
516 659
516 978
516 394
516 902
516 710
516 606
516 166
517 339
517 537
517 152
517 327
517 693
517 864
517 191
517 66
517 548
517 618
517 895
517 467
517 300
517 650
518 457
518 877
518 889
518 898
518 940
518 421
518 473
518 360
518 987
518 436
518 7
518 19
518 464
518 201
519 672
519 147
519 182
519 103
519 50
519 511
519 702
519 779
519 775
520 981
520 801
520 499
520 221
520 436
520 174
521 705
521 589
521 402
521 358
521 837
521 169
522 463
522 725
522 15
522 69
522 998
522 687
522 437
522 318
523 834
523 543
523 655
523 859
524 687
524 732
524 650
524 433
524 661
525 748
525 825
525 734
525 318
525 354
525 102
525 716
525 636
525 767
525 351
525 608
525 503
525 106
525 115
526 772
526 503
526 916
526 149
527 838
527 42
527 235
528 197
528 316
528 142
528 114
528 464
528 307
528 989
528 419
528 639
528 44
528 373
529 300
529 147
529 798
529 440
529 810
529 366
529 175
529 779
530 150
530 250
530 286
530 588
530 138
530 833
530 649
530 396
530 793
530 377
531 827
531 112
531 657
532 561
532 183
532 948
532 317
532 851
532 802
532 314
532 720
532 820
532 83
532 711
532 464
533 146
533 900
533 786
533 435
533 36
534 316
534 917
534 579
534 652
534 698
534 43
534 592
535 871
535 124
535 614
535 915
535 431
535 328
535 785
536 966
536 276
536 942
536 589
536 750
537 517
537 915
537 515
537 482
538 5
538 234
538 807
538 856
538 279
538 70
538 622
538 238
538 606
539 866
539 492
539 978
539 614
539 452
539 164
539 906
539 871
539 66
539 697
539 363
539 503
539 210
539 206
540 781
540 80
540 296
540 330
540 318
541 830
541 31
541 596
541 599
541 581
541 164
541 891
541 894
541 92
541 454
541 420
542 456
542 44
542 21
543 475
543 314
543 902
543 783
543 254
543 687
543 54
543 993
543 523
543 79
543 148
543 570
543 71
543 556
543 946
543 808
543 166
543 997
544 218
544 19
544 612
544 611
544 445
544 269
544 873
544 834
544 446
544 837
544 692
544 561
544 370
545 472
545 456
545 120
545 176
545 498
545 173
545 970
545 720
545 583
545 951
545 713
545 23
545 306
545 598
545 593
546 30
546 820
546 395
546 925
546 999
547 648
547 669
547 135
547 516
547 316
547 786
547 892
547 926
547 590
547 184
547 355
547 364
548 493
548 575
548 959
548 997
548 282
548 627
548 287
548 170
548 432
548 498
548 352
548 867
548 517
548 789
548 760
548 909
548 90
548 48
549 378
549 681
549 396
549 512
549 561
550 668
550 467
550 272
550 740
550 368
550 948
551 675
551 700
551 947
551 888
551 647
551 477
551 687
551 267
551 318
551 815
551 731
551 890
551 875
551 592
551 431
551 442
551 768
551 902
551 904
551 593
551 305
552 20
552 401
552 99
552 22
552 916
552 8
553 627
553 963
553 604
553 280
553 569
553 416
553 155
553 90
553 362
553 871
553 610
553 640
553 197
553 2
553 877
554 625
554 892
554 942
554 681
554 702
554 809
555 255
555 481
555 36
555 663
555 921
555 786
555 191
555 266
555 234
555 221
555 789
555 513
555 237
555 503
555 220
556 201
556 731
556 567
556 27
556 388
556 543
556 189
556 377
556 633
556 721
556 689
556 602
556 889
556 939
556 810
556 48
557 590
557 70
557 415
557 968
557 630
558 95
558 770
559 649
559 96
559 740
559 230
559 916
559 115
560 7
560 161
560 318
560 432
560 374
560 66
560 718
560 730
560 189
560 153
560 482
561 292
561 549
561 369
561 206
561 544
561 320
561 656
561 815
561 305
561 44
561 532
561 8
562 668
562 917
562 515
562 194
562 245
563 668
563 582
563 502
563 625
563 330
563 318
563 364
564 512
564 651
565 281
565 604
565 870
565 203
565 461
565 277
565 398
565 257
565 484
565 199
565 387
565 847
565 467
565 432
565 428
565 18
566 296
566 652
566 417
566 977
566 293
567 633
567 785
567 576
567 649
567 579
567 104
567 890
567 152
567 205
567 764
567 67
567 379
567 713
567 42
567 556
567 616
567 728
567 420
568 590
568 453
568 32
568 118
568 918
568 677
568 741
568 619
568 511
568 749
568 792
568 693
568 44
568 433
568 397
569 720
569 553
569 948
569 8
570 424
570 512
570 505
570 543
570 410
570 696
570 854
570 12
570 224
570 233
570 826
570 887
570 949
570 129
571 216
571 834
571 920
571 853
571 76
571 332
571 201
571 592
571 157
571 940
571 220
572 871
572 701
572 978
572 9
572 914
573 344
573 598
573 333
573 292
573 336
573 211
573 214
573 246
573 208
573 411
573 729
573 383
573 717
573 189
573 202
573 44
573 416
573 852
573 122
574 135
574 878
574 24
574 833
574 94
574 447
575 110
575 951
575 694
575 139
575 430
575 89
575 910
575 483
575 202
575 147
575 409
575 548
576 499
576 275
576 567
576 793
577 815
577 917
577 407
577 315
577 197
577 45
577 747
577 398
577 106
577 714
578 589
578 601
578 724
578 250
578 782
579 365
579 534
579 897
579 348
579 224
579 65
579 143
579 970
579 283
579 661
579 678
579 942
579 567
579 940
580 754
580 355
580 916
581 541
581 224
581 853
581 959
582 710
582 773
582 812
582 633
582 117
582 478
582 598
582 647
582 331
582 923
582 847
582 563
582 131
583 955
583 545
583 7
583 650
583 198
583 70
583 793
584 148
584 85
584 96
584 88
585 11
585 590
585 500
585 937
585 354
585 615
585 1000
585 389
585 639
585 736
585 646
585 492
585 240
585 409
585 319
585 724
585 482
586 992
586 977
586 511
586 299
586 237
586 771
586 172
586 280
587 980
587 841
587 959
587 364
588 373
588 474
588 599
588 792
588 837
588 716
588 314
588 698
588 395
588 446
588 739
588 530
588 975
588 850
588 123
589 536
589 629
589 107
589 521
589 578
589 382
589 731
589 168
589 761
589 467
589 741
589 906
589 893
589 892
590 900
590 765
590 801
590 547
590 344
590 27
590 125
590 842
590 557
590 809
590 406
590 955
590 30
590 347
590 625
590 990
590 568
590 479
590 467
590 856
590 585
590 292
590 515
590 600
591 847
591 853
591 686
591 963
591 397
591 396
591 421
592 956
592 799
592 62
592 534
592 630
592 83
592 571
592 827
592 804
592 902
592 344
592 551
592 948
593 947
593 340
593 551
593 642
593 703
593 881
593 316
593 545
593 915
593 919
593 975
593 471
593 346
594 277
594 636
594 713
594 292
594 723
594 841
594 752
595 13
595 809
596 451
596 199
596 760
596 541
596 24
596 652
596 863
596 724
596 76
596 790
596 859
597 277
597 966
597 472
597 369
597 696
597 184
598 735
598 61
598 822
598 965
598 382
598 703
598 877
598 911
598 437
598 545
598 582
598 573
598 318
598 978
598 452
598 829
598 660
599 375
599 739
599 942
599 160
599 389
599 64
599 35
599 461
599 494
599 403
599 541
599 588
599 837
600 423
600 973
600 218
600 590
600 957
600 318
600 613
600 717
600 935
600 61
600 153
600 210
601 243
601 781
601 736
601 298
601 948
601 77
601 275
601 578
601 624
601 816
601 70
601 253
601 958
601 720
601 315
601 761
601 809
601 509
602 469
602 636
602 879
602 728
602 902
602 222
602 334
602 721
602 556
602 641
602 326
602 482
602 466
602 951
602 687
602 272
602 109
602 18
602 779
602 858
603 407
603 810
603 461
603 909
603 273
603 109
603 41
604 715
604 312
604 55
604 690
604 792
604 911
604 929
604 165
604 361
604 996
604 288
604 175
604 493
604 164
604 860
604 286
604 197
604 553
604 565
604 946
604 829
604 117
604 328
604 907
605 116
605 193
605 737
605 434
605 30
605 56
605 810
605 159
605 59
605 117
605 903
605 94
605 944
605 991
605 324
606 538
606 470
606 64
606 154
606 516
606 687
606 863
606 389
606 281
606 57
606 497
606 319
606 894
606 373
606 728
606 507
607 314
607 873
608 460
608 300
608 379
608 364
608 895
608 525
608 12
609 109
609 906
609 702
609 980
609 297
609 700
609 121
609 349
610 154
610 338
610 971
610 811
610 9
610 369
610 553
611 964
611 34
611 685
611 693
611 843
611 544
611 925
611 894
611 922
611 61
611 660
612 28
612 332
612 150
612 356
612 439
612 350
612 471
612 776
612 284
612 814
612 400
612 946
612 327
612 934
612 297
612 7
612 913
612 30
612 544
612 42
612 986
613 134
613 452
613 346
613 677
613 231
613 230
613 197
613 490
613 945
613 459
613 210
613 468
613 600
614 913
614 20
614 535
614 539
614 311
614 74
614 720
614 227
614 948
614 808
614 900
614 84
614 329
614 812
614 706
614 841
614 782
614 899
615 705
615 56
615 810
615 585
615 811
615 7
616 488
616 693
616 826
616 836
616 819
616 465
616 734
616 64
616 170
616 567
616 189
616 893
616 238
616 309
616 90
616 204
617 353
617 289
617 145
617 694
617 716
617 268
617 686
617 464
617 80
617 101
617 3
617 886
617 70
617 714
617 897
617 650
617 198
617 120
617 783
617 893
618 75
618 485
618 487
618 31
618 488
618 197
618 517
618 292
618 282
618 922
618 340
618 370
619 36
619 275
619 741
619 855
619 958
619 795
619 631
619 688
619 251
619 639
619 878
619 652
619 86
619 568
619 660
619 722
620 245
620 884
620 471
620 452
620 435
620 289
620 98
620 871
620 653
620 369
620 241
620 379
620 974
620 228
620 685
620 362
620 220
621 332
621 651
621 45
621 245
621 381
621 140
621 640
621 672
621 760
621 94
621 454
621 624
621 345
621 18
622 826
622 102
622 538
622 723
622 862
622 808
623 890
623 300
623 901
623 707
623 919
623 703
624 464
624 62
624 785
624 155
624 109
624 281
624 496
624 621
624 54
624 395
624 741
624 601
624 508
625 554
625 443
625 240
625 390
625 252
625 368
625 563
625 590
626 483
626 134
626 187
626 280
626 886
626 386
627 895
627 715
627 279
627 553
627 548
627 877
628 1000
628 216
628 71
628 942
628 179
628 948
628 959
629 589
629 903
629 809
629 420
630 426
630 224
630 691
630 905
630 557
630 754
630 271
630 813
630 929
630 794
630 226
630 847
630 776
630 175
630 342
630 592
630 205
630 489
631 639
631 424
631 619
631 226
631 212
631 471
631 166
631 732
632 415
632 696
632 503
632 989
633 582
633 838
633 556
633 974
633 567
633 696
633 477
633 364
634 368
634 743
634 92
634 733
634 404
634 76
634 245
635 641
635 804
635 431
635 335
635 420
636 62
636 594
636 602
636 996
636 316
636 793
636 941
636 508
636 940
636 525
637 30
637 811
637 833
637 135
638 872
638 216
638 813
638 329
639 711
639 631
639 619
639 528
639 393
639 797
639 969
639 263
639 733
639 585
639 852
639 385
639 14
639 886
640 621
640 800
640 861
640 150
640 553
640 677
640 512
640 207
640 386
640 372
640 87
640 216
640 771
640 10
640 123
640 655
641 635
641 246
641 786
641 140
641 657
641 602
641 349
642 776
642 373
642 953
642 155
642 432
642 210
642 593
642 858
643 141
643 146
643 897
643 909
643 90
644 740
644 469
644 751
644 972
644 949
644 983
644 657
644 460
645 173
645 990
645 315
645 739
645 179
646 748
646 857
646 877
646 466
646 947
646 92
646 971
646 900
646 656
646 585
646 214
646 369
646 953
646 651
646 261
647 582
647 56
647 672
647 384
647 963
647 871
647 551
647 722
648 89
648 277
648 691
648 159
648 547
648 865
648 296
648 752
648 431
648 684
648 212
648 727
648 489
649 530
649 882
649 466
649 559
649 246
649 275
649 95
649 825
649 692
649 567
649 187
649 14
649 446
649 688
649 899
650 517
650 583
650 617
650 482
650 395
650 524
650 906
650 902
650 366
650 660
650 280
651 646
651 764
651 671
651 727
651 740
651 210
651 412
651 564
651 244
651 513
651 396
651 167
651 852
651 516
651 621
651 95
652 619
652 37
652 219
652 566
652 184
652 356
652 14
652 767
652 534
652 411
652 596
652 740
652 793
652 94
653 947
653 279
653 871
653 701
653 197
653 146
653 417
653 620
653 264
653 504
654 835
654 197
654 867
654 199
654 43
654 957
654 886
654 790
654 858
655 694
655 65
655 914
655 74
655 523
655 85
655 885
655 91
655 640
655 288
655 862
655 357
655 305
656 56
656 155
656 205
656 561
656 646
656 220
657 707
657 1000
657 644
657 531
657 82
657 481
657 678
657 641
657 85
657 60
657 752
657 918
657 368
657 345
658 379
658 337
658 823
658 4
658 38
658 456
658 187
658 36
658 195
659 516
659 80
659 842
659 112
660 611
660 228
660 881
660 619
660 47
660 229
660 880
660 650
660 188
660 144
660 598
660 909
660 23
660 407
660 789
660 750
660 333
660 848
660 981
660 886
661 732
661 477
661 60
661 908
661 241
661 761
661 831
661 524
661 890
661 579
661 224
661 181
661 703
662 289
662 847
662 392
662 154
662 894
663 555
663 101
663 207
663 149
664 929
664 985
664 893
664 466
664 15
664 701
664 334
664 247
664 740
664 503
664 447
664 220
665 394
666 83
666 280
666 885
666 808
666 284
666 691
666 983
666 698
667 887
667 946
667 776
667 948
668 396
668 75
668 445
668 562
668 33
668 550
668 165
668 954
668 563
668 381
669 246
669 867
669 547
669 148
669 15
669 887
669 281
669 414
669 762
670 763
670 803
670 363
671 873
671 651
671 997
671 305
672 647
672 69
672 786
672 780
672 159
672 621
672 846
672 900
672 9
672 729
672 519
672 82
672 881
672 324
672 175
672 515
672 907
672 762
673 128
673 917
674 5
674 281
674 853
674 902
674 338
674 161
674 115
675 417
675 314
675 226
675 83
675 415
675 551
675 993
676 286
676 296
676 2
676 780
676 207
677 568
677 640
677 925
677 841
677 225
677 440
677 613
677 994
678 354
678 216
678 579
678 456
678 264
678 657
679 999
679 279
679 903
680 240
680 902
680 264
680 975
680 904
680 139
681 765
681 28
681 149
681 554
681 850
681 507
681 44
681 549
681 86
681 114
681 215
681 455
681 67
681 299
681 65
682 360
682 813
682 230
683 422
683 395
683 122
683 825
683 688
684 877
684 478
684 648
684 178
684 766
684 20
684 239
684 704
684 308
684 903
684 837
684 1
685 197
685 620
685 445
685 18
685 146
685 974
685 611
685 103
685 420
685 309
685 688
686 894
686 95
686 442
686 37
686 591
686 826
686 990
686 166
686 806
686 878
686 617
686 144
686 472
686 306
687 44
687 974
687 885
687 413
687 522
687 308
687 821
687 425
687 690
687 524
687 460
687 704
687 348
687 143
687 376
687 602
687 849
687 152
687 813
687 272
687 543
687 939
687 915
687 325
687 551
687 184
687 471
687 948
687 606
687 420
688 888
688 905
688 758
688 685
688 876
688 683
688 717
688 513
688 649
688 45
688 619
688 351
689 188
689 973
689 326
689 430
689 974
689 192
689 932
689 254
689 850
689 556
689 45
689 887
689 892
689 21
689 222
690 117
690 604
690 687
690 282
690 472
690 464
690 212
690 342
690 775
691 32
691 896
691 49
691 869
691 648
691 101
691 116
691 365
691 352
691 428
691 666
691 199
691 865
691 446
691 357
691 420
691 630
692 196
692 899
692 812
692 305
692 736
692 335
692 298
692 544
692 33
692 785
692 748
692 401
692 485
692 768
692 932
692 696
692 649
693 517
693 616
693 611
693 182
693 568
694 864
694 801
694 918
694 617
694 409
694 978
694 239
694 575
694 515
694 655
695 89
695 786
695 460
695 747
695 782
695 338
696 94
696 692
696 597
696 719
696 723
696 632
696 633
696 350
696 88
696 252
696 736
696 387
696 570
696 319
696 711
696 806
696 338
696 238
697 498
697 882
697 863
697 343
697 539
697 129
697 123
697 915
697 892
697 155
697 991
697 8
698 338
698 159
698 304
698 666
698 24
698 717
698 534
698 941
698 949
698 588
698 762
699 966
699 871
699 351
699 446
699 913
700 717
700 609
700 350
700 702
700 127
700 551
701 86
701 367
701 726
701 161
701 572
701 653
701 941
701 241
701 251
701 104
701 458
701 966
701 702
701 56
701 402
701 664
701 189
702 726
702 554
702 512
702 609
702 970
702 519
702 834
702 784
702 241
702 841
702 701
702 276
702 700
702 859
702 364
703 190
703 207
703 50
703 623
703 737
703 417
703 968
703 661
703 979
703 776
703 152
703 286
703 373
703 425
703 598
703 402
703 593
703 364
704 76
704 757
704 801
704 919
704 327
704 326
704 684
704 332
704 321
704 687
704 216
704 365
705 723
705 140
705 615
705 441
705 521
705 317
705 453
705 12
705 431
705 421
705 238
705 108
705 456
705 713
705 436
705 847
705 384
706 816
706 892
706 614
706 511
706 281
706 36
706 822
706 225
706 355
707 20
707 719
707 738
707 623
707 286
707 455
707 932
707 299
707 226
707 766
707 657
707 834
707 893
707 414
707 825
708 135
708 437
708 750
708 365
709 316
709 80
709 853
709 141
709 946
710 516
710 582
710 214
710 407
710 206
711 696
711 994
711 755
711 339
711 382
711 47
711 855
711 972
711 532
711 420
711 364
711 222
711 441
711 137
711 224
711 639
711 266
711 904
712 397
713 705
713 594
713 567
713 182
713 122
713 196
713 974
713 59
713 97
713 318
713 545
713 893
713 884
713 904
713 370
714 77
714 345
714 474
714 50
714 577
714 952
714 750
714 949
714 772
714 3
714 617
715 918
715 28
715 219
715 223
715 604
715 1000
715 402
715 627
715 354
715 224
715 7
715 893
715 41
716 617
716 588
716 467
716 321
716 525
717 250
717 17
717 296
717 283
717 188
717 600
717 573
717 436
717 289
717 698
717 122
717 700
717 770
717 688
718 321
718 146
718 7
718 198
718 560
718 783
718 81
718 355
719 370
719 707
719 128
719 696
719 238
719 398
720 569
720 512
720 532
720 155
720 182
720 738
720 326
720 601
720 992
720 922
720 961
720 545
720 614
720 772
720 274
721 25
721 423
721 731
721 874
721 602
721 815
721 379
721 556
721 456
721 892
721 821
721 515
722 141
722 121
722 759
722 375
722 647
722 619
722 452
722 968
722 782
722 997
723 347
723 221
723 622
723 594
723 391
723 259
723 705
723 963
723 131
723 696
724 578
724 749
724 417
724 427
724 345
724 159
724 477
724 596
724 585
724 957
724 67
724 202
724 474
724 415
724 357
724 338
724 40
725 841
725 395
725 202
725 522
725 502
725 468
725 115
725 40
726 971
726 701
726 42
726 810
726 129
726 702
726 808
727 648
727 178
727 65
727 414
727 912
727 373
727 965
727 86
727 651
728 792
728 606
728 303
728 921
728 737
728 567
728 103
728 748
728 602
728 806
728 415
728 477
729 348
729 876
729 573
729 672
729 43
729 41
729 228
729 447
730 300
730 560
730 432
730 364
731 892
731 63
731 819
731 332
731 12
731 774
731 51
731 816
731 396
731 927
731 271
731 460
731 589
731 42
731 878
731 556
731 142
731 120
731 721
731 815
731 551
731 172
731 94
731 428
731 161
732 118
732 978
732 771
732 113
732 904
732 950
732 524
732 342
732 128
732 800
732 367
732 631
732 661
733 812
733 634
733 639
733 910
733 249
733 85
733 289
733 446
733 228
733 762
734 442
734 942
734 971
734 15
734 922
734 407
734 616
734 189
734 182
734 88
734 812
734 77
734 306
734 525
735 986
735 598
736 239
736 178
736 798
736 585
736 446
736 601
736 222
736 696
736 37
736 692
737 988
737 605
737 7
737 477
737 703
737 764
737 728
737 983
738 954
738 720
738 289
738 707
738 464
739 645
739 588
739 134
739 752
739 599
739 901
739 363
739 825
739 274
739 40
740 95
740 153
740 652
740 550
740 794
740 281
740 664
740 347
740 559
740 199
740 973
740 644
740 124
740 278
740 651
740 250
741 624
741 284
741 331
741 923
741 154
741 241
741 841
741 891
741 589
741 795
741 334
741 568
741 949
741 619
741 796
741 80
741 420
742 433
742 1000
742 492
742 856
742 876
743 316
743 634
743 344
744 984
744 4
744 243
744 954
744 121
744 64
744 871
744 890
744 287
744 440
744 415
744 801
744 940
745 80
745 15
745 281
745 813
745 334
745 404
745 250
745 377
746 359
746 7
746 33
746 36
746 80
746 922
746 957
747 291
747 399
747 577
747 695
747 934
747 951
747 1000
747 224
747 839
747 358
747 101
747 368
747 285
748 442
748 410
748 360
748 154
748 829
748 415
748 728
748 646
748 692
748 525
748 220
749 906
749 88
749 918
749 128
749 835
749 568
749 877
749 724
749 415
749 783
749 40
750 157
750 337
750 74
750 536
750 714
750 487
750 660
750 164
750 708
750 240
750 292
750 15
750 335
751 644
751 448
751 146
751 20
751 878
751 986
752 657
752 362
752 253
752 23
752 648
752 594
752 989
752 739
752 780
752 66
752 128
753 427
753 37
753 998
753 953
753 225
753 417
753 790
753 858
754 95
754 441
754 423
754 580
754 461
754 494
754 21
754 211
754 419
754 374
754 841
754 164
754 974
754 464
754 941
754 630
755 278
755 159
755 293
755 711
756 971
756 821
756 431
756 368
756 468
756 779
756 8
756 90
757 810
757 178
757 704
757 338
757 245
758 80
758 946
758 471
758 688
759 766
759 334
759 415
759 722
760 621
760 344
760 258
760 448
760 433
760 596
760 548
760 158
760 822
760 290
760 812
760 856
760 281
761 182
761 856
761 131
761 912
761 43
761 390
761 844
761 435
761 981
761 601
761 104
761 920
761 402
761 887
761 977
761 661
761 589
762 350
762 288
762 672
762 669
762 698
762 733
762 294
762 775
762 238
762 2
763 249
763 670
763 179
763 928
763 850
763 847
763 935
763 792
764 414
764 222
764 933
764 374
764 737
764 877
764 849
764 922
764 73
764 85
764 567
764 651
764 363
765 512
765 483
765 827
765 681
765 590
765 194
766 684
766 759
766 777
766 796
766 707
766 772
766 201
766 161
767 223
767 815
767 318
767 925
767 652
767 515
767 525
768 962
768 51
768 692
768 551
768 335
768 399
768 245
768 161
768 287
768 503
768 285
769 286
769 436
769 401
769 444
769 77
770 717
770 64
770 86
770 117
770 8
770 558
770 476
770 838
770 897
771 140
771 79
771 21
771 875
771 586
771 957
771 732
771 906
771 876
771 914
771 640
771 365
771 207
771 355
772 714
772 130
772 227
772 276
772 930
772 452
772 526
772 766
772 961
772 362
772 720
772 71
772 954
772 101
772 975
772 349
772 1
772 859
772 364
773 282
773 582
773 798
773 917
773 827
773 181
774 472
774 731
774 119
774 993
774 280
774 115
775 885
775 180
775 255
775 279
775 690
775 519
775 81
775 235
775 306
775 762
776 5
776 403
776 630
776 324
776 482
776 899
776 843
776 233
776 667
776 801
776 15
776 612
776 642
776 83
776 703
776 1
776 228
777 113
777 296
777 766
777 155
778 889
778 474
778 452
778 94
778 503
779 911
779 39
779 191
779 529
779 946
779 197
779 841
779 756
779 602
779 519
779 847
779 848
779 484
779 201
779 398
780 389
780 122
780 782
780 752
780 36
780 676
780 966
780 387
780 822
780 826
780 672
780 963
781 540
781 873
781 192
781 277
781 945
781 387
781 974
781 801
781 181
781 601
781 396
781 893
782 614
782 722
782 695
782 56
782 53
782 397
782 578
782 780
782 346
783 617
783 820
783 749
783 718
783 876
783 426
783 234
783 425
783 543
783 796
783 948
784 872
784 804
784 812
784 702
784 790
785 432
785 1000
785 56
785 62
785 535
785 567
785 624
785 692
786 862
786 302
786 547
786 695
786 997
786 533
786 68
786 41
786 277
786 278
786 448
786 641
786 555
786 672
786 281
786 314
786 142
787 282
787 228
788 798
788 292
788 330
788 155
788 344
788 210
788 228
789 660
789 555
789 71
789 403
789 237
789 548
789 167
789 465
789 801
789 958
789 866
789 471
789 349
789 790
790 228
790 836
790 596
790 995
790 904
790 789
790 784
790 407
790 275
790 940
790 186
790 654
790 753
790 890
790 118
790 76
791 33
791 166
791 115
792 75
792 102
792 433
792 763
792 239
792 368
792 604
792 842
792 384
792 588
792 568
792 728
792 907
793 652
793 530
793 79
793 576
793 41
793 190
793 636
793 583
793 204
794 311
794 740
794 454
794 630
795 311
795 20
795 741
795 452
795 619
796 783
796 254
796 741
796 241
796 947
796 766
796 101
796 308
797 920
797 321
797 639
797 316
797 101
798 773
798 240
798 788
798 468
798 736
798 529
798 436
798 894
798 298
798 508
799 239
799 315
799 93
799 318
799 328
799 592
800 640
800 732
800 900
800 329
801 520
801 776
801 125
801 300
801 945
801 781
801 59
801 744
801 694
801 890
801 917
801 789
801 925
801 373
801 878
801 358
801 704
801 590
801 808
801 183
801 941
801 25
801 349
802 835
802 424
802 532
802 397
802 106
803 20
803 995
803 670
803 76
803 33
803 874
803 25
803 37
803 272
803 983
803 129
803 40
804 497
804 439
804 991
804 386
804 592
804 308
804 635
804 988
804 371
804 223
804 784
804 184
804 281
804 983
804 66
804 212
804 238
805 407
805 113
805 276
805 153
805 386
805 166
805 261
805 899
806 12
806 119
806 908
806 110
806 484
806 728
806 686
806 312
806 345
806 696
806 441
806 472
806 76
806 808
806 948
807 107
807 538
807 855
807 910
807 332
807 221
807 829
807 126
807 24
807 291
807 287
807 12
807 893
807 884
808 614
808 823
808 801
808 543
808 622
808 911
808 806
808 380
808 880
808 981
808 726
808 822
808 945
808 300
808 666
809 470
809 431
809 595
809 861
809 355
809 47
809 869
809 10
809 554
809 601
809 629
809 876
809 37
809 287
809 448
809 590
809 22
809 454
810 757
810 605
810 529
810 205
810 615
810 57
810 726
810 603
810 457
810 556
810 404
810 466
810 846
810 948
810 349
811 487
811 610
811 272
811 281
811 910
811 271
811 993
811 831
811 360
811 615
811 637
811 888
811 925
811 374
811 178
812 784
812 614
812 426
812 241
812 734
812 115
812 582
812 733
812 760
812 381
812 161
812 692
813 911
813 745
813 76
813 39
813 954
813 397
813 451
813 895
813 638
813 876
813 682
813 827
813 687
813 357
813 916
813 309
813 630
814 612
814 80
815 271
815 87
815 577
815 117
815 68
815 138
815 767
815 980
815 403
815 721
815 873
815 731
815 298
815 551
815 561
815 40
816 483
816 731
816 601
816 706
816 122
817 56
817 144
817 191
817 993
818 920
818 922
818 191
818 859
819 199
819 890
819 616
819 731
819 112
820 511
820 177
820 532
820 278
820 141
820 403
820 443
820 332
820 546
820 147
820 486
820 197
820 259
820 783
820 503
821 507
821 756
821 910
821 883
821 402
821 721
821 687
822 228
822 760
822 289
822 425
822 598
822 780
822 706
822 834
822 808
823 808
823 466
823 272
823 355
823 658
824 513
824 871
824 221
824 431
825 739
825 199
825 683
825 707
825 110
825 45
825 958
825 387
825 120
825 88
825 926
825 649
825 340
825 525
826 905
826 129
826 225
826 979
826 301
826 52
826 316
826 109
826 945
826 616
826 686
826 963
826 570
826 622
826 780
826 506
827 813
827 379
827 152
827 765
827 448
827 531
827 592
827 927
827 773
827 992
827 199
827 250
828 890
828 134
828 14
828 850
829 748
829 306
829 266
829 604
829 598
829 230
829 125
829 437
829 318
829 807
829 397
829 335
830 541
830 182
830 261
830 204
831 811
831 348
831 867
831 661
831 394
831 349
832 197
832 316
832 897
832 994
832 959
832 305
833 574
833 843
833 390
833 179
833 637
833 81
833 88
833 420
833 530
834 56
834 234
834 381
834 383
834 544
834 334
834 159
834 571
834 173
834 523
834 945
834 296
834 356
834 707
834 971
834 822
834 895
834 881
834 925
834 101
834 702
834 65
834 9
834 72
834 940
835 17
835 163
835 802
835 217
835 749
835 977
835 221
835 57
835 875
835 654
835 196
835 443
835 917
835 37
835 482
836 917
836 616
836 451
836 239
836 272
836 214
836 991
836 790
837 259
837 544
837 49
837 992
837 219
837 160
837 907
837 684
837 599
837 188
837 521
837 588
837 433
837 330
837 199
838 37
838 527
838 935
838 633
838 770
838 167
838 917
838 509
838 194
839 88
839 855
839 747
839 250
840 917
840 299
840 121
841 725
841 499
841 224
841 908
841 426
841 964
841 702
841 677
841 587
841 594
841 986
841 356
841 614
841 754
841 741
841 226
841 431
841 779
842 134
842 120
842 453
842 297
842 792
842 906
842 659
842 421
842 286
842 590
843 871
843 833
843 946
843 776
843 906
843 362
843 611
844 945
844 761
844 447
844 40
845 516
845 7
845 873
845 948
845 115
845 169
846 810
846 296
846 71
846 856
846 317
846 222
846 311
846 672
846 385
847 705
847 582
847 565
847 950
847 71
847 11
847 630
847 339
847 763
847 318
847 591
847 662
847 231
847 343
847 236
847 50
847 271
847 779
847 216
847 395
847 435
847 45
847 250
847 968
848 779
848 660
848 399
848 102
848 341
848 174
848 34
848 915
849 687
849 71
849 425
849 764
849 78
849 305
850 947
850 388
850 355
850 893
850 883
850 207
850 228
850 588
850 828
850 689
850 279
850 892
850 763
850 681
850 109
850 404
851 857
851 208
851 351
851 221
851 532
852 651
852 38
852 260
852 881
852 341
852 112
852 950
852 573
852 81
852 639
852 95
852 900
852 335
852 324
853 581
853 868
853 302
853 926
853 921
853 488
853 939
853 709
853 591
853 674
853 571
853 128
853 892
853 381
853 503
853 237
854 270
854 155
854 928
854 102
854 410
854 570
854 71
854 189
854 329
854 415
854 175
854 195
854 1
855 966
855 41
855 91
855 839
855 178
855 395
855 807
855 953
855 619
855 711
855 512
855 8
856 138
856 590
856 974
856 760
856 538
856 742
856 387
856 266
856 761
856 846
856 235
856 377
857 851
857 144
857 646
858 363
858 118
858 34
858 602
858 463
858 458
858 389
858 642
858 753
858 654
858 225
858 467
858 88
858 259
858 54
859 80
859 442
859 146
859 300
859 818
859 64
859 947
859 772
859 523
859 702
859 405
859 155
859 596
859 12
860 477
860 604
860 949
860 452
860 428
861 283
861 889
861 640
861 809
861 239
862 622
862 488
862 220
862 927
862 114
862 922
862 468
862 131
862 965
862 14
862 655
862 109
862 214
862 786
862 502
862 464
862 362
862 113
863 498
863 596
863 116
863 697
863 993
863 606
864 517
864 694
864 189
864 894
864 297
864 941
865 648
865 384
865 180
865 874
865 192
865 691
865 485
865 217
865 189
865 198
865 175
865 77
866 995
866 486
866 158
866 539
866 928
866 789
866 888
866 386
867 548
867 669
867 509
867 654
867 484
867 831
867 139
867 232
867 240
867 21
867 871
867 496
867 471
868 853
868 120
868 991
869 691
869 20
869 809
870 287
870 174
870 565
870 19
870 355
871 572
871 159
871 653
871 824
871 535
871 699
871 843
871 867
871 647
871 539
871 620
871 553
871 980
871 744
872 432
872 638
872 142
872 784
872 164
872 19
872 460
873 69
873 3
873 327
873 166
873 181
873 263
873 607
873 845
873 469
873 671
873 509
873 990
873 781
873 373
873 221
873 293
873 544
873 95
873 815
873 340
873 893
874 721
874 340
874 92
874 865
874 456
874 479
874 360
874 902
874 803
874 274
874 169
875 835
875 436
875 771
875 551
875 238
876 268
876 438
876 729
876 809
876 299
876 259
876 5
876 917
876 424
876 12
876 771
876 742
876 280
876 502
876 813
876 783
876 205
876 688
877 749
877 178
877 917
877 501
877 627
877 553
877 336
877 891
877 294
877 369
877 259
877 15
877 202
877 300
877 518
877 129
877 598
877 464
877 684
877 764
877 646
878 79
878 164
878 731
878 574
878 801
878 914
878 928
878 979
878 619
878 74
878 686
878 950
878 472
878 751
878 326
878 409
878 314
879 602
879 44
879 316
879 920
879 340
880 381
880 890
880 903
880 660
880 808
881 13
881 852
881 672
881 99
881 59
881 156
881 660
881 593
881 195
881 834
881 204
882 649
882 697
883 942
883 513
883 821
883 850
883 509
884 959
884 807
884 977
884 236
884 713
884 76
884 297
884 370
884 211
884 440
884 620
884 276
884 235
885 687
885 174
885 983
885 996
885 666
885 334
885 508
885 775
885 655
885 40
886 341
886 626
886 654
886 639
886 660
886 144
886 905
886 358
886 281
886 617
887 505
887 761
887 273
887 121
887 667
887 224
887 570
887 669
887 978
887 192
887 689
887 920
887 436
887 926
887 61
887 156
887 204
888 15
888 866
888 272
888 418
888 311
888 811
888 84
888 551
888 688
889 778
889 348
889 556
889 23
889 861
889 231
889 163
889 384
889 237
889 189
889 518
889 496
889 394
889 123
889 489
890 801
890 182
890 50
890 74
890 880
890 438
890 295
890 819
890 979
890 828
890 623
890 661
890 456
890 346
890 296
890 744
890 567
890 551
890 238
890 790
891 541
891 741
891 112
891 877
891 330
891 993
891 280
891 509
892 401
892 554
892 259
892 850
892 140
892 721
892 449
892 853
892 689
892 354
892 547
892 697
892 589
892 731
892 182
892 706
892 238
893 715
893 396
893 616
893 589
893 781
893 707
893 713
893 873
893 807
893 617
893 196
893 8
893 169
893 82
893 664
893 850
893 342
894 102
894 76
894 469
894 606
894 981
894 64
894 864
894 662
894 611
894 101
894 382
894 798
894 499
894 541
894 686
895 517
895 627
895 813
895 608
895 834
896 22
896 691
896 321
896 80
896 197
896 95
897 770
897 482
897 832
897 407
897 250
897 617
897 178
897 643
897 960
897 579
897 461
897 968
898 460
898 51
898 394
898 29
898 418
898 454
898 518
898 45
898 65
898 994
899 905
899 168
899 257
899 805
899 649
899 614
899 902
899 776
899 471
899 156
899 692
900 437
900 800
900 614
900 342
900 961
900 533
900 852
900 672
900 181
900 433
900 590
900 117
900 121
900 646
900 228
901 381
901 931
901 284
901 264
901 623
901 317
901 739
901 259
901 250
901 916
902 650
902 551
902 84
902 592
902 874
902 680
902 504
902 516
902 472
902 986
902 899
902 41
902 674
902 416
902 602
902 234
902 483
902 479
902 296
902 543
902 435
902 944
902 139
903 679
903 70
903 394
903 880
903 297
903 222
903 462
903 317
903 489
903 629
903 299
903 234
903 226
903 982
903 605
903 216
903 362
903 684
903 328
903 374
903 948
903 345
903 206
904 713
904 462
904 357
904 680
904 85
904 283
904 314
904 459
904 711
904 551
904 40
904 732
904 471
904 432
904 214
904 8
904 790
905 899
905 358
905 7
905 444
905 886
905 826
905 630
905 688
906 63
906 749
906 460
906 539
906 609
906 650
906 325
906 973
906 589
906 771
906 843
906 842
906 945
907 233
907 280
907 960
907 604
907 672
907 792
907 428
907 142
907 112
907 174
907 837
908 234
908 806
908 841
908 174
908 52
908 661
909 173
909 643
909 925
909 548
909 16
909 603
909 221
909 180
909 660
910 807
910 733
910 45
910 811
910 821
910 70
910 575
911 472
911 604
911 1000
911 197
911 974
911 813
911 15
911 598
911 808
911 487
911 779
912 13
912 239
912 199
912 499
912 80
912 761
912 727
912 386
912 468
912 201
913 953
913 67
913 513
913 322
913 217
913 699
913 231
913 460
913 97
913 99
913 941
913 373
913 612
913 614
913 334
913 201
913 362
914 2
914 187
914 572
914 248
914 194
914 322
914 415
914 771
914 878
914 655
915 70
915 537
915 697
915 370
915 476
915 83
915 593
915 471
915 848
915 206
915 535
915 118
915 687
915 299
915 513
915 996
915 963
915 212
915 918
916 559
916 469
916 372
916 429
916 901
916 282
916 105
916 199
916 18
916 526
916 580
916 228
916 459
916 552
916 813
916 134
916 420
917 840
917 835
917 375
917 534
917 577
917 562
917 836
917 773
917 344
917 170
917 30
917 801
917 921
917 838
917 325
917 958
917 673
917 876
917 144
917 314
917 877
917 298
917 328
918 102
918 694
918 505
918 749
918 57
918 248
918 409
918 2
918 320
918 154
918 255
918 17
918 509
918 657
918 35
918 88
918 915
918 568
918 7
918 365
918 715
918 250
919 303
919 593
919 314
919 623
919 246
919 336
919 6
919 71
919 474
919 158
919 929
919 473
919 945
919 202
919 141
919 704
919 464
920 818
920 761
920 797
920 887
920 293
920 879
920 298
920 505
920 571
920 437
920 199
921 136
921 359
921 30
921 555
921 917
921 853
921 84
921 175
921 728
921 228
922 17
922 818
922 294
922 483
922 259
922 734
922 88
922 424
922 279
922 219
922 618
922 746
922 205
922 611
922 495
922 947
922 967
922 862
922 720
922 764
923 582
923 311
923 741
923 103
923 467
923 19
923 482
924 492
924 210
924 398
924 195
925 339
925 281
925 834
925 767
925 323
925 154
925 611
925 307
925 811
925 801
925 546
925 359
925 677
925 43
925 293
925 201
925 909
926 238
926 825
926 486
926 227
926 234
926 496
926 41
926 23
926 431
926 547
926 153
926 434
926 184
926 887
926 109
926 954
926 853
926 83
926 364
927 827
927 425
927 731
927 299
927 308
927 862
927 463
928 854
928 866
928 878
928 763
928 385
928 94
928 36
928 468
929 604
929 664
929 919
929 131
929 630
930 442
930 772
930 968
931 472
931 221
931 901
931 949
931 22
932 337
932 992
932 30
932 148
932 179
932 692
932 707
932 160
932 689
932 273
933 289
933 384
933 764
933 56
933 206
934 990
934 474
934 612
934 747
934 362
934 115
935 763
935 999
935 410
935 66
935 600
935 387
935 59
935 134
935 472
935 838
935 513
935 37
935 222
935 366
935 349
936 96
936 220
937 585
938 131
938 477
939 495
939 687
939 185
939 338
939 556
939 402
939 954
939 853
939 949
939 179
940 11
940 744
940 579
940 280
940 571
940 71
940 834
940 636
940 63
940 330
940 240
940 518
940 460
940 790
940 305
941 137
941 913
941 698
941 864
941 636
941 17
941 353
941 801
941 754
941 701
941 401
941 397
942 883
942 734
942 39
942 424
942 536
942 134
942 554
942 579
942 628
942 599
942 369
942 184
944 902
944 184
944 605
944 969
944 380
944 204
945 983
945 993
945 906
945 826
945 919
945 844
945 17
945 156
945 781
945 808
945 613
945 484
945 240
945 834
945 451
945 801
945 285
945 204
946 512
946 667
946 477
946 358
946 289
946 758
946 8
946 543
946 843
946 604
946 709
946 612
946 779
946 261
947 133
947 35
947 796
947 653
947 969
947 922
947 15
947 44
947 981
947 850
947 551
947 646
947 593
947 859
948 810
948 845
948 569
948 667
948 163
948 550
948 806
948 903
948 783
948 592
948 687
948 128
948 628
948 614
948 532
948 601
948 259
948 959
949 644
949 939
949 741
949 698
949 714
949 3
949 931
949 31
949 570
949 170
949 365
949 147
949 860
949 332
949 37
949 354
950 12
950 852
950 878
950 732
950 847
951 575
951 545
951 602
951 747
952 958
952 200
952 512
952 420
952 189
952 714
952 151
952 153
952 239
952 451
952 197
952 224
952 226
952 345
953 58
953 357
953 462
953 855
953 15
953 233
953 753
953 464
953 642
953 646
953 256
953 432
953 147
953 328
953 913
953 207
953 210
954 772
954 974
954 738
954 29
954 229
954 381
954 939
954 980
954 926
954 978
954 153
954 668
954 100
954 813
954 744
954 335
955 583
955 234
955 178
955 202
955 144
955 590
955 355
955 421
955 213
955 392
956 332
956 592
957 724
957 746
957 654
957 45
957 771
957 235
957 997
957 600
958 789
958 917
958 952
958 417
958 619
958 601
958 402
958 825
959 457
959 832
959 414
959 18
959 344
959 246
959 587
959 581
959 628
959 421
959 948
959 416
959 548
959 446
959 210
959 884
960 483
960 897
960 992
960 397
960 415
960 346
960 907
960 228
961 900
961 772
961 720
961 341
961 77
962 410
962 768
962 374
963 723
963 294
963 265
963 780
963 915
963 497
963 258
963 289
963 826
963 319
963 647
963 413
963 591
963 148
963 553
963 112
963 496
964 611
964 841
964 454
964 377
965 246
965 255
965 444
965 727
965 99
965 473
965 128
965 275
965 9
965 598
965 862
965 422
965 25
966 699
966 536
966 200
966 181
966 486
966 74
966 597
966 454
966 100
966 701
966 855
966 780
967 922
967 123
967 103
967 439
967 467
967 990
967 61
968 847
968 978
968 245
968 251
968 557
968 930
968 363
968 269
968 897
968 437
968 174
968 222
968 703
968 250
968 3
968 722
969 234
969 639
969 436
969 947
969 109
969 944
969 324
970 545
970 579
970 702
970 346
970 204
970 40
971 610
971 87
971 75
971 233
971 756
971 429
971 47
971 350
971 130
971 734
971 726
971 401
971 834
971 646
972 644
972 144
972 711
973 689
973 906
973 435
973 740
973 335
973 600
974 781
974 111
974 685
974 620
974 633
974 412
974 754
974 342
974 464
974 911
974 954
974 689
974 687
974 713
974 856
974 65
974 460
974 338
974 487
975 588
975 301
975 51
975 772
975 593
975 680
975 986
975 59
975 993
975 482
976 418
976 81
976 210
977 982
977 273
977 586
977 761
977 566
977 343
977 835
977 250
977 166
977 884
978 101
978 981
978 598
978 290
978 433
978 572
978 539
978 694
978 732
978 954
978 887
978 174
978 516
978 94
978 432
978 968
978 204
979 278
979 890
979 878
979 65
979 826
979 703
979 54
980 236
980 587
980 117
980 114
980 871
980 609
980 497
980 306
980 367
980 308
980 815
980 466
980 474
980 954
980 346
981 16
981 520
981 64
981 61
981 947
981 660
981 277
981 134
981 260
981 448
981 978
981 314
981 7
981 761
981 511
981 894
981 415
981 808
981 274
982 977
982 903
983 666
983 475
983 885
983 644
983 302
983 12
983 130
983 272
983 803
983 363
983 804
983 91
983 737
983 945
983 425
983 88
983 460
984 442
984 373
984 144
984 744
985 664
985 292
986 362
986 975
986 735
986 612
986 14
986 52
986 751
986 408
986 224
986 902
986 841
986 175
987 518
987 166
987 40
988 737
988 804
988 424
988 235
988 197
988 370
989 403
989 21
989 222
989 632
989 64
989 461
989 394
989 124
989 444
989 287
989 528
989 752
989 25
990 934
990 590
990 4
990 967
990 366
990 645
990 53
990 219
990 475
990 83
990 686
990 234
990 275
990 191
990 873
990 315
990 324
991 868
991 299
991 836
991 279
991 605
991 476
991 697
991 804
991 467
992 159
992 438
992 104
992 960
992 401
992 586
992 64
992 827
992 467
992 720
992 108
992 932
992 837
993 975
993 774
993 817
993 891
993 157
993 440
993 675
993 863
993 945
993 44
993 811
993 543
993 279
994 832
994 309
994 327
994 677
994 898
994 711
995 866
995 456
995 996
995 803
995 122
995 790
996 885
996 995
996 915
996 636
996 512
996 354
996 604
996 431
997 124
997 543
997 671
997 957
997 722
997 474
997 786
997 548
997 201
997 471
997 404
998 522
998 76
998 365
998 753
999 365
999 679
999 470
999 370
999 257
999 172
999 109
999 546
999 448
999 174
999 7
999 935
1000 21
1000 628
1000 715
1000 911
1000 196
1000 129
1000 160
1000 742
1000 493
1000 119
1000 215
1000 94
1000 172
1000 234
1000 585
1000 657
1000 747
1000 785
