1 21
1 17
1 57
1 35
1 5
1 31
1 22
1 20
1 34
1 45
1 51
1 58
2 33
2 13
2 30
2 60
2 18
2 48
2 5
2 19
2 4
2 9
2 12
2 14
2 20
2 23
2 35
2 37
2 56
2 59
3 40
3 51
3 5
3 31
3 53
3 59
3 21
3 22
3 23
3 16
3 54
3 10
3 12
3 13
3 26
3 29
3 38
3 47
3 48
3 60
4 53
4 31
4 54
4 11
4 2
4 32
4 26
4 18
4 24
4 43
4 40
4 42
4 47
4 55
4 34
4 6
4 10
4 14
4 23
4 28
4 37
4 38
4 48
4 58
4 60
5 58
5 56
5 1
5 2
5 3
5 8
5 14
5 16
5 17
5 26
5 34
5 42
5 45
6 34
6 60
6 55
6 40
6 21
6 36
6 44
6 4
6 7
6 56
6 12
6 14
6 18
6 25
6 26
6 43
6 47
7 16
7 51
7 23
7 58
7 19
7 14
7 25
7 52
7 27
7 56
7 41
7 22
7 60
7 44
7 6
7 17
7 18
7 21
7 29
7 36
7 45
7 46
7 54
8 10
8 52
8 5
8 35
8 12
8 9
8 11
8 34
8 37
8 16
8 22
8 24
8 29
8 50
8 59
8 60
9 49
9 46
9 33
9 40
9 2
9 8
9 50
9 58
9 60
10 24
10 38
10 40
10 3
10 25
10 4
10 29
10 8
10 16
10 18
10 20
10 31
10 32
10 45
10 54
10 59
11 23
11 19
11 58
11 53
11 4
11 8
11 30
11 32
11 39
11 43
11 48
11 56
12 3
12 46
12 22
12 56
12 28
12 26
12 48
12 54
12 34
12 21
12 55
12 57
12 2
12 58
12 6
12 45
12 20
12 51
12 19
12 49
12 8
12 14
12 17
12 24
12 41
12 53
13 33
13 17
13 53
13 47
13 50
13 3
13 2
13 14
13 21
13 23
13 25
13 31
13 42
13 49
14 41
14 5
14 58
14 22
14 13
14 4
14 2
14 12
14 6
14 53
14 49
14 34
14 43
14 7
14 15
14 20
14 25
14 30
14 31
14 35
14 46
14 57
15 14
15 26
15 56
15 53
15 24
15 36
15 38
15 43
15 48
15 54
15 58
16 5
16 46
16 17
16 30
16 19
16 37
16 41
16 24
16 10
16 55
16 32
16 3
16 7
16 8
16 20
16 33
16 34
16 35
16 39
16 42
16 43
16 49
16 54
16 56
16 59
16 60
17 52
17 5
17 58
17 46
17 26
17 35
17 7
17 49
17 12
17 1
17 13
17 16
17 23
17 27
17 51
18 7
18 45
18 27
18 26
18 50
18 52
18 10
18 58
18 56
18 6
18 37
18 2
18 4
18 20
18 23
18 24
18 29
18 54
18 60
19 36
19 31
19 52
19 34
19 35
19 2
19 7
19 11
19 12
19 16
19 32
19 38
19 53
19 59
20 18
20 41
20 22
20 45
20 38
20 1
20 46
20 14
20 44
20 56
20 31
20 53
20 47
20 16
20 2
20 10
20 42
20 51
20 12
20 60
21 13
21 7
21 1
21 3
21 6
21 12
21 24
21 29
21 30
21 37
21 40
21 45
21 49
21 60
22 23
22 55
22 25
22 8
22 59
22 52
22 46
22 30
22 56
22 1
22 3
22 7
22 12
22 14
22 20
22 27
22 40
22 54
23 35
23 4
23 49
23 57
23 13
23 48
23 59
23 2
23 29
23 18
23 26
23 17
23 3
23 7
23 11
23 22
23 24
23 32
23 53
23 58
24 42
24 18
24 21
24 32
24 8
24 23
24 15
24 29
24 12
24 52
24 4
24 10
24 16
24 39
24 43
24 53
24 57
25 50
25 35
25 14
25 6
25 38
25 31
25 13
25 7
25 10
25 22
25 47
25 51
25 53
25 58
26 28
26 3
26 5
26 44
26 50
26 42
26 6
26 60
26 4
26 12
26 15
26 17
26 18
26 23
26 27
26 30
26 49
26 57
27 22
27 29
27 49
27 54
27 26
27 17
27 7
27 18
27 31
27 36
27 37
27 38
27 40
27 46
27 58
28 49
28 32
28 58
28 47
28 4
28 44
28 12
28 26
28 33
28 35
28 40
28 42
28 45
28 48
28 51
29 47
29 8
29 7
29 18
29 39
29 49
29 21
29 3
29 37
29 30
29 56
29 53
29 10
29 23
29 24
29 27
29 31
29 50
29 58
30 11
30 26
30 14
30 21
30 40
30 60
30 2
30 16
30 22
30 29
30 34
30 45
31 10
31 55
31 45
31 27
31 13
31 14
31 29
31 46
31 1
31 3
31 4
31 19
31 20
31 25
31 34
31 38
31 41
31 48
32 19
32 10
32 57
32 50
32 23
32 11
32 56
32 4
32 16
32 24
32 28
32 34
32 38
32 43
32 47
32 53
33 54
33 28
33 42
33 49
33 16
33 34
33 38
33 2
33 9
33 13
33 37
33 46
33 51
34 16
34 31
34 1
34 32
34 5
34 30
34 44
34 56
34 45
34 4
34 6
34 8
34 12
34 14
34 19
34 33
34 38
34 51
34 58
35 44
35 14
35 43
35 16
35 28
35 39
35 2
35 36
35 58
35 38
35 37
35 1
35 8
35 17
35 19
35 23
35 25
35 40
35 48
35 50
35 53
35 54
36 48
36 44
36 38
36 49
36 27
36 7
36 60
36 15
36 6
36 19
36 35
36 42
36 47
37 4
37 33
37 21
37 2
37 27
37 8
37 16
37 18
37 29
37 35
37 43
37 45
37 50
37 57
37 60
38 31
38 27
38 48
38 34
38 32
38 57
38 19
38 4
38 3
38 51
38 54
38 15
38 10
38 20
38 25
38 33
38 35
38 36
38 43
38 49
38 50
38 53
39 43
39 41
39 16
39 24
39 11
39 29
39 35
39 46
39 49
39 52
40 28
40 21
40 35
40 27
40 22
40 42
40 50
40 3
40 4
40 6
40 9
40 10
40 30
40 43
41 12
41 48
41 31
41 58
41 47
41 56
41 7
41 14
41 16
41 20
41 39
41 44
41 46
41 49
41 59
41 60
42 54
42 49
42 36
42 58
42 44
42 28
42 5
42 16
42 60
42 13
42 4
42 20
42 24
42 26
42 33
42 40
42 50
42 51
42 59
43 59
43 60
43 44
43 45
43 6
43 16
43 32
43 37
43 38
43 15
43 40
43 48
43 24
43 11
43 4
43 14
43 35
43 39
43 46
43 58
44 41
44 6
44 7
44 20
44 26
44 28
44 34
44 35
44 36
44 42
44 43
45 28
45 51
45 1
45 56
45 7
45 30
45 21
45 5
45 48
45 37
45 10
45 12
45 18
45 20
45 31
45 34
45 43
45 52
45 54
46 55
46 43
46 39
46 51
46 56
46 33
46 41
46 58
46 52
46 27
46 48
46 7
46 14
46 9
46 12
46 16
46 17
46 20
46 22
46 31
46 59
47 54
47 36
47 6
47 32
47 25
47 3
47 4
47 13
47 20
47 28
47 29
47 41
47 52
47 58
47 60
48 28
48 11
48 4
48 15
48 56
48 57
48 3
48 35
48 50
48 31
48 2
48 12
48 23
48 36
48 38
48 41
48 43
48 45
48 46
48 60
49 16
49 39
49 55
49 13
49 38
49 26
49 60
49 41
49 21
49 9
49 12
49 14
49 17
49 23
49 27
49 28
49 29
49 33
49 36
49 42
49 58
50 29
50 8
50 42
50 37
50 9
50 38
50 35
50 51
50 13
50 18
50 25
50 26
50 32
50 40
50 48
50 53
51 60
51 28
51 52
51 42
51 53
51 25
51 1
51 17
51 34
51 33
51 3
51 7
51 12
51 20
51 38
51 45
51 46
51 50
52 45
52 57
52 56
52 39
52 47
52 7
52 8
52 17
52 18
52 19
52 22
52 24
52 46
52 51
53 12
53 25
53 32
53 55
53 38
53 24
53 23
53 35
53 56
53 50
53 19
53 3
53 4
53 11
53 13
53 14
53 15
53 20
53 29
53 51
54 10
54 18
54 45
54 7
54 35
54 58
54 16
54 15
54 22
54 3
54 4
54 12
54 27
54 33
54 38
54 42
54 47
54 60
55 58
55 4
55 6
55 12
55 16
55 22
55 31
55 46
55 49
55 53
56 11
56 2
56 16
56 5
56 6
56 7
56 12
56 15
56 18
56 20
56 22
56 29
56 32
56 34
56 41
56 45
56 46
56 48
56 52
56 53
56 57
56 58
56 59
57 37
57 14
57 26
57 56
57 24
57 1
57 12
57 23
57 32
57 38
57 48
57 52
58 56
58 9
58 1
58 23
58 4
58 25
58 34
58 47
58 43
58 29
58 27
58 15
58 49
58 60
58 5
58 7
58 11
58 12
58 14
58 17
58 18
58 28
58 35
58 41
58 42
58 46
58 54
58 55
59 46
59 41
59 42
59 10
59 2
59 19
59 16
59 56
59 8
59 3
59 22
59 23
59 43
60 9
60 3
60 4
60 54
60 18
60 47
60 8
60 16
60 37
60 41
60 20
60 21
60 48
60 2
60 6
60 7
60 26
60 30
60 36
60 42
60 43
60 49
60 51
60 58
