1 536
1 688
2 639
3 743
4 31
4 344
4 997
4 676
4 736
4 247
4 912
4 382
4 196
4 776
4 996
5 361
5 314
5 475
7 484
7 860
7 693
7 827
7 899
7 88
7 569
7 496
7 694
7 212
7 691
7 467
8 726
9 471
11 191
12 36
13 613
13 182
13 80
13 219
13 443
14 217
14 662
15 453
16 70
16 917
16 69
16 673
16 139
16 127
16 645
16 904
16 577
16 159
17 491
17 651
18 491
18 488
18 482
20 161
20 37
21 653
21 505
21 588
21 714
21 987
22 57
22 312
22 365
22 878
22 400
22 103
22 764
22 128
23 876
23 174
24 36
24 229
25 651
25 252
26 353
26 538
26 276
27 616
27 564
27 386
27 777
27 241
27 143
27 597
27 729
27 808
28 557
28 447
28 494
28 962
28 280
28 352
28 712
28 767
28 868
29 882
29 650
29 771
29 668
29 383
29 429
29 635
29 297
29 726
30 989
30 410
31 4
31 146
32 509
32 821
33 681
33 384
34 602
34 129
34 545
34 661
34 157
34 537
35 523
35 811
35 972
35 147
35 178
35 871
36 928
36 45
36 12
36 907
36 91
36 998
36 172
36 531
36 24
36 443
36 295
36 376
36 862
37 654
37 521
37 194
37 244
37 189
37 20
37 768
37 726
38 634
39 985
39 551
40 560
40 331
40 936
40 108
40 981
40 641
40 846
40 105
40 531
40 72
40 670
40 837
40 994
40 590
40 307
41 900
41 177
41 407
41 230
41 162
41 729
42 221
42 585
42 569
43 118
43 585
43 304
44 430
44 432
44 918
45 36
45 432
45 629
46 809
47 601
47 985
48 96
48 821
48 752
48 884
48 785
49 353
49 887
51 732
52 587
52 405
53 786
53 943
53 729
54 437
54 923
54 783
54 887
54 983
54 327
54 841
54 619
54 204
54 312
54 167
55 73
56 454
56 853
57 220
57 22
57 577
57 537
58 183
58 924
58 97
58 854
58 683
58 551
58 561
58 159
59 760
59 405
60 173
60 471
60 747
60 572
60 233
60 145
60 827
60 599
60 917
60 264
61 113
61 467
61 593
61 753
61 114
61 117
61 830
61 412
61 703
61 570
62 551
63 666
63 471
63 559
64 984
64 834
65 896
65 700
65 136
65 289
65 993
65 203
65 139
65 949
66 128
67 995
67 324
67 397
67 659
67 837
67 90
67 191
67 285
67 791
67 221
68 943
68 483
68 817
68 590
69 353
69 16
69 217
70 593
70 472
70 999
70 16
71 468
71 204
71 559
71 543
72 40
72 726
73 55
73 679
73 428
73 688
73 335
73 228
74 639
74 454
75 405
75 940
75 681
76 237
77 276
77 84
78 892
79 472
79 601
79 732
80 593
80 640
80 488
80 13
81 204
82 361
83 779
84 895
84 309
84 949
84 761
84 406
84 862
84 461
84 290
84 77
84 858
85 220
86 949
87 453
88 862
88 7
88 732
88 922
89 786
90 67
90 326
91 36
92 384
92 526
93 149
93 887
94 420
94 537
94 609
96 857
96 48
96 885
96 909
96 321
96 963
97 58
98 692
99 488
99 577
99 625
102 477
102 318
102 190
102 271
102 774
102 947
102 337
102 679
102 258
102 582
103 876
103 491
103 220
103 22
103 732
104 255
104 228
105 876
105 40
106 643
106 472
106 336
106 384
106 922
107 629
108 237
108 40
108 204
108 264
109 537
109 314
110 985
111 726
111 228
112 526
113 61
114 574
114 609
114 61
115 397
116 807
116 322
116 450
116 621
116 454
117 892
117 61
118 566
118 329
118 734
118 608
118 742
118 43
118 488
118 561
118 307
119 898
119 743
119 251
119 922
120 551
120 808
122 153
122 750
123 149
124 410
124 561
124 871
125 984
125 701
125 221
126 174
127 16
127 326
128 686
128 315
128 872
128 66
128 867
128 569
128 434
128 533
128 807
128 571
128 22
128 720
128 619
128 390
128 270
129 34
129 834
130 918
133 506
136 65
136 149
137 728
137 422
137 482
138 405
138 732
139 65
139 16
142 848
142 892
143 553
143 27
143 388
143 577
144 314
144 949
144 328
145 562
145 60
146 31
146 885
146 456
146 599
146 873
146 475
147 779
147 943
147 35
147 667
148 428
148 430
148 432
149 123
149 321
149 948
149 774
149 93
149 136
149 326
149 159
150 536
150 420
150 159
151 806
151 252
153 122
153 796
153 788
153 285
153 197
153 585
153 590
154 625
155 405
155 609
156 229
157 674
157 776
157 299
157 556
157 779
157 682
157 34
157 918
158 268
159 417
159 660
159 149
159 150
159 896
159 16
159 191
159 58
160 553
160 670
161 548
161 869
161 20
161 171
161 602
161 873
161 335
162 41
164 251
165 601
165 537
165 559
166 614
167 681
167 54
168 664
168 193
169 894
170 884
171 161
172 36
172 821
172 949
173 894
173 60
173 543
174 354
174 256
174 790
174 744
174 738
174 845
174 225
174 238
174 23
174 675
174 184
174 185
174 126
174 219
175 667
176 454
176 568
177 41
177 670
178 35
179 353
179 949
182 332
182 887
182 13
183 58
183 625
183 229
184 512
184 244
184 363
184 174
185 174
187 984
187 430
188 803
188 402
188 342
188 926
188 831
188 916
188 992
188 817
188 227
188 264
189 360
189 37
189 204
189 662
190 102
190 328
191 11
191 67
191 726
191 918
191 159
191 817
192 811
193 168
193 943
193 985
193 681
193 629
194 806
194 37
194 629
195 314
195 475
196 540
196 479
196 4
196 595
197 153
197 370
197 199
197 898
197 786
197 623
197 338
197 648
197 387
197 477
197 415
199 538
199 197
200 582
200 526
202 388
203 65
203 347
203 491
204 189
204 380
204 917
204 738
204 742
204 71
204 218
204 108
204 249
204 816
204 637
204 971
204 519
204 902
204 81
204 984
204 54
205 611
206 486
206 305
207 559
208 887
210 894
210 432
211 553
211 764
211 561
211 817
212 486
212 7
212 949
212 304
214 567
215 276
217 14
217 826
217 69
217 618
217 919
217 503
217 796
217 631
217 783
217 858
217 376
218 691
218 204
219 640
219 826
219 221
219 13
219 174
220 57
220 103
220 278
220 239
220 850
220 605
220 422
220 85
220 784
220 294
220 603
220 231
220 252
220 892
221 42
221 539
221 219
221 67
221 700
221 985
221 826
221 125
221 327
221 483
221 493
223 662
223 884
224 509
224 609
225 488
225 174
227 188
227 425
227 683
227 388
227 520
227 595
227 297
227 358
227 880
227 317
228 934
228 792
228 492
228 320
228 104
228 73
228 111
228 771
228 635
228 491
228 617
228 912
229 953
229 156
229 429
229 690
229 24
229 183
229 260
230 41
230 252
231 853
231 220
232 486
232 701
232 651
233 60
233 251
234 943
235 264
237 76
237 389
237 108
237 872
237 701
237 400
238 472
238 730
238 174
239 251
239 220
239 688
240 798
241 27
241 543
242 588
243 853
244 733
244 184
244 587
244 37
244 551
244 732
244 453
246 876
247 999
247 4
247 884
248 679
249 358
249 405
249 204
251 571
251 233
251 640
251 842
251 119
251 393
251 893
251 876
251 310
251 844
251 239
251 164
252 723
252 875
252 918
252 821
252 25
252 951
252 230
252 678
252 468
252 220
252 788
252 553
252 866
252 151
252 946
252 787
252 791
252 975
252 862
253 938
254 894
255 104
256 834
256 174
257 306
258 986
258 832
258 102
259 394
260 750
260 229
261 940
262 662
263 330
263 629
264 188
264 802
264 235
264 60
264 108
264 280
264 353
265 381
265 347
265 866
265 483
267 577
267 590
268 158
268 894
268 922
270 381
270 779
270 128
271 587
271 102
272 347
272 862
272 918
274 681
275 276
275 598
275 609
276 306
276 77
276 26
276 439
276 504
276 380
276 215
276 275
276 339
276 898
276 508
276 799
277 639
278 220
279 648
280 510
280 296
280 735
280 710
280 743
280 28
280 264
281 362
281 987
281 922
282 567
282 692
282 806
283 670
284 764
284 304
285 677
285 153
285 67
285 681
285 834
286 486
286 776
286 681
287 906
287 590
288 760
288 360
289 65
289 353
290 691
290 84
291 726
291 590
292 729
292 726
292 590
293 410
294 433
294 878
294 220
295 36
296 760
296 280
296 314
297 29
297 328
297 227
298 629
299 471
299 157
299 808
300 405
300 651
302 400
302 559
302 764
302 651
303 475
304 613
304 967
304 521
304 944
304 668
304 894
304 284
304 212
304 43
304 416
305 437
305 343
305 378
305 363
305 206
305 817
305 956
306 257
306 825
306 276
306 894
306 887
307 686
307 993
307 40
307 614
307 800
307 999
307 337
307 700
307 118
307 735
307 740
309 477
309 430
309 84
309 453
310 336
310 251
310 432
310 707
312 22
312 598
312 54
313 553
313 894
314 417
314 195
314 641
314 878
314 5
314 109
314 781
314 144
314 296
315 128
316 609
317 816
317 227
318 853
318 471
318 614
318 102
319 884
319 918
320 559
320 228
320 922
321 96
321 149
321 430
321 598
322 116
324 643
324 67
326 474
326 90
326 997
326 462
326 506
326 127
326 149
326 822
326 423
326 538
327 985
327 221
327 54
328 978
328 581
328 190
328 297
328 340
328 634
328 697
328 144
328 892
329 118
330 900
330 490
330 523
330 564
330 477
330 739
330 263
331 40
332 858
332 182
333 692
333 471
334 639
334 551
335 810
335 819
335 161
335 881
335 893
335 451
335 73
335 424
335 367
336 991
336 558
336 778
336 310
336 878
336 848
336 508
336 106
336 585
337 643
337 102
337 651
337 307
338 750
338 197
338 732
338 590
339 617
339 276
340 328
342 188
343 360
343 305
344 4
344 906
344 585
344 871
346 397
346 643
346 459
346 516
346 984
346 388
347 265
347 203
347 456
347 272
347 476
347 391
347 847
348 791
348 764
349 785
351 779
352 537
352 28
353 69
353 462
353 26
353 633
353 636
353 398
353 665
353 179
353 522
353 289
353 49
353 264
354 174
354 609
356 526
358 427
358 965
358 359
358 249
358 369
358 879
358 227
359 358
359 732
359 922
359 892
360 374
360 739
360 343
360 189
360 395
360 792
360 288
360 732
361 82
361 5
361 423
361 474
362 281
362 459
362 715
362 371
362 420
362 853
362 384
362 662
363 184
363 400
363 537
363 834
363 305
365 536
365 22
367 381
367 938
367 335
368 750
369 358
370 197
370 430
370 543
371 362
372 785
374 405
374 360
374 826
374 808
375 940
375 987
376 36
376 217
378 385
378 587
378 305
379 938
380 691
380 204
380 276
381 896
381 367
381 270
381 265
381 530
382 4
382 614
383 593
383 29
384 765
384 106
384 362
384 92
384 33
384 501
385 786
385 378
385 596
385 442
385 574
386 553
386 27
386 752
387 197
387 568
388 541
388 656
388 462
388 143
388 927
388 346
388 665
388 202
388 587
388 227
389 237
390 996
390 471
390 128
391 347
391 598
392 446
392 931
392 396
392 494
392 858
392 645
392 518
393 251
393 526
394 259
394 792
394 517
394 707
395 360
395 614
396 667
396 392
397 591
397 115
397 346
397 67
397 568
398 353
399 681
400 237
400 363
400 302
400 679
400 486
400 22
400 884
401 866
401 987
402 188
403 892
405 374
405 592
405 300
405 75
405 52
405 692
405 59
405 454
405 966
405 835
405 138
405 249
405 155
405 951
405 431
405 994
406 84
407 41
409 808
410 982
410 835
410 937
410 30
410 773
410 823
410 293
410 124
410 821
411 731
412 537
412 61
413 577
415 454
415 420
415 197
415 989
416 468
416 538
416 304
417 159
417 314
418 587
420 496
420 362
420 150
420 851
420 503
420 977
420 94
420 631
420 431
420 778
420 415
420 728
420 941
420 587
420 667
421 561
421 530
422 137
422 999
422 577
422 220
422 582
423 361
423 326
424 335
424 609
425 227
425 609
426 651
427 358
428 603
428 496
428 950
428 148
428 486
428 73
429 29
429 229
430 44
430 321
430 370
430 148
430 845
430 309
430 858
430 449
430 463
430 602
430 874
430 187
430 696
430 482
431 420
431 405
432 44
432 875
432 45
432 210
432 663
432 310
432 148
432 824
432 593
432 844
432 551
433 294
433 551
434 128
435 987
435 453
436 691
436 726
437 871
437 568
437 54
437 305
437 946
439 276
440 639
442 385
443 36
443 13
445 811
446 392
447 28
448 760
448 574
448 873
449 876
449 430
450 116
450 526
451 601
451 482
451 335
452 643
452 743
453 87
453 722
453 909
453 309
453 15
453 651
453 482
453 500
453 244
453 749
453 732
453 435
453 621
454 56
454 518
454 748
454 485
454 176
454 74
454 415
454 116
454 743
454 405
455 707
456 347
456 146
457 866
457 543
459 362
459 346
459 940
460 918
461 662
461 543
461 84
462 640
462 353
462 701
462 388
462 326
463 430
463 551
464 871
465 821
465 791
466 894
466 892
467 702
467 7
467 61
468 416
468 71
468 555
468 643
468 808
468 252
469 609
470 577
471 9
471 299
471 1000
471 63
471 511
471 748
471 390
471 933
471 333
471 318
471 60
472 822
472 106
472 238
472 883
472 565
472 79
472 783
472 995
472 70
472 813
472 585
472 949
473 876
473 692
473 486
474 326
474 361
475 303
475 901
475 812
475 652
475 608
475 929
475 146
475 685
475 958
475 680
475 195
475 5
476 347
476 568
477 795
477 830
477 761
477 309
477 102
477 197
477 330
479 196
480 577
480 918
480 598
482 656
482 430
482 977
482 18
482 451
482 721
482 137
482 453
483 994
483 660
483 537
483 712
483 617
483 68
483 801
483 265
483 716
483 221
484 7
485 730
485 454
485 585
486 212
486 833
486 286
486 473
486 602
486 847
486 232
486 206
486 428
486 400
486 574
487 649
487 922
488 99
488 118
488 822
488 80
488 225
488 700
488 889
488 18
488 619
488 591
490 601
490 330
490 834
490 543
491 798
491 17
491 952
491 203
491 18
491 970
491 982
491 103
491 641
491 974
491 228
492 585
492 228
493 221
494 940
494 28
494 392
496 420
496 428
496 7
498 834
499 760
499 808
500 453
501 692
501 384
502 786
502 526
503 420
503 906
503 217
504 752
504 276
505 569
505 21
506 133
506 326
507 946
508 336
508 276
508 609
509 32
509 224
509 935
509 706
509 760
510 280
511 850
511 471
511 752
512 184
514 625
514 662
514 834
515 938
516 346
516 985
516 764
517 394
517 750
517 559
518 938
518 454
518 811
518 392
519 553
519 204
520 984
520 577
520 227
521 37
521 304
521 871
521 946
522 353
523 35
523 330
524 853
524 688
525 949
525 918
526 200
526 92
526 450
526 695
526 356
526 112
526 393
526 502
526 639
526 922
527 946
529 938
529 892
530 815
530 942
530 381
530 421
530 542
531 36
531 806
531 40
532 954
532 640
532 775
532 666
532 701
532 806
533 639
533 128
536 822
536 665
536 1
536 908
536 150
536 365
536 918
537 57
537 109
537 94
537 412
537 34
537 165
537 352
537 584
537 363
537 791
537 483
537 884
538 927
538 199
538 26
538 416
538 602
538 739
538 618
538 812
538 925
538 326
539 806
539 221
540 196
540 729
541 388
542 530
543 71
543 241
543 461
543 370
543 457
543 490
543 173
543 780
543 869
545 34
545 692
546 691
547 786
547 629
548 779
548 161
550 726
551 58
551 857
551 62
551 120
551 433
551 463
551 334
551 595
551 432
551 665
551 39
551 244
551 667
552 998
552 751
552 802
553 313
553 767
553 848
553 386
553 143
553 160
553 519
553 211
553 728
553 252
554 649
555 468
556 157
556 887
556 834
556 667
556 892
557 28
558 336
559 978
559 71
559 836
559 566
559 734
559 302
559 165
559 709
559 517
559 207
559 320
559 648
559 796
559 63
559 776
559 699
560 40
561 421
561 58
561 211
561 124
561 901
561 118
561 842
561 807
561 580
562 145
562 892
563 808
564 27
564 701
564 330
564 667
565 472
566 118
566 559
567 214
567 282
567 862
568 437
568 959
568 635
568 387
568 970
568 476
568 397
568 743
568 627
568 615
568 176
568 910
569 801
569 505
569 959
569 777
569 42
569 977
569 570
569 7
569 128
570 569
570 61
571 251
571 776
571 128
572 60
574 952
574 704
574 904
574 385
574 486
574 448
574 114
577 57
577 853
577 143
577 413
577 878
577 840
577 520
577 267
577 422
577 99
577 470
577 480
577 16
577 817
578 949
580 862
580 561
581 730
581 328
582 200
582 102
582 652
582 749
582 422
582 866
582 632
582 935
582 955
582 878
582 707
583 726
584 537
584 726
585 42
585 604
585 153
585 942
585 965
585 344
585 472
585 485
585 43
585 492
585 336
585 651
586 702
587 786
587 52
587 420
587 418
587 378
587 244
587 271
587 388
588 660
588 242
588 21
589 806
590 744
590 267
590 796
590 925
590 606
590 711
590 287
590 40
590 957
590 338
590 292
590 291
590 153
590 68
591 397
591 811
591 752
591 488
592 405
592 940
593 709
593 383
593 80
593 70
593 749
593 943
593 432
593 764
593 61
594 834
595 196
595 551
595 227
596 385
596 940
597 27
597 791
597 598
597 946
598 613
598 391
598 321
598 844
598 597
598 646
598 312
598 275
598 610
598 480
599 146
599 60
601 610
601 490
601 665
601 47
601 79
601 451
601 644
601 865
601 165
601 752
602 34
602 486
602 538
602 161
602 430
603 428
603 220
604 585
605 887
605 220
606 954
606 590
607 613
608 118
608 834
608 475
609 354
609 316
609 155
609 637
609 508
609 424
609 114
609 469
609 224
609 425
609 275
609 757
609 94
609 710
610 601
610 791
610 806
610 598
611 964
611 913
611 205
611 800
611 887
613 607
613 13
613 598
613 304
614 630
614 166
614 382
614 395
614 318
614 755
614 918
614 307
615 568
616 639
616 27
617 339
617 483
617 228
618 538
618 217
619 488
619 128
619 54
620 892
621 116
621 791
621 453
622 649
623 197
625 514
625 99
625 661
625 154
625 183
626 811
627 568
628 670
629 923
629 193
629 107
629 937
629 263
629 194
629 547
629 298
629 45
629 732
630 614
630 873
631 420
631 217
632 862
632 582
633 353
634 988
634 38
634 693
634 808
634 328
635 29
635 228
635 568
636 353
637 204
637 609
639 616
639 533
639 2
639 277
639 74
639 334
639 440
639 938
639 526
640 679
640 911
640 990
640 219
640 939
640 80
640 532
640 462
640 251
641 643
641 938
641 491
641 40
641 314
641 946
643 337
643 324
643 822
643 641
643 468
643 106
643 452
643 835
643 346
644 601
644 808
645 906
645 16
645 392
646 598
648 279
648 197
648 559
649 671
649 772
649 487
649 669
649 622
649 554
649 852
650 29
651 302
651 703
651 300
651 764
651 426
651 337
651 17
651 997
651 232
651 585
651 25
651 453
652 743
652 666
652 582
652 475
653 21
654 37
655 760
655 946
656 482
656 388
658 726
659 679
659 67
659 922
660 588
660 483
660 159
661 34
661 625
662 514
662 764
662 262
662 362
662 461
662 223
662 189
662 14
662 815
663 432
664 168
665 536
665 601
665 353
665 388
665 551
666 63
666 532
666 796
666 652
666 884
667 175
667 147
667 556
667 564
667 420
667 396
667 551
668 29
668 707
668 304
669 649
670 283
670 177
670 628
670 160
670 1000
670 40
671 649
673 16
674 157
675 732
675 174
676 4
677 285
678 791
678 834
678 922
678 252
679 659
679 73
679 248
679 889
679 951
679 977
679 640
679 996
679 400
679 102
680 729
680 475
681 399
681 167
681 736
681 865
681 286
681 285
681 33
681 193
681 935
681 849
681 75
681 274
681 989
682 157
683 58
683 227
685 985
685 940
685 475
686 785
686 128
686 307
687 779
688 972
688 524
688 782
688 239
688 1
688 777
688 73
690 229
691 956
691 838
691 546
691 218
691 799
691 436
691 380
691 290
691 839
691 7
692 545
692 282
692 827
692 749
692 709
692 473
692 98
692 501
692 333
692 405
693 634
693 7
694 906
694 7
694 922
695 526
696 430
696 873
697 328
698 791
698 873
699 559
700 65
700 826
700 488
700 221
700 307
701 941
701 232
701 125
701 237
701 973
701 736
701 532
701 780
701 564
701 462
702 793
702 586
702 792
702 467
703 651
703 61
704 574
706 509
707 455
707 310
707 937
707 668
707 762
707 394
707 582
708 946
709 593
709 692
709 559
710 280
710 609
711 590
712 984
712 483
712 28
714 21
715 362
716 483
718 943
720 128
721 786
721 482
722 776
722 453
723 252
726 658
726 863
726 72
726 8
726 584
726 111
726 291
726 583
726 882
726 37
726 29
726 436
726 292
726 550
726 191
727 834
728 137
728 553
728 420
729 540
729 27
729 53
729 292
729 680
729 41
729 813
729 885
730 860
730 581
730 238
730 485
730 848
731 411
732 675
732 88
732 359
732 808
732 244
732 103
732 138
732 360
732 629
732 338
732 51
732 79
732 453
733 244
733 871
734 118
734 559
735 280
735 894
735 307
736 4
736 701
736 681
738 204
738 174
739 850
739 360
739 538
739 330
740 307
742 118
742 204
743 652
743 452
743 280
743 119
743 454
743 3
743 766
743 568
744 590
744 174
747 60
748 454
748 471
749 593
749 692
749 750
749 582
749 453
750 801
750 368
750 338
750 122
750 517
750 260
750 749
751 552
752 905
752 511
752 601
752 386
752 504
752 48
752 591
753 61
755 614
755 940
757 609
758 946
759 785
760 448
760 296
760 288
760 770
760 499
760 948
760 59
760 903
760 655
760 509
761 477
761 84
762 707
762 871
764 284
764 302
764 985
764 211
764 348
764 516
764 22
764 593
764 839
764 662
764 651
765 384
766 743
766 808
767 553
767 28
768 37
770 760
771 29
771 228
772 649
773 410
774 776
774 149
774 102
775 898
775 532
775 906
776 786
776 774
776 4
776 571
776 722
776 286
776 157
776 559
777 27
777 569
777 688
778 336
778 420
779 687
779 930
779 824
779 83
779 548
779 351
779 147
779 270
779 157
780 701
780 543
781 314
782 688
783 472
783 217
783 862
783 54
784 220
785 686
785 759
785 349
785 372
785 48
786 547
786 89
786 721
786 502
786 53
786 385
786 776
786 587
786 197
787 252
788 153
788 252
789 866
790 174
791 888
791 67
791 621
791 348
791 465
791 678
791 597
791 814
791 698
791 610
791 537
791 252
792 394
792 702
792 360
792 228
793 702
793 884
795 477
796 153
796 666
796 217
796 559
796 834
796 590
797 954
798 240
798 491
799 691
799 276
800 611
800 307
801 750
801 483
801 569
802 862
802 552
802 264
803 188
805 918
806 151
806 532
806 194
806 539
806 589
806 531
806 282
806 610
807 116
807 561
807 128
808 634
808 374
808 468
808 299
808 644
808 499
808 409
808 766
808 120
808 27
808 563
808 732
809 46
810 335
811 192
811 995
811 626
811 889
811 896
811 944
811 927
811 591
811 941
811 445
811 518
811 35
812 538
812 475
813 472
813 943
813 729
814 791
815 530
815 662
816 317
816 906
816 204
817 188
817 211
817 880
817 577
817 967
817 883
817 68
817 191
817 305
819 335
821 465
821 48
821 172
821 32
821 410
821 252
822 536
822 472
822 643
822 488
822 326
823 410
824 779
824 432
825 306
826 374
826 219
826 700
826 217
826 221
827 692
827 60
827 7
829 873
830 477
830 61
831 188
832 258
833 486
834 678
834 796
834 129
834 594
834 363
834 608
834 285
834 556
834 64
834 490
834 514
834 256
834 727
834 498
835 643
835 405
835 410
836 559
837 67
837 40
838 691
838 871
839 691
839 764
840 906
840 577
841 850
841 54
842 251
842 561
844 251
844 432
844 598
845 430
845 174
846 853
846 40
846 987
847 347
847 486
848 142
848 730
848 553
848 336
849 984
849 681
850 739
850 511
850 841
850 220
851 420
852 649
853 56
853 231
853 846
853 318
853 243
853 524
853 362
853 908
853 577
854 58
855 873
856 876
857 96
857 551
858 332
858 217
858 430
858 392
858 84
860 730
860 7
862 36
862 783
862 272
862 914
862 580
862 802
862 567
862 632
862 88
862 84
862 252
863 726
864 978
865 601
865 681
866 401
866 789
866 914
866 265
866 919
866 457
866 582
866 252
867 128
868 28
869 972
869 161
869 543
871 437
871 124
871 344
871 894
871 838
871 35
871 521
871 733
871 464
871 762
872 237
872 128
873 696
873 630
873 698
873 829
873 146
873 161
873 448
873 855
873 923
874 989
874 430
875 906
875 432
875 252
876 105
876 449
876 950
876 103
876 473
876 23
876 246
876 856
876 251
876 892
877 954
878 294
878 336
878 989
878 577
878 22
878 314
878 582
879 358
880 817
880 227
881 335
882 29
882 985
882 726
883 472
883 817
884 319
884 793
884 170
884 223
884 247
884 48
884 400
884 537
884 666
885 96
885 146
885 729
885 989
887 49
887 182
887 605
887 556
887 611
887 932
887 968
887 306
887 93
887 208
887 54
888 791
888 918
889 679
889 811
889 488
892 403
892 562
892 328
892 620
892 142
892 529
892 359
892 78
892 876
892 220
892 556
892 117
892 466
893 251
893 335
894 169
894 735
894 313
894 306
894 254
894 210
894 466
894 268
894 173
894 304
894 871
895 84
896 65
896 381
896 811
896 159
898 119
898 775
898 197
898 276
899 7
900 41
900 330
901 561
901 475
902 204
903 760
904 16
904 574
905 752
906 840
906 344
906 816
906 694
906 875
906 287
906 503
906 645
906 775
906 922
907 36
908 536
908 853
909 96
909 453
910 568
911 954
911 640
911 918
912 4
912 228
913 611
914 862
914 866
915 918
916 188
917 16
917 60
917 204
918 157
918 805
918 911
918 525
918 44
918 191
918 130
918 480
918 272
918 319
918 460
918 915
918 536
918 888
918 614
918 252
919 217
919 866
922 953
922 694
922 659
922 106
922 281
922 526
922 487
922 88
922 268
922 359
922 678
922 119
922 906
922 320
923 629
923 873
923 54
924 58
925 538
925 590
926 188
927 538
927 811
927 388
928 36
929 475
930 779
931 392
932 887
933 471
934 228
935 509
935 681
935 582
936 40
937 410
937 629
937 707
938 529
938 379
938 367
938 518
938 253
938 639
938 515
938 641
939 640
940 261
940 592
940 755
940 375
940 75
940 596
940 494
940 685
940 459
941 701
941 420
941 811
942 585
942 530
943 988
943 813
943 593
943 147
943 53
943 68
943 193
943 234
943 718
944 811
944 304
946 437
946 980
946 973
946 641
946 655
946 527
946 597
946 758
946 507
946 708
946 521
946 252
947 102
948 760
948 149
949 86
949 212
949 172
949 65
949 472
949 578
949 144
949 179
949 525
949 84
950 876
950 428
951 972
951 679
951 405
951 252
952 491
952 574
953 229
953 922
954 797
954 532
954 911
954 606
954 877
954 974
955 582
956 691
956 305
957 590
958 475
959 569
959 568
962 28
963 96
964 611
965 358
965 585
966 405
967 304
967 817
968 887
969 985
970 491
970 568
971 204
972 951
972 869
972 35
972 688
973 701
973 946
974 954
974 491
975 252
977 679
977 420
977 569
977 482
978 864
978 328
978 559
980 946
981 40
982 410
982 491
983 54
984 64
984 125
984 520
984 187
984 849
984 712
984 346
984 204
985 327
985 685
985 110
985 882
985 39
985 969
985 516
985 47
985 193
985 221
985 764
986 258
987 401
987 435
987 375
987 281
987 846
987 21
988 634
988 943
989 30
989 681
989 878
989 415
989 885
989 874
990 640
991 336
992 188
993 65
993 307
994 405
994 40
994 483
995 67
995 472
995 811
996 390
996 4
996 679
997 4
997 326
997 651
998 36
998 552
999 247
999 70
999 422
999 307
1000 670
1000 471
