1 183
1 908
1 7
1 367
1 477
1 240
1 571
1 536
1 984
1 221
1 346
1 31
2 934
2 53
2 825
2 865
2 871
2 655
2 483
2 519
2 856
3 119
3 733
3 115
3 799
3 57
3 664
3 485
3 178
3 401
4 31
4 344
4 676
4 247
4 382
4 76
4 310
4 488
4 27
4 659
4 894
4 196
4 776
4 641
4 721
4 432
4 80
4 854
5 821
5 80
5 227
5 264
5 617
5 744
5 475
5 68
5 734
5 467
5 801
5 877
5 313
6 12
6 80
6 815
7 860
7 899
7 496
7 742
7 903
7 747
7 274
7 508
7 837
7 838
7 137
7 888
7 500
7 262
7 231
7 744
7 648
7 593
7 1
7 392
7 555
7 825
7 37
8 726
8 778
8 150
8 740
8 77
9 201
9 977
9 931
9 184
9 407
9 433
9 60
9 815
9 822
9 253
9 939
10 425
10 799
10 389
11 381
11 831
11 177
11 204
11 503
11 591
11 27
11 524
11 144
11 720
11 802
12 6
12 105
12 869
12 738
12 255
12 711
12 819
12 42
12 60
12 637
12 17
12 48
12 482
12 707
13 613
13 80
13 604
13 438
13 538
13 422
13 970
13 214
13 768
14 419
14 23
14 870
14 609
14 104
14 815
14 905
14 569
14 18
14 217
14 834
14 338
14 688
14 375
14 700
14 334
14 653
15 453
15 38
16 70
16 917
16 69
16 673
16 139
16 127
16 904
16 449
16 234
16 479
16 401
16 243
16 224
16 348
16 175
16 577
16 159
16 526
16 223
16 531
16 382
16 665
16 334
16 910
17 506
17 441
17 42
17 361
17 915
17 658
17 713
17 186
17 992
17 631
17 606
17 498
17 12
17 74
17 491
17 94
17 70
17 970
17 297
17 511
18 628
18 262
18 383
18 281
18 511
18 491
18 488
18 598
18 351
18 14
18 480
18 253
18 400
19 601
19 450
19 43
19 238
19 856
20 449
20 318
20 274
20 568
20 591
20 146
20 653
20 546
20 495
20 569
20 37
20 829
20 374
20 628
20 602
21 925
21 615
21 49
21 632
21 541
21 107
21 551
21 143
21 77
21 184
21 28
21 936
21 519
22 312
22 365
22 878
22 400
22 103
22 271
22 764
22 94
22 927
22 518
22 143
22 578
22 406
23 762
23 185
23 445
23 917
23 297
23 173
23 351
23 345
23 746
23 646
23 367
23 484
23 871
23 876
23 94
23 150
23 14
23 467
23 669
24 36
24 229
24 839
24 421
25 651
25 252
25 902
25 56
25 864
26 826
26 293
26 865
26 951
26 170
26 585
26 144
26 353
26 538
26 668
26 581
26 612
27 616
27 564
27 386
27 777
27 143
27 597
27 11
27 56
27 436
27 867
27 729
27 848
27 384
27 4
27 284
27 242
27 761
28 557
28 447
28 494
28 962
28 76
28 391
28 988
28 722
28 21
28 942
28 420
28 305
28 29
28 272
29 882
29 771
29 668
29 383
29 635
29 297
29 875
29 28
29 471
29 799
29 277
29 726
29 865
29 660
29 34
29 610
29 451
29 609
29 992
30 684
30 912
30 911
30 801
30 287
30 988
30 134
30 307
30 597
30 424
30 895
30 407
30 410
30 936
30 195
31 737
31 230
31 694
31 1
31 377
31 304
31 151
31 286
31 464
31 864
31 4
31 880
31 493
31 470
31 944
31 606
31 814
31 767
31 636
32 345
32 819
32 808
32 802
32 366
32 967
32 905
32 476
32 323
32 681
32 205
32 147
32 893
32 253
32 509
32 503
32 545
32 437
32 118
32 61
32 602
33 96
33 347
33 857
33 204
33 163
33 883
33 926
33 141
33 413
33 681
33 902
33 161
33 666
33 602
33 945
34 602
34 129
34 545
34 29
34 669
34 556
34 330
34 698
34 596
34 157
34 537
34 970
34 980
34 372
35 523
35 811
35 972
35 147
35 511
35 191
35 662
35 585
35 69
35 288
35 70
35 275
35 379
36 928
36 45
36 907
36 91
36 172
36 531
36 24
36 443
36 295
36 376
36 769
36 239
36 337
36 862
36 197
36 223
36 747
36 320
37 654
37 20
37 38
37 387
37 568
37 7
37 819
37 930
37 490
37 412
37 617
37 532
37 653
37 790
38 999
38 605
38 881
38 238
38 15
38 155
38 156
38 445
38 472
38 399
38 636
38 358
38 547
38 158
38 829
38 488
38 321
38 37
38 567
38 389
39 495
39 315
39 815
39 261
39 755
39 125
39 250
39 985
39 692
39 791
39 467
39 857
39 992
40 560
40 981
40 846
40 670
40 837
40 994
40 824
40 416
40 630
40 687
40 387
40 969
40 649
40 394
40 816
40 590
40 307
40 217
40 281
40 742
40 64
40 469
40 62
41 900
41 177
41 407
41 230
41 904
41 394
41 669
41 960
41 729
41 509
41 397
41 242
42 859
42 226
42 403
42 243
42 914
42 997
42 189
42 941
42 12
42 221
42 585
42 858
42 17
42 954
42 456
43 19
43 535
43 668
43 129
43 636
43 786
43 140
43 118
43 304
43 518
43 593
43 270
44 430
44 432
44 918
44 371
44 143
44 992
45 36
45 432
45 629
45 955
45 574
45 688
45 143
45 512
45 640
45 561
45 278
45 289
46 809
46 771
46 484
47 601
47 985
47 982
47 183
47 77
47 334
47 299
48 247
48 325
48 251
48 270
48 12
48 879
48 96
48 821
48 752
48 884
48 950
48 87
49 307
49 296
49 657
49 674
49 529
49 860
49 353
49 711
49 199
49 485
49 391
49 665
49 21
49 154
50 772
50 625
50 444
50 907
50 624
50 786
50 842
51 867
51 301
51 545
51 637
51 981
51 369
51 591
51 220
51 275
51 470
51 304
51 877
51 237
52 753
52 216
52 463
52 587
52 711
52 300
52 467
52 772
53 580
53 384
53 261
53 565
53 218
53 311
53 640
53 281
53 786
53 943
53 90
53 491
53 425
53 910
53 117
53 2
53 814
54 437
54 783
54 887
54 983
54 327
54 841
54 619
54 204
54 312
54 167
54 272
54 591
55 73
55 632
55 660
55 912
55 868
55 840
55 799
55 845
56 106
56 257
56 71
56 101
56 971
56 825
56 927
56 278
56 187
56 945
56 94
56 25
56 651
56 853
56 27
56 726
56 738
56 496
56 906
56 883
57 939
57 974
57 616
57 561
57 633
57 145
57 220
57 577
57 537
57 848
57 661
57 443
57 297
57 64
57 3
57 331
57 173
58 97
58 683
58 333
58 278
58 604
58 883
58 74
58 927
58 616
58 95
58 540
58 551
58 310
58 749
58 714
59 504
59 957
59 556
59 240
59 92
59 112
59 770
59 861
59 520
59 432
59 760
59 206
59 443
59 297
59 644
60 572
60 827
60 506
60 823
60 625
60 12
60 842
60 9
60 984
60 989
60 649
60 175
60 643
60 742
60 599
61 467
61 593
61 753
61 114
61 117
61 830
61 570
61 32
61 729
61 302
61 415
61 113
61 628
62 867
62 40
62 652
62 274
62 297
62 767
62 372
62 455
62 63
62 689
62 668
62 233
62 168
62 397
63 666
63 471
63 559
63 910
63 772
63 469
63 62
64 858
64 40
64 57
64 628
64 871
64 984
64 556
64 651
64 374
64 846
64 199
64 894
64 466
65 896
65 700
65 136
65 203
65 139
65 341
65 847
65 666
65 135
65 946
65 949
65 353
65 114
65 199
65 117
65 924
66 128
66 379
66 944
66 272
67 995
67 324
67 397
67 659
67 837
67 90
67 113
67 121
67 793
67 285
67 791
67 221
67 363
67 238
68 680
68 583
68 5
68 536
68 959
68 475
68 668
68 248
68 354
68 740
68 943
68 817
68 590
68 157
69 625
69 206
69 502
69 122
69 307
69 35
69 827
69 665
69 750
69 130
69 357
69 390
69 932
69 688
69 16
69 217
69 370
69 337
69 195
70 479
70 410
70 35
70 17
70 948
70 260
70 685
70 631
70 593
70 472
70 16
70 533
70 893
70 602
70 529
71 506
71 914
71 211
71 355
71 369
71 120
71 204
71 559
71 543
71 450
71 297
71 56
71 306
71 270
71 207
71 589
72 466
72 682
72 119
72 819
72 726
72 177
72 828
73 55
73 144
73 227
73 603
73 489
73 722
73 712
73 647
73 637
73 402
73 679
73 688
73 335
73 228
73 486
73 433
73 405
73 456
73 450
74 93
74 607
74 210
74 767
74 823
74 639
74 58
74 632
74 773
74 17
75 405
75 940
75 681
75 218
75 424
75 106
75 397
75 617
75 627
75 555
75 840
76 984
76 866
76 839
76 97
76 307
76 622
76 222
76 208
76 799
76 150
76 28
76 4
76 668
76 539
76 202
77 551
77 952
77 21
77 287
77 47
77 448
77 806
77 8
77 604
77 998
77 455
77 590
77 264
77 289
78 638
78 718
78 722
78 811
78 480
78 291
78 282
78 161
78 388
78 224
78 950
78 502
78 554
78 571
79 568
79 474
79 884
79 672
79 123
79 219
79 735
79 467
79 492
79 472
79 601
80 589
80 552
80 4
80 686
80 270
80 372
80 110
80 89
80 6
80 647
80 670
80 688
80 954
80 814
80 976
80 593
80 640
80 13
80 5
80 1000
81 204
81 84
81 702
81 148
82 361
82 433
82 693
83 779
83 906
83 461
83 776
83 154
84 895
84 949
84 1000
84 455
84 81
84 977
84 394
84 277
84 813
84 142
84 335
84 405
84 776
84 854
85 220
85 744
85 912
85 433
85 391
85 868
85 650
86 949
86 536
86 517
86 749
86 752
87 718
87 132
87 499
87 595
87 261
87 116
87 907
87 609
87 48
87 519
87 794
87 150
87 712
87 661
87 477
88 445
88 580
88 196
88 515
88 221
88 507
88 854
88 698
88 634
88 945
88 583
88 862
88 732
88 922
88 319
88 790
89 786
89 375
89 858
89 80
90 437
90 53
90 115
90 774
90 267
90 323
90 199
90 67
90 291
90 889
90 376
90 990
90 714
91 36
91 503
91 641
91 397
91 603
91 838
92 983
92 252
92 319
92 811
92 989
92 861
92 941
92 418
92 818
92 136
92 366
92 895
92 606
92 384
92 59
92 117
92 901
92 852
92 441
93 248
93 616
93 564
93 273
93 175
93 137
93 887
93 375
93 74
93 722
93 694
93 936
94 368
94 176
94 118
94 835
94 597
94 221
94 953
94 958
94 23
94 119
94 17
94 388
94 22
94 199
94 598
94 537
94 609
94 912
94 721
94 233
94 232
94 454
94 56
94 612
95 880
95 288
95 787
95 910
95 58
96 857
96 48
96 909
96 321
96 963
96 236
96 438
96 222
96 320
96 33
96 876
96 317
96 242
97 58
97 276
97 877
97 498
97 197
97 620
97 795
97 76
97 202
97 289
98 430
98 546
98 830
98 688
98 685
98 834
98 782
98 462
98 509
98 806
99 308
99 867
99 226
99 818
99 717
99 488
99 625
99 321
99 515
99 415
99 144
99 475
99 815
99 309
99 613
99 800
100 917
100 448
100 762
101 643
101 940
101 858
101 148
101 56
101 656
102 477
102 190
102 271
102 774
102 337
102 679
102 258
102 326
102 282
102 582
102 492
102 660
102 227
102 620
102 525
103 354
103 745
103 848
103 716
103 681
103 491
103 220
103 22
103 732
103 632
103 637
103 596
103 237
103 610
104 968
104 922
104 684
104 882
104 846
104 255
104 744
104 538
104 191
104 712
104 14
104 816
104 154
105 118
105 759
105 863
105 233
105 787
105 822
105 111
105 650
105 201
105 876
105 998
105 12
105 970
105 740
105 844
105 883
106 180
106 760
106 730
106 201
106 916
106 175
106 207
106 75
106 446
106 472
106 336
106 384
106 922
106 631
106 811
106 740
106 485
106 480
106 56
107 680
107 337
107 845
107 547
107 366
107 141
107 937
107 816
107 847
107 896
107 532
107 21
107 589
108 293
108 254
108 389
108 873
108 426
108 237
108 264
108 191
108 503
108 847
108 189
108 612
109 537
109 314
109 526
109 641
109 876
109 772
109 831
110 985
110 456
110 80
111 726
111 228
111 285
111 448
111 922
111 105
111 299
112 526
112 59
112 183
112 214
112 650
112 927
113 61
113 590
113 369
113 245
113 354
113 67
113 503
113 702
113 853
113 749
114 65
114 547
114 928
114 369
114 604
114 703
114 61
114 970
114 468
115 397
115 90
115 700
115 3
115 347
115 670
115 923
116 807
116 322
116 454
116 654
116 124
116 690
116 371
116 703
116 87
117 438
117 715
117 843
117 53
117 914
117 92
117 133
117 187
117 65
117 61
118 566
118 329
118 608
118 742
118 43
118 446
118 831
118 956
118 754
118 32
118 488
118 561
118 307
118 94
118 274
118 105
118 806
118 658
119 183
119 423
119 282
119 525
119 502
119 898
119 743
119 251
119 492
119 94
119 655
119 144
119 3
119 72
119 331
120 318
120 165
120 794
120 859
120 652
120 849
120 546
120 872
120 971
120 551
120 749
120 71
120 178
120 785
121 67
121 306
121 773
121 224
121 137
121 530
121 663
121 854
122 153
122 750
122 925
122 835
122 69
122 386
122 497
123 149
123 353
123 124
123 700
123 337
123 79
124 237
124 202
124 617
124 866
124 123
124 569
124 921
124 170
124 410
124 561
124 937
124 116
124 956
124 625
124 309
125 984
125 701
125 221
125 777
125 39
125 511
125 612
126 924
126 917
126 756
126 887
126 183
126 340
126 498
126 759
126 249
126 180
126 953
126 234
126 661
126 571
126 428
126 401
127 192
127 166
127 188
127 831
127 643
127 987
127 594
127 321
127 793
127 199
127 585
127 16
127 430
127 272
128 686
128 872
128 66
128 569
128 434
128 807
128 571
128 390
128 722
128 356
128 893
128 348
128 453
128 402
128 427
128 197
128 635
128 959
128 883
128 339
129 480
129 664
129 614
129 639
129 185
129 34
129 999
129 43
129 874
129 449
129 828
130 918
130 69
130 855
130 669
130 519
131 369
131 359
131 501
131 760
131 367
131 504
132 912
132 143
132 908
132 283
132 87
133 285
133 965
133 363
133 823
133 633
133 174
133 691
133 305
133 321
133 858
133 479
133 117
133 840
133 210
134 917
134 30
134 635
134 189
134 354
135 193
135 65
135 502
136 65
136 149
136 422
136 92
136 844
136 194
136 852
137 728
137 997
137 744
137 784
137 121
137 263
137 213
137 695
137 477
137 840
137 891
137 93
137 703
137 462
137 7
138 341
138 460
138 362
138 663
138 493
138 448
138 897
138 716
138 892
138 405
138 363
138 970
138 993
138 602
138 992
139 65
139 16
139 503
139 660
139 253
139 589
139 840
140 744
140 43
140 179
140 151
140 449
140 319
141 925
141 712
141 33
141 430
141 351
141 467
141 347
141 956
141 265
141 107
142 848
142 892
142 369
142 292
142 149
142 466
142 84
143 132
143 444
143 655
143 881
143 556
143 145
143 22
143 849
143 21
143 44
143 473
143 798
143 45
143 932
143 553
143 27
143 577
143 498
143 936
144 169
144 480
144 323
144 937
144 119
144 99
144 781
144 902
144 542
144 11
144 206
144 763
144 351
144 314
144 328
144 218
144 911
144 73
144 26
144 926
145 896
145 585
145 758
145 877
145 573
145 571
145 409
145 373
145 699
145 449
145 562
145 783
145 143
145 868
145 57
145 202
145 353
146 885
146 599
146 219
146 446
146 813
146 702
146 976
146 432
146 947
146 188
146 873
146 475
146 20
146 244
146 511
146 441
147 779
147 943
147 35
147 667
147 32
147 762
147 449
147 195
148 997
148 661
148 996
148 475
148 545
148 705
148 81
148 666
148 101
148 610
148 430
148 982
148 496
149 123
149 321
149 948
149 774
149 136
149 142
149 514
149 187
149 326
149 159
149 485
149 602
150 808
150 657
150 580
150 678
150 23
150 269
150 533
150 492
150 311
150 87
150 76
150 410
150 176
150 8
150 420
150 159
150 174
150 712
150 375
150 876
150 877
150 330
150 177
150 290
150 402
151 802
151 448
151 155
151 615
151 140
151 365
151 252
151 31
151 254
152 648
152 640
152 401
152 202
153 122
153 788
153 196
153 806
153 399
153 989
153 285
153 197
153 585
153 590
153 556
153 619
153 281
153 494
153 174
153 225
153 299
153 177
154 83
154 104
154 599
154 284
154 357
154 49
154 260
154 359
154 556
154 178
154 790
155 405
155 609
155 989
155 315
155 151
155 38
156 469
156 381
156 1000
156 293
156 931
156 716
156 191
156 538
156 712
156 892
156 38
157 299
157 556
157 779
157 682
157 34
157 513
157 630
157 775
157 68
157 918
157 581
157 330
157 634
158 268
158 38
158 409
158 766
159 417
159 660
159 149
159 150
159 896
159 16
159 191
159 240
159 865
159 553
159 370
159 893
159 238
159 883
160 760
160 953
160 709
160 613
160 481
160 553
160 420
160 749
160 428
160 389
161 548
161 869
161 171
161 602
161 33
161 568
161 78
161 873
161 335
161 501
161 542
162 305
162 549
162 946
162 561
162 803
162 685
162 616
162 955
162 679
162 734
162 935
162 400
163 33
163 362
163 517
163 337
163 395
163 469
164 699
164 623
164 489
164 574
164 706
164 523
164 810
164 951
164 545
164 347
165 601
165 537
165 559
165 318
165 294
165 387
165 563
165 120
166 614
166 127
166 310
166 335
166 599
166 441
167 681
167 54
167 773
167 867
167 189
167 246
167 202
168 610
168 590
168 547
168 880
168 62
168 726
168 665
168 541
169 894
169 848
169 788
169 370
169 224
169 144
169 470
169 588
169 867
170 884
170 124
170 722
170 954
170 521
170 26
170 390
170 674
171 161
171 935
171 289
172 286
172 436
172 425
172 970
172 407
172 36
172 857
172 665
172 743
172 815
172 529
172 1000
173 800
173 675
173 504
173 253
173 57
173 273
173 731
173 894
173 543
173 515
173 949
173 334
173 23
174 354
174 256
174 675
174 185
174 219
174 150
174 589
174 153
174 734
174 937
174 198
174 588
174 206
174 376
174 827
174 592
174 496
174 133
175 667
175 778
175 16
175 93
175 370
175 858
175 106
175 980
175 883
175 995
175 60
176 970
176 343
176 664
176 684
176 568
176 94
176 150
176 661
176 608
176 909
176 670
176 402
177 864
177 153
177 150
177 206
177 983
177 534
177 709
177 930
177 72
177 41
177 274
177 865
177 219
177 701
177 11
177 421
178 365
178 703
178 646
178 986
178 303
178 120
178 3
178 371
178 656
178 966
178 765
178 154
178 556
178 776
178 368
178 901
178 852
179 140
179 445
179 450
179 409
179 849
179 677
179 353
179 925
179 193
179 265
179 451
179 802
179 644
180 224
180 938
180 106
180 578
180 529
180 126
181 282
181 603
181 406
181 368
182 316
182 350
182 736
182 623
182 537
182 897
182 332
182 887
182 865
182 667
182 660
182 858
182 738
182 787
182 755
182 346
182 987
183 388
183 406
183 112
183 47
183 625
183 229
183 942
183 821
183 119
183 1
183 845
183 670
183 126
184 244
184 363
184 836
184 21
184 508
184 309
184 785
184 565
184 204
184 556
184 362
184 832
184 9
184 815
184 918
185 174
185 129
185 727
185 915
185 23
185 290
185 220
186 604
186 492
186 791
186 17
186 433
186 893
186 844
186 602
186 210
187 542
187 613
187 347
187 455
187 697
187 984
187 149
187 370
187 912
187 567
187 56
187 117
187 653
187 720
187 254
187 945
188 803
188 342
188 916
188 954
188 814
188 683
188 924
188 595
188 265
188 817
188 227
188 264
188 127
188 367
188 742
188 468
188 967
188 146
188 611
189 701
189 957
189 167
189 108
189 134
189 779
189 759
189 402
189 205
189 922
189 882
189 360
189 204
189 662
189 42
189 443
189 750
189 614
189 915
189 924
190 102
190 328
190 252
190 521
190 811
190 735
190 636
191 265
191 108
191 863
191 104
191 711
191 918
191 159
191 817
191 321
191 156
191 35
191 670
191 800
191 852
191 612
192 811
192 127
192 685
192 639
192 883
192 924
192 562
193 281
193 359
193 219
193 725
193 512
193 561
193 970
193 229
193 179
193 234
193 648
193 135
193 578
193 943
193 985
193 681
193 629
193 791
193 915
194 836
194 589
194 136
194 706
194 806
194 629
194 369
194 778
194 947
194 640
194 265
194 918
195 234
195 925
195 489
195 30
195 147
195 372
195 796
195 845
195 69
195 475
195 835
195 379
195 608
195 305
196 540
196 4
196 595
196 260
196 692
196 717
196 153
196 847
196 332
196 88
197 153
197 898
197 786
197 338
197 477
197 415
197 390
197 251
197 203
197 963
197 36
197 329
197 128
197 367
197 361
197 215
197 201
197 97
197 592
197 937
197 640
197 621
198 980
198 586
198 174
198 202
199 681
199 49
199 904
199 643
199 961
199 856
199 334
199 64
199 345
199 65
199 863
199 894
199 538
199 94
199 90
199 127
199 816
199 877
199 989
199 653
200 444
200 372
200 418
200 490
200 651
200 848
200 582
200 221
200 852
200 541
201 338
201 106
201 197
201 105
201 9
201 400
201 864
202 350
202 210
202 145
202 318
202 97
202 167
202 76
202 833
202 443
202 198
202 455
202 970
202 262
202 901
202 742
202 695
202 152
202 711
202 587
202 124
202 224
202 339
202 761
203 65
203 347
203 491
203 197
203 742
203 505
203 395
203 696
204 189
204 380
204 917
204 738
204 71
204 218
204 249
204 816
204 637
204 971
204 519
204 81
204 984
204 937
204 511
204 439
204 184
204 820
204 381
204 361
204 54
204 744
204 33
204 880
204 309
204 11
204 554
205 917
205 394
205 627
205 444
205 742
205 472
205 609
205 556
205 947
205 970
205 583
205 32
205 189
206 446
206 59
206 637
206 893
206 595
206 501
206 759
206 719
206 932
206 305
206 503
206 835
206 69
206 144
206 514
206 177
206 174
207 369
207 463
207 389
207 639
207 577
207 71
207 663
207 581
207 574
207 490
207 425
207 106
207 323
208 887
208 984
208 241
208 76
209 344
209 219
210 971
210 484
210 186
210 236
210 561
210 522
210 545
210 684
210 389
210 752
210 994
210 682
210 376
210 133
210 432
210 424
210 74
210 415
210 617
210 529
210 658
210 202
211 553
211 764
211 561
211 817
211 692
211 846
211 659
211 71
212 816
212 730
212 721
212 859
212 798
212 770
212 699
212 828
212 486
212 949
212 304
212 783
212 415
212 567
213 326
213 420
213 679
213 137
213 387
213 747
214 366
214 429
214 811
214 466
214 448
214 313
214 657
214 112
214 294
214 701
214 13
214 651
214 847
214 387
214 926
215 276
215 940
215 728
215 197
215 808
216 496
216 52
216 353
216 403
217 14
217 69
217 618
217 919
217 503
217 796
217 783
217 858
217 582
217 435
217 705
217 642
217 40
217 896
217 655
217 838
217 790
218 144
218 860
218 75
218 276
218 948
218 204
218 569
218 286
218 782
218 53
218 740
218 531
218 873
218 978
218 238
218 868
218 950
218 613
218 945
219 445
219 317
219 649
219 980
219 741
219 177
219 272
219 209
219 251
219 247
219 449
219 657
219 772
219 826
219 221
219 174
219 193
219 660
219 146
219 79
220 57
220 103
220 239
220 850
220 422
220 85
220 784
220 294
220 231
220 286
220 683
220 51
220 448
220 185
220 252
220 892
220 538
220 865
220 354
220 272
220 466
220 761
221 42
221 219
221 67
221 826
221 125
221 483
221 316
221 344
221 862
221 200
221 734
221 1
221 94
221 292
221 627
221 88
221 822
221 926
221 992
222 604
222 96
222 470
222 822
222 644
222 76
222 525
223 284
223 425
223 815
223 36
223 316
223 654
223 16
223 662
223 275
223 840
223 867
224 301
224 180
224 715
224 78
224 961
224 121
224 520
224 202
224 169
224 884
224 16
224 362
224 853
224 517
224 808
225 464
225 377
225 801
225 272
225 153
225 997
225 530
225 571
225 488
225 467
225 607
226 42
226 835
226 643
226 99
226 785
226 936
226 390
227 188
227 683
227 388
227 520
227 358
227 899
227 102
227 910
227 745
227 423
227 288
227 73
227 5
228 934
228 73
228 111
228 480
228 432
228 981
228 757
228 720
228 756
228 326
228 772
228 808
228 890
228 363
228 390
228 289
229 953
229 690
229 24
229 183
229 260
229 263
229 536
229 193
229 749
229 612
230 41
230 252
230 778
230 978
230 31
230 599
230 308
231 853
231 220
231 959
231 7
232 819
232 500
232 94
232 906
232 459
232 649
232 987
232 723
232 486
232 701
232 712
232 865
232 244
232 838
233 408
233 457
233 94
233 798
233 894
233 909
233 62
233 594
233 391
233 431
233 251
233 338
233 300
233 375
233 846
233 105
233 332
234 943
234 16
234 193
234 813
234 617
234 656
234 409
234 126
234 195
235 264
235 917
235 750
235 461
235 1000
236 96
236 970
236 210
237 108
237 872
237 774
237 818
237 366
237 103
237 246
237 545
237 973
237 51
237 316
237 744
237 274
237 124
237 321
237 251
237 720
237 599
238 682
238 218
238 748
238 663
238 862
238 814
238 411
238 494
238 19
238 159
238 67
238 472
238 730
238 292
238 865
238 281
238 608
238 749
238 38
238 785
238 864
239 251
239 220
239 688
239 503
239 351
239 36
239 588
239 915
239 762
240 798
240 59
240 159
240 354
240 605
240 707
240 1
240 874
240 331
241 808
241 208
241 815
241 955
241 543
241 405
241 933
241 908
241 896
242 520
242 27
242 968
242 41
242 96
242 632
242 639
243 853
243 42
243 16
243 849
243 982
243 352
243 244
243 599
244 733
244 626
244 429
244 243
244 146
244 670
244 232
244 427
244 342
244 819
244 969
244 184
244 587
244 551
244 732
244 453
244 778
244 651
244 700
244 742
244 395
244 512
245 338
245 354
245 639
245 113
245 606
246 867
246 991
246 758
246 418
246 167
246 601
246 237
246 617
246 299
246 453
246 828
247 798
247 834
247 885
247 479
247 987
247 619
247 870
247 999
247 4
247 556
247 691
247 862
247 922
247 219
247 443
247 48
247 747
247 339
247 732
248 679
248 503
248 68
248 835
248 93
248 736
248 602
248 931
248 864
249 358
249 405
249 204
249 381
249 628
249 126
250 39
250 749
250 822
250 449
251 571
251 233
251 640
251 842
251 119
251 893
251 310
251 239
251 578
251 590
251 306
251 237
251 955
251 902
251 197
251 219
251 48
251 847
251 621
251 910
251 606
251 954
251 874
251 992
252 875
252 918
252 821
252 25
252 230
252 678
252 468
252 220
252 553
252 151
252 946
252 791
252 975
252 862
252 190
252 620
252 503
252 797
252 317
252 92
252 276
252 470
252 475
252 595
252 653
252 613
252 867
253 412
253 617
253 139
253 359
253 9
253 18
253 477
253 32
253 173
253 323
254 757
254 670
254 915
254 908
254 187
254 823
254 151
254 452
254 614
254 108
254 501
254 294
254 265
254 578
254 950
254 421
255 104
255 483
255 655
255 982
255 947
255 937
255 12
255 620
255 435
256 834
256 174
256 524
256 309
257 306
257 604
257 788
257 744
257 551
257 909
257 56
257 331
257 409
258 986
258 901
258 688
258 757
258 435
258 805
258 102
258 846
258 319
259 394
259 619
259 990
259 452
260 750
260 229
260 526
260 70
260 196
260 896
260 299
260 154
260 484
260 278
261 940
261 53
261 39
261 387
261 87
261 421
261 864
262 662
262 888
262 18
262 335
262 7
262 202
263 330
263 629
263 229
263 137
263 435
264 188
264 235
264 108
264 280
264 353
264 77
264 706
264 5
265 975
265 267
265 141
265 179
265 947
265 438
265 948
265 254
265 320
265 194
265 546
265 381
265 347
265 866
265 191
265 310
265 496
265 751
265 188
266 750
266 632
266 937
266 370
266 761
267 577
267 590
267 917
267 90
267 722
267 929
267 265
267 980
267 389
267 323
268 158
268 577
268 852
268 979
268 360
268 922
268 405
268 873
268 646
269 150
269 525
270 602
270 434
270 312
270 812
270 71
270 798
270 517
270 542
270 811
270 43
270 381
270 779
270 711
270 48
270 327
270 707
270 80
270 562
271 744
271 568
271 472
271 871
271 102
271 604
271 827
271 425
271 479
271 22
271 768
272 28
272 732
272 490
272 805
272 220
272 905
272 66
272 818
272 127
272 382
272 952
272 862
272 918
272 219
272 605
272 641
272 225
272 54
273 93
273 539
273 173
273 768
274 177
274 312
274 512
274 392
274 735
274 537
274 983
274 237
274 863
274 118
274 7
274 637
274 20
274 954
274 749
274 299
274 62
274 599
274 636
275 364
275 767
275 35
275 51
275 223
275 598
275 609
275 661
275 479
275 752
275 302
276 306
276 439
276 504
276 380
276 215
276 898
276 508
276 97
276 252
276 543
276 826
276 677
276 897
276 300
276 218
276 876
276 847
276 617
276 646
277 639
277 379
277 511
277 665
277 84
277 29
277 550
277 441
278 260
278 45
278 971
278 560
278 969
278 594
278 58
278 56
279 648
279 585
279 376
279 792
279 620
280 510
280 296
280 735
280 710
280 850
280 602
280 609
280 743
280 264
280 581
280 815
281 323
281 153
281 790
281 480
281 238
281 797
281 433
281 717
281 364
281 663
281 40
281 516
281 502
281 362
281 922
281 193
281 53
281 18
281 332
281 583
281 612
281 403
282 181
282 664
282 354
282 606
282 779
282 861
282 78
282 760
282 567
282 806
282 102
282 119
283 132
283 608
283 309
283 580
283 335
283 415
283 764
284 603
284 718
284 772
284 437
284 851
284 489
284 27
284 565
284 782
284 935
284 415
284 339
284 686
284 304
284 486
284 223
284 515
284 702
284 154
284 790
284 612
285 153
285 67
285 442
285 111
285 555
285 681
285 352
285 133
286 777
286 893
286 676
286 745
286 218
286 628
286 796
286 360
286 862
286 782
286 486
286 681
286 906
286 376
286 220
286 172
286 31
286 562
287 521
287 608
287 539
287 340
287 572
287 930
287 713
287 747
287 897
287 590
287 30
287 77
288 35
288 95
288 448
288 227
288 791
288 648
288 405
289 345
289 472
289 228
289 97
289 952
289 171
289 347
289 796
289 45
289 77
289 922
289 833
289 353
289 801
289 742
290 185
290 150
290 691
290 362
290 475
290 786
290 995
290 926
291 647
291 510
291 90
291 78
291 326
291 727
291 415
291 614
291 980
291 920
292 221
292 960
292 327
292 767
292 142
292 238
292 707
292 470
292 358
292 461
292 729
292 590
292 712
292 601
292 736
292 772
292 875
293 410
293 108
293 925
293 156
293 764
293 26
293 768
294 878
294 424
294 756
294 165
294 254
294 598
294 220
294 887
294 396
294 214
294 387
295 36
295 933
295 586
295 388
296 760
296 280
296 314
296 49
296 852
296 308
297 59
297 57
297 634
297 71
297 504
297 17
297 325
297 29
297 328
297 778
297 982
297 425
297 23
297 747
297 320
297 62
297 402
298 629
298 623
299 47
299 246
299 806
299 483
299 418
299 153
299 260
299 608
299 111
299 274
299 471
299 157
299 848
299 456
300 276
300 372
300 745
300 625
300 752
300 233
300 749
300 607
300 52
300 665
300 921
300 405
300 641
301 224
301 517
301 929
301 51
301 767
302 587
302 275
302 431
302 400
302 764
302 651
302 61
302 372
303 475
303 178
303 319
303 612
304 613
304 521
304 668
304 284
304 212
304 43
304 416
304 51
304 535
304 887
304 834
304 518
304 608
304 31
305 343
305 378
305 363
305 206
305 817
305 28
305 195
305 133
305 162
305 390
306 257
306 982
306 121
306 484
306 71
306 276
306 894
306 251
306 911
306 844
306 339
306 945
307 686
307 993
307 40
307 614
307 800
307 999
307 337
307 700
307 118
307 735
307 615
307 788
307 69
307 637
307 556
307 49
307 30
307 387
307 76
307 649
308 500
308 520
308 389
308 820
308 230
308 296
308 99
308 386
308 512
308 663
308 834
309 256
309 99
309 448
309 655
309 962
309 445
309 801
309 659
309 204
309 124
309 477
309 430
309 453
309 505
309 184
309 283
310 935
310 795
310 326
310 265
310 643
310 58
310 166
310 741
310 336
310 251
310 432
310 471
310 318
310 4
310 736
310 844
311 569
311 150
311 880
311 450
311 53
311 772
312 22
312 598
312 54
312 274
312 787
312 614
312 326
312 270
312 611
312 1000
313 425
313 5
313 794
313 359
313 851
313 807
313 553
313 949
313 214
313 696
314 417
314 641
314 878
314 109
314 781
314 144
314 296
314 373
314 716
314 604
314 835
315 707
315 155
315 518
315 880
315 385
315 404
315 39
315 386
315 649
315 390
316 609
316 951
316 221
316 182
316 722
316 223
316 317
316 959
316 696
316 237
316 525
317 484
317 375
317 780
317 955
317 957
317 611
317 622
317 360
317 531
317 981
317 619
317 96
317 316
317 816
317 788
317 681
317 688
317 219
317 252
317 864
318 310
318 366
318 915
318 451
318 364
318 804
318 165
318 929
318 369
318 404
318 741
318 471
318 711
318 20
318 938
318 892
318 799
318 120
318 202
319 258
319 303
319 587
319 88
319 140
319 573
319 918
319 851
319 92
319 593
319 874
320 621
320 297
320 963
320 483
320 546
320 36
320 559
320 922
320 448
320 666
320 96
320 265
320 542
320 670
320 594
320 814
320 390
320 768
321 237
321 38
321 191
321 933
321 508
321 545
321 133
321 984
321 99
321 96
321 149
321 430
321 338
321 127
321 742
321 529
322 116
322 581
323 207
323 253
323 983
323 843
323 452
323 674
323 739
323 934
323 267
323 371
323 599
323 90
323 281
323 144
323 32
323 995
323 790
324 643
324 67
324 848
324 415
324 871
324 747
325 587
325 971
325 417
325 631
325 297
325 48
325 742
325 382
325 834
326 474
326 997
326 462
326 506
326 149
326 423
326 538
326 213
326 897
326 291
326 312
326 604
326 102
326 933
326 424
326 310
326 742
326 382
326 228
326 603
327 270
327 991
327 534
327 361
327 942
327 985
327 54
327 292
327 808
327 987
327 331
327 372
328 978
328 190
328 297
328 340
328 634
328 697
328 144
328 521
328 671
328 696
328 802
328 562
329 118
329 827
329 197
329 367
329 456
329 452
329 901
329 696
330 900
330 490
330 523
330 564
330 739
330 263
330 988
330 936
330 150
330 157
330 34
330 816
330 391
330 825
331 240
331 662
331 977
331 880
331 448
331 996
331 327
331 57
331 950
331 993
331 379
331 626
331 257
331 748
331 119
331 611
331 520
331 531
331 449
331 867
332 182
332 196
332 351
332 532
332 448
332 746
332 281
332 233
332 375
332 588
332 920
333 692
333 471
333 58
333 791
333 922
333 397
333 606
333 945
334 669
334 47
334 16
334 795
334 868
334 173
334 14
334 592
334 551
334 604
334 492
334 199
335 810
335 819
335 161
335 73
335 971
335 283
335 922
335 498
335 262
335 166
335 816
335 531
335 653
335 599
335 84
336 991
336 558
336 310
336 878
336 508
336 106
336 377
336 437
336 979
336 650
336 737
336 440
336 820
336 585
336 485
336 877
336 625
336 612
337 556
337 123
337 664
337 870
337 596
337 163
337 69
337 677
337 643
337 102
337 307
337 703
337 36
337 752
337 107
337 906
338 860
338 581
338 201
338 321
338 834
338 14
338 245
338 233
338 417
338 598
338 197
338 732
338 590
338 847
339 823
339 850
339 865
339 202
339 522
339 128
339 484
339 306
339 434
339 745
339 247
339 617
339 829
339 370
339 776
339 559
339 284
339 785
340 328
340 608
340 287
340 477
340 126
340 612
341 138
341 846
341 65
341 629
341 607
342 188
342 370
342 738
342 244
343 360
343 305
343 847
343 583
343 176
343 790
344 209
344 486
344 424
344 866
344 702
344 732
344 4
344 906
344 692
344 221
344 552
344 494
345 199
345 32
345 23
345 939
345 289
346 643
346 459
346 516
346 584
346 847
346 182
346 1
346 984
346 543
346 621
346 349
347 265
347 203
347 456
347 476
347 391
347 164
347 643
347 763
347 141
347 955
347 733
347 367
347 745
347 115
347 33
347 187
347 893
347 896
347 289
347 920
348 791
348 764
348 16
348 515
348 128
348 550
348 525
349 627
349 767
349 950
349 819
349 603
349 946
349 879
349 433
349 839
349 760
349 346
349 880
349 745
349 884
349 778
349 783
349 388
349 595
349 578
349 620
349 926
350 632
350 182
350 409
350 202
351 18
351 905
351 141
351 239
351 742
351 711
351 437
351 144
351 332
351 430
351 23
351 589
352 763
352 654
352 243
352 474
352 445
352 782
352 285
352 537
352 492
352 595
352 674
353 462
353 26
353 633
353 665
353 179
353 522
353 289
353 49
353 355
353 360
353 919
353 123
353 593
353 65
353 401
353 513
353 505
353 216
353 145
353 264
353 660
353 619
353 842
353 674
354 553
354 240
354 482
354 366
354 220
354 659
354 671
354 245
354 134
354 174
354 282
354 68
354 835
354 655
354 103
354 617
354 628
354 555
354 395
354 569
354 802
354 735
354 113
355 353
355 829
355 71
356 526
356 728
356 128
356 559
356 924
356 945
357 711
357 69
357 428
357 857
357 154
358 427
358 965
358 359
358 249
358 879
358 660
358 881
358 227
358 925
358 292
358 694
358 847
358 653
358 38
359 546
359 637
359 565
359 131
359 844
359 435
359 537
359 154
359 996
359 574
359 358
359 732
359 922
359 193
359 955
359 253
359 594
359 313
360 374
360 739
360 343
360 189
360 395
360 792
360 711
360 353
360 286
360 317
360 915
360 620
360 268
361 82
361 423
361 474
361 897
361 17
361 197
361 204
361 787
361 327
361 617
361 400
362 281
362 459
362 715
362 290
362 224
362 769
362 163
362 184
362 569
362 585
362 420
362 853
362 384
362 662
362 388
362 138
362 782
362 990
362 479
362 571
362 772
363 560
363 138
363 517
363 67
363 228
363 184
363 400
363 537
363 305
363 927
363 601
363 813
363 486
363 742
363 993
363 133
364 778
364 318
364 601
364 982
364 281
364 275
364 668
364 990
364 498
364 649
364 831
364 636
364 441
365 536
365 22
365 889
365 749
365 178
365 151
365 720
365 759
365 920
366 318
366 354
366 92
366 773
366 237
366 812
366 214
366 32
366 107
366 1000
367 329
367 131
367 661
367 782
367 497
367 594
367 691
367 188
367 381
367 197
367 347
367 1
367 567
367 23
368 637
368 412
368 178
368 634
368 413
368 181
368 94
368 712
368 880
368 613
369 131
369 194
369 51
369 596
369 998
369 997
369 716
369 816
369 142
369 964
369 993
369 509
369 318
369 114
369 792
369 113
369 71
369 207
369 696
370 774
370 342
370 187
370 736
370 159
370 69
370 386
370 169
370 266
370 175
370 882
370 339
370 443
370 496
370 997
370 387
370 1000
371 116
371 834
371 44
371 813
371 701
371 683
371 415
371 889
371 855
371 178
371 578
371 926
371 323
372 327
372 466
372 34
372 383
372 829
372 302
372 300
372 200
372 892
372 659
372 80
372 62
372 195
373 503
373 471
373 530
373 314
373 650
373 845
373 145
374 465
374 531
374 519
374 565
374 20
374 64
374 708
374 405
374 360
374 935
374 656
375 89
375 640
375 332
375 93
375 581
375 435
375 741
375 14
375 528
375 150
375 233
375 819
375 854
375 753
375 996
375 940
375 909
375 317
376 279
376 544
376 286
376 90
376 395
376 478
376 36
376 462
376 700
376 773
376 802
376 210
376 174
377 336
377 31
377 225
378 385
378 587
378 305
378 559
378 578
378 759
378 871
379 277
379 66
379 525
379 195
379 984
379 936
379 35
379 750
379 902
379 331
380 691
380 204
380 276
381 367
381 270
381 265
381 249
381 736
381 899
381 723
381 450
381 902
381 204
381 947
381 156
381 11
382 966
382 16
382 705
382 326
382 325
382 894
382 4
382 668
382 272
383 593
383 29
383 410
383 18
383 911
383 539
383 456
383 372
384 765
384 106
384 362
384 92
384 511
384 762
384 479
384 427
384 27
384 547
384 53
384 802
385 786
385 378
385 442
385 596
385 802
385 665
385 574
385 545
385 315
385 782
385 723
385 603
386 728
386 973
386 1000
386 308
386 122
386 315
386 553
386 27
386 655
386 370
386 602
387 914
387 536
387 489
387 370
387 294
387 213
387 261
387 740
387 307
387 824
387 165
387 214
387 568
387 925
387 545
387 37
387 993
387 40
387 559
388 927
388 894
388 666
388 362
388 349
388 78
388 548
388 295
388 628
388 612
388 640
388 227
388 94
388 827
388 632
388 880
388 655
388 183
388 959
389 558
389 10
389 735
389 976
389 567
389 160
389 267
389 990
389 38
389 888
389 719
389 108
389 815
389 918
389 207
389 650
389 210
389 308
390 714
390 305
390 226
390 976
390 315
390 959
390 464
390 320
390 228
390 170
390 471
390 128
390 69
390 197
391 469
391 330
391 85
391 998
391 922
391 49
391 347
391 728
391 28
391 233
391 479
391 643
391 542
391 532
392 446
392 858
392 645
392 962
392 881
392 7
392 863
392 274
392 791
392 947
392 428
392 394
392 583
393 400
393 608
393 590
393 526
393 889
393 581
394 259
394 792
394 517
394 464
394 392
394 961
394 774
394 965
394 643
394 424
394 41
394 40
394 84
394 205
394 842
395 648
395 429
395 244
395 163
395 203
395 424
395 946
395 809
395 766
395 354
395 698
395 360
395 376
395 908
395 694
395 396
395 498
396 493
396 540
396 294
396 395
396 629
396 784
396 642
396 989
396 667
396 946
396 567
397 591
397 115
397 400
397 41
397 91
397 853
397 888
397 62
397 333
397 75
397 67
397 568
397 998
398 739
398 736
398 854
398 892
398 788
398 504
398 719
398 917
398 637
398 703
398 990
398 485
398 613
399 681
399 153
399 582
399 707
399 38
400 363
400 302
400 679
400 486
400 361
400 862
400 162
400 201
400 18
400 22
400 884
400 813
400 393
400 397
400 644
400 421
401 683
401 126
401 788
401 152
401 3
401 708
401 588
401 640
401 866
401 16
401 984
401 353
401 755
401 743
401 871
401 620
402 674
402 406
402 150
402 470
402 651
402 297
402 176
402 746
402 997
402 73
402 128
402 800
402 189
403 839
403 216
403 475
403 281
403 756
403 42
403 524
404 318
404 733
404 315
405 374
405 592
405 300
405 75
405 692
405 454
405 966
405 835
405 138
405 249
405 155
405 951
405 431
405 994
405 241
405 84
405 288
405 944
405 268
405 73
405 679
405 424
405 847
405 723
406 519
406 22
406 181
406 432
406 987
406 900
406 639
406 503
406 661
406 183
406 816
406 542
406 402
407 41
407 703
407 30
407 172
407 539
407 552
407 9
407 449
408 619
408 233
408 517
408 967
408 910
408 825
409 912
409 645
409 158
409 234
409 532
409 591
409 350
409 257
409 424
409 937
409 666
409 734
409 179
409 145
410 982
410 835
410 937
410 30
410 823
410 293
410 124
410 656
410 741
410 383
410 150
410 70
410 901
410 996
411 731
411 450
411 238
412 757
412 422
412 712
412 37
412 921
412 537
412 253
412 368
413 577
413 492
413 33
413 582
413 368
414 461
414 800
415 212
415 61
415 760
415 669
415 515
415 870
415 210
415 609
415 99
415 674
415 443
415 914
415 291
415 880
415 849
415 283
415 324
415 865
415 962
415 454
415 420
415 197
415 371
415 284
416 468
416 538
416 304
416 849
416 40
416 924
416 920
417 159
417 314
417 338
417 783
417 787
417 325
418 587
418 200
418 835
418 927
418 92
418 517
418 299
418 746
418 563
418 246
419 632
419 14
419 470
419 894
419 877
419 595
419 924
420 496
420 362
420 150
420 503
420 977
420 631
420 431
420 778
420 415
420 728
420 941
420 28
420 700
420 809
420 160
420 764
420 732
420 213
420 587
420 667
420 851
420 703
421 24
421 842
421 177
421 254
421 400
421 261
421 561
421 545
421 808
421 967
422 136
422 549
422 13
422 692
422 624
422 999
422 220
422 582
422 412
422 924
423 361
423 326
423 999
423 119
423 227
423 663
423 790
424 394
424 326
424 210
424 405
424 75
424 793
424 609
424 344
424 30
424 294
424 395
424 409
424 881
425 634
425 297
425 741
425 459
425 867
425 207
425 53
425 513
425 10
425 271
425 609
425 592
425 888
425 223
425 172
425 568
425 620
425 497
425 313
426 651
426 108
426 545
426 787
426 825
426 1000
426 892
427 358
427 384
427 640
427 244
427 787
427 128
428 476
428 601
428 357
428 562
428 392
428 126
428 828
428 160
428 781
429 851
429 650
429 437
429 244
429 954
429 214
429 395
430 44
430 321
430 148
430 845
430 309
430 858
430 449
430 463
430 874
430 127
430 141
430 931
430 351
430 910
430 482
430 98
430 578
430 762
431 420
431 405
431 827
431 591
431 233
431 609
431 302
432 44
432 875
432 45
432 210
432 310
432 824
432 593
432 844
432 4
432 914
432 697
432 551
432 228
432 692
432 59
432 146
432 406
432 945
433 773
433 85
433 709
433 823
433 186
433 73
433 9
433 82
433 551
433 887
433 982
433 281
433 720
433 762
433 349
433 658
434 128
434 694
434 935
434 646
434 270
434 339
435 530
435 519
435 255
435 778
435 263
435 850
435 987
435 359
435 217
435 375
435 258
435 635
436 691
436 726
436 849
436 27
436 172
436 571
436 840
436 842
437 978
437 616
437 570
437 32
437 462
437 908
437 429
437 663
437 824
437 351
437 969
437 768
437 929
437 668
437 871
437 568
437 54
437 946
437 336
437 90
437 487
437 980
437 842
437 613
437 284
438 604
438 13
438 490
438 96
438 949
438 265
438 117
439 276
439 204
439 811
439 825
440 639
440 336
440 545
440 583
440 910
440 602
440 636
441 92
441 816
441 364
441 538
441 815
441 477
441 277
441 166
441 611
441 472
441 146
441 778
441 17
442 385
442 285
442 792
442 505
442 949
443 662
443 611
443 59
443 189
443 644
443 247
443 57
443 695
443 36
443 370
443 949
443 415
443 915
443 693
443 202
444 200
444 143
444 885
444 205
444 50
445 811
445 889
445 219
445 352
445 701
445 847
445 88
445 179
445 23
445 309
445 38
446 392
446 778
446 206
446 118
446 106
446 146
446 555
447 28
447 985
448 100
448 320
448 494
448 547
448 946
448 888
448 973
448 111
448 760
448 873
448 288
448 138
448 987
448 732
448 736
448 993
448 77
448 332
448 949
448 151
448 220
448 214
448 331
448 309
448 996
448 644
449 250
449 331
449 659
449 871
449 129
449 407
449 828
449 991
449 147
449 140
449 685
449 430
449 16
449 752
449 20
449 219
449 990
449 145
450 740
450 797
450 631
450 311
450 922
450 613
450 608
450 381
450 71
450 813
450 411
450 19
450 73
450 179
450 551
451 976
451 179
451 29
451 783
451 814
451 984
451 601
451 482
451 318
451 829
451 583
452 837
452 798
452 329
452 698
452 259
452 536
452 643
452 956
452 254
452 323
453 722
453 309
453 15
453 651
453 482
453 500
453 244
453 749
453 621
453 730
453 775
453 990
453 246
453 128
454 518
454 748
454 415
454 684
454 818
454 779
454 506
454 94
454 651
454 563
454 116
454 405
454 734
455 707
455 187
455 84
455 77
455 62
455 202
456 329
456 383
456 110
456 299
456 587
456 1000
456 42
456 478
456 677
456 73
456 532
456 347
456 985
456 655
456 954
456 519
457 866
457 543
457 233
457 578
457 469
458 908
459 362
459 346
459 940
459 711
459 425
459 640
459 232
459 552
460 918
460 590
460 138
460 847
460 475
461 613
461 83
461 914
461 845
461 414
461 235
461 935
461 802
461 662
461 543
461 604
461 609
461 292
461 726
461 606
462 633
462 783
462 886
462 931
462 376
462 817
462 928
462 137
462 98
462 640
462 353
462 701
462 326
462 777
462 437
462 467
462 894
463 430
463 551
463 52
463 207
463 936
464 871
464 394
464 31
464 225
464 563
464 390
464 562
465 821
465 791
465 374
465 635
466 220
466 553
466 64
466 875
466 602
466 801
466 142
466 913
466 585
466 892
466 214
466 72
466 915
466 372
467 462
467 5
467 771
467 492
467 891
467 744
467 52
467 225
467 141
467 39
467 701
467 23
467 61
467 79
467 945
468 416
468 188
468 587
468 698
468 995
468 567
468 609
468 907
468 114
468 990
468 870
468 252
468 665
468 720
469 580
469 40
469 63
469 797
469 457
469 163
469 724
469 569
469 728
469 156
469 391
469 589
470 496
470 252
470 652
470 732
470 31
470 419
470 222
470 902
470 504
470 550
470 787
470 51
470 940
470 169
470 503
470 292
470 517
470 845
470 402
471 299
471 1000
471 63
471 511
471 748
471 390
471 333
471 318
471 610
471 577
471 595
471 373
471 310
471 728
471 486
471 29
471 702
471 993
471 571
471 646
471 936
472 822
472 106
472 238
472 883
472 565
472 79
472 783
472 995
472 70
472 813
472 918
472 977
472 730
472 585
472 271
472 504
472 38
472 205
472 289
472 441
473 876
473 692
473 486
473 143
473 847
473 939
474 326
474 361
474 352
474 79
475 303
475 652
475 608
475 146
475 958
475 195
475 5
475 947
475 290
475 99
475 252
475 758
475 460
475 68
475 148
475 883
475 403
476 347
476 568
476 518
476 428
476 740
476 530
476 32
477 830
477 761
477 309
477 340
477 253
477 655
477 964
477 992
477 87
477 102
477 197
477 660
477 137
477 635
477 539
477 1
477 720
477 650
477 441
478 545
478 376
478 524
478 456
478 924
478 831
479 391
479 362
479 275
479 271
479 133
479 16
479 384
479 70
479 247
479 761
480 824
480 18
480 663
480 672
480 106
480 577
480 918
480 228
480 129
480 281
480 144
480 78
481 827
481 160
481 653
482 656
482 430
482 977
482 451
482 962
482 510
482 12
482 453
482 354
482 553
483 994
483 537
483 712
483 617
483 801
483 716
483 648
483 255
483 530
483 859
483 2
483 221
483 788
483 299
483 320
483 840
484 1000
484 768
484 590
484 496
484 260
484 46
484 747
484 942
484 637
484 306
484 817
484 640
484 893
484 317
484 602
484 23
484 339
484 210
485 106
485 915
485 770
485 821
485 808
485 398
485 3
485 49
485 336
485 149
485 730
485 585
485 813
485 995
485 767
486 212
486 833
486 286
486 473
486 602
486 847
486 232
486 732
486 363
486 836
486 284
486 911
486 821
486 73
486 639
486 400
486 574
486 344
486 851
486 779
486 586
486 471
487 971
487 437
487 623
487 648
487 552
488 99
488 118
488 822
488 225
488 700
488 18
488 619
488 591
488 38
488 807
488 889
488 4
488 959
489 164
489 73
489 915
489 595
489 387
489 589
489 284
489 195
489 828
490 207
490 836
490 501
490 874
490 37
490 802
490 438
490 601
490 330
490 543
490 200
490 272
491 798
491 17
491 952
491 203
491 18
491 970
491 103
491 641
491 974
491 53
491 740
491 517
491 787
491 735
492 119
492 857
492 102
492 352
492 413
492 334
492 689
492 186
492 585
492 951
492 150
492 467
492 614
492 771
492 901
492 79
493 870
493 749
493 934
493 31
493 631
493 138
493 396
493 498
493 653
493 762
493 894
493 562
493 864
494 506
494 949
494 608
494 344
494 153
494 940
494 28
494 448
494 238
494 730
494 550
494 759
495 849
495 20
495 39
496 265
496 174
496 945
496 148
496 533
496 56
496 216
496 678
496 916
496 420
496 7
496 957
496 470
496 498
496 484
496 842
496 370
497 851
497 648
497 954
497 586
497 425
497 122
497 367
497 772
497 828
498 681
498 143
498 941
498 395
498 493
498 944
498 496
498 731
498 364
498 744
498 97
498 17
498 736
498 742
498 335
498 126
499 760
499 808
499 87
500 453
500 232
500 839
500 7
500 808
500 308
501 131
501 254
501 161
501 692
501 681
501 206
501 490
501 738
501 801
502 762
502 597
502 667
502 78
502 561
502 840
502 696
502 135
502 786
502 69
502 281
502 119
502 939
503 108
503 669
503 881
503 32
503 239
503 11
503 113
503 917
503 962
503 248
503 470
503 206
503 517
503 139
503 406
503 627
503 1000
503 898
503 91
503 373
503 420
503 217
503 252
503 834
503 730
503 772
504 523
504 624
504 737
504 894
504 762
504 131
504 890
504 472
504 984
504 978
504 276
504 59
504 637
504 297
504 470
504 398
504 173
505 774
505 641
505 872
505 579
505 442
505 953
505 559
505 203
505 309
505 569
505 353
505 844
505 567
506 968
506 607
506 874
506 326
506 917
506 60
506 17
506 454
506 844
506 71
506 494
507 946
507 782
507 908
507 88
507 772
508 336
508 276
508 609
508 788
508 7
508 321
508 184
508 629
508 599
509 32
509 706
509 760
509 987
509 544
509 41
509 983
509 98
509 906
509 369
509 957
509 651
510 280
510 291
510 482
510 539
510 589
511 782
511 146
511 277
511 17
511 125
511 850
511 471
511 204
511 384
511 18
511 35
511 525
512 904
512 791
512 699
512 244
512 45
512 308
512 274
512 193
512 940
512 517
512 532
512 828
513 353
513 425
513 909
513 720
513 157
514 792
514 206
514 594
514 561
514 625
514 662
514 149
515 698
515 955
515 618
515 284
515 687
515 819
515 348
515 99
515 658
515 173
515 415
515 88
516 346
516 985
516 764
516 281
516 787
516 732
516 656
516 924
517 841
517 408
517 512
517 163
517 695
517 552
517 86
517 562
517 470
517 418
517 224
517 700
517 301
517 668
517 394
517 559
517 503
517 491
517 363
517 738
517 270
518 631
518 476
518 906
518 803
518 43
518 304
518 566
518 22
518 793
518 938
518 454
518 811
518 315
519 537
519 536
519 804
519 2
519 564
519 728
519 130
519 675
519 456
519 21
519 204
519 938
519 374
519 406
519 435
519 87
520 984
520 577
520 227
520 59
520 556
520 224
520 787
520 331
520 795
520 242
520 308
521 190
521 597
521 972
521 170
521 814
521 304
521 871
521 946
521 328
521 287
521 588
521 746
522 353
522 808
522 339
522 764
522 210
523 35
523 330
523 744
523 164
523 504
524 935
524 11
524 651
524 403
524 478
524 691
524 256
524 657
524 853
524 779
525 574
525 917
525 269
525 348
525 556
525 923
525 316
525 511
525 222
525 102
525 918
525 379
525 119
525 656
526 695
526 356
526 112
526 393
526 639
526 260
526 16
526 109
526 534
526 922
526 880
526 944
526 949
526 530
527 946
527 643
527 761
528 776
528 375
528 822
528 726
529 70
529 321
529 713
529 632
529 210
529 914
529 172
529 180
529 728
529 938
529 826
529 49
529 722
529 610
530 942
530 526
530 476
530 373
530 121
530 951
530 483
530 893
530 601
530 225
530 435
531 335
531 877
531 218
531 16
531 36
531 885
531 876
531 374
531 893
531 317
531 331
531 939
532 575
532 596
532 819
532 107
532 37
532 512
532 391
532 954
532 640
532 775
532 701
532 806
532 456
532 332
532 771
532 409
533 544
533 70
533 718
533 793
533 150
533 661
533 496
533 656
533 562
534 908
534 327
534 526
534 845
534 177
535 43
535 304
536 822
536 665
536 1
536 908
536 365
536 928
536 968
536 86
536 686
536 759
536 918
536 68
536 229
536 659
536 651
536 452
536 387
536 750
536 519
537 57
537 109
537 94
537 412
537 34
537 165
537 352
537 584
537 363
537 791
537 483
537 884
537 359
537 274
537 182
537 729
537 938
537 519
537 875
538 927
538 199
538 26
538 416
538 602
538 739
538 618
538 812
538 104
538 220
538 968
538 156
538 326
538 835
538 685
538 703
538 13
538 751
538 441
538 674
539 383
539 273
539 510
539 76
539 648
539 477
539 790
539 606
539 407
539 702
539 625
539 555
539 806
539 655
539 892
539 287
539 649
539 992
540 196
540 729
540 591
540 846
540 694
540 990
540 396
540 58
540 876
541 652
541 563
541 998
541 886
541 1000
541 545
541 168
541 656
541 200
541 760
541 749
541 21
542 161
542 752
542 751
542 659
542 951
542 320
542 873
542 406
542 391
542 631
542 187
542 876
542 144
542 270
543 71
543 241
543 461
543 457
543 490
543 173
543 780
543 869
543 346
543 971
543 723
543 276
543 790
544 376
544 533
544 509
544 938
544 924
545 440
545 606
545 421
545 385
545 973
545 861
545 916
545 593
545 426
545 478
545 993
545 32
545 387
545 164
545 34
545 321
545 237
545 148
545 51
545 210
545 541
546 691
546 359
546 834
546 20
546 98
546 265
546 320
546 856
546 120
547 786
547 629
547 168
547 384
547 114
547 448
547 888
547 107
547 874
547 38
548 779
548 161
548 742
548 388
549 637
549 422
549 661
549 585
549 162
549 562
550 494
550 760
550 679
550 903
550 277
550 348
550 829
550 470
550 623
551 58
551 120
551 433
551 463
551 334
551 595
551 432
551 244
551 257
551 697
551 21
551 831
551 931
551 450
551 770
551 667
551 574
551 77
551 959
552 802
552 344
552 407
552 816
552 459
552 487
552 517
552 80
553 313
553 767
553 386
553 143
553 160
553 211
553 770
553 998
553 159
553 482
553 705
553 252
553 590
553 354
553 665
553 649
553 466
554 204
554 78
554 663
554 915
555 627
555 7
555 935
555 683
555 793
555 446
555 75
555 354
555 832
555 662
555 285
555 539
555 613
556 184
556 64
556 205
556 910
556 153
556 307
556 520
556 178
556 247
556 154
556 157
556 887
556 834
556 59
556 951
556 34
556 998
556 143
556 640
556 990
556 755
556 337
556 525
557 28
557 668
557 822
557 562
558 336
558 734
558 389
559 71
559 836
559 566
559 734
559 165
559 709
559 517
559 320
559 648
559 796
559 63
559 776
559 699
559 356
559 339
559 387
559 975
559 378
559 877
559 980
559 505
560 40
560 363
560 926
560 278
561 421
561 211
561 124
561 901
561 118
561 807
561 580
561 676
561 873
561 45
561 193
561 162
561 915
561 502
561 762
561 57
561 210
561 514
561 767
562 145
562 993
562 973
562 533
562 192
562 730
562 464
562 849
562 328
562 557
562 549
562 270
562 890
562 493
562 286
562 428
562 517
563 464
563 418
563 622
563 165
563 653
563 853
563 454
563 541
564 27
564 701
564 330
564 667
564 93
564 885
564 664
564 571
564 1000
564 762
564 519
564 831
565 472
565 359
565 53
565 374
565 646
565 184
565 589
565 284
566 118
566 559
566 518
566 622
567 282
567 212
567 712
567 367
567 187
567 969
567 396
567 505
567 793
567 38
567 862
567 749
567 468
567 389
568 437
568 959
568 635
568 387
568 476
568 397
568 743
568 615
568 176
568 690
568 620
568 425
568 271
568 712
568 660
568 679
568 161
568 20
568 722
568 742
568 37
568 822
568 79
569 505
569 777
569 977
569 570
569 311
569 218
569 645
569 779
569 354
569 128
569 362
569 20
569 124
569 688
569 14
569 469
569 945
570 569
570 61
570 604
570 437
570 584
570 893
570 1000
570 799
570 669
571 963
571 436
571 471
571 791
571 893
571 564
571 126
571 362
571 78
571 251
571 128
571 938
571 989
571 1
571 225
571 145
572 60
572 604
572 729
572 617
572 812
572 287
572 598
573 668
573 742
573 319
573 145
574 952
574 704
574 904
574 385
574 486
574 45
574 207
574 551
574 976
574 652
574 359
574 590
574 164
574 525
575 849
575 532
575 714
576 792
577 57
577 853
577 143
577 413
577 878
577 520
577 267
577 480
577 16
577 626
577 841
577 774
577 617
577 817
577 471
577 982
577 816
577 207
577 268
578 254
578 378
578 986
578 371
578 349
578 180
578 22
578 909
578 430
578 457
578 193
578 251
579 911
579 505
579 614
579 762
579 814
580 862
580 561
580 150
580 53
580 621
580 88
580 283
580 469
580 854
581 322
581 840
581 896
581 280
581 595
581 26
581 157
581 393
581 730
581 338
581 375
581 207
581 834
582 200
582 102
582 652
582 749
582 422
582 866
582 935
582 878
582 771
582 399
582 413
582 217
583 622
583 637
583 392
583 714
583 343
583 451
583 205
583 889
583 281
583 440
583 68
583 834
583 88
584 760
584 846
584 570
584 874
584 969
584 537
584 733
584 346
584 644
584 864
585 42
585 153
585 965
585 472
585 485
585 492
585 336
585 279
585 769
585 35
585 549
585 651
585 362
585 127
585 26
585 466
585 145
586 990
586 198
586 486
586 295
586 713
586 947
586 637
586 497
587 786
587 52
587 420
587 418
587 378
587 244
587 646
587 202
587 643
587 468
587 621
587 456
587 771
587 302
587 319
587 325
588 660
588 752
588 521
588 332
588 169
588 821
588 239
588 939
588 726
588 591
588 847
588 401
588 174
589 71
589 749
589 469
589 489
589 351
589 139
589 107
589 510
589 565
589 955
589 174
589 847
589 80
589 194
590 744
590 267
590 796
590 925
590 606
590 287
590 40
590 338
590 292
590 153
590 68
590 574
590 460
590 553
590 77
590 168
590 933
590 393
590 251
590 990
590 113
590 484
591 540
591 717
591 888
591 983
591 588
591 727
591 11
591 431
591 51
591 54
591 397
591 811
591 488
591 20
591 605
591 812
591 603
591 409
591 875
592 687
592 174
592 197
592 854
592 425
592 921
592 891
592 405
592 999
592 334
593 709
593 383
593 80
593 70
593 43
593 716
593 7
593 319
593 943
593 432
593 764
593 61
593 353
593 545
593 990
593 847
593 620
594 1000
594 896
594 770
594 359
594 697
594 830
594 320
594 127
594 367
594 233
594 980
594 840
594 514
594 278
595 419
595 252
595 976
595 349
595 489
595 352
595 196
595 551
595 471
595 206
595 581
595 646
595 959
595 87
595 188
596 670
596 103
596 940
596 369
596 385
596 619
596 34
596 337
596 532
596 790
597 27
597 791
597 598
597 946
597 94
597 30
597 893
597 521
597 502
597 926
598 844
598 597
598 312
598 275
598 610
598 18
598 885
598 572
598 767
598 747
598 94
598 338
598 294
598 806
599 508
599 274
599 243
599 60
599 832
599 230
599 166
599 828
599 237
599 335
599 146
599 625
599 154
599 840
599 323
600 778
600 712
600 637
600 987
600 821
600 761
601 610
601 490
601 47
601 79
601 451
601 644
601 165
601 364
601 246
601 363
601 19
601 292
601 530
601 752
601 428
602 386
602 440
602 248
602 70
602 138
602 484
602 149
602 798
602 33
602 866
602 837
602 20
602 186
602 32
602 34
602 486
602 538
602 161
602 887
602 280
602 270
602 693
602 466
603 326
603 591
603 914
603 181
603 764
603 91
603 385
603 73
603 284
603 349
604 257
604 271
604 878
604 572
604 972
604 186
604 314
604 782
604 334
604 461
604 820
604 438
604 222
604 326
604 800
604 880
604 570
604 925
604 58
604 13
604 114
604 801
604 77
604 767
605 240
605 661
605 272
605 591
605 887
605 942
605 631
605 729
605 734
605 38
606 461
606 745
606 333
606 245
606 251
606 911
606 815
606 798
606 714
606 31
606 779
606 590
606 282
606 545
606 851
606 92
606 17
606 539
606 650
607 341
607 225
607 891
607 788
607 925
607 300
607 933
607 74
607 721
607 506
608 195
608 176
608 238
608 304
608 673
608 340
608 118
608 475
608 450
608 393
608 884
608 287
608 494
608 283
608 299
609 316
609 155
609 508
609 424
609 425
609 275
609 757
609 94
609 710
609 461
609 700
609 431
609 670
609 29
609 862
609 14
609 415
609 468
609 664
609 280
609 205
609 87
610 529
610 103
610 657
610 829
610 757
610 992
610 29
610 601
610 791
610 598
610 168
610 471
610 148
610 703
611 964
611 913
611 908
611 312
611 188
611 887
611 443
611 317
611 331
611 441
612 303
612 191
612 632
612 284
612 94
612 340
612 336
612 726
612 622
612 281
612 26
612 644
612 229
612 978
612 108
612 728
612 125
612 822
612 388
613 437
613 218
613 398
613 368
613 252
613 906
613 99
613 555
613 13
613 304
613 450
613 187
613 461
613 160
614 630
614 166
614 291
614 312
614 711
614 957
614 492
614 189
614 579
614 918
614 307
614 728
614 129
614 844
614 863
614 254
615 568
615 902
615 937
615 834
615 307
615 21
615 151
615 747
615 766
616 639
616 27
616 955
616 437
616 93
616 58
616 162
616 57
617 339
617 37
617 677
617 354
617 234
617 640
617 210
617 361
617 572
617 246
617 276
617 726
617 675
617 75
617 483
617 124
617 5
617 253
617 577
618 538
618 217
618 866
618 515
618 688
618 653
619 596
619 259
619 912
619 153
619 866
619 696
619 408
619 353
619 978
619 488
619 54
619 247
619 317
620 349
620 775
620 255
620 102
620 279
620 97
620 425
620 593
620 360
620 401
620 771
620 252
620 568
620 714
621 580
621 346
621 727
621 587
621 197
621 251
621 791
621 453
621 978
621 795
621 320
622 821
622 727
622 566
622 317
622 583
622 563
622 76
622 612
623 550
623 975
623 298
623 907
623 182
623 487
623 164
624 422
624 723
624 504
624 50
625 514
625 99
625 183
625 599
625 124
625 336
625 60
625 300
625 69
625 539
625 995
625 50
626 811
626 577
626 947
626 244
626 331
626 920
627 684
627 75
627 221
627 503
627 664
627 812
627 555
627 205
627 795
627 349
628 716
628 903
628 749
628 61
628 642
628 354
628 249
628 722
628 666
628 20
628 917
628 286
628 773
628 18
628 64
628 388
629 923
629 193
629 937
629 263
629 194
629 547
629 298
629 45
629 341
629 508
629 892
629 396
630 614
630 873
630 902
630 703
630 40
630 720
630 157
631 605
631 325
631 830
631 931
631 106
631 542
631 493
631 658
631 420
631 450
631 518
631 70
631 17
631 840
632 388
632 242
632 904
632 103
632 852
632 722
632 266
632 74
632 419
632 55
632 905
632 350
632 862
632 21
632 529
632 612
633 353
633 462
633 740
633 133
633 57
634 988
634 693
634 157
634 328
634 880
634 425
634 297
634 88
634 368
635 735
635 134
635 435
635 128
635 775
635 672
635 477
635 465
635 29
635 568
635 796
635 766
636 190
636 440
636 31
636 274
636 364
636 43
636 38
637 12
637 600
637 398
637 727
637 860
637 504
637 586
637 274
637 103
637 549
637 725
637 484
637 307
637 204
637 359
637 206
637 801
637 583
637 51
637 73
637 368
638 78
639 616
639 277
639 74
639 440
639 242
639 245
639 873
639 192
639 938
639 526
639 486
639 129
639 406
639 207
640 679
640 911
640 80
640 532
640 462
640 427
640 152
640 556
640 197
640 784
640 459
640 194
640 484
640 45
640 251
640 925
640 375
640 53
640 617
640 825
640 401
640 663
640 388
641 4
641 680
641 91
641 987
641 300
641 109
641 272
641 643
641 938
641 491
641 314
641 946
641 659
641 740
641 505
642 217
642 396
642 628
642 939
642 852
642 828
642 761
643 337
643 324
643 822
643 641
643 452
643 527
643 394
643 779
643 757
643 101
643 993
643 226
643 60
643 848
643 587
643 900
643 391
643 346
643 925
643 880
643 127
643 310
643 347
643 199
643 839
644 179
644 400
644 649
644 222
644 59
644 848
644 584
644 692
644 448
644 601
644 660
644 443
644 821
644 612
645 938
645 906
645 392
645 569
645 806
645 409
646 565
646 471
646 857
646 276
646 595
646 434
646 690
646 268
646 726
646 587
646 982
646 736
646 178
646 23
647 291
647 80
647 732
647 73
647 840
648 279
648 7
648 789
648 152
648 729
648 916
648 559
648 483
648 193
648 288
648 732
648 487
648 539
648 395
648 923
648 497
648 894
649 671
649 315
649 364
649 539
649 553
649 999
649 942
649 307
649 886
649 219
649 232
649 40
649 644
649 60
649 920
650 389
650 477
650 373
650 112
650 85
650 606
650 336
650 429
650 105
651 302
651 764
651 426
651 997
651 585
651 25
651 214
651 509
651 244
651 64
651 768
651 536
651 453
651 200
651 524
651 755
651 56
651 454
651 1000
651 402
652 743
652 666
652 582
652 475
652 574
652 470
652 751
652 62
652 120
652 541
653 661
653 37
653 335
653 358
653 252
653 493
653 772
653 618
653 199
653 14
653 736
653 187
653 481
653 20
653 680
653 563
653 674
654 37
654 813
654 858
654 352
654 223
654 116
654 845
655 386
655 354
655 217
655 255
655 539
655 388
655 456
655 983
655 2
655 119
655 760
655 143
655 742
655 477
655 309
655 762
656 516
656 957
656 525
656 664
656 980
656 101
656 533
656 374
656 234
656 765
656 482
656 410
656 902
656 832
656 178
656 1000
656 541
657 150
657 49
657 219
657 524
657 610
657 214
658 919
658 118
658 899
658 812
658 433
658 805
658 210
658 631
658 17
658 515
658 768
658 674
659 744
659 892
659 536
659 372
659 641
659 211
659 679
659 67
659 955
659 354
659 4
659 542
659 309
659 449
660 182
660 219
660 759
660 29
660 568
660 966
660 477
660 139
660 788
660 353
660 102
660 644
660 55
660 588
660 159
660 358
660 668
661 275
661 126
661 549
661 57
661 406
661 176
661 87
661 533
661 367
661 605
661 148
661 664
661 653
662 514
662 764
662 262
662 362
662 461
662 223
662 189
662 815
662 555
662 734
662 443
662 35
662 331
663 812
663 308
663 121
663 640
663 423
663 138
663 437
663 281
663 480
663 238
663 915
663 207
663 554
664 722
664 924
664 677
664 3
664 627
664 609
664 661
664 564
664 282
664 989
664 129
664 337
664 812
664 825
664 656
664 176
665 277
665 679
665 168
665 468
665 553
665 172
665 49
665 16
665 915
665 983
665 536
665 353
665 300
665 69
665 385
666 63
666 652
666 320
666 409
666 33
666 388
666 711
666 148
666 65
666 628
666 923
667 175
667 147
667 564
667 420
667 396
667 551
667 721
667 182
667 933
667 502
668 62
668 26
668 816
668 76
668 781
668 660
668 682
668 557
668 794
668 364
668 382
668 573
668 869
668 29
668 304
668 68
668 685
668 437
668 43
668 517
669 130
669 570
669 734
669 867
669 846
669 23
669 503
669 34
669 911
669 415
669 334
669 41
669 808
670 191
670 115
670 320
670 176
670 183
670 40
670 596
670 726
670 244
670 80
670 609
670 254
671 649
671 354
671 328
671 755
672 749
672 635
672 480
672 874
672 79
673 16
673 734
673 608
674 170
674 353
674 352
674 653
674 538
674 799
674 725
674 658
674 788
674 49
674 415
674 323
674 402
675 732
675 174
675 902
675 826
675 617
675 173
675 519
675 926
676 4
676 286
676 561
677 831
677 820
677 863
677 947
677 933
677 664
677 456
677 337
677 617
677 179
677 276
678 801
678 834
678 922
678 252
678 150
678 889
678 703
678 496
678 838
679 659
679 73
679 248
679 951
679 977
679 760
679 213
679 405
679 162
679 568
679 640
679 996
679 400
679 102
679 984
679 665
679 550
680 832
680 653
680 695
680 729
680 68
680 902
680 641
680 701
680 107
681 399
681 167
681 736
681 865
681 286
681 285
681 33
681 193
681 935
681 75
681 501
681 317
681 103
681 199
681 32
681 498
682 157
682 786
682 668
682 238
682 72
682 210
683 58
683 227
683 371
683 220
683 555
683 401
683 188
684 104
684 30
684 454
684 908
684 844
684 627
684 176
684 210
685 538
685 783
685 192
685 668
685 985
685 940
685 70
685 98
685 162
685 959
685 449
686 785
686 128
686 307
686 536
686 80
686 284
687 779
687 592
687 884
687 515
687 40
687 787
688 972
688 239
688 73
688 14
688 856
688 317
688 45
688 569
688 618
688 827
688 69
688 258
688 98
688 80
689 492
689 951
689 62
690 229
690 568
690 646
690 116
690 894
691 956
691 838
691 546
691 799
691 436
691 380
691 290
691 839
691 852
691 794
691 247
691 367
691 524
691 133
692 827
692 749
692 709
692 473
692 501
692 333
692 432
692 746
692 39
692 211
692 344
692 999
692 808
692 405
692 422
692 727
692 196
692 726
692 644
693 443
693 602
693 82
693 634
693 993
694 540
694 952
694 358
694 761
694 93
694 395
694 874
694 434
694 906
694 922
694 711
694 31
695 526
695 443
695 137
695 517
695 680
695 202
696 328
696 877
696 920
696 369
696 740
696 737
696 768
696 316
696 313
696 203
696 329
696 873
696 711
696 821
696 619
696 502
697 328
697 187
697 551
697 980
697 594
697 432
698 791
698 873
698 34
698 515
698 468
698 452
698 88
698 395
698 828
699 559
699 938
699 893
699 164
699 212
699 512
699 145
700 376
700 123
700 115
700 14
700 244
700 65
700 826
700 488
700 307
700 420
700 609
700 517
701 941
701 232
701 125
701 973
701 736
701 532
701 780
701 564
701 462
701 680
701 783
701 177
701 445
701 750
701 371
701 467
701 214
701 189
702 793
702 792
702 930
702 113
702 81
702 471
702 996
702 284
702 344
702 539
702 146
702 945
703 137
703 337
703 407
703 420
703 678
703 398
703 765
703 116
703 538
703 630
703 610
703 114
703 178
704 574
704 910
705 217
705 382
705 148
705 553
706 509
706 164
706 802
706 264
706 194
707 455
707 399
707 240
707 867
707 270
707 12
707 292
707 315
708 946
708 773
708 374
708 908
708 816
708 401
709 593
709 692
709 559
709 433
709 160
709 771
709 177
710 280
710 609
711 712
711 202
711 696
711 318
711 993
711 351
711 459
711 923
711 270
711 809
711 49
711 357
711 666
711 694
711 52
711 917
711 191
711 12
711 614
711 360
712 156
712 141
712 232
712 759
712 104
712 368
712 746
712 292
712 600
712 87
712 150
712 568
712 483
712 942
712 917
712 711
712 734
712 412
712 567
712 73
713 17
713 738
713 287
713 586
713 529
714 90
714 58
714 575
714 911
714 620
714 583
714 606
714 390
715 362
715 849
715 224
715 117
715 720
716 483
716 369
716 138
716 813
716 156
716 103
716 593
716 628
716 314
717 591
717 938
717 281
717 99
717 196
717 726
718 943
718 533
718 78
718 284
718 87
719 925
719 206
719 398
719 389
719 920
720 838
720 715
720 365
720 237
720 11
720 187
720 630
720 513
720 468
720 433
720 477
720 851
720 228
720 806
720 854
721 94
721 4
721 607
721 786
721 796
721 667
721 858
721 980
721 212
722 267
722 316
722 529
722 93
722 568
722 170
722 968
722 822
722 453
722 632
722 128
722 873
722 664
722 78
722 73
722 628
722 28
723 739
723 385
723 624
723 543
723 405
723 937
723 232
723 381
724 917
724 857
724 469
725 193
725 637
725 674
726 72
726 8
726 111
726 882
726 29
726 436
726 750
726 168
726 902
726 588
726 461
726 670
726 56
726 962
726 692
726 820
726 717
726 528
726 857
726 617
726 646
726 808
726 612
727 906
727 291
727 900
727 692
727 185
727 637
727 591
727 832
727 786
727 621
727 755
727 622
728 614
728 851
728 994
728 469
728 215
728 391
728 972
728 356
728 137
728 420
728 796
728 471
728 386
728 529
728 802
728 519
728 612
729 540
729 27
729 292
729 680
729 41
729 885
729 605
729 537
729 731
729 572
729 778
729 648
729 61
730 860
730 581
730 238
730 485
730 503
730 798
730 866
730 494
730 453
730 106
730 472
730 212
730 562
731 411
731 729
731 868
731 498
731 173
731 808
732 675
732 88
732 359
732 808
732 244
732 103
732 338
732 648
732 448
732 647
732 516
732 247
732 344
732 420
732 486
732 997
732 470
732 855
732 272
732 790
733 828
733 913
733 584
733 860
733 404
733 244
733 347
733 3
734 558
734 605
734 861
734 662
734 162
734 454
734 5
734 712
734 409
734 673
734 892
734 559
734 221
734 174
734 669
734 845
734 876
735 354
735 190
735 491
735 280
735 307
735 274
735 635
735 935
735 79
735 389
736 292
736 794
736 310
736 498
736 889
736 248
736 777
736 448
736 646
736 701
736 681
736 182
736 370
736 381
736 398
736 653
737 336
737 31
737 504
737 696
738 893
738 182
738 342
738 759
738 501
738 517
738 56
738 713
738 204
738 917
738 12
738 795
738 926
739 850
739 360
739 538
739 330
739 723
739 398
739 323
740 929
740 974
740 218
740 881
740 8
740 641
740 849
740 476
740 633
740 105
740 106
740 68
740 450
740 491
740 387
740 696
741 318
741 410
741 375
741 219
741 425
741 310
742 203
742 326
742 961
742 990
742 325
742 568
742 548
742 655
742 244
742 498
742 321
742 60
742 363
742 188
742 573
742 40
742 289
742 889
742 118
742 7
742 351
742 205
742 202
743 652
743 280
743 119
743 766
743 401
743 746
743 907
743 172
743 890
743 568
743 883
743 936
744 523
744 7
744 85
744 257
744 140
744 237
744 104
744 204
744 590
744 271
744 467
744 137
744 659
744 844
744 498
744 5
744 856
745 300
745 286
745 893
745 103
745 347
745 227
745 606
745 863
745 339
745 349
746 847
746 782
746 521
746 418
746 692
746 712
746 743
746 332
746 23
746 831
746 402
747 860
747 324
747 297
747 247
747 213
747 934
747 820
747 36
747 615
747 7
747 844
747 287
747 484
747 598
748 454
748 471
748 942
748 238
748 331
749 58
749 86
749 113
749 365
749 238
749 567
749 274
749 250
749 672
749 120
749 160
749 541
749 229
749 692
749 582
749 453
749 300
749 493
749 628
749 589
750 801
750 122
750 260
750 701
750 379
750 235
750 266
750 189
750 981
750 536
750 925
750 726
750 69
750 892
751 265
751 796
751 538
751 986
751 652
751 858
751 542
752 905
752 601
752 48
752 449
752 275
752 86
752 337
752 942
752 957
752 300
752 787
752 542
752 588
752 210
753 61
753 375
753 52
754 118
754 996
755 671
755 835
755 727
755 651
755 556
755 401
755 182
755 940
755 39
756 851
756 829
756 294
756 228
756 126
756 403
757 609
757 643
757 955
757 258
757 228
757 412
757 610
757 254
758 946
758 475
758 246
758 145
759 365
759 835
759 924
759 378
759 494
759 536
759 712
759 660
759 206
759 738
759 105
759 978
759 189
759 126
760 448
760 296
760 770
760 499
760 948
760 59
760 903
760 655
760 541
760 131
760 783
760 509
760 282
760 826
760 679
760 584
760 415
760 106
760 160
760 550
760 349
761 959
761 266
761 202
761 220
761 479
761 527
761 600
761 901
761 642
761 818
761 27
761 477
761 694
761 935
762 100
762 655
762 147
762 561
762 493
762 433
762 564
762 239
762 579
762 430
762 871
762 384
762 504
762 23
762 502
762 845
763 352
763 347
763 144
763 856
764 302
764 211
764 348
764 516
764 22
764 593
764 293
764 522
764 283
764 662
764 651
764 420
764 925
764 902
764 937
764 603
765 384
765 703
765 178
765 883
765 656
766 158
766 856
766 854
766 615
766 635
766 743
766 933
766 395
766 842
767 31
767 485
767 604
767 301
767 561
767 553
767 292
767 938
767 74
767 275
767 598
767 62
767 349
768 273
768 658
768 293
768 13
768 320
768 785
768 271
768 863
768 788
768 437
768 651
768 806
768 696
768 484
769 585
769 362
769 36
770 760
770 59
770 865
770 553
770 485
770 212
770 594
770 551
771 532
771 709
771 46
771 872
771 492
771 587
771 29
771 582
771 467
771 620
772 311
772 933
772 63
772 292
772 503
772 52
772 922
772 109
772 497
772 507
772 362
772 826
772 219
772 893
772 653
772 228
772 284
772 50
773 940
773 708
773 366
773 121
773 979
773 628
773 376
773 74
773 167
773 433
773 926
774 776
774 149
774 102
774 942
774 90
774 370
774 237
774 394
774 577
774 993
774 505
775 898
775 532
775 906
775 778
775 782
775 453
775 635
775 620
775 157
776 774
776 4
776 528
776 178
776 954
776 84
776 83
776 339
776 913
776 559
776 791
776 998
777 462
777 125
777 27
777 569
777 286
777 938
777 736
778 349
778 799
778 729
778 775
778 364
778 230
778 8
778 175
778 441
778 244
778 600
778 297
778 194
778 446
778 420
778 902
778 874
778 435
779 687
779 930
779 824
779 83
779 548
779 147
779 270
779 884
779 524
779 486
779 157
779 282
779 643
779 454
779 954
779 569
779 606
779 856
779 189
780 701
780 543
780 317
780 924
781 314
781 813
781 933
781 668
781 144
781 822
781 840
781 428
782 987
782 775
782 362
782 98
782 507
782 385
782 218
782 604
782 286
782 367
782 352
782 511
782 802
782 746
782 284
783 349
783 212
783 417
783 804
783 807
783 145
783 472
783 217
783 54
783 760
783 685
783 462
783 701
783 812
783 451
784 220
784 640
784 137
784 396
785 686
785 226
785 339
785 120
785 238
785 927
785 937
785 184
785 768
786 547
786 89
786 721
786 502
786 53
786 727
786 887
786 50
786 682
786 290
786 385
786 587
786 197
786 997
786 43
787 687
787 182
787 516
787 491
787 312
787 417
787 752
787 427
787 520
787 426
787 95
787 361
787 470
787 105
788 768
788 508
788 607
788 483
788 987
788 850
788 307
788 257
788 317
788 169
788 674
788 153
788 660
788 398
788 401
789 866
789 917
789 871
789 648
789 950
790 928
790 343
790 596
790 217
790 37
790 543
790 423
790 828
790 888
790 732
790 154
790 284
790 323
790 882
790 88
790 281
790 949
790 539
791 67
791 621
791 348
791 465
791 597
791 698
791 610
791 186
791 193
791 392
791 333
791 39
791 776
791 969
791 537
791 252
791 288
791 571
791 868
791 512
792 829
792 369
792 279
792 442
792 803
792 576
792 394
792 702
792 360
792 514
792 924
793 702
793 884
793 67
793 127
793 518
793 533
793 424
793 567
793 555
794 691
794 889
794 668
794 736
794 313
794 87
794 120
795 621
795 949
795 738
795 627
795 520
795 97
795 310
795 334
796 721
796 635
796 728
796 217
796 559
796 834
796 590
796 286
796 815
796 840
796 751
796 195
796 289
797 954
797 450
797 281
797 252
797 469
798 240
798 491
798 906
798 851
798 143
798 247
798 233
798 452
798 212
798 606
798 602
798 270
798 730
799 973
799 318
799 55
799 570
799 10
799 691
799 778
799 29
799 970
799 816
799 3
799 76
799 674
800 99
800 191
800 402
800 414
800 307
800 604
800 173
801 604
801 637
801 971
801 858
801 501
801 289
801 906
801 5
801 750
801 483
801 678
801 30
801 997
801 896
801 225
801 309
801 466
801 852
802 706
802 978
802 384
802 179
802 376
802 354
802 782
802 11
802 817
802 328
802 728
802 862
802 552
802 385
802 490
802 461
802 151
802 884
802 32
803 188
803 518
803 792
803 162
804 318
804 783
804 519
805 918
805 258
805 815
805 272
805 658
806 532
806 194
806 539
806 282
806 720
806 768
806 923
806 645
806 598
806 98
806 118
806 153
806 896
806 77
806 299
806 901
807 116
807 561
807 128
807 783
807 488
807 915
807 840
807 313
808 499
808 937
808 327
808 421
808 215
808 224
808 522
808 500
808 831
808 726
808 669
808 731
808 732
808 150
808 485
808 692
808 241
808 32
808 228
809 46
809 420
809 711
809 954
809 395
810 335
810 164
811 192
811 626
811 889
811 896
811 944
811 591
811 941
811 445
811 518
811 439
811 106
811 190
811 35
811 92
811 999
811 78
811 214
811 270
812 664
812 366
812 783
812 572
812 627
812 591
812 538
812 270
812 663
812 658
812 892
813 234
813 400
813 485
813 933
813 853
813 363
813 833
813 875
813 716
813 654
813 781
813 472
813 943
813 450
813 371
813 999
813 146
813 840
813 84
814 579
814 892
814 974
814 53
814 320
814 824
814 978
814 31
814 80
814 521
814 238
814 451
814 867
814 188
815 9
815 184
815 959
815 389
815 6
815 841
815 172
815 805
815 796
815 99
815 1000
815 280
815 662
815 39
815 14
815 223
815 894
815 241
815 606
815 441
816 317
816 335
816 990
816 799
816 931
816 708
816 577
816 107
816 406
816 330
816 104
816 199
816 204
816 369
816 668
816 552
816 212
816 825
816 40
816 441
817 188
817 211
817 577
817 967
817 68
817 191
817 484
817 841
817 305
817 938
817 462
817 802
818 92
818 454
818 99
818 237
818 272
818 761
819 335
819 375
819 12
819 515
819 244
819 232
819 72
819 32
819 532
819 37
819 349
820 604
820 336
820 204
820 677
820 877
820 726
820 747
820 308
821 465
821 48
821 696
821 183
821 644
821 600
821 252
821 486
821 485
821 588
821 5
821 622
822 9
822 250
822 528
822 221
822 557
822 222
822 568
822 612
822 781
822 536
822 472
822 643
822 488
822 951
822 722
822 105
822 875
823 410
823 60
823 74
823 433
823 133
823 339
823 254
824 779
824 432
824 437
824 40
824 480
824 387
824 814
825 640
825 330
825 7
825 439
825 426
825 816
825 664
825 849
825 999
825 408
825 862
825 56
825 2
826 219
826 700
826 529
826 833
826 760
826 675
826 221
826 868
826 995
826 772
826 276
826 26
827 481
827 883
827 895
827 329
827 431
827 174
827 688
827 271
827 388
827 692
827 60
827 69
828 512
828 129
828 246
828 642
828 72
828 489
828 497
828 859
828 698
828 835
828 733
828 212
828 428
828 449
828 599
828 790
829 20
829 38
829 355
829 339
829 451
829 756
829 550
829 835
829 792
829 610
829 372
830 477
830 61
830 631
830 889
830 98
830 594
831 364
831 746
831 478
831 974
831 564
831 109
831 127
831 551
831 118
831 677
831 11
831 808
832 727
832 656
832 555
832 184
832 917
832 680
832 868
832 599
832 854
833 486
833 826
833 813
833 883
833 995
833 202
833 289
834 678
834 796
834 556
834 256
834 855
834 304
834 546
834 14
834 583
834 615
834 893
834 503
834 947
834 993
834 847
834 325
834 581
834 308
834 917
834 338
834 371
834 247
834 894
834 98
835 828
835 989
835 538
835 206
835 195
835 248
835 418
835 829
835 314
835 122
835 354
835 226
835 968
835 405
835 410
835 94
835 755
835 759
835 852
836 559
836 889
836 486
836 490
836 184
836 194
836 924
837 67
837 40
837 849
837 7
837 452
837 602
837 959
838 217
838 994
838 944
838 232
838 91
838 678
838 691
838 7
838 720
839 643
839 24
839 855
839 969
839 500
839 691
839 937
839 76
839 349
839 403
840 631
840 796
840 55
840 223
840 781
840 75
840 599
840 483
840 647
840 594
840 139
840 813
840 1000
840 807
840 436
840 133
840 914
840 879
840 906
840 137
840 581
840 502
841 850
841 54
841 917
841 577
841 517
841 815
841 817
842 436
842 50
842 883
842 437
842 394
842 766
842 353
842 496
842 251
842 60
842 959
842 421
843 117
843 323
844 310
844 943
844 857
844 105
844 306
844 614
844 506
844 744
844 505
844 136
844 684
844 747
844 186
844 432
844 598
844 359
844 927
844 978
844 1000
845 734
845 470
845 762
845 55
845 956
845 373
845 183
845 654
845 534
845 430
845 461
845 967
845 107
845 195
846 258
846 211
846 64
846 341
846 233
846 540
846 853
846 40
846 104
846 584
846 669
846 926
847 251
847 343
847 338
847 930
847 405
847 460
847 358
847 445
847 107
847 588
847 214
847 934
847 473
847 276
847 108
847 196
847 589
847 593
847 486
847 865
847 346
847 65
847 834
847 746
848 142
848 27
848 324
848 169
848 913
848 57
848 299
848 200
848 643
848 990
848 103
848 931
848 644
849 436
849 416
849 837
849 715
849 575
849 243
849 495
849 984
849 143
849 740
849 415
849 179
849 825
849 995
849 120
849 562
850 739
850 511
850 841
850 220
850 788
850 280
850 435
850 339
851 319
851 798
851 420
851 486
851 756
851 606
851 720
851 728
851 429
851 868
851 497
851 284
851 313
852 928
852 801
852 296
852 92
852 136
852 200
852 880
852 835
852 191
852 642
852 178
852 632
852 691
852 268
853 56
853 231
853 846
853 243
853 524
853 362
853 563
853 965
853 224
853 888
853 113
853 577
853 813
853 397
854 832
854 580
854 84
854 885
854 720
854 971
854 121
854 4
854 592
854 375
854 398
854 88
854 766
855 997
855 130
855 371
855 923
855 732
855 834
855 970
855 839
855 929
856 19
856 2
856 779
856 546
856 763
856 744
856 688
856 987
856 199
856 766
857 726
857 881
857 39
857 357
857 172
857 724
857 96
857 492
857 33
857 844
857 646
857 978
858 751
858 42
858 89
858 182
858 133
858 101
858 883
858 654
858 175
858 721
858 217
858 430
858 392
858 801
858 64
859 42
859 483
859 955
859 212
859 120
859 828
860 730
860 7
860 338
860 637
860 218
860 49
860 733
860 747
860 945
861 282
861 59
861 545
861 92
861 734
861 910
862 36
862 272
862 914
862 580
862 802
862 567
862 632
862 88
862 609
862 891
862 825
862 247
862 252
862 286
862 937
862 221
862 238
862 863
862 400
863 745
863 614
863 862
863 191
863 274
863 999
863 677
863 199
863 105
863 392
863 768
864 584
864 493
864 317
864 201
864 238
864 914
864 261
864 982
864 248
864 25
864 978
864 31
864 177
865 770
865 29
865 232
865 238
865 182
865 177
865 847
865 159
865 220
865 681
865 415
865 2
865 339
865 26
866 401
866 789
866 914
866 265
866 919
866 457
866 618
866 582
866 344
866 619
866 124
866 602
866 730
866 76
867 984
867 902
867 167
867 169
867 223
867 814
867 331
867 252
867 425
867 707
867 99
867 27
867 51
867 1000
867 669
867 62
867 246
868 851
868 826
868 55
868 791
868 980
868 85
868 832
868 145
868 218
868 731
868 334
869 972
869 161
869 543
869 885
869 12
869 668
869 892
870 14
870 247
870 493
870 415
870 337
870 468
871 437
871 521
871 464
871 762
871 789
871 908
871 324
871 886
871 401
871 378
871 951
871 271
871 64
871 23
871 2
871 449
872 237
872 128
872 505
872 771
872 120
873 696
873 630
873 698
873 146
873 161
873 448
873 923
873 722
873 268
873 910
873 875
873 218
873 108
873 561
873 639
873 542
874 240
874 910
874 319
874 672
874 941
874 129
874 251
874 778
874 547
874 430
874 490
874 584
874 694
874 506
875 822
875 292
875 937
875 591
875 537
875 432
875 252
875 813
875 873
875 29
875 959
875 883
875 466
876 105
876 473
876 23
876 905
876 109
876 531
876 276
876 542
876 150
876 96
876 927
876 916
876 734
876 540
876 892
876 912
877 914
877 336
877 820
877 51
877 199
877 97
877 150
877 5
877 419
877 531
877 559
877 696
877 145
878 294
878 336
878 989
878 577
878 22
878 314
878 582
878 604
879 358
879 48
879 840
879 349
880 388
880 643
880 95
880 311
880 957
880 634
880 31
880 526
880 995
880 925
880 368
880 204
880 604
880 168
880 315
880 998
880 415
880 331
880 349
880 852
881 902
881 424
881 358
881 503
881 143
881 857
881 740
881 392
881 38
882 29
882 985
882 726
882 104
882 370
882 893
882 189
882 790
882 945
883 765
883 961
883 910
883 56
883 192
883 743
883 974
883 833
883 128
883 105
883 475
883 175
883 159
883 875
883 472
883 827
883 58
883 33
883 858
883 915
883 842
884 793
884 170
884 48
884 400
884 537
884 608
884 687
884 802
884 890
884 779
884 224
884 79
884 349
885 444
885 980
885 564
885 531
885 869
885 146
885 729
885 247
885 598
885 854
885 945
886 462
886 871
886 910
886 649
886 541
886 945
887 182
887 605
887 556
887 611
887 932
887 968
887 93
887 208
887 433
887 294
887 602
887 54
887 786
887 304
887 126
888 547
888 425
888 262
888 918
888 591
888 448
888 937
888 853
888 397
888 7
888 389
888 790
889 794
889 445
889 678
889 371
889 830
889 90
889 836
889 365
889 393
889 811
889 736
889 742
889 583
889 488
890 917
890 504
890 743
890 228
890 884
890 562
891 862
891 467
891 137
891 946
891 607
891 592
892 142
892 876
892 220
892 466
892 629
892 372
892 539
892 318
892 156
892 869
892 750
892 426
892 812
892 138
892 734
892 659
892 398
892 901
892 814
893 894
893 530
893 159
893 882
893 597
893 699
893 531
893 745
893 570
893 772
893 347
893 186
893 484
893 70
893 251
893 286
893 206
893 834
893 738
893 571
893 128
893 32
894 169
894 306
894 173
894 942
894 834
894 419
894 815
894 462
894 493
894 648
894 64
894 935
894 690
894 917
894 388
894 233
894 893
894 4
894 382
894 199
894 504
895 84
895 827
895 92
895 30
896 107
896 260
896 801
896 806
896 918
896 241
896 347
896 65
896 811
896 159
896 217
896 581
896 594
896 145
897 326
897 138
897 182
897 287
897 361
897 276
898 119
898 775
898 197
898 276
898 503
899 7
899 227
899 381
899 658
899 920
900 41
900 330
900 727
900 643
900 406
901 178
901 806
901 492
901 329
901 92
901 410
901 892
901 561
901 258
901 202
901 761
902 33
902 630
902 381
902 764
902 379
902 680
902 615
902 656
902 251
902 25
902 951
902 778
902 979
902 675
902 726
902 970
902 144
902 470
902 881
902 867
903 760
903 7
903 912
903 628
903 550
904 16
904 574
904 632
904 199
904 41
904 512
905 752
905 632
905 351
905 14
905 876
905 909
905 32
905 272
906 840
906 344
906 694
906 645
906 83
906 952
906 286
906 798
906 56
906 978
906 337
906 775
906 922
906 927
906 518
906 727
906 801
906 232
906 509
906 613
907 36
907 989
907 468
907 743
907 623
907 87
907 50
908 458
908 534
908 507
908 241
908 684
908 395
908 708
908 132
908 536
908 437
908 871
908 1
908 936
908 611
908 254
909 916
909 905
909 176
909 513
909 375
909 257
909 96
909 233
909 578
909 995
910 440
910 63
910 251
910 408
910 53
910 16
910 861
910 886
910 95
910 704
910 921
910 556
910 873
910 227
910 874
910 883
910 430
911 669
911 579
911 306
911 383
911 144
911 640
911 486
911 30
911 606
911 714
912 85
912 94
912 187
912 999
912 132
912 55
912 903
912 876
912 619
912 30
912 989
912 935
912 409
913 611
913 848
913 733
913 776
913 466
914 862
914 866
914 42
914 461
914 415
914 432
914 944
914 71
914 877
914 980
914 603
914 117
914 387
914 529
914 840
914 864
915 489
915 239
915 466
915 554
915 663
915 360
915 193
915 561
915 443
915 807
915 189
915 185
915 883
915 937
915 318
915 17
915 949
915 485
915 665
915 254
916 188
916 545
916 937
916 648
916 496
916 909
916 106
916 876
917 890
917 134
917 932
917 100
917 398
917 834
917 235
917 628
917 738
917 789
917 267
917 894
917 724
917 711
917 841
917 712
917 506
917 16
917 204
917 503
917 832
917 23
917 205
917 126
917 525
918 157
918 805
918 525
918 44
918 191
918 130
918 480
918 272
918 319
918 460
918 536
918 888
918 614
918 962
918 184
918 389
918 194
918 252
918 896
918 472
919 217
919 866
919 353
919 658
920 332
920 899
920 347
920 365
920 626
920 291
920 649
920 416
920 719
920 944
920 696
921 300
921 592
921 124
921 412
921 910
922 953
922 694
922 106
922 281
922 526
922 88
922 268
922 359
922 678
922 906
922 320
922 247
922 111
922 333
922 450
922 104
922 335
922 391
922 772
922 189
922 289
923 993
923 115
923 648
923 666
923 954
923 629
923 873
923 711
923 806
923 855
923 525
924 189
924 65
924 192
924 478
924 967
924 422
924 419
924 780
924 356
924 544
924 836
924 792
924 416
924 516
924 955
924 664
924 759
924 126
924 188
925 750
925 122
925 141
925 179
925 293
925 719
925 929
925 640
925 643
925 604
925 358
925 387
925 607
925 764
925 590
925 927
925 880
925 935
925 21
925 195
926 995
926 846
926 214
926 738
926 371
926 982
926 560
926 993
926 144
926 675
926 773
926 349
926 290
926 221
926 597
926 33
927 418
927 844
927 906
927 785
927 925
927 363
927 22
927 112
927 538
927 388
927 58
927 955
927 56
927 876
928 36
928 536
928 114
928 462
928 852
928 790
929 267
929 855
929 301
929 925
929 318
929 437
929 740
930 779
930 702
930 847
930 287
930 936
930 37
930 177
931 248
931 848
931 631
931 462
931 551
931 156
931 816
931 430
931 9
932 887
932 917
932 69
932 206
932 143
933 979
933 990
933 944
933 241
933 766
933 326
933 959
933 667
933 607
933 590
933 781
933 295
933 813
933 321
933 677
933 772
934 228
934 493
934 847
934 747
934 2
934 323
935 925
935 162
935 171
935 912
935 434
935 735
935 374
935 761
935 681
935 582
935 524
935 461
935 310
935 555
935 284
935 894
936 471
936 908
936 30
936 226
936 143
936 463
936 93
936 21
936 930
936 743
936 951
936 379
936 330
937 916
937 888
937 862
937 764
937 124
937 785
937 409
937 107
937 839
937 723
937 197
937 255
937 615
937 266
937 410
937 629
937 204
937 808
937 144
937 915
937 174
937 875
938 529
938 518
938 639
938 641
938 537
938 717
938 519
938 817
938 777
938 571
938 767
938 699
938 318
938 180
938 544
938 645
939 642
939 345
939 473
939 531
939 9
939 502
939 984
939 57
939 588
940 261
940 755
940 375
940 75
940 596
940 494
940 685
940 459
940 215
940 101
940 512
940 773
940 470
941 701
941 420
941 811
941 42
941 92
941 498
941 874
942 712
942 605
942 748
942 954
942 484
942 183
942 774
942 752
942 965
942 530
942 327
942 894
942 28
942 649
943 988
943 813
943 593
943 147
943 53
943 68
943 193
943 234
943 718
943 844
944 914
944 526
944 66
944 920
944 31
944 811
944 405
944 933
944 498
944 838
945 569
945 187
945 333
945 885
945 860
945 33
945 432
945 356
945 218
945 467
945 702
945 882
945 306
945 886
945 496
945 88
945 56
946 437
946 973
946 641
946 527
946 597
946 758
946 507
946 708
946 521
946 396
946 891
946 252
946 448
946 162
946 395
946 349
946 65
947 194
947 205
947 255
947 626
947 381
947 392
947 475
947 677
947 834
947 146
947 265
947 586
948 760
948 149
948 218
948 70
948 265
949 86
949 212
949 65
949 173
949 438
949 443
949 313
949 915
949 790
949 526
949 448
949 980
949 442
949 84
949 494
949 795
950 218
950 78
950 254
950 982
950 789
950 48
950 331
950 349
951 556
951 316
951 871
951 936
951 492
951 689
951 822
951 164
951 972
951 679
951 405
951 902
951 956
951 542
951 26
951 530
952 491
952 574
952 906
952 694
952 77
952 272
952 289
953 229
953 922
953 94
953 505
953 160
953 126
954 797
954 532
954 974
954 42
954 170
954 809
954 274
954 779
954 456
954 429
954 251
954 942
954 776
954 80
954 923
954 497
954 188
954 992
955 359
955 859
955 659
955 589
955 616
955 924
955 757
955 162
955 960
955 927
955 45
955 515
955 347
955 317
955 251
955 241
956 951
956 978
956 124
956 452
956 141
956 691
956 118
956 845
957 752
957 509
957 496
957 59
957 880
957 317
957 614
957 959
957 656
957 189
958 475
958 94
959 685
959 231
959 488
959 551
959 388
959 595
959 837
959 316
959 875
959 957
959 128
959 842
959 568
959 68
959 933
959 815
959 390
959 761
960 292
960 955
960 41
961 224
961 742
961 394
961 199
961 883
962 28
962 503
962 392
962 482
962 415
962 726
962 918
962 309
963 96
963 197
963 571
963 320
964 611
964 369
964 477
965 358
965 585
965 942
965 853
965 394
965 133
965 978
966 405
966 660
966 382
966 178
967 188
967 408
967 845
967 421
967 817
967 32
967 924
968 887
968 538
968 536
968 835
968 104
968 722
968 506
968 242
969 985
969 437
969 584
969 970
969 244
969 839
969 567
969 40
969 791
969 278
970 969
970 34
970 902
970 236
970 17
970 855
970 114
970 105
970 138
970 205
970 13
970 799
970 491
970 193
970 172
970 176
970 202
971 204
971 543
971 487
971 335
971 801
971 56
971 210
971 120
971 854
971 278
971 325
972 951
972 869
972 35
972 688
972 604
972 728
972 521
973 701
973 946
973 545
973 448
973 237
973 386
973 799
973 562
974 954
974 491
974 740
974 883
974 57
974 814
974 831
975 252
975 623
975 265
975 559
976 574
976 146
976 80
976 451
976 595
976 390
976 389
977 679
977 420
977 569
977 482
977 84
977 472
977 9
977 331
978 864
978 857
978 759
978 844
978 621
978 230
978 218
978 965
978 328
978 619
978 437
978 906
978 956
978 504
978 802
978 996
978 814
978 612
979 336
979 902
979 933
979 773
979 268
980 267
980 34
980 198
980 594
980 721
980 175
980 914
980 291
980 697
980 437
980 219
980 885
980 868
980 949
980 656
980 559
981 40
981 228
981 750
981 317
981 51
982 47
982 148
982 646
982 297
982 243
982 255
982 433
982 364
982 577
982 987
982 410
982 306
982 950
982 926
982 864
983 54
983 274
983 591
983 655
983 92
983 509
983 665
983 177
983 323
984 64
984 125
984 520
984 187
984 849
984 346
984 1
984 208
984 679
984 939
984 401
984 204
984 321
984 379
984 993
984 451
984 504
984 60
984 867
984 76
985 327
985 685
985 110
985 882
985 39
985 969
985 516
985 47
985 193
985 447
985 456
986 258
986 178
986 578
986 751
987 435
987 600
987 448
987 856
987 327
987 182
987 788
987 127
987 982
987 782
987 509
987 247
987 641
987 232
987 406
988 634
988 943
988 30
988 28
988 330
989 878
989 664
989 155
989 571
989 907
989 912
989 199
989 153
989 835
989 92
989 396
989 60
990 364
990 398
990 556
990 848
990 540
990 259
990 449
990 362
990 90
990 590
990 593
990 933
990 816
990 742
990 468
990 586
990 453
990 389
991 336
991 327
991 449
991 246
992 29
992 251
992 138
992 221
992 539
992 954
992 39
992 44
992 17
992 610
992 477
993 984
993 693
993 774
993 363
993 387
993 471
993 138
993 448
993 307
993 369
993 711
993 643
993 545
993 834
993 331
993 923
993 926
993 562
994 405
994 40
994 483
994 728
994 210
994 838
995 625
995 323
995 485
995 175
995 909
995 826
995 849
995 290
995 833
995 67
995 472
995 880
995 468
995 926
996 679
996 978
996 448
996 410
996 754
996 359
996 375
996 702
996 148
996 331
997 786
997 801
997 402
997 370
997 732
997 326
997 651
997 369
997 42
997 137
997 148
997 855
997 225
998 105
998 880
998 776
998 556
998 397
998 369
998 553
998 391
998 77
998 541
999 247
999 422
999 129
999 813
999 423
999 592
999 811
999 863
999 307
999 692
999 912
999 825
999 38
999 649
1000 426
1000 312
1000 80
1000 366
1000 570
1000 172
1000 564
1000 370
1000 235
1000 651
1000 867
1000 844
1000 656
1000 471
1000 503
1000 84
1000 156
1000 456
1000 386
1000 815
1000 594
1000 484
1000 840
1000 541
