1 133
1 637
1 639
1 88
1 13
1 553
1 23
1 664
1 722
1 927
2 821
2 738
2 439
2 690
2 485
2 508
2 529
2 564
2 650
2 725
2 904
3 786
3 250
3 242
3 474
3 27
3 334
3 356
3 635
3 823
3 915
4 156
4 822
4 456
4 338
4 331
4 336
4 145
4 179
5 204
5 957
5 582
5 550
5 147
5 765
5 346
5 758
6 280
6 554
6 803
6 569
6 136
6 313
6 556
6 949
7 677
7 257
7 500
7 378
7 287
7 394
7 851
7 547
7 119
7 822
8 351
8 113
8 499
8 790
8 616
8 437
8 77
8 385
8 444
8 685
8 808
8 853
8 937
9 127
9 76
9 920
9 431
9 609
9 783
9 891
9 513
10 886
10 264
10 973
10 537
10 739
10 307
10 325
10 400
10 86
10 149
10 538
10 549
10 597
10 689
10 785
10 991
11 320
11 471
11 878
11 365
11 306
11 426
11 568
11 632
11 778
12 322
12 263
12 490
12 462
12 383
12 79
12 345
12 726
12 933
13 712
13 419
13 114
13 97
13 53
13 1
13 47
13 181
13 404
13 450
13 631
13 637
14 400
14 294
14 335
14 596
14 194
14 316
14 742
14 510
14 257
14 286
14 492
14 525
14 659
14 880
14 986
15 995
15 287
15 734
15 657
15 838
15 905
15 33
15 625
15 59
15 129
15 455
15 465
15 655
15 768
15 948
16 251
16 329
16 828
16 739
16 873
16 756
16 221
16 141
16 411
16 433
16 440
16 564
16 686
16 932
16 960
17 284
17 254
17 902
17 445
17 390
17 115
17 212
17 225
17 443
17 459
17 560
17 966
17 980
18 526
18 76
18 339
18 124
18 144
18 313
18 369
18 394
18 433
18 497
19 953
19 541
19 821
19 48
19 651
19 699
19 761
19 812
20 980
20 355
20 868
20 134
20 734
20 445
20 701
20 163
20 323
20 731
20 966
21 100
21 363
21 682
21 639
21 641
21 29
21 405
21 459
21 472
21 665
21 793
22 820
22 696
22 474
22 280
22 850
22 84
22 535
22 562
22 621
22 623
22 699
22 853
22 947
22 973
23 350
23 576
23 1
23 289
23 213
23 92
23 513
23 292
23 791
24 41
24 540
24 68
24 137
24 147
24 402
24 547
24 601
24 614
25 824
25 152
25 922
25 400
25 274
25 399
25 133
25 38
25 222
25 467
25 539
25 944
26 292
26 341
26 821
26 340
26 323
26 632
26 117
26 167
26 298
26 384
26 450
26 560
26 584
26 767
26 772
26 870
26 965
27 70
27 768
27 630
27 297
27 3
27 587
27 469
27 267
27 126
27 173
27 197
27 204
27 337
27 588
27 595
27 599
27 686
28 802
28 434
28 782
28 344
28 262
28 149
28 217
28 166
28 178
28 297
28 314
28 491
28 575
28 705
28 971
28 995
29 458
29 955
29 504
29 483
29 21
29 216
29 442
29 159
29 674
29 759
29 780
29 507
30 617
30 867
30 578
30 901
30 713
30 451
30 362
30 339
30 86
30 124
30 232
30 627
30 787
30 809
30 980
31 744
31 296
31 134
31 291
31 367
31 260
31 295
31 165
31 731
31 880
31 982
32 724
32 541
32 997
32 683
32 781
32 279
32 222
32 139
32 223
32 915
32 992
33 645
33 476
33 43
33 806
33 475
33 636
33 790
33 15
33 39
33 568
33 702
33 706
33 781
33 800
33 920
33 997
34 447
34 566
34 244
34 397
34 813
34 357
34 229
34 81
34 129
34 148
34 180
34 364
34 448
34 450
34 653
34 986
35 195
35 551
35 488
35 495
35 113
35 442
35 105
35 177
35 432
35 583
35 651
35 882
35 621
36 85
36 636
36 399
36 69
36 650
36 471
36 994
36 558
36 689
36 699
36 725
36 769
36 845
36 899
37 388
37 200
37 940
37 846
37 889
37 817
37 87
37 936
38 759
38 295
38 667
38 948
38 215
38 292
38 25
38 345
38 70
38 213
38 265
38 574
38 763
38 924
39 712
39 330
39 33
39 943
39 241
39 44
39 123
39 104
39 116
39 166
39 287
39 402
39 523
39 606
40 920
40 51
40 368
40 661
40 340
40 770
40 562
40 81
40 263
40 565
40 581
40 643
40 887
40 903
41 52
41 910
41 210
41 731
41 527
41 654
41 826
41 415
41 24
41 294
41 305
41 331
41 333
41 347
41 388
41 838
41 873
41 924
42 796
42 78
42 657
42 519
42 975
42 891
42 857
42 94
42 160
42 182
42 530
42 637
42 916
42 980
43 504
43 770
43 579
43 572
43 562
43 199
43 33
43 121
43 285
43 445
43 871
43 907
43 991
44 119
44 409
44 986
44 767
44 415
44 756
44 516
44 39
44 149
44 547
44 759
45 724
45 551
45 331
45 816
45 585
45 449
45 458
45 214
45 92
45 94
45 307
45 365
45 441
45 651
45 689
45 945
46 873
46 349
46 633
46 550
46 712
46 128
46 341
46 936
47 783
47 13
47 136
47 875
47 775
47 659
47 439
47 840
47 110
47 178
47 335
47 716
48 363
48 566
48 132
48 347
48 135
48 19
48 142
48 193
48 204
48 292
48 344
48 356
48 376
48 570
49 786
49 795
49 586
49 236
49 328
49 105
49 376
49 379
49 471
49 485
49 647
49 734
50 619
50 604
50 955
50 459
50 422
50 498
50 522
50 760
50 801
50 881
50 904
50 987
51 344
51 590
51 362
51 867
51 886
51 40
51 78
51 189
51 303
51 458
51 843
51 889
51 922
51 950
51 957
52 867
52 435
52 162
52 41
52 144
52 408
52 926
53 204
53 632
53 923
53 538
53 815
53 295
53 64
53 451
53 13
53 381
53 411
53 769
53 880
54 187
54 266
54 75
54 76
54 959
54 633
54 447
54 82
54 568
54 638
54 752
54 761
54 979
55 347
55 992
55 961
55 794
55 642
55 244
55 77
55 235
55 431
55 433
55 486
55 764
55 801
55 230
55 636
56 804
56 231
56 973
56 413
56 744
56 962
56 965
56 88
56 421
56 807
57 169
57 261
57 697
57 696
57 768
57 618
57 660
57 672
57 950
57 978
58 907
58 771
58 327
58 188
58 69
58 130
58 767
58 672
59 228
59 15
59 292
59 516
59 579
59 547
59 440
59 381
59 622
59 669
59 928
60 257
60 915
60 199
60 454
60 939
60 109
60 766
60 73
60 110
60 221
60 268
60 390
60 469
61 237
61 214
61 322
61 493
61 881
61 393
61 429
61 477
61 148
61 257
61 666
61 795
61 830
61 854
61 934
62 775
62 406
62 294
62 479
62 883
62 267
62 901
62 289
62 175
62 235
62 239
62 251
62 253
62 374
62 499
62 656
62 857
63 171
63 402
63 714
63 483
63 207
63 524
63 463
63 508
63 510
63 523
63 741
63 780
63 999
64 331
64 465
64 97
64 217
64 53
64 72
64 98
64 209
64 248
64 513
64 553
64 811
65 232
65 782
65 947
65 903
65 121
65 312
65 825
65 672
65 254
65 399
66 442
66 597
66 236
66 541
66 921
66 304
66 385
66 376
66 464
66 557
66 573
66 852
66 907
67 900
67 605
67 789
67 615
67 759
67 979
67 330
67 104
67 373
67 377
67 466
67 661
67 837
67 785
68 365
68 549
68 680
68 635
68 307
68 893
68 832
68 98
68 24
68 252
68 331
68 392
68 442
68 460
68 641
68 691
68 742
69 129
69 594
69 842
69 389
69 776
69 187
69 476
69 387
69 36
69 58
69 101
69 991
70 696
70 150
70 177
70 38
70 320
70 884
70 877
70 815
70 27
70 207
70 349
70 488
70 655
70 861
70 921
71 449
71 277
71 508
71 618
71 763
71 101
71 142
71 195
71 318
71 345
71 358
71 539
71 741
71 748
71 754
71 831
71 978
71 998
71 584
72 64
72 835
72 562
72 820
72 499
72 633
72 677
72 769
72 962
73 60
73 674
73 352
73 182
73 541
73 778
73 106
73 334
73 552
73 628
73 671
74 963
74 371
74 667
74 83
74 153
74 182
74 210
74 894
75 158
75 170
75 908
75 355
75 664
75 121
75 54
75 143
75 239
75 264
75 311
75 362
75 728
75 738
76 752
76 144
76 862
76 92
76 565
76 811
76 890
76 9
76 18
76 54
76 221
76 503
76 731
76 956
77 650
77 793
77 546
77 55
77 637
77 903
77 826
77 305
77 8
77 146
77 675
77 842
77 930
78 644
78 992
78 79
78 51
78 592
78 42
78 345
78 883
79 898
79 360
79 715
79 386
79 139
79 904
79 12
79 78
79 115
79 116
79 130
79 239
79 322
79 653
79 728
79 775
79 817
79 839
79 984
80 156
80 572
80 665
80 872
80 705
80 881
80 557
80 139
80 296
80 604
80 693
80 729
81 34
81 40
81 316
81 945
81 166
81 620
81 550
81 116
81 502
81 876
81 942
81 944
82 242
82 54
82 873
82 982
82 806
82 860
82 654
82 99
82 261
82 279
82 472
82 532
82 586
82 681
82 738
82 758
82 795
82 822
82 823
82 981
83 535
83 108
83 705
83 419
83 370
83 134
83 102
83 210
83 299
83 300
83 630
83 635
83 913
83 950
83 74
84 989
84 168
84 706
84 22
84 917
84 918
84 698
84 311
84 156
84 450
84 546
84 675
84 724
84 799
84 984
84 514
85 327
85 474
85 832
85 836
85 721
85 951
85 548
85 36
85 191
85 339
85 495
85 574
85 592
85 608
85 710
86 10
86 286
86 963
86 30
86 302
86 828
86 412
86 277
86 100
86 526
86 808
86 874
86 936
87 260
87 551
87 961
87 775
87 971
87 515
87 243
87 126
87 37
87 335
87 374
87 524
87 529
87 624
87 725
87 891
87 902
87 974
88 187
88 227
88 572
88 464
88 339
88 56
88 745
88 1
88 414
88 550
88 897
88 293
89 279
89 996
89 884
89 113
89 122
89 522
89 754
89 116
89 155
89 312
89 412
89 451
89 630
89 804
89 844
89 957
89 976
90 452
90 956
90 691
90 489
90 573
90 878
90 383
90 358
90 541
90 582
90 596
90 769
90 910
90 607
91 502
91 483
91 338
91 326
91 102
91 107
91 130
91 170
91 327
91 408
91 608
91 731
91 939
92 45
92 566
92 514
92 808
92 405
92 139
92 711
92 283
92 23
92 76
92 216
92 297
92 392
92 524
92 720
92 766
92 926
93 593
93 635
93 433
93 106
93 419
93 161
93 181
93 328
93 652
93 711
94 332
94 210
94 529
94 151
94 42
94 790
94 45
94 177
94 557
94 999
95 842
95 251
95 538
95 430
95 994
95 209
95 857
95 159
95 222
95 244
95 367
95 414
95 576
95 859
96 838
96 846
96 469
96 500
96 604
96 716
96 885
96 374
96 684
97 716
97 862
97 13
97 64
97 106
97 162
97 280
97 347
97 562
97 612
97 832
98 898
98 64
98 684
98 772
98 213
98 68
98 400
98 702
98 745
99 82
99 770
99 295
99 322
99 317
99 338
99 651
99 694
99 701
99 951
100 530
100 86
100 156
100 642
100 794
100 21
100 167
100 463
100 553
100 566
100 749
100 750
100 802
100 886
101 535
101 699
101 595
101 840
101 69
101 984
101 344
101 71
101 137
102 771
102 321
102 394
102 91
102 83
102 830
102 711
102 929
102 953
103 349
103 382
103 874
103 160
103 363
103 361
103 542
103 807
103 843
103 908
103 984
104 400
104 67
104 39
104 850
104 249
104 461
104 568
104 877
104 974
104 537
105 35
105 787
105 741
105 129
105 170
105 49
105 381
105 133
105 204
105 207
105 380
105 871
106 814
106 967
106 380
106 481
106 97
106 116
106 194
106 73
106 93
106 146
106 630
106 753
106 919
106 218
107 137
107 91
107 691
107 466
107 970
107 771
107 133
107 219
107 225
107 229
107 389
107 696
108 778
108 252
108 182
108 172
108 746
108 83
108 160
108 561
108 569
108 738
108 953
109 635
109 288
109 466
109 451
109 655
109 928
109 732
109 651
109 60
109 219
109 266
109 716
109 894
109 911
110 339
110 559
110 231
110 47
110 557
110 518
110 60
110 151
110 173
110 417
110 574
110 658
110 738
111 235
111 300
111 659
111 681
111 910
111 919
111 983
112 589
112 134
112 580
112 498
112 536
112 277
112 852
112 214
112 278
112 310
112 775
113 645
113 635
113 560
113 865
113 763
113 8
113 35
113 89
113 505
113 536
113 879
114 813
114 687
114 923
114 969
114 633
114 13
114 351
114 474
114 860
115 726
115 432
115 867
115 559
115 79
115 190
115 238
115 17
115 128
115 149
115 158
115 353
115 478
115 520
115 675
116 39
116 79
116 81
116 89
116 569
116 106
116 276
116 531
116 710
117 333
117 26
117 894
117 412
117 530
117 875
117 480
117 494
117 357
117 433
117 767
117 983
117 636
118 984
118 439
118 547
118 210
118 145
118 353
118 502
118 860
119 723
119 742
119 162
119 640
119 7
119 736
119 44
119 233
120 557
120 606
120 163
120 170
120 186
120 178
120 955
120 204
120 510
121 136
121 722
121 877
121 208
121 715
121 475
121 43
121 65
121 75
121 199
121 279
121 646
121 700
121 706
121 727
121 874
121 306
122 873
122 169
122 128
122 858
122 797
122 856
122 464
122 89
122 400
122 502
122 800
122 924
123 717
123 620
123 779
123 587
123 753
123 696
123 456
123 39
123 403
123 408
123 527
123 572
123 609
123 694
124 30
124 734
124 356
124 655
124 18
124 641
124 484
124 201
124 242
124 555
124 822
124 844
124 879
125 804
125 188
125 246
125 320
125 428
125 586
125 614
125 874
125 891
126 27
126 751
126 600
126 876
126 971
126 981
126 394
126 536
126 87
126 149
126 205
126 341
126 588
126 613
126 744
126 806
126 872
126 899
126 934
126 968
127 726
127 340
127 799
127 708
127 663
127 278
127 9
127 150
127 174
127 271
127 960
128 498
128 115
128 452
128 925
128 969
128 951
128 122
128 362
128 715
128 46
129 15
129 590
129 34
129 69
129 105
129 359
129 434
129 770
129 839
129 868
130 611
130 79
130 716
130 609
130 91
130 992
130 880
130 933
130 58
130 395
130 495
130 620
130 738
130 889
130 938
131 851
131 898
131 256
131 296
131 768
131 338
131 719
131 311
131 713
132 996
132 260
132 681
132 905
132 618
132 48
132 276
132 436
132 475
132 625
132 816
132 864
133 690
133 397
133 567
133 107
133 105
133 602
133 390
133 1
133 25
133 192
133 336
133 672
133 771
133 854
133 912
133 923
133 938
133 992
134 965
134 827
134 162
134 434
134 138
134 168
134 20
134 31
134 83
134 112
134 158
134 244
134 280
134 461
134 516
134 834
134 873
134 876
134 899
134 512
135 805
135 807
135 441
135 453
135 326
135 48
135 435
135 451
136 510
136 434
136 820
136 708
136 338
136 6
136 47
136 121
136 432
136 469
136 783
137 460
137 611
137 801
137 563
137 729
137 101
137 236
137 153
137 24
137 107
137 155
137 193
137 371
137 428
137 589
137 733
137 797
137 930
138 736
138 295
138 156
138 895
138 400
138 620
138 254
138 134
138 216
138 252
138 341
138 399
138 683
138 959
139 947
139 80
139 494
139 935
139 247
139 32
139 231
139 79
139 92
139 187
139 230
139 233
139 281
139 425
139 790
139 897
139 658
140 178
140 199
140 232
140 276
140 283
140 372
140 467
140 593
140 803
141 16
141 406
141 311
141 189
141 359
141 434
141 487
141 690
141 793
141 507
142 578
142 907
142 840
142 71
142 835
142 48
142 369
142 229
142 243
142 310
142 326
142 336
142 467
142 770
142 815
142 996
143 605
143 75
143 532
143 347
143 623
143 601
143 362
143 353
143 168
143 265
143 269
143 342
143 406
143 934
143 986
144 613
144 659
144 871
144 223
144 160
144 52
144 836
144 18
144 76
144 360
144 894
144 937
144 962
144 969
145 499
145 377
145 223
145 882
145 764
145 436
145 330
145 4
145 118
145 393
145 402
145 552
145 576
145 655
145 778
145 852
145 898
145 805
146 170
146 148
146 548
146 77
146 106
146 806
146 192
146 561
146 225
146 359
146 740
146 757
146 953
147 724
147 824
147 24
147 994
147 186
147 615
147 349
147 5
147 170
147 365
147 637
147 691
147 886
147 941
148 34
148 767
148 711
148 240
148 265
148 61
148 555
148 146
148 164
148 334
148 565
148 903
148 958
149 603
149 126
149 44
149 660
149 10
149 426
149 481
149 115
149 28
149 171
149 261
149 386
149 389
149 456
149 477
149 751
149 775
149 817
149 843
149 906
149 998
150 770
150 503
150 481
150 252
150 827
150 584
150 939
150 127
150 70
150 281
150 359
150 458
150 474
150 660
151 839
151 110
151 911
151 94
151 189
151 247
151 420
151 511
151 632
151 956
151 982
151 1000
152 667
152 469
152 281
152 190
152 344
152 307
152 896
152 507
152 25
152 162
152 188
152 619
152 651
152 812
153 981
153 914
153 991
153 216
153 679
153 760
153 137
153 697
153 473
153 74
154 358
154 374
154 612
154 323
154 899
154 572
154 197
154 467
154 526
154 629
154 661
154 668
154 893
154 945
155 719
155 137
155 778
155 326
155 89
155 322
155 353
155 388
156 381
156 290
156 264
156 490
156 84
156 844
156 4
156 80
156 100
156 138
156 498
156 743
157 605
157 630
157 542
157 716
157 457
157 342
157 508
157 183
157 411
157 990
157 273
158 160
158 433
158 855
158 569
158 595
158 115
158 134
158 463
158 75
158 192
158 354
158 370
158 503
158 517
158 617
158 668
158 895
159 29
159 992
159 620
159 174
159 571
159 576
159 303
159 95
159 330
159 807
159 809
159 934
159 937
160 282
160 108
160 217
160 42
160 540
160 103
160 144
160 158
160 243
160 617
160 850
161 669
161 233
161 224
161 729
161 93
161 896
161 318
161 287
161 337
161 372
161 587
161 656
161 753
161 808
162 639
162 975
162 152
162 97
162 190
162 855
162 52
162 119
162 134
162 198
162 624
162 801
162 910
163 359
163 20
163 327
163 770
163 689
163 443
163 120
163 278
163 322
163 696
163 717
163 830
163 876
163 877
163 911
163 982
164 814
164 343
164 897
164 148
164 182
164 198
164 206
164 224
164 563
164 742
164 833
164 439
165 534
165 979
165 31
165 362
165 375
165 389
165 390
165 425
165 519
165 545
165 738
165 901
165 942
166 478
166 823
166 263
166 39
166 299
166 589
166 28
166 864
166 81
166 577
166 935
166 980
167 26
167 797
167 100
167 997
167 181
167 453
167 775
167 648
167 742
167 754
167 868
167 935
168 786
168 493
168 143
168 216
168 84
168 134
168 371
168 433
168 814
168 886
168 979
168 784
169 447
169 678
169 668
169 659
169 916
169 558
169 57
169 122
169 309
169 354
169 535
170 147
170 650
170 511
170 797
170 993
170 91
170 629
170 75
170 105
170 120
170 146
170 371
170 564
171 766
171 977
171 149
171 650
171 920
171 263
171 254
171 63
171 502
171 598
171 885
171 963
171 1000
172 775
172 262
172 722
172 471
172 108
172 336
172 341
172 363
172 744
172 822
172 846
172 861
172 947
173 27
173 772
173 524
173 177
173 629
173 110
173 764
173 458
173 471
173 511
173 786
173 825
173 943
174 127
174 575
174 592
174 502
174 801
174 545
174 812
174 183
174 159
174 255
174 876
174 989
175 62
175 937
175 787
175 718
175 695
175 424
175 277
175 243
175 959
176 334
176 847
176 245
176 194
176 462
176 681
176 811
176 865
177 322
177 940
177 94
177 850
177 869
177 952
177 35
177 70
177 173
177 284
177 287
177 312
177 638
178 766
178 206
178 28
178 349
178 47
178 460
178 183
178 120
178 140
178 264
178 348
178 672
178 813
178 855
178 913
179 4
179 247
179 619
179 521
179 308
179 510
179 616
179 745
180 257
180 34
180 362
180 606
180 913
180 307
180 338
180 400
180 409
180 720
180 862
180 607
181 581
181 946
181 764
181 13
181 93
181 167
181 272
181 432
181 470
181 748
181 925
181 971
182 74
182 292
182 42
182 796
182 795
182 73
182 108
182 164
182 233
182 238
182 263
182 704
183 568
183 650
183 157
183 753
183 174
183 178
183 276
183 329
183 505
183 734
183 948
184 404
184 792
184 420
184 604
184 979
184 663
184 275
184 818
184 297
184 370
184 668
184 938
184 958
185 391
185 228
185 460
185 470
185 612
186 496
186 409
186 639
186 949
186 256
186 825
186 736
186 120
186 147
186 344
186 534
186 544
186 963
187 673
187 769
187 389
187 139
187 208
187 54
187 69
187 88
187 234
187 352
187 371
187 782
187 887
187 964
188 125
188 414
188 152
188 208
188 562
188 536
188 475
188 912
188 58
188 245
189 141
189 458
189 151
189 291
189 197
189 507
189 369
189 51
189 226
189 274
189 342
189 392
189 657
189 664
189 750
190 945
190 115
190 152
190 162
190 229
190 299
190 319
190 434
190 756
190 771
191 85
191 744
191 770
191 731
191 340
191 400
191 582
191 954
191 967
192 608
192 648
192 133
192 552
192 158
192 146
192 643
192 707
193 48
193 602
193 137
193 339
193 958
193 823
193 703
193 808
193 305
193 335
193 408
193 417
193 665
194 461
194 606
194 560
194 176
194 14
194 106
194 445
194 463
194 673
194 770
194 810
195 71
195 919
195 508
195 699
195 616
195 355
195 660
195 35
195 391
195 498
195 517
195 544
195 603
195 700
195 870
195 955
196 882
196 777
196 573
196 632
196 839
196 208
196 219
196 308
196 312
196 358
196 381
196 460
196 516
196 565
196 775
196 900
197 849
197 982
197 27
197 154
197 972
197 281
197 383
197 189
197 379
197 639
197 683
197 817
198 162
198 628
198 952
198 931
198 529
198 721
198 517
198 164
198 407
198 555
198 745
198 828
198 854
199 349
199 535
199 585
199 604
199 825
199 140
199 121
199 43
199 60
199 395
199 526
199 807
200 885
200 647
200 584
200 723
200 319
200 929
200 37
200 230
200 527
200 853
201 295
201 668
201 395
201 341
201 124
201 858
201 364
201 529
201 554
201 558
201 690
201 743
201 750
202 861
202 491
202 274
202 816
202 776
202 268
202 410
202 469
202 485
202 560
202 608
202 744
203 744
203 742
203 205
203 238
203 332
203 415
203 530
203 762
203 808
203 845
204 447
204 120
204 105
204 48
204 293
204 27
204 591
204 465
204 5
204 53
204 263
204 301
204 489
204 691
204 709
204 747
204 876
205 203
205 640
205 710
205 370
205 126
205 209
205 840
205 262
205 267
205 369
205 578
205 644
205 703
205 850
206 878
206 851
206 452
206 164
206 735
206 890
206 408
206 304
206 178
206 262
206 397
206 401
206 428
206 437
206 519
206 569
206 709
206 751
206 807
206 904
206 921
207 70
207 612
207 347
207 105
207 968
207 958
207 263
207 938
207 63
207 339
207 410
207 467
207 614
207 737
207 893
208 832
208 472
208 770
208 337
208 343
208 196
208 583
208 911
208 121
208 187
208 188
208 496
208 625
208 833
208 961
209 356
209 941
209 64
209 800
209 284
209 95
209 205
209 256
209 306
209 832
209 962
209 580
210 535
210 281
210 559
210 74
210 851
210 423
210 83
210 41
210 94
210 118
210 426
210 436
210 504
210 522
210 760
210 942
210 949
211 246
211 492
211 796
211 429
211 695
211 241
211 984
211 471
211 283
211 317
211 467
211 932
212 17
212 570
212 526
212 821
212 280
212 505
212 521
212 286
212 332
212 498
212 603
212 688
212 970
213 38
213 407
213 23
213 98
213 545
213 547
213 780
213 883
214 989
214 517
214 112
214 301
214 940
214 421
214 460
214 45
214 61
214 560
214 699
214 725
214 805
215 357
215 681
215 237
215 557
215 551
215 807
215 835
215 38
215 296
215 307
215 425
215 504
215 519
216 796
216 441
216 253
216 138
216 457
216 92
216 235
216 29
216 153
216 168
216 225
216 610
216 693
216 701
216 776
216 838
216 894
216 920
216 1000
217 711
217 925
217 935
217 294
217 469
217 521
217 860
217 997
217 28
217 64
217 160
217 350
218 396
218 523
218 905
218 247
218 411
218 106
218 231
218 375
219 691
219 792
219 395
219 795
219 910
219 109
219 196
219 107
219 242
219 401
219 424
219 504
219 525
219 564
219 587
219 614
219 624
219 765
219 932
220 557
220 715
220 609
220 367
220 661
220 772
220 843
220 577
220 701
220 847
220 877
220 999
221 76
221 60
221 415
221 961
221 939
221 387
221 659
221 16
221 238
221 349
221 603
221 649
221 653
221 773
222 95
222 382
222 560
222 750
222 484
222 25
222 722
222 32
222 363
222 368
222 377
222 400
222 961
223 331
223 32
223 585
223 853
223 813
223 500
223 144
223 145
223 493
223 575
223 655
223 903
224 164
224 780
224 595
224 996
224 812
224 451
224 769
224 161
224 385
224 536
224 586
224 633
224 820
225 107
225 640
225 146
225 216
225 17
225 714
225 380
225 939
225 402
225 426
225 471
225 598
225 672
225 697
225 726
225 963
226 680
226 576
226 646
226 260
226 957
226 858
226 189
226 679
226 384
226 545
226 551
226 558
226 580
226 758
226 821
226 959
226 978
227 350
227 524
227 994
227 357
227 918
227 857
227 814
227 88
227 257
227 407
227 508
227 617
227 864
228 235
228 930
228 637
228 255
228 801
228 185
228 763
228 59
228 286
228 290
228 325
228 448
228 527
228 804
228 873
229 805
229 142
229 107
229 519
229 574
229 190
229 434
229 34
229 317
229 337
229 483
229 515
229 752
230 139
230 976
230 200
230 55
230 743
230 235
230 826
230 827
231 740
231 314
231 660
231 218
231 525
231 528
231 414
231 692
231 56
231 110
231 139
231 401
231 477
231 611
231 689
231 717
232 349
232 948
232 140
232 766
232 30
232 700
232 355
232 383
232 65
232 270
232 862
232 930
232 985
233 293
233 272
233 326
233 182
233 139
233 387
233 119
233 161
233 328
233 422
233 436
233 573
233 588
233 712
234 278
234 488
234 584
234 988
234 187
234 604
234 305
234 568
234 915
235 818
235 456
235 55
235 230
235 454
235 754
235 736
235 62
235 111
235 216
235 228
235 272
235 746
236 539
236 49
236 66
236 137
236 681
236 781
236 942
236 977
237 896
237 418
237 984
237 578
237 541
237 628
237 540
237 61
237 215
237 446
237 756
237 868
238 873
238 893
238 646
238 221
238 182
238 705
238 203
238 115
238 486
238 640
239 75
239 79
239 488
239 248
239 992
239 363
239 62
239 367
239 311
239 314
239 364
239 382
239 429
240 744
240 247
240 796
240 957
240 148
240 334
240 585
240 764
241 854
241 752
241 677
241 718
241 39
241 211
241 364
241 404
241 520
241 551
241 553
241 577
241 618
241 772
242 601
242 124
242 427
242 297
242 219
242 3
242 82
242 253
242 410
242 437
242 524
242 636
242 918
243 142
243 816
243 479
243 413
243 315
243 160
243 175
243 87
243 267
243 322
243 343
243 468
243 910
244 528
244 369
244 317
244 673
244 95
244 134
244 979
244 34
244 55
244 272
244 274
244 465
244 777
245 188
245 474
245 657
245 853
245 943
245 924
245 176
245 363
246 509
246 524
246 715
246 125
246 743
246 211
246 271
246 311
246 528
246 664
246 728
246 829
247 948
247 326
247 909
247 890
247 151
247 139
247 179
247 218
247 240
247 268
247 318
247 329
247 492
247 548
247 688
247 856
248 335
248 64
248 239
248 372
248 539
248 600
248 845
248 904
249 723
249 888
249 104
249 671
249 487
249 552
249 326
249 659
249 668
250 459
250 653
250 964
250 805
250 663
250 664
250 760
250 3
250 602
250 840
250 943
251 62
251 1000
251 740
251 425
251 378
251 493
251 457
251 16
251 95
251 326
251 456
251 556
251 587
251 776
251 780
251 784
252 138
252 843
252 860
252 270
252 839
252 915
252 753
252 68
252 108
252 150
252 276
252 518
252 619
252 902
252 917
252 945
253 62
253 599
253 508
253 756
253 242
253 216
253 327
253 339
253 913
253 943
254 438
254 400
254 447
254 65
254 990
254 799
254 639
254 592
254 17
254 138
254 171
254 362
254 584
254 918
254 666
255 611
255 650
255 914
255 174
255 757
255 626
255 995
255 228
255 743
255 938
255 487
256 209
256 131
256 186
256 746
257 661
257 419
257 682
257 227
257 14
257 474
257 791
257 61
257 7
257 60
257 180
257 804
258 857
258 757
258 921
258 777
258 365
258 408
258 306
258 376
258 491
258 589
258 765
258 815
258 849
258 893
259 366
259 870
259 869
259 568
259 941
259 775
259 280
259 410
259 485
259 681
259 726
259 728
259 757
259 791
259 820
259 871
259 985
260 770
260 363
260 31
260 87
260 132
260 226
260 304
260 356
260 433
260 484
260 485
260 640
260 666
260 697
260 844
260 915
261 981
261 919
261 290
261 149
261 418
261 82
261 475
261 57
261 340
261 445
261 598
261 885
261 936
262 280
262 822
262 206
262 997
262 205
262 299
262 298
262 313
262 28
262 172
262 288
262 354
262 556
263 818
263 182
263 40
263 613
263 930
263 557
263 307
263 204
263 12
263 166
263 171
263 207
263 352
263 472
263 583
263 690
263 723
263 851
263 987
264 742
264 440
264 178
264 467
264 609
264 75
264 10
264 156
264 361
264 550
264 602
264 647
264 684
264 734
265 452
265 143
265 714
265 414
265 425
265 451
265 38
265 834
265 148
265 392
265 420
265 432
265 533
265 639
265 721
265 822
266 109
266 320
266 613
266 371
266 54
266 279
266 316
266 841
267 243
267 842
267 497
267 205
267 866
267 765
267 704
267 27
267 62
267 286
267 560
267 575
267 649
267 980
268 202
268 301
268 247
268 60
268 286
268 449
268 554
268 641
268 696
268 858
268 883
268 910
269 566
269 605
269 545
269 726
269 143
269 661
269 702
269 351
269 496
269 788
269 902
269 927
269 947
270 814
270 232
270 738
270 777
270 396
270 713
270 775
270 252
270 274
270 697
270 977
271 246
271 737
271 998
271 127
271 303
271 353
271 361
271 687
271 747
271 989
271 995
272 181
272 752
272 235
272 487
272 601
272 491
272 244
272 233
272 740
272 906
272 978
273 669
273 886
273 157
273 643
273 299
273 323
273 466
273 983
274 760
274 407
274 998
274 835
274 244
274 270
274 539
274 189
274 25
274 202
274 295
274 360
274 394
274 405
274 650
274 771
274 797
274 983
275 617
275 699
275 781
275 358
275 935
275 184
275 526
275 741
275 874
275 974
276 183
276 140
276 503
276 132
276 252
276 796
276 558
276 116
276 322
276 474
276 490
276 711
277 776
277 566
277 931
277 815
277 719
277 459
277 990
277 488
277 71
277 86
277 112
277 175
277 712
277 908
277 938
278 307
278 112
278 506
278 769
278 163
278 534
278 127
278 234
278 370
278 587
278 869
279 316
279 82
279 718
279 535
279 121
279 292
279 304
279 266
279 32
279 89
279 666
279 742
279 990
280 348
280 349
280 483
280 990
280 97
280 134
280 664
280 6
280 22
280 212
280 259
280 262
280 370
280 559
280 768
280 786
281 674
281 940
281 754
281 664
281 139
281 322
281 150
281 152
281 197
281 210
281 402
281 440
281 551
281 771
281 825
281 909
282 946
282 289
282 457
282 647
282 762
282 360
282 524
282 160
282 420
282 506
282 869
282 957
282 961
283 986
283 140
283 211
283 580
283 92
283 554
283 844
283 848
284 177
284 494
284 483
284 800
284 640
284 696
284 17
284 209
284 750
284 975
285 790
285 700
285 326
285 43
285 361
285 395
285 528
285 634
285 670
285 730
285 787
286 267
286 228
286 642
286 893
286 743
286 14
286 212
286 268
286 86
286 419
286 434
286 514
287 347
287 758
287 161
287 39
287 622
287 336
287 177
287 7
287 15
287 663
287 835
287 925
287 955
288 578
288 377
288 262
288 446
288 516
288 109
288 691
288 848
289 655
289 681
289 775
289 485
289 868
289 722
289 772
289 23
289 62
289 282
289 484
289 507
289 567
289 704
289 763
289 764
289 788
289 832
290 228
290 490
290 156
290 261
290 375
290 517
290 823
290 833
290 971
291 740
291 557
291 695
291 946
291 31
291 189
291 314
291 342
291 951
292 864
292 955
292 23
292 547
292 831
292 48
292 559
292 26
292 38
292 59
292 182
292 279
292 321
292 331
292 435
292 960
293 990
293 599
293 447
293 399
293 88
293 204
293 233
293 705
294 959
294 41
294 710
294 469
294 381
294 322
294 14
294 62
294 217
294 751
294 759
294 766
295 747
295 274
295 974
295 937
295 351
295 679
295 467
295 31
295 38
295 53
295 99
295 138
295 201
295 562
295 892
295 965
295 805
296 968
296 586
296 539
296 445
296 80
296 982
296 215
296 395
296 31
296 131
296 346
296 622
296 658
296 820
296 857
296 988
296 391
297 521
297 28
297 865
297 92
297 330
297 795
297 184
297 27
297 242
297 518
297 529
297 614
297 615
297 687
297 806
298 440
298 531
298 26
298 631
298 774
298 262
298 391
298 445
298 796
298 816
298 897
298 917
299 190
299 273
299 505
299 499
299 938
299 979
299 558
299 83
299 166
299 262
299 306
299 440
299 489
299 652
299 781
299 914
299 949
300 887
300 871
300 644
300 83
300 321
300 111
300 357
300 366
300 382
300 515
300 604
300 966
301 204
301 939
301 824
301 974
301 310
301 668
301 712
301 214
301 268
301 323
301 821
301 919
302 751
302 791
302 752
302 86
302 740
302 889
302 891
302 901
302 919
302 959
303 400
303 681
303 445
303 782
303 51
303 271
303 372
303 944
303 159
303 656
304 260
304 430
304 672
304 540
304 851
304 685
304 635
304 66
304 206
304 279
304 454
304 461
304 940
304 959
305 193
305 41
305 234
305 966
305 950
305 962
305 77
305 326
305 452
305 525
305 542
305 670
305 816
305 869
305 965
306 209
306 11
306 258
306 299
306 121
306 884
306 707
306 545
307 180
307 45
307 215
307 459
307 827
307 439
307 689
307 10
307 68
307 152
307 263
307 278
307 370
307 390
307 525
308 347
308 383
308 196
308 454
308 956
308 613
308 179
308 390
308 416
308 736
308 755
308 902
308 905
308 959
309 394
309 801
309 884
309 644
309 844
309 169
309 762
309 559
309 582
309 616
309 643
309 681
309 720
310 566
310 818
310 112
310 502
310 750
310 355
310 142
310 301
310 314
310 344
310 696
310 825
311 246
311 563
311 792
311 773
311 725
311 75
311 239
311 131
311 84
311 141
311 581
311 621
311 649
311 781
311 858
312 998
312 344
312 732
312 177
312 89
312 703
312 196
312 65
312 546
312 588
312 722
313 450
313 794
313 18
313 6
313 766
313 262
313 732
313 773
313 880
313 919
313 938
313 976
314 28
314 310
314 239
314 341
314 350
314 856
314 291
314 231
314 850
314 862
314 917
314 987
315 957
315 411
315 624
315 661
315 657
315 243
315 318
315 392
315 865
316 811
316 859
316 604
316 266
316 683
316 615
316 731
316 949
316 14
316 81
316 279
316 409
316 437
316 596
316 864
316 912
317 480
317 229
317 353
317 869
317 549
317 99
317 211
317 456
317 244
317 722
317 746
317 804
317 981
317 997
318 393
318 315
318 337
318 412
318 71
318 247
318 785
318 536
318 161
318 744
318 838
318 983
319 889
319 971
319 647
319 942
319 190
319 200
319 441
319 847
319 953
320 125
320 601
320 515
320 743
320 974
320 838
320 11
320 70
320 266
320 381
320 594
320 648
320 653
320 715
320 770
320 840
321 753
321 617
321 495
321 328
321 292
321 459
321 362
321 102
321 300
321 613
321 792
321 799
321 898
321 983
321 929
322 155
322 459
322 79
322 163
322 243
322 673
322 585
322 276
322 12
322 61
322 99
322 177
322 281
322 294
322 330
322 389
322 426
322 430
322 512
322 641
322 762
322 844
323 602
323 273
323 301
323 759
323 735
323 20
323 971
323 26
323 154
323 324
323 841
323 979
323 666
324 833
324 504
324 323
324 626
324 909
324 434
324 469
324 582
324 948
324 977
325 967
325 881
325 228
325 10
325 366
325 432
325 477
325 662
325 749
326 249
326 142
326 305
326 632
326 701
326 251
326 720
326 91
326 135
326 155
326 233
326 247
326 285
326 916
327 572
327 253
327 91
327 435
327 518
327 58
327 85
327 163
327 372
327 630
327 646
327 672
327 674
327 810
328 953
328 345
328 233
328 851
328 789
328 985
328 93
328 895
328 49
328 321
328 453
328 734
328 919
328 934
329 247
329 183
329 424
329 744
329 920
329 16
329 438
329 534
329 690
329 968
330 447
330 696
330 940
330 159
330 641
330 955
330 322
330 39
330 67
330 145
330 297
330 381
330 691
330 773
330 866
330 993
330 995
331 41
331 596
331 927
331 68
331 476
331 822
331 292
331 672
331 4
331 45
331 64
331 223
331 359
331 416
331 450
331 789
331 934
332 491
332 856
332 829
332 665
332 212
332 203
332 774
332 467
332 94
332 482
332 545
332 600
332 901
332 927
333 757
333 372
333 920
333 41
333 812
333 117
333 604
333 643
333 822
333 971
334 148
334 376
334 240
334 3
334 842
334 558
334 73
334 176
334 403
334 452
335 87
335 910
335 47
335 741
335 193
335 519
335 702
335 14
335 248
335 510
335 569
335 840
335 972
336 142
336 133
336 709
336 562
336 912
336 408
336 172
336 4
336 287
336 345
336 370
336 567
336 922
336 962
337 986
337 27
337 983
337 161
337 229
337 644
337 530
337 208
337 318
337 430
337 528
337 979
338 180
338 883
338 738
338 740
338 375
338 853
338 550
338 99
338 4
338 91
338 131
338 136
338 424
338 777
339 85
339 677
339 491
339 207
339 253
339 342
339 938
339 18
339 30
339 88
339 110
339 193
339 353
339 682
340 261
340 981
340 995
340 438
340 829
340 592
340 191
340 380
340 26
340 40
340 127
340 385
340 446
340 804
340 853
340 989
341 988
341 126
341 46
341 499
341 172
341 525
341 138
341 952
341 26
341 201
341 314
341 493
341 551
341 809
342 143
342 585
342 775
342 189
342 291
342 920
342 157
342 339
342 633
342 665
342 830
343 402
343 778
343 781
343 814
343 243
343 406
343 908
343 164
343 208
343 661
343 760
343 816
343 896
343 973
344 48
344 820
344 621
344 797
344 310
344 186
344 28
344 51
344 101
344 152
344 312
344 366
344 517
344 536
344 628
344 644
344 772
345 386
345 71
345 78
345 336
345 12
345 421
345 459
345 38
345 328
345 485
345 577
345 626
345 634
345 720
345 904
346 882
346 358
346 296
346 5
346 951
346 701
346 563
346 704
346 734
346 987
347 41
347 488
347 724
347 97
347 643
347 588
347 579
347 48
347 55
347 143
347 207
347 287
347 308
347 448
347 481
347 681
347 933
348 506
348 554
348 178
348 640
348 280
348 440
348 531
348 716
348 737
348 828
349 458
349 70
349 656
349 221
349 916
349 421
349 898
349 46
349 103
349 147
349 178
349 199
349 232
349 280
349 356
349 515
349 553
350 925
350 471
350 217
350 960
350 416
350 685
350 23
350 227
350 314
350 896
350 897
350 903
350 946
350 607
351 816
351 269
351 114
351 356
351 8
351 295
351 743
351 807
352 504
352 441
352 187
352 790
352 263
352 73
352 418
352 431
353 271
353 766
353 155
353 384
353 115
353 620
353 741
353 339
353 143
353 317
353 496
353 657
353 894
353 118
354 158
354 438
354 169
354 374
354 262
354 812
354 941
354 539
354 541
355 694
355 847
355 411
355 684
355 499
355 433
355 359
355 20
355 75
355 195
355 232
355 310
355 595
355 702
355 883
355 993
356 502
356 260
356 385
356 3
356 756
356 349
356 432
356 48
356 124
356 209
356 351
356 499
356 617
356 657
356 664
356 955
357 117
357 469
357 590
357 300
357 853
357 453
357 416
357 377
357 34
357 215
357 227
357 368
357 370
357 432
357 730
358 585
358 196
358 715
358 90
358 71
358 371
358 589
358 154
358 275
358 346
358 397
358 417
358 512
358 606
359 861
359 976
359 146
359 129
359 141
359 150
359 856
359 331
359 163
359 355
359 400
359 566
359 762
359 872
359 953
360 625
360 144
360 429
360 274
360 906
360 788
360 648
360 79
360 282
360 765
360 935
360 708
361 264
361 103
361 271
361 285
361 994
361 366
361 603
361 613
362 254
362 410
362 75
362 912
362 462
362 787
362 128
362 165
362 30
362 51
362 143
362 180
362 321
362 591
362 691
362 820
362 855
362 864
362 962
362 990
363 222
363 172
363 245
363 985
363 21
363 48
363 103
363 239
363 260
363 476
363 696
363 700
363 918
363 988
364 34
364 662
364 815
364 239
364 373
364 241
364 576
364 201
364 598
365 988
365 474
365 45
365 147
365 678
365 908
365 967
365 762
365 11
365 68
365 258
365 411
365 914
366 344
366 767
366 994
366 361
366 383
366 300
366 325
366 259
366 415
366 484
366 537
366 711
366 933
367 800
367 95
367 657
367 477
367 427
367 544
367 970
367 31
367 220
367 239
367 683
367 842
367 884
367 908
367 998
368 455
368 540
368 556
368 465
368 357
368 222
368 40
368 388
368 442
368 481
368 549
368 703
368 725
368 764
368 906
369 688
369 205
369 888
369 18
369 657
369 794
369 641
369 142
369 189
369 244
369 488
369 508
369 677
369 873
370 184
370 158
370 336
370 989
370 307
370 357
370 280
370 278
370 83
370 205
370 500
370 600
370 656
370 887
370 905
370 944
371 137
371 981
371 170
371 168
371 187
371 922
371 496
371 74
371 266
371 358
371 644
371 712
371 749
371 814
372 873
372 327
372 140
372 248
372 161
372 421
372 303
372 333
372 599
372 722
372 748
372 858
372 944
373 925
373 816
373 67
373 848
373 981
373 477
373 874
373 364
373 412
373 578
373 582
373 635
373 753
373 887
374 686
374 604
374 87
374 96
374 884
374 62
374 789
374 154
374 354
374 793
374 878
374 909
375 819
375 290
375 754
375 470
375 218
375 398
375 165
375 338
375 535
375 803
375 946
376 258
376 950
376 48
376 66
376 49
376 334
376 398
376 451
376 536
376 709
376 739
376 801
376 834
376 859
376 877
376 881
376 936
377 67
377 757
377 977
377 955
377 222
377 897
377 933
377 795
377 145
377 288
377 357
377 455
377 620
377 774
377 781
377 793
377 935
377 991
378 532
378 7
378 251
378 441
378 484
378 498
378 667
378 724
379 794
379 829
379 700
379 49
379 602
379 197
379 387
379 426
379 448
379 462
379 489
379 652
379 786
379 870
379 917
380 105
380 106
380 225
380 340
380 629
380 689
381 717
381 330
381 196
381 320
381 723
381 53
381 474
381 59
381 105
381 156
381 294
381 524
381 857
382 639
382 239
382 861
382 300
382 726
382 103
382 222
382 806
382 859
383 963
383 12
383 90
383 197
383 232
383 308
383 366
383 494
383 664
383 748
384 466
384 689
384 808
384 639
384 226
384 26
384 847
384 353
384 387
384 397
384 494
384 809
384 823
384 825
384 900
384 949
385 224
385 340
385 764
385 670
385 8
385 66
385 356
385 459
385 573
385 717
385 727
386 581
386 516
386 149
386 489
386 650
386 792
386 79
386 345
386 675
387 379
387 820
387 806
387 872
387 776
387 384
387 69
387 221
387 233
387 442
387 639
387 665
387 740
387 919
388 807
388 155
388 41
388 471
388 436
388 616
388 368
388 37
389 593
389 165
389 440
389 322
389 107
389 149
389 69
389 187
389 468
389 544
389 585
389 754
389 941
390 617
390 307
390 606
390 308
390 60
390 165
390 719
390 17
390 133
390 569
390 595
390 660
390 698
390 842
390 924
391 298
391 971
391 195
391 818
391 778
391 296
391 185
391 471
392 68
392 713
392 189
392 528
392 265
392 92
392 315
392 437
392 703
393 145
393 546
393 609
393 61
393 318
393 789
393 856
393 976
393 999
394 18
394 708
394 605
394 941
394 415
394 668
394 949
394 274
394 7
394 102
394 126
394 309
394 848
395 681
395 285
395 508
395 459
395 199
395 441
395 901
395 130
395 201
395 219
395 296
395 600
395 871
395 905
395 913
396 572
396 885
396 541
396 548
396 544
396 770
396 709
396 956
396 218
396 270
396 508
396 884
396 929
397 384
397 908
397 773
397 443
397 358
397 206
397 426
397 34
397 133
397 412
397 536
397 593
397 602
397 613
397 932
397 977
398 648
398 831
398 411
398 622
398 376
398 375
398 651
398 993
399 873
399 791
399 526
399 65
399 138
399 447
399 25
399 36
399 429
399 293
400 654
400 191
400 222
400 737
400 359
400 98
400 122
400 180
400 10
400 14
400 25
400 104
400 138
400 254
400 303
400 581
400 747
400 903
401 840
401 206
401 231
401 483
401 219
401 736
401 661
401 980
402 39
402 145
402 767
402 225
402 24
402 281
402 427
402 764
402 63
402 343
402 590
402 594
402 687
402 703
402 757
402 896
403 334
403 123
403 453
403 420
403 466
403 538
403 852
403 986
403 929
403 423
404 13
404 991
404 447
404 481
404 630
404 808
404 241
404 184
404 768
405 987
405 21
405 788
405 274
405 705
405 591
405 92
405 565
405 682
405 887
405 954
406 961
406 929
406 704
406 607
406 884
406 143
406 62
406 141
406 343
406 642
406 660
406 423
407 723
407 227
407 198
407 502
407 465
407 213
407 274
407 443
407 537
407 578
407 670
407 790
408 91
408 415
408 414
408 676
408 52
408 123
408 683
408 193
408 206
408 258
408 336
408 658
408 730
409 430
409 180
409 623
409 486
409 316
409 634
409 567
409 622
409 44
409 186
409 458
409 939
410 844
410 837
410 259
410 242
410 202
410 207
410 495
410 362
410 628
410 740
411 365
411 804
411 655
411 16
411 157
411 914
411 420
411 53
411 315
411 355
411 398
411 492
411 692
411 218
412 89
412 397
412 957
412 756
412 373
412 86
412 117
412 318
412 443
412 453
412 482
412 574
412 615
412 788
412 847
412 905
412 974
413 968
413 56
413 243
413 496
413 675
413 736
413 776
413 878
413 950
414 767
414 95
414 88
414 188
414 231
414 265
414 408
414 457
414 570
414 573
414 601
414 631
415 916
415 869
415 366
415 203
415 945
415 998
415 838
415 467
415 41
415 44
415 221
415 394
415 408
415 427
415 477
415 567
415 756
416 308
416 331
416 487
416 601
416 350
416 357
416 539
416 926
417 565
417 676
417 110
417 358
417 712
417 193
417 628
417 826
418 572
418 460
418 563
418 352
418 879
418 510
418 237
418 261
418 669
418 689
418 779
418 791
419 821
419 692
419 286
419 534
419 13
419 83
419 93
419 257
419 750
419 951
419 956
419 971
420 458
420 672
420 282
420 265
420 151
420 917
420 991
420 184
420 403
420 411
420 468
420 543
420 589
420 606
420 924
421 441
421 56
421 552
421 739
421 818
421 214
421 345
421 349
421 372
421 487
421 492
421 563
421 861
421 888
422 498
422 50
422 575
422 233
422 781
422 434
422 589
422 742
422 968
423 475
423 719
423 470
423 406
423 403
423 210
423 637
423 640
423 907
424 219
424 960
424 543
424 782
424 338
424 642
424 175
424 329
424 597
424 600
424 637
424 685
424 772
424 873
424 931
425 635
425 215
425 605
425 662
425 165
425 643
425 139
425 251
425 265
425 786
425 801
425 802
425 912
425 961
426 11
426 225
426 322
426 498
426 944
426 800
426 210
426 379
426 149
426 397
426 495
426 538
426 539
426 603
426 783
426 793
427 579
427 415
427 744
427 871
427 769
427 242
427 367
427 402
427 461
427 941
427 507
428 206
428 731
428 761
428 137
428 627
428 603
428 948
428 125
428 877
429 239
429 908
429 399
429 61
429 211
429 360
429 488
429 787
430 792
430 844
430 638
430 743
430 902
430 522
430 322
430 337
430 95
430 304
430 409
430 521
430 668
431 55
431 352
431 845
431 454
431 663
431 698
431 811
431 9
431 582
432 846
432 35
432 136
432 325
432 476
432 265
432 181
432 357
432 115
432 356
432 535
432 569
432 641
432 643
432 940
433 16
433 117
433 55
433 168
433 18
433 260
433 879
433 93
433 158
433 355
433 453
433 545
433 792
433 952
433 971
434 129
434 611
434 190
434 779
434 286
434 141
434 422
434 28
434 134
434 136
434 229
434 324
434 466
434 640
434 897
435 565
435 579
435 292
435 135
435 819
435 52
435 327
435 513
435 586
435 786
436 911
436 233
436 210
436 889
436 618
436 627
436 846
436 132
436 145
436 388
436 506
436 591
436 610
436 992
437 206
437 834
437 452
437 316
437 846
437 242
437 392
437 971
437 8
437 700
437 840
438 329
438 254
438 340
438 354
438 585
438 797
439 164
439 2
439 47
439 118
439 307
439 623
439 790
439 914
440 669
440 281
440 299
440 667
440 348
440 945
440 16
440 59
440 264
440 298
440 389
440 625
440 984
440 998
441 715
441 711
441 319
441 950
441 751
441 45
441 478
441 378
441 135
441 216
441 352
441 395
441 421
441 631
441 886
441 938
442 68
442 387
442 670
442 368
442 597
442 969
442 29
442 35
442 66
442 455
442 468
442 594
442 878
443 835
443 980
443 407
443 17
443 412
443 884
443 714
443 800
443 163
443 397
443 452
443 454
443 673
443 695
443 726
444 825
444 8
444 670
444 767
444 816
444 509
444 817
444 910
445 492
445 261
445 194
445 499
445 43
445 454
445 920
445 298
445 17
445 20
445 296
445 303
445 461
445 726
445 797
446 885
446 896
446 964
446 237
446 863
446 340
446 596
446 748
446 288
446 707
446 894
446 946
447 886
447 493
447 939
447 824
447 863
447 645
447 924
447 967
447 34
447 54
447 169
447 204
447 254
447 330
447 399
447 404
447 505
447 542
447 553
447 571
447 657
447 668
447 864
447 293
447 678
448 34
448 585
448 228
448 347
448 379
448 533
448 942
448 627
448 583
448 609
448 774
448 865
448 933
449 905
449 268
449 649
449 549
449 1000
449 837
449 962
449 45
449 71
449 455
449 499
449 569
449 636
449 995
449 482
450 13
450 84
450 331
450 26
450 34
450 462
450 963
450 313
450 672
450 775
451 135
451 736
451 89
451 489
451 376
451 608
451 30
451 53
451 109
451 224
451 265
451 707
451 772
451 776
451 870
451 989
451 678
452 305
452 861
452 334
452 443
452 981
452 950
452 90
452 128
452 206
452 265
452 437
452 474
452 792
452 999
453 328
453 870
453 433
453 592
453 493
453 910
453 738
453 412
453 135
453 167
453 357
453 403
453 512
453 570
453 728
453 739
453 756
453 807
454 638
454 744
454 900
454 443
454 928
454 932
454 733
454 304
454 60
454 235
454 308
454 431
454 445
454 487
454 628
454 663
454 896
455 377
455 954
455 15
455 936
455 713
455 456
455 449
455 442
455 368
456 537
456 539
456 684
456 149
456 945
456 550
456 251
456 4
456 123
456 235
456 317
456 455
457 685
457 414
457 637
457 717
457 748
457 157
457 216
457 251
457 282
457 737
457 994
458 777
458 409
458 173
458 706
458 51
458 755
458 150
458 29
458 45
458 189
458 349
458 420
458 629
458 820
458 884
459 21
459 751
459 472
459 17
459 385
459 942
459 919
459 50
459 250
459 277
459 307
459 321
459 322
459 345
459 395
459 538
459 656
459 988
460 511
460 888
460 185
460 196
460 538
460 867
460 68
460 137
460 178
460 214
460 418
460 610
460 962
461 445
461 427
461 304
461 986
461 939
461 104
461 134
461 194
462 748
462 379
462 176
462 822
462 798
462 12
462 362
462 450
462 644
463 952
463 63
463 529
463 100
463 194
463 158
463 583
463 600
463 613
463 754
463 823
464 604
464 823
464 66
464 549
464 878
464 940
464 88
464 122
464 544
464 626
464 782
464 889
465 903
465 955
465 629
465 15
465 244
465 846
465 742
465 64
465 204
465 368
465 407
465 522
465 646
465 976
466 908
466 968
466 403
466 515
466 273
466 67
466 434
466 814
466 107
466 109
466 384
466 479
466 612
466 636
466 809
466 914
467 154
467 142
467 627
467 207
467 25
467 211
467 140
467 264
467 295
467 332
467 415
467 938
467 959
468 896
468 420
468 442
468 675
468 736
468 483
468 243
468 389
468 734
468 773
468 875
468 921
468 939
468 978
469 136
469 60
469 963
469 781
469 324
469 202
469 855
469 555
469 27
469 96
469 152
469 217
469 294
469 357
469 650
469 659
469 679
469 745
469 763
470 688
470 686
470 185
470 181
470 670
470 703
470 996
470 375
470 575
470 873
470 963
470 423
471 391
471 934
471 753
471 225
471 733
471 173
471 49
471 689
471 11
471 36
471 172
471 211
471 350
471 388
471 538
471 548
471 600
471 615
471 641
471 671
471 741
471 1000
472 611
472 82
472 263
472 561
472 569
472 21
472 562
472 208
472 459
472 618
472 638
472 768
473 973
473 153
473 891
473 494
473 816
473 519
473 590
473 779
474 150
474 794
474 276
474 479
474 856
474 114
474 452
474 3
474 22
474 85
474 245
474 257
474 365
474 381
474 953
475 898
475 919
475 803
475 972
475 534
475 786
475 132
475 33
475 121
475 188
475 261
475 632
475 423
476 936
476 363
476 33
476 69
476 331
476 432
476 492
476 750
476 813
476 890
477 325
477 415
477 771
477 863
477 231
477 149
477 575
477 650
477 61
477 367
477 373
477 518
478 855
478 543
478 964
478 742
478 115
478 166
478 441
478 551
478 812
479 869
479 529
479 941
479 776
479 466
479 62
479 243
479 474
479 561
479 698
479 714
479 791
479 858
479 916
479 942
480 578
480 644
480 639
480 774
480 117
480 317
480 593
480 729
481 347
481 368
481 504
481 575
481 485
481 106
481 149
481 150
481 404
482 885
482 412
482 518
482 332
482 871
482 449
482 801
482 853
483 538
483 512
483 772
483 868
483 229
483 804
483 513
483 909
483 29
483 63
483 91
483 280
483 284
483 401
483 468
483 590
483 638
484 694
484 260
484 289
484 366
484 378
484 546
484 124
484 222
484 629
484 652
484 702
484 706
484 714
484 720
484 726
484 733
484 981
485 533
485 49
485 259
485 345
485 2
485 202
485 260
485 494
485 289
485 481
485 490
485 624
485 653
485 683
485 834
486 927
486 55
486 743
486 238
486 608
486 977
486 827
486 409
486 511
486 688
486 761
486 831
486 879
487 637
487 141
487 454
487 421
487 255
487 249
487 272
487 709
487 416
488 580
488 429
488 657
488 70
488 369
488 738
488 529
488 35
488 234
488 239
488 277
488 347
488 536
488 703
488 704
488 861
488 995
489 379
489 795
489 846
489 299
489 917
489 964
489 204
489 90
489 386
489 451
489 503
489 569
489 768
489 833
490 869
490 774
490 838
490 563
490 485
490 276
490 12
490 156
490 290
490 900
490 975
491 563
491 727
491 903
491 258
491 28
491 924
491 786
491 202
491 272
491 332
491 339
491 602
491 679
491 782
491 793
491 855
491 923
492 14
492 780
492 476
492 411
492 421
492 247
492 826
492 211
492 445
493 524
493 223
493 341
493 61
493 168
493 251
493 447
493 453
493 580
493 744
493 757
493 773
493 814
493 974
494 923
494 998
494 383
494 738
494 384
494 117
494 139
494 284
494 485
494 703
494 815
494 473
494 907
495 130
495 497
495 855
495 656
495 85
495 426
495 35
495 321
495 410
495 724
496 208
496 269
496 889
496 827
496 816
496 353
496 413
496 186
496 371
496 516
496 667
496 850
496 920
497 667
497 525
497 976
497 18
497 267
497 495
497 521
497 630
497 631
497 673
497 692
497 790
497 973
497 985
498 742
498 212
498 156
498 195
498 50
498 378
498 921
498 112
498 128
498 422
498 426
498 624
498 788
499 612
499 542
499 356
499 639
499 72
499 449
499 62
499 8
499 145
499 299
499 341
499 355
499 445
499 503
499 548
499 815
499 821
499 846
499 898
500 589
500 370
500 747
500 766
500 7
500 96
500 223
500 518
500 829
500 842
501 620
501 848
501 548
501 560
501 668
501 669
501 709
501 980
502 122
502 171
502 759
502 826
502 825
502 880
502 81
502 737
502 91
502 174
502 310
502 356
502 407
502 518
502 581
502 875
502 932
502 118
502 658
503 489
503 76
503 499
503 578
503 730
503 158
503 594
503 150
503 276
503 543
503 581
503 740
503 796
503 802
504 215
504 900
504 912
504 219
504 754
504 210
504 980
504 29
504 43
504 324
504 352
504 481
504 578
504 579
504 620
504 903
504 969
505 644
505 447
505 113
505 905
505 183
505 792
505 528
505 212
505 299
506 282
506 436
506 278
506 348
506 742
506 747
506 748
506 960
507 924
507 289
507 29
507 141
507 427
507 990
507 152
507 189
508 396
508 369
508 893
508 63
508 971
508 814
508 2
508 227
508 71
508 157
508 195
508 253
508 395
508 732
508 757
508 815
508 886
508 922
508 984
509 897
509 909
509 788
509 856
509 444
509 246
509 601
509 820
510 560
510 63
510 945
510 335
510 179
510 579
510 120
510 797
510 14
510 136
510 418
510 612
510 787
510 905
510 948
510 836
511 486
511 685
511 173
511 550
511 151
511 170
511 460
511 628
511 856
511 893
511 952
512 959
512 453
512 665
512 358
512 322
512 134
512 483
512 664
513 976
513 9
513 552
513 64
513 435
513 23
513 483
513 565
513 643
513 774
514 754
514 286
514 886
514 719
514 571
514 923
514 84
514 92
515 673
515 947
515 229
515 349
515 300
515 568
515 576
515 87
515 320
515 466
515 774
515 778
515 825
515 843
515 861
516 639
516 196
516 134
516 743
516 769
516 496
516 550
516 992
516 44
516 59
516 288
516 386
516 953
517 158
517 875
517 344
517 290
517 887
517 195
517 198
517 214
517 602
517 889
517 920
518 252
518 864
518 477
518 529
518 297
518 502
518 500
518 110
518 327
518 482
518 859
518 918
518 954
519 215
519 883
519 473
519 628
519 577
519 165
519 206
519 42
519 229
519 335
520 241
520 115
520 584
520 780
520 883
520 978
521 430
521 497
521 576
521 179
521 212
521 217
521 297
521 601
521 628
521 797
521 883
522 210
522 960
522 465
522 786
522 50
522 89
522 430
522 605
522 694
522 826
522 976
523 63
523 39
523 218
523 591
523 687
523 726
523 842
523 943
524 92
524 381
524 944
524 677
524 87
524 779
524 242
524 63
524 173
524 227
524 246
524 282
524 493
524 551
524 599
524 701
524 800
524 610
525 305
525 855
525 602
525 14
525 219
525 307
525 231
525 341
525 497
525 699
525 985
526 968
526 974
526 154
526 86
526 976
526 199
526 275
526 797
526 18
526 212
526 399
526 571
526 615
526 640
526 668
526 876
526 922
527 123
527 228
527 200
527 670
527 911
527 683
527 572
527 41
528 337
528 722
528 644
528 806
528 285
528 801
528 246
528 580
528 231
528 244
528 392
528 505
528 798
528 968
528 999
529 782
529 297
529 2
529 201
529 954
529 865
529 87
529 933
529 94
529 198
529 463
529 479
529 488
529 518
529 799
529 866
530 42
530 813
530 203
530 733
530 812
530 674
530 100
530 117
530 337
530 633
531 348
531 663
531 116
531 298
531 539
531 877
531 885
531 996
532 721
532 602
532 766
532 961
532 82
532 681
532 143
532 378
533 563
533 697
533 265
533 924
533 958
533 448
533 485
533 994
534 979
534 884
534 559
534 904
534 617
534 329
534 186
534 165
534 278
534 419
534 475
534 613
534 644
535 375
535 686
535 22
535 169
535 432
535 646
535 712
535 83
535 101
535 199
535 210
535 279
535 597
535 679
535 829
535 924
535 928
535 974
536 574
536 397
536 488
536 376
536 113
536 224
536 344
536 638
536 112
536 126
536 188
536 318
536 813
536 969
537 407
537 916
537 366
537 827
537 950
537 104
537 10
537 456
538 459
538 471
538 987
538 426
538 774
538 403
538 769
538 10
538 53
538 95
538 460
538 483
538 718
538 901
539 416
539 531
539 426
539 25
539 71
539 354
539 248
539 236
539 274
539 296
539 456
539 729
539 961
539 784
540 830
540 24
540 160
540 237
540 304
540 368
540 661
540 744
540 865
541 564
541 604
541 981
541 772
541 816
541 90
541 354
541 19
541 32
541 66
541 73
541 237
541 396
541 647
541 683
541 720
541 773
541 869
541 882
542 860
542 305
542 447
542 776
542 825
542 103
542 729
542 157
542 499
542 555
542 617
542 626
542 670
542 765
542 844
543 420
543 578
543 503
543 773
543 665
543 943
543 424
543 478
543 816
544 186
544 729
544 624
544 195
544 805
544 464
544 389
544 367
544 396
544 841
545 332
545 306
545 433
545 213
545 226
545 660
545 707
545 165
545 174
545 269
545 576
545 986
546 860
546 312
546 84
546 841
546 743
546 77
546 393
546 484
546 592
546 618
546 638
546 648
546 692
546 728
546 826
546 833
546 986
547 44
547 945
547 213
547 602
547 601
547 24
547 7
547 59
547 118
547 292
547 977
548 501
548 471
548 247
548 844
548 807
548 499
548 85
548 146
548 396
549 911
549 368
549 10
549 575
549 68
549 317
549 449
549 464
549 594
549 632
549 662
549 841
549 916
549 920
550 950
550 264
550 902
550 88
550 690
550 765
550 5
550 46
550 81
550 338
550 456
550 511
550 516
550 889
550 678
551 894
551 226
551 281
551 241
551 553
551 341
551 524
551 478
551 35
551 45
551 87
551 215
551 621
551 814
551 912
551 926
552 954
552 145
552 925
552 624
552 73
552 192
552 249
552 421
552 513
552 557
552 771
552 858
552 949
553 64
553 855
553 972
553 349
553 241
553 447
553 100
553 1
553 551
553 579
553 628
553 631
553 692
553 887
553 940
554 268
554 283
554 201
554 793
554 869
554 6
554 348
554 611
555 645
555 198
555 542
555 970
555 124
555 647
555 642
555 148
555 469
555 693
555 724
555 925
556 6
556 765
556 682
556 557
556 262
556 587
556 251
556 681
556 368
556 735
556 828
556 896
556 978
557 966
557 552
557 831
557 970
557 66
557 721
557 94
557 80
557 110
557 120
557 215
557 220
557 263
557 291
557 556
557 737
558 640
558 990
558 581
558 802
558 226
558 201
558 36
558 639
558 169
558 276
558 299
558 334
558 890
559 611
559 924
559 832
559 280
559 625
559 309
559 982
559 110
559 115
559 210
559 292
559 534
559 742
559 862
559 908
560 202
560 17
560 501
560 976
560 214
560 267
560 26
560 924
560 113
560 194
560 222
560 510
560 714
560 898
560 962
560 836
561 858
561 878
561 594
561 479
561 108
561 958
561 723
561 146
561 472
561 601
561 770
561 973
562 22
562 655
562 97
562 575
562 913
562 981
562 295
562 40
562 43
562 72
562 188
562 336
562 472
562 914
563 421
563 164
563 625
563 346
563 137
563 311
563 418
563 490
563 491
563 533
564 908
564 16
564 877
564 2
564 219
564 170
564 541
564 940
564 995
565 593
565 405
565 629
565 40
565 148
565 513
565 196
565 889
565 76
565 417
565 435
565 575
565 660
565 851
565 916
565 949
566 773
566 359
566 100
566 34
566 48
566 92
566 269
566 277
566 310
566 705
566 787
566 879
567 815
567 725
567 289
567 604
567 415
567 336
567 885
567 133
567 409
567 635
568 54
568 11
568 104
568 234
568 33
568 841
568 617
568 183
568 259
568 515
568 588
568 712
568 780
568 864
568 940
568 580
569 837
569 432
569 449
569 390
569 206
569 335
569 108
569 489
569 6
569 158
569 472
569 867
569 116
570 453
570 414
570 775
570 48
570 739
570 977
570 862
570 212
570 822
570 917
571 883
571 860
571 851
571 852
571 577
571 526
571 447
571 783
571 159
571 806
571 946
571 972
571 514
572 123
572 886
572 43
572 80
572 88
572 154
572 327
572 396
572 418
572 923
572 527
573 638
573 66
573 883
573 233
573 414
573 385
573 772
573 90
573 196
574 110
574 38
574 747
574 822
574 791
574 412
574 85
574 606
574 229
574 536
574 795
574 867
574 917
574 931
575 751
575 470
575 267
575 565
575 28
575 223
575 174
575 422
575 477
575 481
575 549
575 562
575 595
575 647
575 752
575 834
575 909
576 728
576 145
576 836
576 95
576 588
576 648
576 545
576 23
576 159
576 226
576 364
576 515
576 521
576 662
576 867
577 241
577 947
577 345
577 821
577 995
577 965
577 220
577 166
577 519
577 571
577 589
577 674
577 762
577 850
577 967
578 909
578 821
578 866
578 205
578 373
578 677
578 407
578 504
578 30
578 142
578 237
578 288
578 480
578 503
578 543
578 779
579 956
579 872
579 845
579 822
579 955
579 504
579 553
579 43
579 59
579 347
579 427
579 435
579 510
579 591
579 616
579 769
579 958
580 493
580 226
580 209
580 568
580 112
580 283
580 488
580 528
581 40
581 400
581 502
581 311
581 799
581 503
581 993
581 181
581 386
581 558
581 723
581 732
581 940
581 965
582 373
582 431
582 191
582 309
582 761
582 90
582 324
582 5
582 683
582 863
582 935
582 952
583 463
583 921
583 35
583 263
583 838
583 448
583 911
583 208
583 874
583 909
583 927
584 26
584 520
584 254
584 71
584 150
584 200
584 234
584 590
585 240
585 824
585 389
585 438
585 587
585 997
585 45
585 199
585 223
585 322
585 342
585 358
585 448
585 604
585 665
585 737
586 125
586 435
586 82
586 756
586 224
586 49
586 296
586 669
586 733
586 827
586 870
586 893
587 278
587 251
587 161
587 817
587 693
587 219
587 27
587 123
587 556
587 585
587 851
587 856
587 678
588 568
588 653
588 27
588 917
588 233
588 312
588 126
588 347
588 576
588 878
588 951
589 137
589 964
589 422
589 258
589 420
589 691
589 577
589 933
589 112
589 166
589 358
589 500
589 629
590 584
590 402
590 872
590 784
590 473
590 483
590 51
590 129
590 357
590 673
590 767
591 436
591 849
591 362
591 523
591 579
591 204
591 405
591 890
592 85
592 758
592 987
592 629
592 903
592 546
592 174
592 254
592 340
592 453
592 78
593 798
593 480
593 909
593 923
593 397
593 679
593 856
593 140
593 93
593 389
593 565
593 892
594 964
594 402
594 320
594 624
594 549
594 442
594 632
594 69
594 503
594 561
594 741
594 847
594 861
594 933
594 952
594 992
595 27
595 355
595 698
595 575
595 390
595 101
595 158
595 224
595 839
596 90
596 316
596 14
596 331
596 446
596 626
596 851
596 907
596 607
597 535
597 10
597 864
597 424
597 672
597 66
597 442
597 827
597 976
597 986
597 990
598 733
598 364
598 695
598 932
598 225
598 766
598 171
598 261
598 926
598 994
599 772
599 957
599 27
599 524
599 949
599 788
599 372
599 253
599 293
599 661
600 370
600 424
600 395
600 471
600 248
600 463
600 332
600 126
600 892
601 521
601 414
601 561
601 759
601 24
601 509
601 722
601 143
601 242
601 272
601 320
601 547
601 858
601 991
601 416
602 264
602 491
602 517
602 250
602 746
602 397
602 866
602 133
602 193
602 323
602 379
602 525
602 532
602 547
602 879
602 980
602 996
603 212
603 195
603 361
603 847
603 221
603 426
603 819
603 149
603 428
603 612
603 624
603 671
603 694
603 776
604 691
604 675
604 333
604 300
604 715
604 759
604 80
604 585
604 50
604 96
604 184
604 199
604 234
604 316
604 374
604 464
604 541
604 567
604 688
604 971
605 874
605 522
605 882
605 67
605 143
605 157
605 269
605 394
605 425
605 616
605 845
605 866
605 867
606 39
606 628
606 870
606 679
606 611
606 420
606 358
606 120
606 180
606 194
606 390
606 574
607 830
607 625
607 596
607 180
607 350
607 90
607 406
607 808
608 202
608 85
608 91
608 867
608 633
608 192
608 451
608 486
608 618
608 709
608 803
608 875
609 910
609 448
609 900
609 683
609 681
609 827
609 123
609 130
609 220
609 264
609 393
609 669
609 685
609 882
609 979
609 996
609 9
610 436
610 797
610 216
610 460
610 524
610 721
610 824
610 699
611 948
611 825
611 708
611 231
611 554
611 130
611 137
611 255
611 434
611 472
611 559
611 606
611 623
611 728
611 835
611 894
612 97
612 185
612 691
612 836
612 510
612 603
612 466
612 154
612 207
612 499
612 644
612 826
612 991
613 744
613 126
613 463
613 361
613 534
613 321
613 397
613 144
613 263
613 266
613 308
613 657
613 696
613 958
614 219
614 24
614 297
614 125
614 895
614 838
614 207
614 828
614 902
615 526
615 471
615 854
615 786
615 412
615 297
615 67
615 147
615 316
615 664
615 866
615 969
615 973
616 913
616 757
616 987
616 309
616 579
616 605
616 179
616 772
616 8
616 195
616 388
616 827
616 927
617 542
617 160
617 960
617 227
617 720
617 356
617 158
617 30
617 275
617 321
617 390
617 534
617 568
617 702
618 57
618 546
618 241
618 608
618 472
618 71
618 132
618 436
618 924
619 659
619 663
619 252
619 152
619 790
619 714
619 772
619 50
619 179
619 647
619 696
620 377
620 633
620 925
620 888
620 504
620 130
620 81
620 123
620 138
620 159
620 353
620 501
620 808
621 819
621 22
621 311
621 551
621 35
621 344
621 787
621 960
622 845
622 59
622 296
622 287
622 398
622 409
622 643
622 717
622 985
623 439
623 22
623 611
623 143
623 409
623 736
623 754
623 846
623 984
624 498
624 750
624 87
624 888
624 485
624 603
624 219
624 162
624 315
624 544
624 552
624 594
624 848
625 979
625 440
625 711
625 132
625 208
625 15
625 360
625 559
625 563
625 607
626 734
626 345
626 890
626 845
626 796
626 464
626 596
626 542
626 255
626 324
626 692
626 705
626 760
626 795
626 862
627 649
627 931
627 30
627 428
627 436
627 448
627 467
627 827
628 511
628 73
628 553
628 454
628 410
628 890
628 521
628 344
628 198
628 237
628 519
628 606
628 694
628 736
628 789
628 891
628 912
628 978
628 417
629 710
629 589
629 954
629 154
629 458
629 484
629 936
629 380
629 170
629 173
629 465
629 565
629 592
629 633
629 652
629 725
629 803
629 852
629 966
630 497
630 106
630 661
630 83
630 931
630 89
630 727
630 327
630 27
630 157
630 404
630 816
630 977
631 553
631 414
631 441
631 497
631 743
631 13
631 298
631 638
632 151
632 549
632 475
632 716
632 989
632 780
632 11
632 26
632 53
632 196
632 326
632 594
632 906
633 779
633 72
633 224
633 629
633 342
633 694
633 530
633 46
633 54
633 114
633 608
633 620
633 902
633 913
634 345
634 756
634 285
634 409
634 666
634 724
634 763
634 896
635 83
635 688
635 881
635 679
635 843
635 373
635 567
635 3
635 68
635 93
635 109
635 113
635 304
635 425
635 849
635 926
636 242
636 449
636 466
636 665
636 55
636 117
636 33
636 36
637 424
637 423
637 817
637 851
637 735
637 42
637 147
637 13
637 1
637 77
637 228
637 457
637 487
637 824
637 981
638 177
638 546
638 54
638 822
638 472
638 631
638 483
638 430
638 454
638 536
638 573
638 655
638 803
638 852
639 874
639 999
639 916
639 265
639 955
639 387
639 743
639 197
639 1
639 21
639 162
639 186
639 254
639 382
639 384
639 480
639 499
639 516
639 558
639 872
640 423
640 964
640 238
640 969
640 260
640 526
640 434
640 119
640 205
640 225
640 284
640 348
640 558
640 782
640 843
640 902
641 432
641 68
641 322
641 268
641 786
641 471
641 735
641 21
641 124
641 330
641 369
641 895
641 798
642 406
642 55
642 100
642 286
642 424
642 555
642 646
642 832
642 993
643 40
643 513
643 432
643 333
643 622
643 192
643 309
643 347
643 425
643 884
643 951
643 273
644 534
644 462
644 612
644 205
644 371
644 344
644 940
644 733
644 78
644 300
644 309
644 337
644 480
644 505
644 528
644 780
644 891
644 943
645 951
645 33
645 113
645 447
645 555
645 695
645 800
645 837
645 863
646 642
646 767
646 465
646 121
646 716
646 721
646 327
646 226
646 238
646 535
646 871
647 951
647 965
647 619
647 264
647 762
647 575
647 49
647 541
647 200
647 282
647 319
647 555
647 872
648 320
648 167
648 546
648 887
648 192
648 360
648 398
648 576
648 692
648 699
648 937
649 221
649 694
649 311
649 691
649 267
649 847
649 777
649 449
649 627
649 713
650 274
650 940
650 739
650 469
650 2
650 938
650 36
650 77
650 170
650 171
650 183
650 255
650 386
650 477
650 734
650 950
650 958
651 398
651 99
651 45
651 786
651 942
651 35
651 152
651 910
651 19
651 109
651 831
652 93
652 629
652 299
652 379
652 669
652 484
652 933
652 936
653 79
653 694
653 320
653 34
653 485
653 942
653 910
653 221
653 250
653 588
653 921
654 903
654 41
654 82
654 400
654 701
654 708
654 729
654 884
654 945
655 15
655 145
655 638
655 70
655 223
655 109
655 124
655 289
655 411
655 562
655 700
655 773
656 370
656 161
656 729
656 62
656 459
656 860
656 303
656 839
656 349
656 495
657 189
657 356
657 945
657 989
657 447
657 353
657 613
657 15
657 42
657 245
657 315
657 367
657 369
657 488
657 712
658 408
658 991
658 110
658 800
658 675
658 296
658 139
658 502
659 14
659 469
659 921
659 249
659 111
659 758
659 47
659 144
659 169
659 221
659 619
659 701
659 827
660 758
660 390
660 150
660 565
660 57
660 931
660 406
660 149
660 195
660 231
660 545
660 682
661 540
661 343
661 599
661 775
661 154
661 67
661 668
661 676
661 40
661 220
661 257
661 269
661 315
661 401
661 630
661 663
661 755
661 772
661 779
662 856
662 576
662 993
662 549
662 931
662 325
662 364
662 425
662 724
662 839
663 838
663 661
663 454
663 287
663 695
663 127
663 184
663 250
663 431
663 531
663 619
663 829
663 837
664 246
664 615
664 512
664 356
664 189
664 383
664 1
664 906
664 75
664 250
664 280
664 281
664 713
664 762
664 947
664 969
665 21
665 342
665 709
665 387
665 193
665 585
665 680
665 80
665 332
665 512
665 543
665 636
665 845
665 945
666 61
666 634
666 740
666 279
666 260
666 254
666 323
666 890
667 496
667 797
667 884
667 745
667 893
667 734
667 378
667 38
667 74
667 152
667 440
667 497
667 755
667 857
668 430
668 526
668 158
668 249
668 184
668 447
668 154
668 501
668 169
668 201
668 301
668 394
668 661
668 806
668 849
668 854
668 892
669 916
669 59
669 418
669 586
669 501
669 609
669 161
669 273
669 440
669 652
670 542
670 285
670 759
670 407
670 305
670 385
670 442
670 444
670 470
670 527
670 681
670 779
670 790
670 810
670 976
671 925
671 471
671 603
671 811
671 73
671 249
671 692
671 717
671 846
671 970
672 912
672 178
672 327
672 450
672 57
672 133
672 225
672 722
672 65
672 304
672 331
672 420
672 597
672 769
672 834
672 847
672 937
672 966
672 58
673 590
673 194
673 973
673 443
673 497
673 992
673 187
673 244
673 322
673 515
673 797
674 577
674 29
674 327
674 813
674 784
674 769
674 851
674 73
674 281
674 530
674 791
674 948
675 386
675 115
675 77
675 965
675 84
675 413
675 731
675 859
675 468
675 604
675 658
675 713
675 991
676 964
676 693
676 408
676 417
676 661
676 905
677 972
677 369
677 932
677 72
677 856
677 7
677 241
677 339
677 524
677 578
677 983
678 550
678 825
678 447
678 948
678 451
678 587
678 169
678 365
679 831
679 793
679 834
679 535
679 491
679 469
679 824
679 153
679 226
679 295
679 593
679 606
679 635
679 690
679 868
680 944
680 891
680 722
680 68
680 226
680 665
680 898
680 988
681 347
681 82
681 259
681 670
681 111
681 176
681 309
681 236
681 132
681 215
681 289
681 303
681 395
681 532
681 556
681 609
682 973
682 898
682 999
682 405
682 704
682 339
682 660
682 21
682 257
682 556
682 751
682 816
682 968
683 541
683 582
683 138
683 777
683 197
683 485
683 367
683 32
683 316
683 408
683 609
683 687
683 786
683 878
683 527
684 96
684 730
684 264
684 98
684 355
684 456
684 687
685 8
685 424
685 609
685 304
685 350
685 457
685 511
685 733
685 914
685 937
686 16
686 27
686 932
686 374
686 470
686 535
686 864
686 941
686 975
687 271
687 402
687 953
687 297
687 684
687 523
687 791
687 683
687 114
687 854
688 486
688 604
688 247
688 212
688 760
688 369
688 470
688 635
688 731
688 757
689 692
689 45
689 418
689 380
689 36
689 231
689 10
689 163
689 307
689 384
689 471
689 742
689 798
690 994
690 329
690 141
690 201
690 940
690 679
690 263
690 2
690 133
690 550
690 711
690 796
690 867
690 916
691 147
691 883
691 288
691 330
691 987
691 204
691 68
691 362
691 90
691 107
691 219
691 589
691 604
691 612
691 649
692 648
692 626
692 411
692 497
692 553
692 671
692 546
692 231
692 419
692 689
692 731
692 867
692 953
692 975
693 80
693 555
693 216
693 587
693 676
693 697
693 729
694 856
694 522
694 628
694 747
694 719
694 123
694 603
694 99
694 355
694 484
694 633
694 649
694 653
694 798
694 853
694 899
694 875
695 645
695 922
695 443
695 829
695 175
695 211
695 291
695 598
695 663
695 767
696 107
696 310
696 363
696 613
696 268
696 163
696 619
696 22
696 57
696 70
696 123
696 284
696 330
697 225
697 794
697 270
697 693
697 260
697 786
697 153
697 57
697 533
697 925
697 995
698 753
698 776
698 479
698 390
698 787
698 84
698 431
698 595
698 870
699 22
699 739
699 36
699 648
699 610
699 525
699 716
699 214
699 19
699 101
699 195
699 275
699 762
700 655
700 363
700 437
700 195
700 121
700 232
700 285
700 379
700 983
701 844
701 867
701 99
701 524
701 220
701 216
701 654
701 659
701 20
701 326
701 346
702 833
702 98
702 617
702 33
702 355
702 772
702 484
702 990
702 269
702 335
702 898
702 951
703 901
703 494
703 368
703 866
703 392
703 402
703 488
703 205
703 193
703 312
703 470
703 809
703 961
704 346
704 741
704 182
704 989
704 289
704 488
704 267
704 406
704 682
704 778
704 807
705 903
705 28
705 911
705 293
705 742
705 566
705 626
705 80
705 83
705 238
705 405
705 994
705 785
706 929
706 33
706 484
706 121
706 966
706 84
706 458
706 865
706 913
707 192
707 451
707 865
707 446
707 906
707 901
707 545
707 306
708 654
708 360
708 127
708 136
708 394
708 611
708 908
708 946
709 608
709 204
709 376
709 501
709 206
709 487
709 336
709 396
709 665
709 941
710 85
710 116
710 796
710 724
710 205
710 294
710 629
710 743
711 366
711 102
711 863
711 690
711 867
711 276
711 93
711 92
711 148
711 217
711 441
711 625
711 771
711 849
711 872
711 890
711 902
712 371
712 787
712 657
712 568
712 233
712 774
712 277
712 13
712 39
712 46
712 301
712 417
712 535
712 868
713 649
713 131
713 675
713 914
713 849
713 664
713 807
713 772
713 30
713 270
713 392
713 455
713 952
714 484
714 560
714 936
714 479
714 63
714 225
714 265
714 443
714 619
715 128
715 814
715 320
715 79
715 121
715 220
715 246
715 358
715 441
715 604
715 859
715 884
716 47
716 771
716 736
716 348
716 109
716 914
716 96
716 97
716 130
716 157
716 632
716 646
716 699
716 747
716 779
716 828
717 671
717 231
717 163
717 385
717 622
717 123
717 381
717 457
717 792
717 869
717 914
718 917
718 538
718 788
718 884
718 175
718 241
718 279
718 882
718 955
719 941
719 131
719 155
719 277
719 390
719 694
719 865
719 905
719 423
719 514
720 541
720 748
720 484
720 92
720 180
720 345
720 309
720 326
720 617
720 859
721 265
721 836
721 85
721 198
721 532
721 557
721 646
721 838
721 928
721 610
722 372
722 921
722 317
722 312
722 770
722 995
722 1
722 121
722 172
722 222
722 289
722 528
722 601
722 672
722 680
723 263
723 581
723 968
723 967
723 997
723 119
723 200
723 249
723 381
723 407
723 561
723 939
724 495
724 378
724 826
724 662
724 555
724 84
724 634
724 32
724 45
724 147
724 347
724 843
724 868
724 710
725 87
725 36
725 629
725 2
725 790
725 368
725 214
725 311
725 567
725 743
726 12
726 523
726 259
726 225
726 484
726 443
726 445
726 115
726 127
726 269
726 382
726 730
727 963
727 121
727 764
727 385
727 491
727 630
727 821
727 907
727 915
727 972
728 259
728 611
728 246
728 546
728 79
728 453
728 75
728 576
728 958
728 961
729 654
729 999
729 480
729 693
729 941
729 539
729 917
729 80
729 137
729 161
729 542
729 544
729 656
729 750
730 408
730 285
730 357
730 734
730 990
730 895
730 726
730 503
730 684
731 898
731 31
731 688
731 91
731 860
731 692
731 20
731 76
731 41
731 191
731 316
731 428
731 675
731 817
731 830
732 756
732 508
732 581
732 747
732 800
732 313
732 972
732 109
732 312
733 685
733 484
733 888
733 137
733 586
733 454
733 471
733 530
733 598
733 644
733 761
733 819
733 834
733 893
733 952
734 841
734 468
734 346
734 650
734 328
734 183
734 49
734 264
734 15
734 20
734 124
734 626
734 667
734 730
734 746
734 768
734 778
734 918
735 982
735 904
735 556
735 206
735 323
735 637
735 641
735 747
735 814
735 968
736 623
736 983
736 308
736 940
736 628
736 767
736 795
736 413
736 138
736 186
736 235
736 401
736 451
736 468
736 716
736 804
736 840
736 973
736 119
737 759
737 348
737 207
737 585
737 457
737 557
737 903
737 271
737 400
737 502
738 165
738 110
738 108
738 82
738 130
738 75
738 845
738 2
738 270
738 338
738 453
738 488
738 494
738 783
738 818
739 757
739 376
739 453
739 10
739 16
739 421
739 570
739 650
739 699
739 922
740 927
740 302
740 272
740 999
740 146
740 387
740 503
740 410
740 231
740 251
740 291
740 338
740 666
740 887
741 275
741 594
741 962
741 71
741 914
741 988
741 63
741 471
741 105
741 335
741 353
741 704
741 789
741 954
742 167
742 506
742 164
742 422
742 68
742 689
742 279
742 559
742 14
742 119
742 203
742 264
742 465
742 478
742 498
742 705
742 817
743 255
743 725
743 156
743 710
743 201
743 351
743 935
743 246
743 286
743 320
743 430
743 486
743 516
743 546
743 631
743 639
743 748
743 811
743 821
743 230
744 202
744 172
744 318
744 493
744 126
744 540
744 959
744 31
744 56
744 191
744 203
744 240
744 329
744 427
744 454
744 613
744 874
744 916
744 992
745 987
745 98
745 884
745 879
745 469
745 179
745 198
745 88
745 667
745 765
745 909
745 994
746 734
746 256
746 235
746 317
746 108
746 602
746 752
746 765
746 809
746 841
746 843
746 872
746 882
746 886
747 889
747 271
747 204
747 400
747 716
747 735
747 506
747 977
747 295
747 500
747 574
747 694
747 732
747 970
747 972
748 830
748 900
748 181
748 71
748 743
748 372
748 383
748 506
748 446
748 457
748 462
748 720
748 939
749 800
749 874
749 757
749 100
749 815
749 371
749 325
749 761
749 908
750 476
750 189
750 201
750 853
750 284
750 419
750 100
750 729
750 222
750 310
750 624
750 854
751 294
751 682
751 913
751 149
751 206
751 126
751 302
751 441
751 459
751 575
751 764
751 783
751 785
751 793
752 835
752 915
752 54
752 957
752 575
752 746
752 229
752 76
752 241
752 272
752 302
752 906
752 912
752 954
753 373
753 161
753 106
753 123
753 183
753 252
753 321
753 471
753 698
753 808
754 167
754 997
754 463
754 852
754 71
754 389
754 792
754 623
754 89
754 235
754 281
754 375
754 504
754 514
755 661
755 667
755 825
755 871
755 308
755 801
755 458
755 850
755 925
755 984
756 237
756 415
756 190
756 985
756 453
756 16
756 44
756 253
756 356
756 412
756 586
756 634
756 732
756 787
756 920
757 893
757 508
757 146
757 259
757 493
757 989
757 402
757 688
757 255
757 258
757 333
757 377
757 616
757 739
757 749
757 901
757 922
758 949
758 967
758 82
758 5
758 825
758 226
758 940
758 287
758 592
758 659
758 660
758 837
758 849
759 44
759 872
759 29
759 294
759 38
759 67
759 323
759 502
759 601
759 604
759 670
759 737
759 760
760 50
760 759
760 210
760 626
760 823
760 343
760 153
760 250
760 274
760 688
760 827
760 963
760 993
761 19
761 749
761 989
761 54
761 733
761 769
761 486
761 428
761 582
762 664
762 322
762 577
762 359
762 203
762 930
762 699
762 282
762 309
762 365
762 647
762 806
762 857
763 289
763 38
763 469
763 634
763 71
763 113
763 228
763 829
763 911
764 368
764 751
764 803
764 289
764 998
764 55
764 240
764 145
764 173
764 181
764 385
764 402
764 727
764 767
765 360
765 746
765 542
765 258
765 745
765 219
765 841
765 267
765 550
765 556
765 5
766 888
766 92
766 915
766 294
766 60
766 171
766 178
766 232
766 313
766 353
766 500
766 532
766 598
766 792
766 918
767 764
767 590
767 26
767 695
767 117
767 44
767 58
767 148
767 366
767 402
767 414
767 444
767 646
767 736
767 910
767 963
767 970
768 404
768 280
768 472
768 829
768 734
768 489
768 15
768 27
768 57
768 131
768 801
768 828
768 875
769 672
769 579
769 53
769 972
769 90
769 72
769 36
769 187
769 224
769 278
769 427
769 516
769 538
769 674
769 761
769 982
770 943
770 919
770 194
770 129
770 142
770 320
770 561
770 40
770 43
770 99
770 150
770 163
770 191
770 208
770 260
770 396
770 722
770 876
770 884
770 942
771 281
771 133
771 552
771 274
771 711
771 190
771 58
771 102
771 107
771 477
771 716
771 841
771 936
771 944
772 661
772 241
772 344
772 424
772 451
772 902
772 947
772 26
772 98
772 173
772 220
772 289
772 483
772 541
772 573
772 599
772 616
772 619
772 702
772 713
772 818
772 822
772 830
772 847
772 853
773 313
773 330
773 541
773 655
773 221
773 833
773 468
773 493
773 311
773 397
773 543
773 566
773 834
773 963
774 967
774 968
774 859
774 513
774 448
774 515
774 377
774 298
774 332
774 480
774 490
774 538
774 712
774 812
774 849
775 112
775 79
775 196
775 450
775 149
775 887
775 47
775 62
775 87
775 167
775 172
775 259
775 270
775 289
775 342
775 570
775 661
775 835
775 849
776 216
776 413
776 990
776 603
776 251
776 1000
776 451
776 69
776 202
776 277
776 387
776 479
776 542
776 698
777 244
777 338
777 196
777 258
777 270
777 458
777 649
777 683
777 835
777 878
777 988
778 145
778 704
778 927
778 908
778 734
778 515
778 11
778 73
778 108
778 155
778 343
778 871
778 903
778 391
779 473
779 418
779 716
779 578
779 661
779 995
779 670
779 123
779 434
779 524
779 633
780 63
780 520
780 251
780 213
780 29
780 644
780 568
780 224
780 492
780 632
781 236
781 960
781 299
781 311
781 808
781 377
781 988
781 33
781 32
781 275
781 343
781 422
781 469
782 640
782 187
782 895
782 970
782 464
782 956
782 491
782 28
782 65
782 303
782 424
782 529
782 886
783 426
783 751
783 738
783 931
783 136
783 47
783 571
783 947
783 9
784 251
784 168
784 539
784 931
784 590
784 674
784 853
784 992
785 751
785 953
785 889
785 10
785 938
785 705
785 67
785 318
786 379
786 425
786 683
786 280
786 435
786 173
786 882
786 3
786 49
786 168
786 475
786 491
786 522
786 615
786 641
786 651
786 697
787 510
787 621
787 756
787 30
787 429
787 566
787 285
787 105
787 175
787 362
787 698
787 712
788 269
788 975
788 289
788 498
788 412
788 852
788 360
788 405
788 509
788 599
788 718
788 830
788 901
789 892
789 940
789 741
789 393
789 961
789 628
789 331
789 67
789 328
789 374
789 925
790 497
790 439
790 407
790 139
790 872
790 670
790 965
790 8
790 33
790 94
790 285
790 352
790 619
790 725
790 888
790 890
791 674
791 909
791 847
791 479
791 919
791 23
791 418
791 259
791 257
791 302
791 399
791 574
791 687
791 868
792 717
792 433
792 321
792 452
792 766
792 184
792 219
792 311
792 386
792 430
792 505
792 754
792 943
793 751
793 374
793 491
793 141
793 426
793 21
793 377
793 77
793 679
793 987
793 554
794 940
794 55
794 100
794 313
794 369
794 379
794 474
794 697
794 980
795 82
795 574
795 947
795 626
795 827
795 61
795 49
795 182
795 219
795 297
795 377
795 489
795 736
795 895
796 690
796 503
796 298
796 42
796 182
796 211
796 216
796 240
796 276
796 626
796 710
797 137
797 274
797 445
797 673
797 521
797 438
797 896
797 122
797 167
797 170
797 344
797 510
797 526
797 610
797 667
798 986
798 528
798 694
798 963
798 689
798 641
798 462
798 593
799 84
799 922
799 529
799 321
799 127
799 254
799 581
799 882
800 645
800 524
800 33
800 122
800 209
800 284
800 367
800 426
800 443
800 658
800 732
800 749
801 482
801 376
801 162
801 425
801 846
801 50
801 55
801 768
801 137
801 174
801 228
801 309
801 528
801 755
801 802
802 872
802 100
802 425
802 922
802 801
802 503
802 28
802 558
803 608
803 375
803 638
803 140
803 886
803 629
803 870
803 6
803 475
803 764
803 825
804 257
804 861
804 958
804 340
804 228
804 317
804 89
804 736
804 56
804 125
804 411
804 483
804 918
805 214
805 145
805 295
805 135
805 229
805 250
805 544
805 992
806 382
806 762
806 297
806 989
806 668
806 126
806 571
806 33
806 82
806 146
806 387
806 528
806 850
807 206
807 704
807 103
807 199
807 351
807 159
807 56
807 453
807 135
807 215
807 388
807 548
807 713
807 831
808 203
808 161
808 810
808 607
808 8
808 620
808 753
808 86
808 92
808 193
808 384
808 404
808 781
808 889
808 894
809 746
809 341
809 822
809 159
809 466
809 703
809 30
809 384
810 194
810 670
810 919
810 817
810 327
810 843
810 994
810 808
811 64
811 176
811 743
811 957
811 970
811 76
811 316
811 431
811 671
811 955
812 478
812 916
812 774
812 19
812 865
812 152
812 174
812 224
812 333
812 354
812 530
812 815
812 848
812 908
812 989
813 178
813 985
813 918
813 476
813 536
813 877
813 964
813 34
813 114
813 223
813 530
813 674
814 371
814 493
814 735
814 860
814 551
814 994
814 168
814 106
814 164
814 227
814 270
814 343
814 466
814 508
814 715
814 846
815 812
815 258
815 818
815 142
815 499
815 494
815 984
815 508
815 53
815 70
815 277
815 364
815 567
815 749
815 866
815 904
815 934
815 979
816 132
816 682
816 630
816 970
816 298
816 543
816 305
816 343
816 45
816 202
816 243
816 351
816 373
816 496
816 541
816 932
816 473
816 444
817 731
817 843
817 742
817 197
817 149
817 834
817 444
817 79
817 37
817 587
817 637
817 810
818 772
818 738
818 184
818 235
818 263
818 310
818 391
818 421
818 815
818 851
819 733
819 375
819 435
819 603
819 621
819 930
819 948
819 954
820 509
820 844
820 962
820 362
820 259
820 458
820 224
820 296
820 22
820 72
820 136
820 344
820 387
820 949
821 226
821 499
821 743
821 301
821 727
821 2
821 19
821 26
821 212
821 419
821 577
821 578
822 333
822 570
822 7
822 172
822 124
822 82
822 265
822 772
822 4
822 262
822 331
822 462
822 574
822 579
822 638
822 809
822 966
823 82
823 290
823 384
823 988
823 463
823 3
823 166
823 193
823 464
823 760
823 869
824 637
824 25
824 147
824 301
824 447
824 585
824 679
824 830
824 922
824 610
825 310
825 803
825 384
825 956
825 515
825 281
825 173
825 65
825 186
825 199
825 444
825 502
825 542
825 611
825 755
825 758
825 863
825 678
826 230
826 546
826 522
826 417
826 612
826 41
826 77
826 492
826 502
826 724
826 915
827 230
827 659
827 586
827 760
827 627
827 597
827 616
827 134
827 150
827 307
827 486
827 496
827 537
827 609
827 795
828 556
828 768
828 348
828 716
828 879
828 198
828 614
828 975
828 16
828 86
828 870
829 500
829 932
829 663
829 535
829 854
829 763
829 246
829 332
829 340
829 379
829 695
829 768
829 928
830 824
830 895
830 61
830 163
830 342
830 731
830 788
830 772
830 102
830 540
830 607
830 748
830 926
830 942
831 867
831 651
831 71
831 486
831 807
831 292
831 398
831 557
831 679
831 966
832 209
832 97
832 642
832 289
832 970
832 68
832 85
832 208
832 559
832 927
833 208
833 164
833 489
833 546
833 290
833 324
833 702
833 773
833 855
834 376
834 672
834 575
834 733
834 888
834 134
834 773
834 485
834 265
834 437
834 679
834 817
834 936
835 934
835 846
835 611
835 775
835 777
835 287
835 838
835 72
835 142
835 215
835 274
835 443
835 752
836 510
836 560
836 85
836 144
836 576
836 612
836 721
836 990
837 758
837 872
837 663
837 645
837 67
837 973
837 905
837 410
837 449
837 569
837 968
838 216
838 721
838 41
838 940
838 318
838 942
838 15
838 96
838 320
838 415
838 490
838 583
838 614
838 663
838 835
838 955
839 129
839 595
839 79
839 662
839 901
839 151
839 196
839 252
839 656
839 873
839 919
840 320
840 928
840 981
840 250
840 335
840 954
840 437
840 736
840 47
840 101
840 142
840 205
840 401
840 949
841 323
841 549
841 746
841 986
841 544
841 771
841 266
841 546
841 568
841 734
841 765
841 851
842 992
842 938
842 500
842 367
842 390
842 77
842 523
842 69
842 95
842 267
842 334
842 854
842 882
842 928
843 724
843 515
843 103
843 149
843 51
843 746
843 640
843 220
843 252
843 635
843 810
843 817
843 998
844 322
844 283
844 260
844 89
844 542
844 124
844 156
844 309
844 410
844 430
844 548
844 701
844 820
844 878
845 605
845 203
845 665
845 248
845 874
845 36
845 951
845 431
845 579
845 622
845 626
845 738
846 172
846 671
846 814
846 499
846 942
846 623
846 37
846 96
846 432
846 436
846 437
846 465
846 489
846 801
846 835
846 935
846 952
847 672
847 412
847 891
847 772
847 977
847 319
847 220
847 594
847 176
847 355
847 384
847 603
847 649
847 791
848 288
848 394
848 624
848 812
848 283
848 902
848 373
848 501
848 1000
849 774
849 258
849 635
849 668
849 758
849 711
849 775
849 197
849 591
849 713
849 884
849 935
849 981
850 160
850 205
850 496
850 314
850 577
850 806
850 755
850 22
850 104
850 177
851 818
851 565
851 263
851 841
851 596
851 587
851 7
851 131
851 206
851 210
851 304
851 328
851 571
851 637
851 674
851 948
852 145
852 66
852 900
852 873
852 629
852 403
852 638
852 112
852 571
852 754
852 788
853 22
853 784
853 482
853 694
853 200
853 772
853 340
853 8
853 223
853 245
853 338
853 357
853 750
853 970
854 133
854 668
854 842
854 750
854 198
854 61
854 687
854 241
854 615
854 829
855 833
855 491
855 362
855 178
855 158
855 162
855 469
855 478
855 495
855 525
855 553
856 247
856 945
856 511
856 587
856 393
856 122
856 314
856 332
856 359
856 474
856 509
856 593
856 662
856 677
856 694
856 917
856 976
857 667
857 762
857 381
857 296
857 62
857 42
857 95
857 227
857 258
857 890
858 601
858 268
858 943
858 372
858 987
858 552
858 311
858 479
858 122
858 201
858 226
858 561
858 923
859 376
859 382
859 720
859 518
859 715
859 95
859 889
859 316
859 675
859 774
859 911
860 114
860 118
860 82
860 217
860 252
860 542
860 546
860 571
860 656
860 731
860 814
860 1000
861 488
861 421
861 172
861 594
861 882
861 515
861 871
861 70
861 202
861 359
861 382
861 452
861 804
862 559
862 946
862 314
862 626
862 232
862 868
862 180
862 76
862 97
862 570
863 645
863 825
863 582
863 446
863 447
863 477
863 711
863 904
863 988
864 898
864 132
864 316
864 362
864 568
864 227
864 686
864 447
864 166
864 292
864 518
864 597
864 946
865 988
865 706
865 315
865 448
865 176
865 540
865 971
865 719
865 113
865 297
865 529
865 707
865 812
866 881
866 815
866 330
866 529
866 605
866 615
866 267
866 578
866 602
866 703
866 913
867 576
867 605
867 692
867 903
867 569
867 574
867 690
867 30
867 51
867 52
867 115
867 460
867 608
867 701
867 711
867 831
867 940
867 984
868 129
868 712
868 237
868 791
868 724
868 679
868 167
868 20
868 289
868 483
868 862
868 930
869 278
869 305
869 717
869 541
869 963
869 823
869 282
869 177
869 259
869 317
869 415
869 479
869 490
869 873
869 880
869 554
870 828
870 379
870 586
870 698
870 966
870 195
870 451
870 26
870 259
870 453
870 606
870 803
870 896
870 982
871 259
871 778
871 43
871 646
871 105
871 910
871 395
871 144
871 300
871 427
871 755
871 861
871 935
871 482
872 746
872 711
872 126
872 639
872 647
872 359
872 80
872 387
872 579
872 590
872 759
872 790
872 802
872 837
873 869
873 228
873 369
873 839
873 41
873 424
873 134
873 470
873 16
873 46
873 82
873 122
873 238
873 372
873 399
873 852
874 985
874 121
874 744
874 86
874 275
874 125
874 583
874 103
874 373
874 605
874 639
874 749
874 845
875 502
875 468
875 608
875 768
875 694
875 47
875 117
875 517
876 526
876 204
876 174
876 770
876 81
876 134
876 163
876 126
876 895
877 220
877 376
877 163
877 924
877 428
877 104
877 531
877 70
877 121
877 564
877 813
877 880
877 906
878 844
878 777
878 683
878 442
878 413
878 588
878 374
878 11
878 90
878 206
878 464
878 561
879 486
879 124
879 980
879 566
879 602
879 113
879 917
879 418
879 433
879 745
879 828
879 892
879 943
880 877
880 869
880 14
880 313
880 53
880 31
880 931
880 950
880 130
880 502
881 50
881 376
881 61
881 80
881 325
881 635
881 866
882 842
882 35
882 718
882 609
882 952
882 799
882 541
882 746
882 145
882 196
882 346
882 605
882 786
882 861
882 899
882 970
883 268
883 213
883 902
883 78
883 355
883 521
883 520
883 62
883 338
883 519
883 571
883 573
883 691
883 930
884 849
884 770
884 715
884 654
884 458
884 367
884 396
884 643
884 70
884 89
884 309
884 374
884 406
884 443
884 534
884 667
884 718
884 745
884 306
885 994
885 261
885 171
885 531
885 964
885 96
885 200
885 396
885 446
885 482
885 567
885 940
885 956
885 997
886 441
886 147
886 782
886 746
886 168
886 508
886 100
886 10
886 51
886 273
886 447
886 514
886 572
886 803
886 933
887 373
887 370
887 553
887 740
887 405
887 187
887 40
887 300
887 517
887 648
887 775
887 895
888 947
888 790
888 421
888 249
888 369
888 460
888 620
888 624
888 733
888 766
888 834
889 550
889 130
889 464
889 938
889 517
889 51
889 302
889 808
889 37
889 319
889 436
889 496
889 565
889 747
889 785
889 859
890 790
890 857
890 591
890 941
890 711
890 476
890 558
890 76
890 206
890 247
890 626
890 628
890 666
891 924
891 644
891 125
891 87
891 302
891 628
891 42
891 680
891 847
891 473
891 9
892 600
892 934
892 668
892 935
892 879
892 295
892 593
892 789
893 936
893 586
893 733
893 207
893 258
893 511
893 154
893 68
893 238
893 286
893 508
893 667
893 757
894 216
894 353
894 446
894 808
894 611
894 144
894 74
894 109
894 117
894 551
895 158
895 887
895 795
895 641
895 876
895 138
895 328
895 614
895 730
895 782
895 830
896 402
896 454
896 870
896 350
896 634
896 556
896 343
896 152
896 161
896 237
896 446
896 468
896 797
897 350
897 434
897 139
897 298
897 88
897 164
897 377
897 509
897 972
897 973
897 987
898 321
898 560
898 145
898 499
898 702
898 680
898 79
898 98
898 131
898 349
898 475
898 682
898 731
898 864
898 945
899 134
899 882
899 938
899 36
899 126
899 694
899 154
899 955
900 937
900 384
900 490
900 994
900 196
900 967
900 67
900 454
900 504
900 609
900 748
900 852
901 165
901 302
901 788
901 912
901 332
901 757
901 538
901 30
901 62
901 395
901 703
901 839
901 965
901 707
902 614
902 711
902 633
902 640
902 308
902 269
902 252
902 87
902 17
902 430
902 550
902 772
902 848
902 883
903 504
903 223
903 148
903 400
903 350
903 40
903 778
903 65
903 77
903 465
903 491
903 592
903 654
903 705
903 737
903 867
904 863
904 345
904 248
904 206
904 2
904 50
904 815
904 79
904 534
904 735
904 941
905 719
905 370
905 308
905 412
905 510
905 395
905 676
905 15
905 132
905 218
905 449
905 505
905 837
906 272
906 909
906 149
906 877
906 752
906 368
906 632
906 360
906 664
906 707
906 997
907 727
907 43
907 596
907 66
907 494
907 423
907 58
907 142
908 749
908 103
908 812
908 367
908 277
908 708
908 559
908 75
908 343
908 365
908 397
908 429
908 466
908 564
908 778
909 575
909 281
909 745
909 374
909 583
909 247
909 324
909 483
909 509
909 578
909 593
909 791
909 906
909 967
910 90
910 767
910 444
910 162
910 243
910 268
910 111
910 41
910 219
910 335
910 453
910 609
910 651
910 653
910 871
911 109
911 859
911 163
911 763
911 151
911 208
911 436
911 527
911 549
911 583
911 705
912 551
912 316
912 972
912 425
912 628
912 133
912 752
912 188
912 336
912 362
912 504
912 672
912 901
913 866
913 253
913 83
913 706
913 178
913 633
913 395
913 180
913 562
913 616
913 751
914 562
914 685
914 439
914 466
914 365
914 964
914 717
914 299
914 153
914 255
914 411
914 713
914 716
914 741
915 234
915 3
915 727
915 260
915 954
915 826
915 32
915 60
915 252
915 752
915 766
915 928
915 929
916 565
916 690
916 479
916 42
916 549
916 744
916 326
916 169
916 349
916 415
916 537
916 639
916 669
916 812
917 574
917 298
917 314
917 979
917 252
917 856
917 570
917 379
917 84
917 420
917 489
917 588
917 718
917 729
917 879
917 948
918 254
918 804
918 518
918 363
918 766
918 242
918 734
918 84
918 227
918 813
919 387
919 313
919 328
919 301
919 302
919 839
919 106
919 111
919 195
919 261
919 459
919 475
919 770
919 791
919 810
920 33
920 496
920 963
920 549
920 216
920 756
920 517
920 9
920 40
920 171
920 329
920 333
920 342
920 445
920 921
921 70
921 653
921 206
921 920
921 468
921 66
921 258
921 498
921 583
921 659
921 722
922 526
922 336
922 824
922 739
922 51
922 508
922 757
922 25
922 371
922 695
922 799
922 802
923 858
923 572
923 491
923 133
923 53
923 114
923 494
923 593
923 514
924 390
924 41
924 618
924 38
924 122
924 535
924 420
924 447
924 491
924 507
924 559
924 560
924 877
924 891
924 533
924 245
925 181
925 789
925 755
925 697
925 990
925 555
925 287
925 128
925 217
925 350
925 373
925 552
925 620
925 671
926 52
926 551
926 416
926 635
926 92
926 830
926 961
926 598
927 1
927 269
927 616
927 832
927 583
927 1000
927 332
927 331
927 486
927 740
927 778
927 971
928 842
928 59
928 721
928 915
928 829
928 535
928 109
928 454
928 840
929 102
929 396
929 915
929 321
929 403
929 200
929 406
929 706
930 819
930 137
930 883
930 77
930 232
930 868
930 228
930 263
930 762
930 954
931 424
931 574
931 198
931 277
931 627
931 630
931 660
931 662
931 783
931 880
931 990
931 784
932 502
932 219
932 211
932 816
932 16
932 397
932 454
932 598
932 677
932 686
932 829
933 448
933 964
933 886
933 366
933 985
933 347
933 12
933 594
933 130
933 377
933 529
933 589
933 652
933 1000
934 815
934 159
934 126
934 328
934 61
934 331
934 143
934 471
934 835
934 892
935 846
935 167
935 582
935 377
935 166
935 871
935 849
935 360
935 139
935 217
935 275
935 743
935 892
936 86
936 46
936 771
936 834
936 955
936 261
936 376
936 652
936 37
936 455
936 476
936 629
936 714
936 893
937 144
937 8
937 159
937 648
937 672
937 685
937 175
937 295
937 900
938 133
938 184
938 313
938 255
938 277
938 441
938 467
938 130
938 207
938 299
938 339
938 650
938 842
938 889
938 899
938 785
939 723
939 748
939 409
939 91
939 468
939 60
939 150
939 221
939 225
939 301
939 447
939 461
939 1000
940 432
940 581
940 553
940 564
940 885
940 568
940 867
940 304
940 37
940 177
940 214
940 281
940 330
940 464
940 644
940 650
940 690
940 736
940 758
940 789
940 794
940 838
940 981
941 709
941 427
941 986
941 389
941 686
941 957
941 904
941 147
941 209
941 259
941 354
941 394
941 479
941 719
941 729
941 890
942 770
942 210
942 479
942 165
942 81
942 830
942 236
942 319
942 448
942 459
942 651
942 653
942 838
942 846
942 993
943 250
943 644
943 173
943 879
943 792
943 523
943 253
943 39
943 245
943 543
943 770
943 858
944 370
944 81
944 25
944 771
944 372
944 303
944 426
944 524
944 680
945 898
945 665
945 45
945 974
945 154
945 252
945 654
945 81
945 190
945 415
945 440
945 456
945 510
945 547
945 657
945 856
946 708
946 375
946 949
946 446
946 350
946 571
946 864
946 181
946 282
946 291
946 862
947 664
947 979
947 783
947 172
947 22
947 269
947 65
947 139
947 515
947 577
947 772
947 795
947 888
947 970
948 510
948 917
948 183
948 674
948 819
948 15
948 851
948 324
948 38
948 232
948 247
948 428
948 611
948 985
948 678
949 210
949 820
949 6
949 299
949 384
949 840
949 552
949 565
949 186
949 316
949 394
949 599
949 758
949 946
950 982
950 57
950 413
950 51
950 650
950 83
950 305
950 376
950 441
950 452
950 537
950 550
950 880
951 419
951 588
951 702
951 99
951 643
951 291
951 956
951 85
951 128
951 346
951 645
951 647
951 845
951 989
952 733
952 713
952 846
952 511
952 433
952 582
952 594
952 177
952 198
952 341
952 463
952 882
953 692
953 146
953 474
953 359
953 102
953 516
953 108
953 319
953 19
953 328
953 687
953 785
954 752
954 191
954 405
954 518
954 819
954 741
954 930
954 455
954 529
954 552
954 629
954 840
954 915
955 195
955 838
955 718
955 899
955 811
955 356
955 287
955 29
955 50
955 120
955 292
955 330
955 377
955 465
955 579
955 639
955 936
956 419
956 151
956 76
956 885
956 90
956 308
956 396
956 579
956 782
956 825
956 951
957 89
957 51
957 282
957 5
957 226
957 315
957 412
957 599
957 752
957 811
957 941
957 240
958 984
958 613
958 579
958 728
958 184
958 148
958 650
958 193
958 207
958 561
958 804
958 533
959 138
959 308
959 304
959 226
959 467
959 302
959 175
959 54
959 294
959 512
959 744
960 16
960 506
960 127
960 621
960 292
960 350
960 424
960 522
960 617
960 781
961 539
961 222
961 728
961 703
961 208
961 425
961 282
961 55
961 87
961 221
961 406
961 532
961 789
961 926
962 362
962 144
962 72
962 209
962 460
962 336
962 560
962 56
962 305
962 449
962 741
962 820
963 186
963 760
963 225
963 767
963 171
963 470
963 773
963 74
963 86
963 383
963 450
963 469
963 727
963 798
963 869
963 920
964 187
964 250
964 446
964 478
964 489
964 589
964 594
964 640
964 676
964 813
964 885
964 914
964 933
965 305
965 26
965 581
965 295
965 901
965 56
965 134
965 577
965 647
965 675
965 790
966 831
966 822
966 20
966 300
966 17
966 629
966 672
966 305
966 557
966 706
966 870
966 972
967 577
967 909
967 975
967 191
967 106
967 325
967 365
967 447
967 723
967 758
967 774
967 900
968 973
968 735
968 329
968 528
968 837
968 682
968 126
968 422
968 207
968 296
968 413
968 466
968 526
968 723
968 774
968 995
969 664
969 536
969 144
969 504
969 615
969 114
969 128
969 442
969 640
970 882
970 212
970 671
970 767
970 853
970 947
970 747
970 107
970 367
970 555
970 557
970 782
970 811
970 816
970 832
971 419
971 433
971 604
971 181
971 290
971 28
971 333
971 927
971 87
971 126
971 319
971 323
971 391
971 437
971 508
971 865
972 975
972 727
972 571
972 747
972 335
972 966
972 897
972 197
972 475
972 553
972 677
972 732
972 769
972 912
973 561
973 736
973 343
973 615
973 897
973 497
973 22
973 10
973 56
973 473
973 673
973 682
973 837
973 968
974 493
974 535
974 412
974 87
974 104
974 275
974 295
974 301
974 320
974 526
974 945
975 284
975 686
975 692
975 490
975 42
975 162
975 788
975 828
975 967
975 972
975 990
976 670
976 597
976 856
976 393
976 522
976 465
976 313
976 89
976 230
976 359
976 497
976 513
976 526
976 560
977 630
977 270
977 324
977 397
977 236
977 547
977 171
977 377
977 486
977 570
977 747
977 847
978 71
978 468
978 556
978 226
978 272
978 628
978 520
978 57
979 323
979 609
979 168
979 815
979 337
979 54
979 67
979 165
979 184
979 244
979 299
979 534
979 625
979 917
979 947
980 501
980 267
980 30
980 166
980 42
980 17
980 794
980 602
980 20
980 443
980 504
980 879
980 401
981 317
981 940
981 849
981 82
981 484
981 637
981 991
981 126
981 153
981 261
981 340
981 371
981 373
981 452
981 541
981 562
981 840
982 769
982 31
982 870
982 151
982 163
982 82
982 197
982 296
982 559
982 735
982 950
983 117
983 318
983 273
983 321
983 274
983 677
983 700
983 111
983 337
983 736
984 103
984 84
984 623
984 867
984 508
984 440
984 755
984 79
984 101
984 118
984 211
984 237
984 815
984 958
985 948
985 525
985 259
985 622
985 497
985 994
985 232
985 328
985 363
985 756
985 813
985 874
985 933
986 143
986 14
986 546
986 403
986 597
986 34
986 545
986 44
986 283
986 337
986 461
986 798
986 841
986 941
987 314
987 263
987 346
987 793
987 897
987 50
987 405
987 538
987 592
987 616
987 691
987 745
987 858
988 680
988 363
988 296
988 459
988 777
988 863
988 234
988 341
988 365
988 741
988 781
988 823
988 865
989 451
989 812
989 174
989 340
989 271
989 951
989 84
989 214
989 370
989 632
989 657
989 704
989 757
989 761
989 806
990 836
990 279
990 975
990 157
990 597
990 931
990 362
990 254
990 277
990 280
990 293
990 558
990 702
990 730
990 776
990 925
990 507
991 69
991 43
991 612
991 675
991 377
991 601
991 10
991 153
991 404
991 420
991 658
991 981
992 133
992 784
992 32
992 744
992 436
992 805
992 594
992 55
992 78
992 130
992 159
992 239
992 516
992 673
992 842
993 355
993 942
993 398
993 642
993 330
993 760
993 170
993 581
993 662
994 598
994 705
994 745
994 533
994 457
994 36
994 95
994 147
994 227
994 366
994 690
994 810
994 814
994 885
994 900
994 985
994 361
995 330
995 697
995 271
995 968
995 449
995 28
995 488
995 564
995 15
995 255
995 340
995 577
995 722
995 779
996 602
996 609
996 531
996 142
996 89
996 132
996 224
996 470
997 33
997 906
997 317
997 885
997 32
997 167
997 217
997 262
997 585
997 723
997 754
998 440
998 843
998 149
998 71
998 367
998 271
998 274
998 312
998 415
998 494
998 764
999 528
999 63
999 220
999 452
999 393
999 94
999 639
999 682
999 729
999 740
1000 939
1000 151
1000 933
1000 471
1000 171
1000 848
1000 216
1000 860
1000 251
1000 449
1000 776
1000 927
