2 410
3 407
3 548
4 548
5 201
5 632
6 109
7 918
10 582
11 893
12 611
12 602
13 102
13 14
14 891
14 942
14 843
14 13
14 605
14 549
14 521
14 770
14 503
14 938
14 470
15 640
15 724
16 455
16 726
17 643
17 197
17 38
17 574
18 830
18 475
18 602
19 977
19 696
19 322
20 449
20 760
20 80
23 470
24 934
24 296
24 82
24 89
24 47
25 595
27 550
29 489
29 229
29 831
29 740
29 333
30 54
30 386
30 632
30 432
31 677
31 54
32 474
32 99
32 403
32 229
32 438
32 456
32 487
32 443
32 341
32 187
32 180
32 374
32 604
32 106
33 983
34 556
34 548
34 483
35 732
35 583
35 109
36 102
36 937
36 38
37 803
37 395
37 483
37 604
37 741
37 461
38 399
38 36
38 878
38 17
38 889
38 789
38 197
38 850
38 277
38 827
38 311
39 304
39 589
39 109
40 918
40 890
40 847
41 743
42 350
43 774
43 686
43 594
43 395
44 569
45 550
45 724
46 692
47 519
47 24
48 488
50 948
50 322
50 797
51 919
52 90
54 265
54 705
54 89
54 31
54 479
54 204
54 944
54 609
54 225
54 30
55 806
56 532
56 189
56 503
57 318
57 959
57 825
57 702
58 632
58 847
59 634
59 667
59 460
59 118
59 538
60 316
61 300
61 819
61 297
61 155
61 412
61 65
61 674
61 926
62 883
62 935
63 989
63 746
63 707
63 168
63 675
63 122
63 265
64 198
64 885
64 347
64 977
64 69
65 640
65 61
66 577
66 582
67 617
67 906
67 872
68 519
68 400
68 197
69 892
69 249
69 64
69 440
69 517
69 941
69 89
69 235
69 268
69 728
71 840
71 94
71 791
72 514
72 384
72 342
72 961
73 643
73 893
74 463
74 411
75 199
75 553
76 238
76 561
76 133
77 558
77 576
77 316
78 519
78 391
80 20
80 295
80 405
80 763
80 260
80 659
80 699
80 226
80 940
80 125
80 205
80 756
80 177
80 427
80 248
81 849
81 470
82 455
82 24
83 84
83 503
83 461
84 303
84 710
84 867
84 718
84 307
84 474
84 83
84 877
84 378
84 215
84 938
84 432
85 732
85 981
86 108
86 397
87 675
88 726
89 223
89 160
89 213
89 54
89 407
89 69
89 24
89 470
90 989
90 176
90 352
90 255
90 52
90 360
92 252
92 105
92 786
92 829
92 352
92 776
92 689
92 731
92 711
92 216
92 791
92 604
94 319
94 161
94 104
94 702
94 184
94 71
94 725
94 634
94 747
94 99
94 133
94 132
94 709
94 906
95 890
95 597
95 569
97 197
98 469
98 504
98 806
98 604
99 32
99 94
99 847
100 638
101 724
102 487
102 13
102 765
102 943
102 36
102 329
102 741
102 121
103 353
104 94
104 638
104 270
105 92
105 503
105 495
106 876
106 261
106 158
106 446
106 579
106 451
106 630
106 32
106 760
107 547
107 863
107 862
107 219
107 200
107 407
107 602
108 86
108 563
108 384
108 439
108 493
108 316
108 865
109 261
109 252
109 907
109 424
109 573
109 889
109 242
109 480
109 6
109 250
109 753
109 35
109 39
111 742
114 723
114 329
114 335
114 387
114 569
114 495
115 392
115 884
116 469
116 353
116 647
117 917
117 810
118 264
118 150
118 303
118 297
118 263
118 244
118 777
118 59
118 350
119 322
119 548
120 781
120 505
121 446
121 874
121 148
121 323
121 724
121 102
121 548
121 976
121 600
121 400
122 884
122 63
122 604
122 449
124 730
124 211
125 616
125 826
125 977
125 322
125 395
125 80
126 369
127 576
127 175
127 890
127 1000
127 395
128 791
130 335
130 778
130 233
130 470
131 555
132 94
133 763
133 393
133 76
133 482
133 794
133 845
133 566
133 94
133 574
133 483
133 632
135 137
136 780
137 649
137 893
137 231
137 440
137 135
137 872
137 286
137 889
137 634
137 692
137 225
138 893
139 948
139 791
140 455
140 144
140 197
141 948
141 583
142 894
144 709
144 779
144 200
144 751
144 619
144 140
144 194
144 455
144 277
144 984
145 211
145 353
145 274
146 446
146 905
146 548
146 809
146 505
146 209
146 430
146 900
147 211
148 537
148 791
148 858
148 121
149 207
149 742
150 504
150 568
150 118
150 503
150 432
151 884
151 574
153 438
153 227
155 61
155 475
155 724
155 595
156 571
157 949
157 483
158 865
158 106
159 331
159 884
159 197
159 996
160 89
160 937
160 847
161 407
161 956
161 430
161 347
161 954
161 94
162 488
162 996
163 679
163 398
163 238
164 640
165 729
165 840
165 696
166 899
166 816
166 470
166 483
166 486
167 882
167 301
167 196
167 975
167 986
167 327
168 765
168 235
168 63
169 894
169 926
170 537
170 353
171 570
171 278
171 486
172 793
173 834
174 294
174 182
174 725
174 190
175 592
175 374
175 633
175 994
175 770
175 652
175 683
175 609
175 127
175 435
175 554
175 742
175 582
176 919
176 949
176 90
176 638
177 545
177 197
177 632
177 80
178 643
178 397
179 627
179 798
179 563
179 275
179 369
179 919
180 736
180 32
181 936
182 174
183 893
183 316
184 94
184 197
187 918
187 32
188 350
188 647
188 858
188 602
188 703
189 529
189 456
189 219
189 248
189 56
189 218
189 561
190 174
193 870
194 144
195 237
196 167
197 905
197 488
197 159
197 140
197 217
197 177
197 652
197 757
197 654
197 198
197 496
197 184
197 17
197 68
197 255
197 97
197 38
198 64
198 197
199 933
199 524
199 687
199 75
199 897
199 969
199 493
199 834
199 589
200 107
200 144
200 437
200 810
201 580
201 502
201 510
201 966
201 5
201 708
201 811
201 417
202 238
202 411
202 742
202 847
202 602
204 54
204 845
204 834
205 80
206 472
206 402
206 628
206 688
206 840
206 760
207 149
207 793
207 576
207 742
207 582
208 640
209 728
209 146
210 828
210 816
211 575
211 444
211 124
211 802
211 145
211 883
211 147
211 846
211 890
213 89
214 957
214 482
214 724
215 368
215 828
215 84
216 92
216 503
216 703
217 197
217 589
218 219
218 189
218 233
219 759
219 218
219 189
219 107
220 570
220 736
220 538
220 270
221 449
222 503
223 89
223 842
223 561
223 797
224 828
224 569
225 54
225 936
225 486
225 137
226 604
226 80
227 153
227 834
227 483
228 917
228 803
229 29
229 742
229 32
229 604
230 780
231 137
232 597
232 316
233 535
233 469
233 218
233 560
233 568
233 130
233 951
233 439
233 391
234 315
234 741
235 168
235 275
235 597
235 69
236 333
237 195
237 462
237 596
237 408
237 598
237 655
237 908
237 791
237 537
237 595
238 526
238 163
238 76
238 289
238 202
238 813
238 564
238 859
238 412
238 845
238 937
238 984
238 926
238 350
241 712
241 503
242 382
242 109
244 118
244 475
245 353
245 632
246 918
247 505
248 729
248 189
248 80
249 69
249 703
250 109
250 760
251 865
252 92
252 109
253 893
253 938
254 978
255 574
255 503
255 611
255 197
255 90
255 483
256 475
257 893
258 495
260 982
260 847
260 80
261 109
261 495
261 797
261 106
262 622
262 619
262 972
262 641
262 700
262 326
262 341
263 651
263 118
263 808
264 118
264 561
265 570
265 54
265 63
266 589
266 810
267 937
267 834
268 765
268 69
268 353
270 446
270 384
270 598
270 849
270 104
270 220
270 359
270 464
270 479
270 438
272 936
272 937
272 858
273 475
273 571
274 649
274 632
274 992
274 746
274 647
274 960
274 145
274 515
274 410
274 768
275 235
275 179
275 806
275 865
275 432
276 736
276 797
277 144
277 38
277 728
277 724
278 319
278 939
278 593
278 171
278 989
278 650
279 553
281 692
282 577
282 858
282 555
283 732
283 475
283 589
283 926
284 350
284 486
285 449
286 287
286 353
286 803
286 137
287 994
287 286
287 508
287 791
287 847
288 840
288 582
288 571
289 238
289 884
289 602
291 600
291 386
292 410
294 174
294 791
295 80
296 322
296 24
296 483
297 61
297 118
297 736
297 808
298 503
300 61
300 574
301 167
302 475
302 780
302 726
302 350
302 638
303 84
303 118
304 39
304 363
304 681
304 526
304 797
305 643
306 808
306 555
306 926
306 938
307 505
307 84
308 673
308 1000
308 803
309 417
310 640
311 316
311 38
311 449
312 339
312 981
313 934
313 432
314 1000
315 234
315 540
315 717
316 60
316 877
316 311
316 232
316 762
316 77
316 485
316 108
316 773
316 704
316 183
316 545
316 628
316 692
317 949
318 57
318 638
319 278
319 94
321 935
321 486
322 119
322 396
322 50
322 771
322 394
322 296
322 19
322 125
322 789
322 572
322 810
323 732
323 602
323 121
325 454
326 262
327 167
328 726
328 449
329 369
329 114
329 102
329 917
330 410
330 693
331 159
331 432
332 913
332 472
332 800
332 557
332 571
333 446
333 29
333 236
333 501
333 914
333 790
333 540
334 454
334 712
335 820
335 925
335 130
335 385
335 859
335 528
335 566
335 114
335 571
338 369
338 397
339 312
339 760
340 368
341 262
341 32
341 604
341 461
342 692
342 638
342 72
345 570
346 410
347 64
347 161
348 510
348 728
350 188
350 238
350 118
350 284
350 861
350 302
350 42
350 420
350 956
351 982
352 92
352 90
353 809
353 145
353 684
353 381
353 103
353 268
353 245
353 931
353 901
353 543
353 853
353 170
353 568
353 902
353 411
353 286
353 771
353 116
354 569
354 726
355 894
355 703
357 370
357 703
357 449
358 918
359 732
359 270
360 90
362 949
363 304
365 981
367 917
367 797
368 215
368 563
368 340
369 126
369 329
369 871
369 338
369 179
370 357
370 866
370 816
372 377
372 517
372 850
373 982
374 175
374 32
374 395
376 984
376 632
377 372
377 1000
378 509
378 545
378 84
381 353
382 242
382 461
382 632
383 397
384 568
384 108
384 270
384 72
385 765
385 335
386 613
386 30
386 772
386 291
386 548
386 651
387 114
387 791
388 692
389 684
389 789
389 562
389 471
389 553
389 410
391 905
391 78
391 233
391 415
391 554
391 417
392 586
392 771
392 488
392 874
392 115
392 966
392 665
392 407
392 395
392 926
393 504
393 133
393 470
394 322
394 810
395 37
395 468
395 374
395 125
395 608
395 127
395 392
395 546
395 43
395 474
395 512
395 647
396 712
396 322
397 86
397 733
397 383
397 178
397 443
397 338
397 464
397 926
398 466
398 833
398 431
398 163
398 461
399 38
400 509
400 68
400 467
400 532
400 806
400 797
400 121
401 903
401 607
401 505
401 830
401 461
402 206
402 643
402 937
402 917
403 32
404 548
405 677
405 437
405 604
405 80
406 732
407 580
407 868
407 492
407 568
407 107
407 508
407 3
407 392
407 89
407 161
407 938
407 555
408 237
409 760
410 848
410 990
410 330
410 2
410 994
410 389
410 292
410 822
410 346
410 274
411 967
411 576
411 74
411 202
411 722
411 603
411 893
411 797
411 353
411 647
412 238
412 61
412 432
414 845
414 806
414 938
414 486
415 867
415 643
415 391
416 495
417 588
417 391
417 656
417 814
417 201
417 309
418 1000
419 730
419 842
420 870
420 350
421 834
423 550
423 647
424 109
425 519
425 778
425 847
426 724
427 80
428 589
430 161
430 146
431 398
431 519
432 978
432 412
432 331
432 30
432 313
432 84
432 723
432 694
432 820
432 150
432 275
433 679
434 726
435 175
435 548
435 780
437 646
437 460
437 200
437 949
437 798
437 640
437 774
437 948
437 641
437 405
437 481
437 794
438 558
438 153
438 553
438 32
438 803
438 270
439 233
439 108
440 69
440 917
440 137
441 604
442 597
442 937
443 948
443 397
443 32
443 834
444 857
444 452
444 211
444 604
445 814
445 919
445 726
446 146
446 333
446 270
446 121
446 803
446 106
447 583
447 984
448 983
449 20
449 328
449 479
449 706
449 491
449 122
449 695
449 357
449 311
449 221
449 285
450 781
451 454
451 728
451 106
451 486
452 444
452 486
453 814
453 907
454 325
454 334
454 451
454 533
454 606
454 505
454 907
454 865
455 764
455 466
455 929
455 994
455 509
455 82
455 16
455 140
455 144
456 189
456 917
456 32
458 917
460 59
460 437
461 37
461 83
461 911
461 382
461 401
461 853
461 341
461 398
462 237
463 74
463 772
463 696
464 505
464 397
464 270
465 537
466 398
466 570
466 455
466 673
466 847
466 816
467 400
468 395
469 554
469 116
469 942
469 952
469 98
469 233
469 647
470 809
470 14
470 89
470 536
470 951
470 166
470 393
470 23
470 130
470 814
470 965
470 81
471 389
471 741
471 582
472 206
472 332
473 936
473 845
474 32
474 84
474 395
475 273
475 244
475 874
475 302
475 256
475 592
475 155
475 963
475 283
475 796
475 541
475 18
476 509
477 538
477 806
478 870
479 54
479 797
479 808
479 604
479 638
479 270
479 449
480 736
480 109
481 437
481 780
481 984
482 214
482 133
483 37
483 635
483 133
483 255
483 166
483 157
483 626
483 34
483 296
483 751
483 227
484 577
485 316
485 797
486 649
486 225
486 593
486 171
486 521
486 452
486 451
486 166
486 321
486 805
486 284
486 954
486 980
486 414
486 925
487 673
487 102
487 32
488 162
488 812
488 585
488 48
488 878
488 636
488 976
488 392
488 197
488 638
489 29
490 889
491 449
492 951
492 407
492 742
492 569
492 604
493 199
493 108
494 948
494 949
494 742
494 926
495 261
495 669
495 416
495 258
495 817
495 105
495 114
496 197
497 726
497 847
499 702
499 741
500 907
500 982
501 978
501 333
502 576
502 201
503 255
503 14
503 687
503 222
503 941
503 105
503 968
503 807
503 730
503 83
503 925
503 712
503 216
503 981
503 150
503 56
503 298
503 241
503 734
504 150
504 393
504 98
505 464
505 247
505 401
505 307
505 454
505 120
505 146
506 778
506 845
508 287
508 407
508 996
509 956
509 378
509 476
509 754
509 400
509 455
509 673
509 948
510 348
510 201
511 937
512 395
513 845
513 571
514 72
515 274
517 579
517 770
517 712
517 372
517 561
517 69
519 78
519 47
519 431
519 814
519 872
519 916
519 68
519 425
520 810
521 14
521 742
521 692
521 486
522 583
522 736
522 582
523 830
523 548
524 199
526 304
526 238
527 529
527 796
528 743
528 335
528 918
528 742
529 189
529 527
530 858
531 814
531 867
532 56
532 400
533 454
533 830
533 890
533 1000
534 834
534 538
535 233
535 847
535 692
536 470
537 670
537 170
537 148
537 753
537 784
537 237
537 888
537 465
537 916
537 741
538 477
538 980
538 220
538 669
538 534
538 787
538 568
538 923
538 814
538 59
538 667
540 315
540 333
541 545
541 475
542 726
543 949
543 353
545 708
545 805
545 378
545 541
545 992
545 870
545 177
545 860
545 600
545 778
545 316
546 395
547 107
547 890
548 119
548 435
548 34
548 523
548 3
548 404
548 4
548 824
548 553
548 386
548 146
548 121
549 14
549 806
550 423
550 45
550 27
551 643
551 673
552 781
553 662
553 75
553 279
553 389
553 799
553 554
553 438
553 548
554 469
554 553
554 175
554 391
554 984
555 306
555 598
555 131
555 282
555 995
555 407
555 688
556 34
557 332
557 890
557 810
558 805
558 562
558 438
558 77
558 673
558 808
558 741
558 760
560 233
561 580
561 189
561 517
561 733
561 722
561 960
561 223
561 264
561 76
561 884
562 389
562 558
562 826
562 732
563 368
563 108
563 179
564 238
564 907
564 1000
565 643
566 335
566 583
566 133
567 809
568 794
568 805
568 384
568 751
568 150
568 845
568 407
568 233
568 538
568 353
569 354
569 95
569 492
569 662
569 224
569 44
569 610
569 114
569 806
570 265
570 466
570 345
570 171
570 220
570 682
571 881
571 288
571 607
571 335
571 332
571 273
571 750
571 156
571 513
572 732
572 322
573 109
574 255
574 133
574 769
574 300
574 863
574 151
574 17
574 966
574 671
575 211
575 840
575 742
576 502
576 127
576 77
576 207
576 929
576 581
576 411
576 742
576 692
577 627
577 484
577 708
577 643
577 282
577 766
577 66
577 778
577 597
577 757
577 738
579 517
579 938
579 106
580 561
580 935
580 407
580 201
581 653
581 576
581 840
581 728
582 894
582 288
582 471
582 10
582 815
582 903
582 522
582 66
582 207
582 898
582 175
583 522
583 35
583 676
583 964
583 939
583 566
583 141
583 447
583 748
583 607
584 893
584 604
585 488
586 392
587 726
587 632
588 417
589 428
589 217
589 39
589 786
589 939
589 199
589 266
589 613
589 283
591 919
592 175
592 475
593 278
593 486
594 43
595 25
595 155
595 771
595 237
595 752
595 637
596 237
596 741
597 442
597 95
597 235
597 232
597 798
597 577
597 858
598 237
598 555
598 270
600 291
600 762
600 545
600 918
600 121
600 760
602 989
602 860
602 188
602 958
602 907
602 289
602 107
602 12
602 792
602 323
602 18
602 202
602 634
603 765
603 411
603 692
604 37
604 444
604 229
604 341
604 122
604 672
604 788
604 226
604 405
604 492
604 702
604 92
604 98
604 479
604 584
604 32
604 441
605 778
605 14
605 1000
606 454
607 401
607 949
607 583
607 571
608 937
608 395
609 54
609 175
609 996
610 935
610 569
611 255
611 767
611 625
611 795
611 12
612 893
613 386
613 589
614 808
615 838
616 125
617 67
619 262
619 144
622 262
622 647
623 870
623 781
623 949
624 983
625 611
626 981
626 483
627 179
627 577
628 206
628 316
630 106
631 834
632 58
632 177
632 382
632 774
632 245
632 587
632 5
632 376
632 133
632 660
632 30
632 766
632 274
633 175
634 59
634 94
634 602
634 137
635 483
636 488
636 726
637 595
638 100
638 342
638 302
638 488
638 943
638 318
638 104
638 689
638 176
638 479
638 734
638 719
638 724
639 934
639 847
640 65
640 857
640 15
640 310
640 208
640 729
640 968
640 164
640 889
640 840
640 437
640 893
640 1000
641 262
641 437
643 305
643 73
643 415
643 886
643 565
643 178
643 17
643 551
643 402
643 971
643 911
643 691
643 577
644 712
645 840
645 919
646 437
647 188
647 978
647 423
647 622
647 718
647 952
647 116
647 411
647 395
647 469
647 274
648 840
649 693
649 274
649 838
649 486
649 137
650 278
651 263
651 874
651 386
652 175
652 197
653 581
654 197
654 692
655 237
655 808
656 948
656 417
658 816
659 80
660 632
661 816
662 553
662 569
663 742
664 809
665 392
665 918
665 1000
667 59
667 538
667 847
667 703
668 948
669 732
669 495
669 538
670 814
670 890
670 537
671 574
672 604
673 487
673 558
673 509
673 466
673 308
673 551
674 61
675 87
675 63
676 583
677 405
677 31
679 433
679 163
681 304
681 981
681 926
682 570
683 175
684 389
684 890
684 353
686 43
686 977
686 781
686 847
687 199
687 919
687 503
687 865
688 206
688 982
688 555
689 92
689 638
690 694
690 808
691 919
691 643
692 894
692 342
692 46
692 576
692 388
692 316
692 521
692 654
692 713
692 281
692 603
692 535
692 137
693 649
693 330
693 928
694 690
694 432
695 935
695 449
696 19
696 969
696 463
696 165
697 778
699 80
700 262
702 499
702 889
702 57
702 94
702 604
703 799
703 357
703 997
703 667
703 918
703 978
703 355
703 216
703 188
703 249
704 316
705 54
706 752
706 834
706 449
707 927
707 858
707 63
708 545
708 201
708 849
708 577
708 884
709 144
709 94
710 84
711 92
712 241
712 644
712 727
712 334
712 754
712 396
712 517
712 503
713 918
713 692
715 984
716 934
717 315
718 84
718 780
718 791
718 647
719 638
720 936
720 834
722 411
722 561
722 926
723 114
723 432
724 101
724 774
724 277
724 426
724 155
724 638
724 45
724 214
724 15
724 121
725 174
725 834
725 94
726 354
726 587
726 756
726 434
726 542
726 16
726 972
726 88
726 994
726 968
726 302
726 636
726 328
726 863
726 445
726 497
727 712
728 876
728 69
728 348
728 209
728 277
728 581
728 451
728 882
729 165
729 248
729 640
730 419
730 813
730 800
730 124
730 503
731 92
732 283
732 562
732 406
732 35
732 359
732 323
732 669
732 85
732 572
733 561
733 397
734 834
734 503
734 638
736 522
736 970
736 276
736 480
736 297
736 815
736 220
736 180
736 948
738 577
740 29
741 37
741 499
741 771
741 102
741 832
741 537
741 596
741 234
741 558
741 471
742 752
742 521
742 821
742 494
742 663
742 492
742 175
742 832
742 207
742 229
742 149
742 111
742 528
742 575
742 931
742 576
742 202
743 900
743 41
743 528
743 988
743 1000
743 810
744 938
746 63
746 274
747 94
748 583
749 826
749 849
749 949
750 571
751 568
751 144
751 483
752 706
752 742
752 595
753 537
753 109
754 509
754 712
755 917
756 726
756 80
757 577
757 893
757 197
759 219
759 926
760 20
760 339
760 898
760 250
760 206
760 927
760 409
760 600
760 106
760 558
760 840
762 600
762 316
763 993
763 133
763 80
764 455
765 995
765 168
765 385
765 268
765 603
765 102
766 577
766 632
767 611
768 274
769 574
770 517
770 14
770 175
770 865
771 948
771 392
771 322
771 741
771 353
771 595
771 838
772 463
772 386
773 830
773 316
774 43
774 437
774 632
774 724
775 934
776 92
776 1000
777 118
778 506
778 425
778 130
778 605
778 859
778 545
778 919
778 697
778 577
779 144
780 837
780 481
780 302
780 856
780 855
780 951
780 435
780 230
780 718
780 136
781 450
781 623
781 974
781 552
781 120
781 686
781 923
781 847
782 810
783 808
784 537
784 938
785 934
785 838
786 92
786 589
787 538
788 604
789 389
789 322
789 38
790 983
790 333
791 237
791 876
791 973
791 387
791 718
791 139
791 287
791 71
791 128
791 92
791 874
791 877
791 148
791 294
792 602
792 803
793 207
793 172
794 919
794 568
794 437
794 133
795 611
796 527
796 475
797 261
797 479
797 367
797 50
797 411
797 304
797 276
797 223
797 485
797 936
797 400
797 938
798 597
798 437
798 179
799 553
799 703
800 332
800 730
802 211
803 37
803 286
803 792
803 308
803 228
803 438
803 446
804 954
805 558
805 545
805 568
805 486
806 414
806 477
806 569
806 275
806 400
806 98
806 549
806 55
806 838
807 503
807 938
808 306
808 297
808 558
808 479
808 614
808 783
808 655
808 263
808 690
808 825
809 567
809 912
809 664
809 470
809 353
809 146
810 520
810 117
810 200
810 782
810 394
810 266
810 557
810 831
810 743
810 322
811 845
811 201
812 488
813 730
813 238
814 445
814 670
814 453
814 531
814 519
814 417
814 538
814 470
815 918
815 736
815 847
815 582
816 658
816 370
816 210
816 848
816 935
816 884
816 966
816 661
816 466
816 906
816 166
817 495
819 61
820 335
820 432
821 742
822 410
823 828
823 842
824 917
824 548
825 57
825 808
826 923
826 125
826 749
826 562
827 38
828 210
828 215
828 823
828 224
829 92
830 523
830 773
830 533
830 898
830 18
830 994
830 401
831 29
831 810
832 917
832 742
832 741
833 398
833 926
834 534
834 173
834 860
834 421
834 734
834 227
834 706
834 199
834 917
834 631
834 204
834 267
834 720
834 443
834 946
834 725
836 978
837 1000
837 780
838 649
838 771
838 785
838 806
838 615
840 575
840 911
840 71
840 206
840 959
840 855
840 288
840 640
840 648
840 944
840 995
840 581
840 165
840 645
840 760
842 419
842 223
842 823
842 897
843 14
845 811
845 414
845 238
845 204
845 513
845 473
845 506
845 568
845 133
846 211
847 58
847 891
847 497
847 781
847 260
847 686
847 160
847 425
847 287
847 99
847 667
847 815
847 466
847 202
847 535
847 40
847 639
848 410
848 816
849 749
849 81
849 708
849 918
849 270
850 372
850 948
850 38
853 934
853 353
853 461
854 983
855 840
855 780
856 982
856 780
857 444
857 640
858 707
858 928
858 530
858 282
858 188
858 272
858 597
858 148
858 938
859 335
859 238
859 778
859 937
860 545
860 918
860 834
860 602
861 350
862 107
863 107
863 726
863 574
865 989
865 687
865 965
865 770
865 251
865 108
865 158
865 275
865 454
866 370
867 531
867 415
867 84
868 407
870 623
870 193
870 925
870 478
870 420
870 545
871 369
872 67
872 519
872 137
874 651
874 392
874 475
874 791
874 121
876 106
876 728
876 791
877 84
877 316
877 791
878 488
878 38
881 571
882 167
882 728
883 62
883 211
883 893
884 159
884 561
884 115
884 122
884 151
884 708
884 289
884 816
885 64
886 643
886 918
888 537
889 702
889 490
889 990
889 640
889 935
889 38
889 109
889 137
890 95
890 557
890 533
890 127
890 684
890 40
890 547
890 211
890 670
891 14
891 847
892 69
893 138
893 612
893 73
893 183
893 11
893 883
893 640
893 584
893 411
893 997
893 253
893 257
893 757
893 137
894 169
894 987
894 355
894 142
894 582
894 692
897 199
897 842
898 830
898 582
898 760
899 166
900 743
900 146
901 353
902 353
902 926
903 401
903 582
905 391
905 197
905 146
906 67
906 94
906 816
907 500
907 564
907 453
907 968
907 454
907 109
907 602
908 237
911 840
911 643
911 461
912 809
913 332
914 333
916 519
916 537
917 228
917 117
917 329
917 755
917 402
917 456
917 458
917 367
917 832
917 939
917 824
917 440
917 834
918 7
918 600
918 187
918 815
918 849
918 40
918 528
918 947
918 358
918 665
918 713
918 988
918 886
918 246
918 860
918 703
919 998
919 176
919 645
919 51
919 591
919 794
919 687
919 445
919 691
919 778
919 179
919 938
923 826
923 781
923 538
924 984
925 870
925 335
925 503
925 486
926 306
926 169
926 61
926 759
926 949
926 681
926 238
926 902
926 722
926 397
926 992
926 494
926 283
926 392
926 833
927 707
927 760
928 858
928 693
929 576
929 455
931 742
931 353
933 199
934 853
934 313
934 775
934 716
934 940
934 639
934 785
934 24
934 984
935 580
935 695
935 610
935 321
935 889
935 62
935 816
936 272
936 720
936 473
936 181
936 225
936 797
937 442
937 511
937 267
937 402
937 608
937 238
937 859
937 272
937 160
937 36
938 744
938 858
938 306
938 962
938 807
938 14
938 407
938 919
938 414
938 797
938 253
938 579
938 84
938 784
939 917
939 583
939 278
939 589
940 934
940 80
941 69
941 503
942 469
942 14
943 102
943 638
944 840
944 54
946 834
947 918
948 141
948 443
948 771
948 668
948 656
948 850
948 950
948 50
948 494
948 509
948 139
948 736
948 437
949 317
949 157
949 749
949 494
949 362
949 176
949 607
949 543
949 623
949 988
949 437
949 926
950 948
951 492
951 233
951 982
951 780
951 470
952 469
952 647
954 804
954 161
954 984
954 486
956 509
956 161
956 982
956 350
957 214
958 602
959 840
959 57
960 561
960 274
961 72
962 938
963 475
964 583
965 865
965 470
966 201
966 392
966 574
966 816
967 411
968 640
968 907
968 726
968 503
969 199
969 696
970 736
971 643
972 262
972 726
973 791
974 781
975 167
976 488
976 121
977 64
977 19
977 686
977 125
978 254
978 501
978 836
978 432
978 647
978 703
980 538
980 486
981 312
981 365
981 681
981 85
981 993
981 626
981 503
982 500
982 351
982 951
982 856
982 956
982 373
982 260
982 688
983 33
983 790
983 854
983 448
983 624
984 934
984 954
984 715
984 554
984 376
984 481
984 238
984 144
984 447
984 924
986 167
987 894
988 743
988 918
988 949
989 90
989 996
989 865
989 63
989 602
989 278
990 889
990 410
992 545
992 926
992 274
993 763
993 981
994 287
994 455
994 175
994 830
994 410
994 726
995 765
995 840
995 555
996 989
996 162
996 159
996 609
996 508
997 893
997 703
998 919
1000 837
1000 308
1000 743
1000 564
1000 533
1000 418
1000 377
1000 127
1000 640
1000 665
1000 776
1000 605
1000 314
