1 873
1 173
2 410
2 848
2 989
2 764
3 407
3 548
3 188
4 548
4 873
5 201
5 632
5 237
5 114
5 588
5 214
5 364
6 109
7 918
7 723
8 199
8 802
8 949
10 582
10 615
10 343
11 893
11 188
12 611
12 602
12 75
13 102
13 14
13 408
14 891
14 942
14 843
14 13
14 605
14 549
14 521
14 770
14 503
14 938
14 470
15 640
15 724
15 370
15 156
16 455
16 726
16 75
17 643
17 197
17 38
17 574
17 470
18 830
18 475
18 602
19 977
19 696
19 322
20 500
20 873
20 789
20 874
20 470
20 856
20 66
20 368
20 183
20 322
22 317
22 459
23 470
24 296
24 82
24 89
24 47
24 664
24 903
24 309
25 622
25 196
25 637
25 789
25 83
25 518
25 31
25 122
25 522
25 401
25 625
26 37
27 550
28 802
28 364
29 489
29 229
29 831
29 740
29 333
30 54
30 386
30 632
30 432
30 870
30 331
31 781
31 457
31 103
31 576
31 739
31 560
31 224
31 808
31 939
31 490
31 54
31 863
31 25
31 764
32 474
32 99
32 403
32 229
32 438
32 456
32 487
32 443
32 341
32 187
32 180
32 374
32 604
32 106
32 101
32 503
32 156
33 543
33 756
33 602
33 680
33 727
33 650
33 909
33 681
33 983
34 556
34 548
34 483
34 825
35 732
35 583
35 109
35 847
35 723
35 985
36 102
36 937
36 38
36 294
37 226
37 148
37 783
37 67
37 275
37 394
37 263
37 26
37 461
37 876
37 664
37 343
38 399
38 36
38 878
38 17
38 889
38 789
38 197
38 850
38 277
38 827
38 311
38 598
39 304
39 589
39 109
40 918
40 890
40 847
40 58
41 743
41 446
41 364
42 350
42 675
43 774
43 686
43 594
43 395
43 167
43 331
44 569
44 201
45 550
45 724
46 692
46 848
46 255
46 514
47 519
47 24
48 488
48 146
48 182
49 785
49 448
50 948
50 322
50 797
50 639
51 919
51 446
51 318
51 162
51 655
52 90
52 658
52 312
54 265
54 705
54 89
54 31
54 479
54 204
54 944
54 609
54 225
54 30
54 291
55 806
55 985
55 717
56 532
56 189
56 503
56 752
56 987
57 959
57 825
57 702
57 619
57 927
57 338
57 193
57 677
58 40
58 284
58 583
58 585
58 249
58 826
58 888
58 511
58 224
58 974
58 213
58 406
59 634
59 667
59 460
59 118
59 538
59 649
59 193
59 301
59 985
59 912
59 854
60 413
60 615
60 572
60 684
60 281
60 752
60 307
60 144
60 967
60 223
60 966
60 314
61 300
61 819
61 297
61 155
61 412
61 65
61 674
61 926
62 883
62 935
63 746
63 707
63 168
63 675
63 122
63 265
63 415
64 198
64 885
64 347
64 977
64 69
64 723
64 725
64 355
64 801
65 640
65 61
65 903
65 486
66 577
66 582
66 20
66 159
66 142
67 906
67 872
67 324
67 844
67 736
67 719
67 197
67 443
67 393
67 37
68 519
68 400
68 197
69 892
69 249
69 64
69 440
69 517
69 941
69 89
69 235
69 268
69 728
70 903
70 625
71 840
71 94
71 791
71 101
72 384
72 342
72 961
72 109
72 119
72 778
72 655
73 643
73 893
73 649
73 624
74 463
74 411
74 523
74 106
74 658
75 827
75 863
75 561
75 16
75 199
75 787
75 12
75 553
75 410
76 238
76 561
76 133
76 920
76 237
77 558
77 576
77 316
78 519
78 391
78 580
80 295
80 405
80 763
80 260
80 659
80 699
80 226
80 940
80 125
80 205
80 756
80 177
80 427
80 248
80 607
80 853
80 615
81 849
81 470
81 675
82 455
82 24
82 809
82 188
82 319
83 84
83 503
83 461
83 119
83 395
83 25
84 303
84 710
84 867
84 718
84 307
84 474
84 83
84 877
84 378
84 215
84 938
84 432
84 294
84 195
85 732
85 981
85 764
86 292
86 165
86 802
86 427
86 641
86 448
86 642
86 279
86 446
86 255
86 838
86 254
87 518
87 263
87 297
87 128
87 260
87 107
87 615
87 484
87 332
87 420
87 390
87 795
88 726
88 876
88 903
88 825
88 254
89 223
89 160
89 669
89 921
89 134
89 674
89 411
89 825
89 54
89 407
89 69
89 24
89 470
89 637
89 873
90 176
90 352
90 255
90 52
90 360
90 673
90 182
91 894
91 214
92 252
92 786
92 829
92 352
92 776
92 689
92 731
92 711
92 216
92 238
92 845
92 951
92 683
92 791
92 604
92 649
94 161
94 104
94 702
94 184
94 71
94 725
94 634
94 747
94 99
94 133
94 132
94 709
94 906
94 783
94 815
94 876
94 142
94 664
95 890
95 597
95 569
96 222
96 989
96 313
96 486
96 770
96 294
96 191
96 944
96 243
97 197
98 469
98 504
98 806
98 604
98 370
99 32
99 94
99 847
99 101
99 272
99 408
100 638
101 983
101 71
101 32
101 556
101 757
101 826
101 99
101 796
101 550
101 370
101 732
102 487
102 13
102 765
102 943
102 36
102 329
102 741
102 121
103 353
103 31
103 448
104 94
104 638
104 270
105 705
105 878
105 700
105 186
105 487
105 583
105 598
105 938
105 361
105 503
105 495
105 262
106 261
106 158
106 446
106 579
106 451
106 630
106 32
106 74
106 387
106 760
106 448
107 547
107 863
107 862
107 219
107 200
107 407
107 602
107 87
107 195
108 563
108 384
108 439
108 493
108 246
108 316
108 865
109 252
109 907
109 424
109 573
109 889
109 242
109 480
109 6
109 250
109 753
109 35
109 39
109 760
109 765
109 976
109 301
109 72
109 406
110 455
111 742
111 201
111 802
112 151
112 732
112 424
112 746
112 807
112 892
112 359
112 877
112 446
113 272
113 331
113 762
113 355
114 329
114 335
114 387
114 320
114 5
114 954
114 569
114 495
115 392
115 884
115 762
116 469
116 353
116 647
116 894
116 598
117 917
117 810
117 978
118 264
118 150
118 303
118 297
118 263
118 244
118 777
118 59
118 350
118 978
118 567
118 920
119 72
119 945
119 83
119 516
119 611
119 121
119 802
120 781
120 505
120 987
120 319
121 874
121 148
121 323
121 724
121 102
121 548
121 976
121 600
121 400
121 119
121 639
122 884
122 63
122 604
122 449
122 193
122 506
122 25
123 357
124 730
124 211
124 188
125 616
125 826
125 977
125 322
125 395
125 80
125 809
126 369
127 576
127 175
127 890
127 1000
127 395
128 791
128 406
128 87
129 331
130 335
130 778
130 233
130 470
130 255
130 448
130 949
131 555
132 94
132 309
133 763
133 393
133 76
133 482
133 794
133 845
133 566
133 94
133 574
133 483
133 632
133 255
133 825
134 598
134 89
135 137
135 319
135 655
135 912
136 780
137 893
137 231
137 440
137 135
137 872
137 286
137 889
137 634
137 692
137 225
137 664
137 637
138 893
139 948
139 791
140 455
140 144
140 197
141 948
141 583
142 311
142 830
142 66
142 295
142 333
142 998
142 94
142 556
144 709
144 779
144 200
144 751
144 619
144 140
144 194
144 455
144 277
144 984
144 60
144 778
145 211
145 353
145 274
145 488
145 698
146 905
146 548
146 809
146 505
146 209
146 430
146 900
146 396
146 286
146 48
147 211
147 797
147 182
148 537
148 791
148 858
148 121
148 37
148 834
149 207
149 742
149 894
149 639
150 504
150 568
150 118
150 503
150 432
150 353
151 884
151 574
151 112
152 903
152 309
153 438
153 227
153 764
153 309
153 921
154 156
155 61
155 475
155 724
155 595
156 714
156 241
156 672
156 154
156 498
156 15
156 32
156 571
156 940
157 949
157 483
158 865
158 106
158 331
158 600
159 639
159 876
159 535
159 207
159 314
159 439
159 66
159 730
159 884
159 197
159 996
159 199
159 317
160 89
160 937
160 847
160 984
160 936
161 407
161 956
161 430
161 347
161 954
161 94
161 853
162 569
162 778
162 51
162 877
162 252
162 524
162 284
162 996
163 679
163 398
163 238
163 355
163 921
164 640
164 912
165 729
165 840
165 696
165 86
166 899
166 816
166 470
166 483
166 486
166 477
166 723
167 882
167 975
167 986
167 43
167 886
167 696
167 526
167 265
167 237
168 765
168 235
168 63
169 894
169 926
169 637
169 839
170 537
170 353
170 724
170 574
171 570
171 278
171 486
171 894
172 793
172 624
173 596
173 1
173 252
173 790
173 351
173 733
173 901
173 477
174 182
174 190
174 448
174 632
174 616
174 994
174 923
174 662
174 385
174 756
174 942
174 883
174 263
174 230
174 649
175 592
175 374
175 633
175 994
175 770
175 652
175 683
175 609
175 127
175 435
175 554
175 742
175 582
175 983
176 919
176 949
176 90
176 638
176 632
176 272
176 588
176 661
177 545
177 197
177 632
177 80
178 643
178 397
178 921
179 798
179 563
179 275
179 369
179 919
179 372
179 782
180 736
180 32
180 775
181 936
181 903
181 658
182 352
182 48
182 147
182 700
182 370
182 363
182 174
182 90
182 506
183 893
183 316
183 20
183 188
183 318
183 317
184 94
184 197
184 615
184 706
185 658
186 105
187 918
187 32
188 11
188 3
188 82
188 625
188 464
188 183
188 220
188 124
188 993
188 350
188 858
188 602
188 703
189 529
189 456
189 219
189 248
189 56
189 218
189 561
189 661
190 174
191 987
191 96
193 341
193 59
193 807
193 698
193 560
193 603
193 590
193 57
193 122
193 703
193 399
193 443
193 901
193 940
193 764
194 144
194 698
195 892
195 766
195 84
195 788
195 107
195 592
195 242
195 311
195 395
196 974
196 523
196 403
196 674
196 439
196 286
196 25
196 655
196 908
197 905
197 488
197 159
197 140
197 217
197 177
197 652
197 757
197 654
197 198
197 496
197 184
197 17
197 68
197 255
197 97
197 38
197 67
198 64
198 197
199 933
199 524
199 687
199 897
199 493
199 8
199 864
199 217
199 478
199 943
199 482
199 159
199 834
199 589
199 75
199 698
200 107
200 144
200 437
200 810
200 262
200 985
201 502
201 510
201 966
201 5
201 708
201 811
201 970
201 44
201 520
201 772
201 111
201 631
201 417
201 658
201 940
202 238
202 411
202 742
202 847
202 602
202 501
204 54
204 845
204 834
205 80
206 472
206 402
206 628
206 688
206 840
206 760
206 600
206 969
206 364
207 149
207 793
207 576
207 742
207 582
207 159
208 640
208 315
209 728
209 146
210 828
210 816
210 790
211 575
211 444
211 124
211 145
211 883
211 147
211 846
211 896
211 928
211 890
211 488
211 785
212 725
213 794
213 383
213 326
213 58
213 318
213 214
214 482
214 707
214 332
214 213
214 91
214 867
214 5
214 977
214 494
214 785
214 451
214 724
214 985
215 368
215 828
215 84
215 624
216 92
216 503
216 703
216 357
216 912
217 197
217 589
217 199
218 219
218 189
218 233
218 331
219 759
219 218
219 189
219 107
219 816
220 570
220 736
220 538
220 270
220 649
220 188
221 449
222 503
222 903
222 96
223 89
223 842
223 561
223 797
223 60
223 586
224 828
224 569
224 58
224 31
224 706
225 54
225 936
225 486
225 137
226 604
226 80
226 37
227 153
227 834
227 483
227 477
228 917
228 803
229 29
229 742
229 32
229 604
230 780
230 301
230 174
231 137
231 985
232 597
232 316
232 908
233 535
233 469
233 218
233 560
233 568
233 130
233 951
233 439
233 391
233 983
234 315
234 741
234 538
234 957
235 168
235 275
235 597
235 69
235 707
235 698
236 333
236 809
236 622
236 615
236 362
237 596
237 167
237 730
237 762
237 5
237 844
237 263
237 381
237 681
237 76
237 856
237 791
237 537
237 595
238 526
238 163
238 76
238 289
238 202
238 813
238 564
238 859
238 412
238 845
238 937
238 984
238 926
238 350
238 92
238 903
240 870
240 495
240 903
241 712
241 503
241 732
241 156
242 382
242 109
242 291
242 195
243 96
243 983
244 118
244 475
244 283
245 353
245 632
245 984
245 600
246 918
246 108
247 505
248 729
248 189
248 80
248 863
249 69
249 703
249 58
250 109
250 760
250 675
251 865
252 92
252 109
252 162
252 173
253 893
253 938
253 446
253 649
253 723
254 86
254 742
254 678
254 371
254 256
254 307
254 88
254 584
254 771
255 133
255 130
255 632
255 86
255 363
255 46
255 944
255 938
255 781
255 966
255 301
255 664
255 282
255 197
255 90
255 483
255 894
255 809
256 475
256 795
256 254
257 893
258 495
258 725
258 764
260 982
260 847
260 80
260 87
261 934
261 482
261 796
261 610
261 583
261 837
261 465
261 106
261 446
262 619
262 972
262 641
262 700
262 326
262 341
262 200
262 694
262 105
262 507
262 934
263 651
263 118
263 808
263 174
263 37
263 237
263 87
264 118
264 561
264 969
265 570
265 54
265 63
265 649
265 167
266 589
266 810
267 937
267 834
268 765
268 69
268 353
270 384
270 598
270 849
270 104
270 220
270 359
270 464
270 479
270 438
270 758
270 272
271 617
272 437
272 270
272 816
272 824
272 99
272 113
272 618
272 410
272 176
272 393
272 847
272 937
272 858
273 475
273 571
274 632
274 992
274 746
274 647
274 960
274 145
274 515
274 410
274 768
274 404
274 876
275 235
275 179
275 806
275 865
275 432
275 37
275 664
276 736
276 797
276 894
276 664
277 144
277 38
277 728
277 724
278 939
278 593
278 171
278 989
278 650
278 592
278 357
279 553
279 86
281 692
281 60
281 488
281 854
282 577
282 858
282 555
282 477
282 255
282 853
283 529
283 862
283 653
283 244
283 475
283 589
283 926
284 350
284 486
284 58
284 162
284 567
285 449
285 317
286 287
286 353
286 803
286 137
286 146
286 196
286 801
287 994
287 286
287 508
287 791
287 847
288 840
288 582
288 571
289 238
289 884
289 602
289 362
290 611
291 566
291 242
291 54
291 762
291 386
291 981
292 410
292 86
293 870
293 357
294 853
294 84
294 630
294 405
294 36
294 568
294 791
294 976
294 96
295 80
295 848
295 903
295 778
295 802
295 142
295 624
296 322
296 24
296 483
296 522
296 313
296 934
297 61
297 118
297 736
297 808
297 87
297 912
298 503
298 853
298 639
299 854
300 61
300 574
300 625
301 950
301 59
301 832
301 935
301 109
301 733
301 230
301 910
301 255
301 940
301 462
302 475
302 780
302 726
302 350
302 638
303 84
303 118
304 39
304 363
304 681
304 526
304 797
305 643
306 808
306 555
306 926
306 938
307 505
307 84
307 60
307 254
308 673
308 1000
308 803
309 728
309 629
309 827
309 24
309 640
309 355
309 153
309 132
309 311
309 152
309 873
310 640
311 316
311 38
311 449
311 142
311 309
311 195
312 339
312 52
312 698
312 830
312 818
312 320
312 448
312 778
313 722
313 296
313 527
313 694
313 465
313 525
313 432
313 96
314 1000
314 60
314 159
314 675
315 234
315 540
315 614
315 852
315 208
315 636
315 318
316 877
316 311
316 232
316 762
316 77
316 485
316 108
316 773
316 704
316 183
316 545
316 628
316 767
316 692
317 870
317 709
317 159
317 832
317 22
317 285
317 336
317 341
317 183
317 616
317 374
317 785
317 962
317 693
318 829
318 478
318 506
318 51
318 408
318 957
318 426
318 315
318 213
318 542
318 183
318 638
318 940
319 736
319 988
319 540
319 82
319 135
319 120
319 976
320 114
320 312
320 801
321 935
321 486
321 809
322 396
322 50
322 771
322 394
322 296
322 19
322 125
322 789
322 572
322 835
322 734
322 810
322 20
322 969
322 364
323 732
323 602
323 121
323 725
324 67
325 454
326 262
326 213
326 936
326 370
327 538
327 738
327 526
327 631
327 878
328 726
328 449
329 369
329 114
329 102
329 917
329 978
330 410
330 693
331 375
331 667
331 551
331 470
331 113
331 805
331 343
331 30
331 554
331 129
331 618
331 158
331 218
331 43
331 794
331 642
331 784
331 702
331 432
331 873
332 913
332 472
332 800
332 557
332 571
332 214
332 87
332 392
333 29
333 236
333 501
333 914
333 790
333 540
333 807
333 142
334 454
334 712
334 949
335 820
335 925
335 130
335 385
335 859
335 528
335 566
335 114
335 571
335 655
336 317
338 369
338 397
338 57
339 312
339 760
339 588
340 368
340 639
340 732
341 262
341 32
341 604
341 461
341 193
341 317
342 692
342 638
342 72
342 908
343 376
343 467
343 814
343 10
343 37
343 651
343 712
343 713
343 762
343 807
343 489
343 883
343 695
343 331
345 570
345 355
345 567
345 839
345 459
346 410
346 357
347 64
347 161
348 510
348 728
349 637
350 188
350 238
350 118
350 284
350 861
350 302
350 42
350 420
350 956
350 934
350 615
351 982
351 173
352 92
352 90
352 978
352 182
353 145
353 684
353 381
353 103
353 268
353 245
353 931
353 901
353 543
353 853
353 170
353 568
353 902
353 411
353 286
353 771
353 116
353 521
353 150
353 802
354 569
354 726
355 113
355 445
355 420
355 746
355 345
355 163
355 401
355 64
355 846
355 766
355 718
355 703
355 785
355 309
356 362
356 448
357 672
357 708
357 570
357 278
357 813
357 346
357 762
357 293
357 489
357 123
357 587
357 216
357 703
357 449
358 918
358 520
359 732
359 270
359 112
360 90
361 105
361 940
361 785
362 289
362 546
362 364
362 932
362 901
362 793
362 618
362 356
362 236
362 940
363 304
363 255
363 182
364 5
364 588
364 792
364 568
364 453
364 692
364 322
364 910
364 905
364 41
364 206
364 28
364 362
365 981
365 989
365 567
367 917
367 797
367 401
367 661
368 215
368 563
368 340
368 522
368 20
368 762
369 126
369 329
369 871
369 338
369 179
369 598
370 866
370 662
370 101
370 467
370 508
370 650
370 762
370 15
370 398
370 326
370 763
370 98
370 567
370 761
370 816
370 876
370 182
371 254
372 377
372 517
372 850
372 179
373 982
373 801
374 175
374 32
374 395
374 417
374 317
375 500
375 331
375 795
375 782
376 984
376 632
376 586
376 343
377 372
377 1000
377 567
378 509
378 545
378 84
381 353
381 237
382 242
382 461
382 632
383 397
383 213
384 568
384 108
384 270
384 72
384 736
384 854
385 765
385 335
385 760
385 174
385 637
386 613
386 30
386 772
386 291
386 548
386 651
386 870
387 114
387 791
387 106
388 692
389 684
389 789
389 562
389 471
389 553
389 410
390 876
390 706
390 87
390 775
390 448
391 905
391 78
391 233
391 415
391 554
391 417
392 771
392 488
392 874
392 115
392 966
392 665
392 332
392 407
392 395
392 926
393 504
393 133
393 470
393 989
393 272
393 67
394 322
394 810
394 37
394 853
394 936
394 655
395 468
395 374
395 125
395 608
395 127
395 392
395 546
395 43
395 474
395 512
395 83
395 647
395 195
396 712
396 322
396 146
397 733
397 383
397 178
397 443
397 338
397 464
397 457
397 935
397 713
397 461
397 926
397 839
397 983
398 466
398 833
398 431
398 163
398 461
398 370
398 908
399 38
399 193
400 509
400 68
400 467
400 532
400 806
400 797
400 121
400 408
401 607
401 25
401 510
401 904
401 608
401 768
401 367
401 952
401 505
401 830
401 461
401 355
401 586
402 206
402 643
402 937
402 917
402 600
402 957
402 873
403 32
403 196
404 548
404 274
404 725
404 921
405 677
405 437
405 604
405 80
405 294
406 128
406 782
406 58
406 109
406 964
406 968
406 621
406 661
407 868
407 492
407 568
407 107
407 508
407 3
407 392
407 89
407 465
407 619
407 161
407 938
407 555
407 617
408 13
408 400
408 586
408 513
408 788
408 99
408 980
408 795
408 640
408 746
408 500
408 318
409 760
410 990
410 330
410 2
410 994
410 389
410 292
410 822
410 346
410 75
410 716
410 274
410 272
411 967
411 576
411 74
411 202
411 722
411 603
411 893
411 797
411 353
411 647
411 89
412 238
412 61
412 432
412 935
413 60
413 462
414 845
414 806
414 938
414 486
415 867
415 643
415 391
415 63
416 495
417 391
417 656
417 814
417 201
417 887
417 374
417 664
418 1000
419 730
419 842
420 870
420 350
420 355
420 87
421 834
423 550
423 647
424 109
424 112
425 519
425 778
425 847
425 969
426 724
426 903
426 514
426 318
427 80
427 809
427 86
428 589
429 983
429 741
429 920
430 161
430 146
431 398
431 519
432 412
432 331
432 30
432 313
432 84
432 723
432 694
432 820
432 150
432 275
432 844
433 679
433 834
434 726
434 764
435 175
435 548
435 780
435 611
436 448
437 646
437 460
437 200
437 949
437 798
437 640
437 774
437 948
437 641
437 405
437 481
437 794
437 272
438 558
438 153
438 553
438 32
438 803
438 270
439 233
439 108
439 159
439 196
440 69
440 917
440 137
440 459
441 604
442 597
442 937
443 948
443 397
443 32
443 834
443 193
443 67
444 857
444 452
444 211
444 604
445 814
445 919
445 726
445 622
445 355
445 462
446 570
446 41
446 705
446 704
446 51
446 486
446 253
446 112
446 261
446 482
446 803
446 106
446 86
447 583
447 984
447 675
448 436
448 103
448 390
448 106
448 49
448 356
448 702
448 130
448 174
448 86
448 312
448 825
449 328
449 479
449 706
449 491
449 122
449 695
449 357
449 311
449 221
449 285
449 836
450 781
451 454
451 728
451 106
451 486
451 214
452 444
452 486
453 814
453 907
453 364
454 325
454 334
454 451
454 533
454 606
454 505
454 907
454 865
454 627
454 981
455 466
455 929
455 994
455 509
455 82
455 16
455 140
455 962
455 110
455 144
456 189
456 917
456 32
457 31
457 397
458 917
458 752
459 440
459 928
459 820
459 884
459 831
459 22
459 345
459 809
460 59
460 437
460 934
461 37
461 83
461 911
461 382
461 401
461 853
461 341
461 398
461 397
461 809
461 611
462 874
462 474
462 445
462 944
462 301
462 661
462 875
462 815
462 413
463 74
463 772
463 696
463 976
464 505
464 397
464 270
464 188
465 537
465 407
465 261
465 313
466 398
466 570
466 455
466 673
466 847
466 816
467 400
467 370
467 343
467 801
468 395
468 580
468 816
468 775
469 554
469 116
469 942
469 952
469 98
469 233
469 647
470 14
470 89
470 536
470 951
470 166
470 393
470 23
470 130
470 814
470 965
470 81
470 605
470 17
470 490
470 20
470 331
470 617
471 389
471 741
471 582
471 488
471 574
472 206
472 332
473 936
473 845
473 707
473 920
474 32
474 84
474 395
474 462
475 273
475 244
475 874
475 302
475 256
475 592
475 155
475 963
475 283
475 796
475 541
475 18
476 509
477 173
477 532
477 872
477 282
477 603
477 539
477 227
477 596
477 166
477 806
477 698
478 870
478 199
478 318
478 595
479 54
479 797
479 808
479 604
479 638
479 270
479 449
480 736
480 109
480 500
480 795
481 437
481 780
481 984
481 983
482 214
482 133
482 261
482 677
482 501
482 199
482 446
483 635
483 133
483 255
483 166
483 157
483 626
483 34
483 296
483 751
483 227
483 499
484 577
484 87
485 316
485 797
485 976
485 664
486 225
486 593
486 171
486 521
486 452
486 451
486 166
486 321
486 805
486 284
486 954
486 980
486 414
486 925
486 65
486 446
486 96
487 673
487 102
487 32
487 105
487 655
488 812
488 585
488 48
488 878
488 636
488 933
488 844
488 281
488 471
488 211
488 145
488 392
488 197
488 638
489 29
489 894
489 538
489 357
489 343
490 889
490 470
490 31
491 449
491 732
491 987
492 951
492 407
492 742
492 569
492 604
493 199
493 108
493 514
494 948
494 949
494 742
494 926
494 214
495 669
495 416
495 258
495 817
495 105
495 114
495 240
496 197
496 500
497 726
497 847
497 912
498 156
499 702
499 741
499 483
499 695
499 752
499 985
500 480
500 496
500 375
500 504
500 408
500 20
501 482
501 944
501 202
501 333
502 576
502 201
503 14
503 687
503 222
503 941
503 105
503 968
503 807
503 730
503 83
503 925
503 712
503 216
503 981
503 150
503 56
503 298
503 241
503 734
503 940
503 32
503 790
504 150
504 393
504 98
504 500
505 464
505 247
505 401
505 307
505 454
505 120
505 146
506 122
506 598
506 182
506 845
506 790
506 318
507 262
507 981
507 876
508 287
508 407
508 996
508 853
508 370
509 956
509 378
509 476
509 754
509 400
509 455
509 673
509 948
509 675
510 348
510 201
510 401
511 937
511 58
512 395
512 978
513 845
513 571
513 408
514 46
514 426
514 580
514 493
515 274
516 119
516 637
517 579
517 770
517 712
517 372
517 561
517 69
518 25
518 87
519 78
519 47
519 431
519 814
519 872
519 916
519 68
519 425
520 768
520 358
520 201
521 14
521 742
521 692
521 486
521 353
521 717
522 529
522 368
522 25
522 865
522 296
522 583
522 582
523 858
523 74
523 548
523 196
524 199
524 162
525 313
526 304
526 238
526 327
526 167
526 838
527 529
527 796
527 313
528 743
528 335
528 918
528 742
528 604
529 189
529 527
529 522
529 283
530 858
531 814
531 867
532 56
532 400
532 477
533 454
533 830
533 890
533 1000
533 675
534 834
534 538
535 233
535 847
535 692
535 159
535 920
536 470
536 908
537 670
537 170
537 148
537 753
537 784
537 237
537 888
537 465
537 916
537 741
537 548
538 980
538 220
538 669
538 534
538 787
538 568
538 923
538 814
538 59
538 667
538 234
538 489
538 327
538 752
539 477
540 315
540 333
540 319
540 802
541 545
541 475
542 726
542 976
542 318
542 839
543 949
543 353
543 797
543 33
545 708
545 805
545 378
545 541
545 992
545 870
545 177
545 860
545 600
545 778
545 316
546 395
546 362
546 567
547 107
547 890
548 435
548 34
548 523
548 3
548 404
548 4
548 824
548 553
548 808
548 537
548 987
548 386
548 146
548 121
548 839
549 14
549 806
549 873
550 423
550 45
550 27
550 847
550 101
550 790
551 643
551 673
551 726
551 331
552 781
552 752
552 586
552 782
553 662
553 75
553 279
553 389
553 799
553 554
553 438
553 548
553 894
554 469
554 553
554 175
554 391
554 984
554 331
555 306
555 598
555 131
555 282
555 995
555 407
555 688
556 34
556 101
556 142
557 332
557 890
557 810
557 983
558 805
558 562
558 438
558 77
558 673
558 808
558 741
558 760
558 795
559 600
560 233
560 193
560 31
560 637
560 588
561 580
561 189
561 517
561 733
561 722
561 960
561 223
561 264
561 76
561 884
561 707
561 75
562 389
562 558
562 826
562 732
562 969
562 802
563 368
563 108
563 179
563 985
564 238
564 907
564 1000
565 643
565 809
566 335
566 583
566 133
566 291
567 118
567 377
567 365
567 345
567 877
567 284
567 948
567 723
567 546
567 935
567 658
567 894
567 370
568 794
568 805
568 384
568 751
568 150
568 845
568 407
568 233
568 538
568 353
568 294
568 364
569 354
569 95
569 492
569 662
569 224
569 44
569 610
569 114
569 806
569 639
569 162
570 265
570 466
570 345
570 171
570 220
570 682
570 446
570 357
571 881
571 288
571 607
571 335
571 332
571 273
571 750
571 156
571 513
572 732
572 322
572 60
572 838
573 109
574 133
574 769
574 300
574 863
574 151
574 17
574 966
574 671
574 471
574 170
574 853
574 903
574 615
574 912
575 211
575 840
575 742
576 502
576 127
576 77
576 207
576 929
576 581
576 411
576 742
576 692
576 31
577 627
577 484
577 708
577 643
577 282
577 766
577 66
577 778
577 597
577 757
577 738
577 764
578 582
578 617
579 517
579 938
579 106
580 468
580 78
580 561
580 514
580 624
581 653
581 576
581 840
581 728
582 288
582 471
582 10
582 815
582 903
582 522
582 66
582 207
582 898
582 175
582 578
583 522
583 35
583 676
583 964
583 939
583 566
583 141
583 447
583 748
583 607
583 58
583 261
583 105
584 893
584 604
584 254
585 488
585 58
585 617
586 376
586 901
586 552
586 223
586 823
586 401
586 408
587 726
587 632
587 357
588 609
588 845
588 5
588 176
588 339
588 740
588 982
588 560
588 364
589 428
589 217
589 39
589 786
589 939
589 199
589 266
589 613
589 283
590 996
590 193
591 919
591 725
592 175
592 475
592 790
592 278
592 617
592 195
593 278
593 486
593 985
594 43
595 155
595 771
595 237
595 752
595 478
595 753
596 237
596 741
596 477
596 173
597 442
597 95
597 235
597 232
597 798
597 577
597 858
598 887
598 116
598 928
598 820
598 916
598 134
598 999
598 708
598 369
598 38
598 555
598 270
598 105
598 741
598 506
600 636
600 245
600 559
600 402
600 158
600 206
600 956
600 545
600 918
600 121
600 760
600 655
600 717
601 775
602 860
602 188
602 958
602 907
602 289
602 107
602 12
602 792
602 323
602 18
602 202
602 634
602 725
602 816
602 698
602 33
603 765
603 411
603 692
603 477
603 193
603 920
604 444
604 229
604 341
604 122
604 672
604 788
604 226
604 405
604 492
604 702
604 92
604 98
604 479
604 584
604 32
604 441
604 528
605 778
605 14
605 1000
605 470
605 790
606 454
606 764
607 401
607 949
607 583
607 571
607 80
608 937
608 395
608 401
609 54
609 175
609 996
609 588
609 825
610 935
610 569
610 261
610 873
611 767
611 12
611 290
611 461
611 435
611 119
612 893
613 386
613 589
613 940
614 808
614 853
614 637
614 315
615 939
615 80
615 670
615 236
615 350
615 10
615 574
615 854
615 184
615 60
615 87
616 125
616 174
616 677
616 317
617 971
617 972
617 585
617 578
617 629
617 639
617 715
617 818
617 592
617 407
617 809
617 271
617 470
617 876
617 976
618 272
618 331
618 362
619 262
619 144
619 407
619 934
619 57
621 406
621 664
622 787
622 445
622 236
622 647
622 876
622 25
623 870
623 781
623 949
624 700
624 697
624 295
624 215
624 73
624 580
624 952
624 919
624 712
624 172
625 807
625 634
625 887
625 300
625 25
625 70
625 188
626 981
626 483
626 982
627 454
627 829
627 709
627 577
627 858
627 762
628 206
628 316
628 876
629 870
629 617
629 309
630 106
630 294
631 834
631 201
631 327
631 987
632 177
632 382
632 774
632 245
632 587
632 5
632 376
632 133
632 660
632 30
632 766
632 176
632 274
632 255
632 174
633 175
634 59
634 94
634 602
634 137
634 625
635 483
636 488
636 726
636 600
636 315
637 698
637 169
637 516
637 904
637 614
637 385
637 812
637 839
637 756
637 137
637 89
637 560
637 349
637 25
638 100
638 342
638 302
638 488
638 943
638 318
638 104
638 689
638 176
638 479
638 734
638 719
638 724
639 862
639 149
639 121
639 298
639 903
639 569
639 340
639 50
639 847
639 790
639 159
639 695
639 617
640 65
640 857
640 15
640 310
640 208
640 729
640 968
640 164
640 889
640 840
640 437
640 893
640 1000
640 408
640 309
641 262
641 437
641 848
641 86
642 86
642 331
643 305
643 73
643 415
643 886
643 565
643 178
643 17
643 551
643 402
643 971
643 911
643 691
643 577
644 712
645 840
645 919
645 762
646 437
647 978
647 423
647 622
647 718
647 952
647 116
647 411
647 395
647 469
647 983
647 274
647 790
648 840
649 73
649 92
649 174
649 265
649 59
649 220
649 253
649 953
649 692
650 278
650 370
650 706
650 717
650 33
651 263
651 874
651 386
651 343
652 175
652 197
652 725
653 581
653 853
653 283
654 197
654 692
655 600
655 394
655 677
655 51
655 335
655 860
655 487
655 135
655 72
655 196
655 808
655 876
656 948
656 417
656 976
656 677
657 863
658 181
658 52
658 934
658 185
658 74
658 567
658 201
659 80
660 632
661 189
661 406
661 999
661 176
661 367
661 900
661 695
661 754
661 462
661 876
662 553
662 569
662 174
662 370
662 920
663 742
664 37
664 94
664 485
664 621
664 276
664 417
664 275
664 975
664 255
664 24
664 137
665 392
665 918
665 1000
667 59
667 538
667 847
667 703
667 331
668 948
669 732
669 495
669 538
669 89
669 854
670 814
670 890
670 537
670 615
671 574
672 604
672 726
672 357
672 156
673 487
673 558
673 509
673 466
673 308
673 551
673 90
673 989
673 810
674 61
674 89
674 196
675 940
675 989
675 736
675 81
675 533
675 314
675 42
675 788
675 797
675 783
675 509
675 250
675 447
675 63
675 834
676 583
676 978
677 405
677 616
677 482
677 656
677 57
677 907
677 706
677 655
678 254
679 433
679 163
680 33
681 304
681 981
681 926
681 237
681 33
682 570
683 175
683 92
684 389
684 890
684 353
684 707
684 60
686 43
686 977
686 781
686 847
687 199
687 919
687 503
687 865
687 810
688 206
688 982
688 555
689 92
689 638
689 790
690 694
690 808
691 919
691 643
691 853
692 342
692 46
692 576
692 388
692 316
692 521
692 654
692 713
692 281
692 603
692 535
692 718
692 964
692 137
692 649
692 364
693 330
693 928
693 317
694 690
694 432
694 982
694 262
694 313
695 776
695 698
695 499
695 866
695 639
695 449
695 778
695 661
695 343
696 19
696 969
696 463
696 165
696 167
697 778
697 624
698 235
698 145
698 194
698 602
698 477
698 712
698 199
698 193
698 312
698 695
698 637
698 894
699 80
699 785
700 262
700 105
700 182
700 624
701 717
702 499
702 889
702 57
702 94
702 604
702 331
702 448
702 717
703 799
703 357
703 997
703 667
703 918
703 978
703 355
703 216
703 188
703 249
703 858
703 193
703 790
704 316
704 446
704 876
705 54
705 446
705 105
706 873
706 650
706 677
706 224
706 971
706 184
706 390
706 834
706 449
707 927
707 684
707 561
707 235
707 473
707 736
707 63
707 903
707 214
708 545
708 201
708 849
708 577
708 884
708 598
708 762
708 357
709 144
709 94
709 627
709 317
710 84
711 92
712 241
712 644
712 727
712 334
712 754
712 396
712 517
712 503
712 343
712 698
712 624
713 918
713 692
713 397
713 343
713 801
714 790
714 156
715 984
715 989
715 617
716 934
716 410
717 701
717 55
717 600
717 702
717 650
717 521
718 84
718 780
718 791
718 647
718 692
718 355
719 638
719 67
720 936
720 834
721 873
722 411
722 561
722 926
722 313
723 64
723 7
723 166
723 253
723 35
723 432
723 567
724 774
724 277
724 426
724 155
724 638
724 45
724 214
724 15
724 170
724 121
725 652
725 64
725 801
725 323
725 404
725 212
725 591
725 258
725 834
725 94
725 602
726 354
726 587
726 756
726 434
726 542
726 16
726 972
726 88
726 994
726 968
726 302
726 636
726 328
726 445
726 497
726 902
726 672
726 551
726 903
727 712
727 33
728 69
728 348
728 209
728 277
728 581
728 451
728 882
728 931
728 309
729 165
729 248
729 640
730 419
730 813
730 800
730 124
730 503
730 237
730 159
730 825
731 92
732 562
732 35
732 359
732 323
732 669
732 85
732 572
732 998
732 340
732 491
732 241
732 101
732 870
732 816
732 920
732 112
733 561
733 397
733 301
733 173
734 834
734 503
734 638
734 322
736 970
736 276
736 480
736 297
736 815
736 220
736 180
736 948
736 384
736 707
736 319
736 67
736 675
736 809
738 577
738 327
739 31
740 29
740 588
740 782
741 499
741 771
741 102
741 832
741 537
741 596
741 234
741 558
741 471
741 598
741 429
742 752
742 521
742 821
742 494
742 663
742 492
742 175
742 832
742 207
742 229
742 149
742 111
742 528
742 575
742 931
742 576
742 202
742 254
743 900
743 41
743 528
743 988
743 1000
743 810
744 938
744 989
745 908
746 63
746 274
746 408
746 355
746 112
747 94
748 583
748 983
749 826
749 849
749 949
749 983
750 571
750 775
751 568
751 144
751 483
752 56
752 940
752 499
752 538
752 552
752 458
752 759
752 742
752 595
752 60
752 762
753 537
753 109
753 595
754 509
754 712
754 661
755 917
756 726
756 80
756 174
756 637
756 33
757 577
757 893
757 197
757 101
758 270
758 790
759 219
759 926
759 983
759 935
759 752
760 339
760 898
760 250
760 206
760 927
760 409
760 600
760 106
760 558
760 840
760 385
760 109
761 370
762 645
762 627
762 906
762 997
762 708
762 113
762 965
762 368
762 115
762 752
762 316
762 237
762 291
762 357
762 370
762 343
763 993
763 133
763 80
763 370
764 434
764 85
764 153
764 193
764 258
764 577
764 606
764 31
764 2
765 995
765 168
765 385
765 268
765 603
765 102
765 109
766 577
766 632
766 355
766 195
767 611
767 316
767 802
768 274
768 401
768 520
769 574
769 876
770 517
770 14
770 175
770 865
770 96
771 948
771 392
771 322
771 741
771 353
771 595
771 838
771 254
772 463
772 386
772 201
773 830
773 316
774 43
774 437
774 632
774 724
774 903
775 929
775 750
775 468
775 180
775 390
775 601
775 854
776 92
776 1000
776 695
777 118
778 425
778 130
778 605
778 859
778 545
778 919
778 697
778 72
778 144
778 977
778 312
778 295
778 695
778 930
778 577
778 162
778 912
779 144
780 837
780 481
780 302
780 856
780 855
780 951
780 435
780 230
780 718
780 136
780 894
780 983
781 450
781 623
781 974
781 552
781 120
781 686
781 923
781 847
781 255
781 31
782 740
782 375
782 962
782 179
782 902
782 552
782 906
782 406
783 808
783 37
783 94
783 675
784 537
784 938
784 331
785 699
785 355
785 361
785 49
785 211
785 838
785 214
785 317
786 92
786 589
787 538
787 622
787 75
788 604
788 976
788 408
788 969
788 675
788 195
789 389
789 322
789 38
789 20
789 25
790 506
790 592
790 647
790 210
790 758
790 639
790 926
790 503
790 703
790 689
790 714
790 605
790 550
790 894
790 988
790 333
790 173
791 237
791 876
791 973
791 387
791 718
791 139
791 287
791 71
791 128
791 92
791 874
791 877
791 148
791 294
792 602
792 803
792 934
792 364
793 207
793 172
793 362
794 919
794 568
794 437
794 133
794 213
794 331
795 87
795 256
795 558
795 480
795 975
795 375
795 408
796 527
796 475
796 101
796 261
796 873
797 479
797 367
797 50
797 411
797 304
797 276
797 223
797 485
797 936
797 400
797 147
797 866
797 543
797 897
797 938
797 675
798 597
798 437
798 179
799 553
799 703
800 332
800 730
801 467
801 286
801 985
801 373
801 713
801 807
801 64
801 320
801 725
802 8
802 977
802 540
802 767
802 353
802 834
802 111
802 562
802 119
802 28
802 295
802 86
803 286
803 792
803 308
803 228
803 438
803 446
803 959
804 954
804 940
805 558
805 545
805 568
805 486
805 331
806 414
806 477
806 569
806 275
806 400
806 98
806 549
806 55
806 838
807 503
807 938
807 193
807 333
807 343
807 801
807 625
807 112
808 306
808 297
808 558
808 479
808 614
808 783
808 655
808 263
808 690
808 825
808 548
808 31
809 565
809 82
809 427
809 255
809 236
809 321
809 865
809 125
809 461
809 736
809 459
809 146
809 617
810 117
810 200
810 394
810 266
810 557
810 831
810 743
810 322
810 687
810 673
811 845
811 201
811 908
812 488
812 637
813 730
813 238
813 357
814 445
814 670
814 453
814 531
814 519
814 417
814 538
814 470
814 343
815 918
815 736
815 847
815 582
815 94
815 462
815 854
816 370
816 210
816 848
816 935
816 884
816 966
816 466
816 906
816 166
816 219
816 468
816 732
816 602
816 272
817 495
817 848
817 903
818 935
818 312
818 617
819 61
820 335
820 432
820 598
820 459
821 742
822 410
822 983
823 828
823 842
823 586
824 917
824 548
824 272
825 885
825 609
825 448
825 913
825 34
825 929
825 858
825 730
825 88
825 133
825 57
825 808
825 89
826 923
826 125
826 749
826 562
826 58
826 101
827 38
827 75
827 309
828 210
828 215
828 823
828 224
829 92
829 627
829 318
830 773
830 533
830 898
830 18
830 994
830 401
830 878
830 876
830 842
830 312
830 142
831 29
831 810
831 459
832 917
832 742
832 741
832 301
832 317
833 398
833 926
834 534
834 860
834 421
834 734
834 227
834 706
834 199
834 917
834 631
834 204
834 267
834 720
834 443
834 946
834 725
834 148
834 433
834 675
834 802
835 322
836 978
836 903
836 449
837 1000
837 780
837 261
838 771
838 785
838 806
838 572
838 86
838 526
838 908
839 397
839 548
839 169
839 345
839 542
839 637
840 575
840 911
840 71
840 206
840 959
840 855
840 288
840 640
840 648
840 944
840 995
840 581
840 165
840 645
840 760
842 419
842 223
842 823
842 897
842 830
843 14
844 488
844 432
844 237
844 67
845 811
845 414
845 238
845 204
845 513
845 473
845 506
845 568
845 133
845 92
845 588
846 211
846 355
847 891
847 497
847 781
847 260
847 686
847 160
847 425
847 287
847 99
847 667
847 815
847 466
847 202
847 535
847 40
847 639
847 550
847 35
847 272
848 641
848 46
848 2
848 295
848 872
848 817
848 919
848 816
849 749
849 81
849 708
849 918
849 270
850 372
850 948
850 38
850 985
852 894
852 315
853 614
853 298
853 653
853 691
853 508
853 961
853 282
853 161
853 574
853 394
853 80
853 353
853 461
853 294
854 384
854 59
854 815
854 669
854 299
854 775
854 281
854 934
854 615
855 840
855 780
856 982
856 780
856 20
856 237
857 444
857 640
857 921
858 928
858 530
858 282
858 188
858 272
858 597
858 148
858 926
858 703
858 627
858 938
858 523
858 825
859 335
859 238
859 778
859 937
859 989
860 545
860 918
860 834
860 602
860 934
860 655
861 350
862 107
862 639
862 283
863 31
863 657
863 248
863 107
863 574
863 75
864 199
865 989
865 687
865 965
865 770
865 251
865 108
865 158
865 275
865 454
865 522
865 809
866 370
866 797
866 695
866 934
867 531
867 415
867 84
867 214
867 873
868 407
869 987
870 623
870 925
870 478
870 420
870 386
870 30
870 240
870 732
870 293
870 629
870 545
870 935
870 317
871 369
872 67
872 519
872 137
872 848
872 477
873 89
873 867
873 402
873 331
873 549
873 309
873 915
873 610
873 1
873 796
873 4
873 721
873 20
873 706
873 921
874 651
874 392
874 475
874 791
874 121
874 20
874 462
875 462
876 94
876 274
876 88
876 370
876 704
876 655
876 769
876 628
876 37
876 390
876 622
876 879
876 661
876 507
876 791
876 830
876 159
876 617
877 84
877 316
877 791
877 162
877 567
877 112
878 488
878 38
878 830
878 105
878 327
879 876
881 571
882 167
882 728
882 920
883 62
883 211
883 893
883 174
883 343
884 159
884 561
884 115
884 122
884 151
884 708
884 289
884 816
884 459
885 64
885 936
885 825
886 643
886 918
886 167
887 598
887 417
887 625
888 537
888 58
889 702
889 490
889 990
889 640
889 935
889 38
889 109
889 137
890 95
890 557
890 533
890 127
890 684
890 40
890 547
890 211
890 670
891 14
891 847
892 69
892 195
892 112
893 138
893 612
893 73
893 183
893 11
893 883
893 640
893 584
893 411
893 997
893 253
893 257
893 757
893 137
894 169
894 780
894 91
894 852
894 149
894 553
894 116
894 276
894 255
894 489
894 567
894 698
894 171
894 790
895 985
896 211
897 199
897 842
897 797
898 830
898 582
898 760
899 166
900 743
900 146
900 934
900 661
901 353
901 193
901 362
901 586
901 173
902 353
902 926
902 726
902 782
903 726
903 24
903 426
903 240
903 65
903 70
903 238
903 222
903 88
903 295
903 152
903 817
903 574
903 939
903 181
903 774
903 836
903 707
903 582
903 639
904 401
904 637
905 391
905 197
905 146
905 949
905 364
906 67
906 94
906 816
906 762
906 782
907 564
907 453
907 968
907 454
907 991
907 677
907 109
907 602
908 342
908 196
908 838
908 232
908 811
908 398
908 745
908 536
909 33
910 301
910 364
911 840
911 643
911 461
912 497
912 574
912 59
912 778
912 135
912 297
912 164
912 216
913 332
913 825
914 333
914 940
915 873
916 519
916 537
916 598
917 228
917 117
917 329
917 755
917 402
917 456
917 458
917 367
917 832
917 939
917 824
917 440
917 834
918 7
918 600
918 187
918 815
918 849
918 40
918 528
918 947
918 358
918 665
918 713
918 988
918 886
918 246
918 860
918 703
919 998
919 176
919 645
919 51
919 591
919 794
919 687
919 445
919 691
919 778
919 179
919 938
919 848
919 624
920 473
920 118
920 662
920 603
920 535
920 76
920 429
920 882
920 732
921 153
921 178
921 163
921 404
921 857
921 873
921 89
923 826
923 781
923 538
923 174
924 984
925 870
925 335
925 503
925 486
926 306
926 169
926 61
926 759
926 949
926 681
926 238
926 902
926 722
926 397
926 992
926 494
926 283
926 392
926 833
926 858
926 790
927 707
927 760
927 57
928 858
928 693
928 598
928 211
928 459
929 576
929 455
929 825
929 775
930 778
931 742
931 353
931 728
931 934
932 362
932 949
933 199
933 488
934 716
934 961
934 262
934 619
934 931
934 900
934 860
934 350
934 460
934 792
934 866
934 296
934 261
934 658
934 854
935 610
935 321
935 889
935 62
935 818
935 412
935 759
935 870
935 816
935 397
935 301
935 567
936 720
936 473
936 181
936 225
936 987
936 394
936 885
936 326
936 160
936 1000
936 797
936 969
937 442
937 511
937 267
937 402
937 608
937 238
937 859
937 272
937 160
937 36
938 744
938 858
938 306
938 962
938 807
938 14
938 407
938 919
938 414
938 797
938 253
938 579
938 84
938 784
938 255
938 105
939 917
939 583
939 278
939 589
939 31
939 903
939 615
940 999
940 804
940 613
940 914
940 361
940 951
940 156
940 201
940 193
940 301
940 318
940 80
940 503
940 752
940 675
940 362
941 69
941 503
942 469
942 14
942 174
942 981
943 102
943 638
943 199
944 840
944 54
944 255
944 501
944 462
944 96
945 119
946 834
947 918
948 141
948 443
948 771
948 668
948 656
948 850
948 950
948 50
948 494
948 509
948 139
948 736
948 437
948 567
949 157
949 749
949 494
949 176
949 607
949 543
949 623
949 988
949 334
949 932
949 8
949 905
949 130
949 437
949 926
950 948
950 301
951 492
951 233
951 982
951 780
951 470
951 92
951 940
952 469
952 647
952 401
952 624
953 649
954 804
954 161
954 984
954 486
954 114
956 509
956 161
956 982
956 350
956 600
957 978
957 402
957 234
957 318
958 602
959 840
959 57
959 803
960 561
960 274
961 72
961 934
961 853
962 938
962 455
962 317
962 782
963 475
963 969
964 583
964 692
964 406
965 865
965 470
965 982
965 762
966 201
966 392
966 574
966 816
966 60
966 255
967 411
967 60
968 640
968 907
968 726
968 503
968 406
969 206
969 936
969 264
969 322
969 788
969 963
969 562
969 425
969 696
970 736
970 201
971 643
971 706
971 617
972 262
972 726
972 617
973 791
974 781
974 58
974 196
975 167
975 664
975 795
976 319
976 485
976 109
976 788
976 542
976 294
976 656
976 617
976 463
976 121
977 64
977 19
977 686
977 125
977 778
977 214
977 802
978 836
978 676
978 117
978 352
978 512
978 118
978 980
978 329
978 647
978 703
978 957
980 538
980 486
980 978
980 408
981 365
981 681
981 85
981 993
981 626
981 291
981 942
981 507
981 454
981 503
982 351
982 951
982 856
982 956
982 373
982 260
982 688
982 626
982 965
982 694
982 588
983 985
983 429
983 780
983 557
983 749
983 748
983 759
983 822
983 175
983 481
983 243
983 233
983 397
983 101
983 647
983 33
984 954
984 715
984 554
984 376
984 481
984 238
984 144
984 447
984 924
984 245
984 160
985 55
985 59
985 499
985 850
985 214
985 35
985 200
985 231
985 563
985 895
985 593
985 983
985 801
986 167
987 631
987 56
987 491
987 120
987 191
987 869
987 548
987 936
988 743
988 918
988 949
988 790
988 319
989 673
989 744
989 2
989 859
989 715
989 365
989 393
989 865
989 278
989 675
989 96
990 889
990 410
991 907
992 545
992 926
992 274
993 763
993 981
993 188
994 287
994 455
994 175
994 830
994 410
994 726
994 174
995 765
995 840
995 555
996 162
996 159
996 609
996 508
996 590
997 893
997 703
997 762
998 919
998 732
998 142
999 598
999 661
999 940
1000 837
1000 308
1000 743
1000 564
1000 533
1000 418
1000 377
1000 127
1000 640
1000 665
1000 776
1000 605
1000 314
1000 936
