1 873
1 173
1 465
1 662
1 292
2 702
2 608
2 746
2 965
2 119
2 410
2 848
2 764
2 644
2 40
2 234
3 729
3 696
3 15
3 884
3 425
3 407
3 548
3 208
3 740
3 907
3 285
4 548
4 873
4 720
4 308
5 75
5 686
5 627
5 578
5 709
5 832
5 201
5 632
5 237
5 114
5 214
5 364
5 295
5 539
6 141
6 413
6 509
6 731
6 653
6 220
6 967
7 918
7 723
8 199
8 802
8 949
8 298
8 934
8 706
8 883
8 288
8 946
8 26
9 312
9 124
10 582
10 615
10 343
10 208
10 82
10 227
10 474
11 651
11 16
11 419
11 180
11 893
11 374
11 763
11 237
12 979
12 445
12 503
12 435
12 573
12 45
12 575
12 602
12 75
12 705
12 603
12 967
12 902
12 925
13 102
13 14
13 408
13 925
13 833
14 891
14 942
14 843
14 13
14 605
14 549
14 521
14 770
14 503
14 938
14 470
14 455
14 394
14 368
14 235
15 589
15 931
15 383
15 984
15 214
15 716
15 772
15 259
15 347
15 884
15 396
15 679
15 159
15 25
15 640
15 724
15 156
15 558
15 959
15 3
15 460
16 901
16 913
16 826
16 575
16 810
16 776
16 746
16 880
16 34
16 569
16 693
16 828
16 747
16 373
16 943
16 726
16 75
16 892
16 385
16 110
16 11
17 643
17 197
17 38
17 574
17 470
17 483
17 292
17 904
18 830
18 475
18 602
18 91
18 997
18 763
19 260
19 967
19 203
19 757
19 68
19 110
19 153
19 696
19 322
19 404
19 275
19 796
19 259
20 322
20 529
20 736
20 467
20 543
20 720
20 46
20 939
20 61
20 759
20 845
20 681
21 799
21 307
22 317
22 459
22 959
22 39
22 81
22 74
23 470
23 593
23 369
23 284
24 296
24 82
24 89
24 47
24 533
24 903
24 309
24 181
25 622
25 196
25 637
25 789
25 83
25 518
25 31
25 122
25 625
25 76
25 15
26 244
26 533
26 8
26 566
26 259
26 562
26 355
26 639
26 833
27 550
27 426
27 872
28 802
28 364
28 465
28 505
28 641
29 489
29 229
29 831
29 740
29 333
30 54
30 386
30 632
30 432
30 870
30 331
30 709
30 98
31 781
31 457
31 103
31 576
31 739
31 560
31 224
31 939
31 490
31 61
31 54
31 863
31 25
31 764
31 681
31 426
31 675
31 962
31 846
32 474
32 99
32 403
32 229
32 438
32 456
32 487
32 443
32 341
32 187
32 180
32 374
32 823
32 72
32 604
32 106
32 503
32 156
32 560
32 130
32 804
32 151
32 684
32 852
33 543
33 756
33 602
33 680
33 727
33 650
33 909
33 681
33 354
33 447
33 249
33 585
34 556
34 548
34 483
34 825
34 60
34 942
34 311
34 831
34 16
35 369
35 769
35 857
35 111
35 259
35 655
35 309
35 583
35 109
35 847
35 723
35 985
35 314
35 124
35 358
36 102
36 937
36 38
36 294
36 952
36 667
36 555
36 474
36 834
37 783
37 394
37 263
37 56
37 61
37 780
37 69
37 183
37 876
37 664
37 370
37 743
37 307
38 399
38 36
38 878
38 17
38 889
38 789
38 197
38 850
38 277
38 827
38 311
38 598
38 689
38 369
38 668
38 85
39 607
39 707
39 339
39 102
39 576
39 22
39 493
39 304
39 589
39 109
39 263
39 961
39 474
40 112
40 691
40 953
40 175
40 809
40 907
40 972
40 440
40 166
40 738
40 485
40 138
40 450
40 2
40 731
40 918
40 890
40 847
40 844
40 124
40 521
41 269
41 485
41 533
41 698
41 591
41 849
41 162
41 256
41 743
41 364
41 265
41 667
42 469
42 294
42 259
42 253
42 492
42 426
42 923
42 730
42 358
42 350
42 281
42 892
42 524
42 282
42 398
43 774
43 686
43 594
43 395
43 167
43 331
43 966
44 551
44 324
44 197
44 963
44 909
44 275
44 467
44 617
44 870
44 396
44 177
44 698
44 757
45 550
45 724
45 390
45 491
45 12
45 86
45 329
46 162
46 66
46 711
46 857
46 264
46 473
46 848
46 804
46 20
46 215
46 59
46 246
46 169
47 519
47 24
47 749
47 334
47 866
47 216
47 703
48 981
48 388
48 296
48 304
48 233
48 398
48 146
48 182
48 295
48 748
48 393
48 288
49 878
49 955
49 827
49 139
49 854
49 486
49 448
49 588
49 406
49 966
49 600
49 748
49 798
50 948
50 322
50 797
50 639
50 499
51 810
51 975
51 917
51 230
51 724
51 919
51 318
51 162
51 655
51 804
52 968
52 356
52 109
52 90
52 312
52 56
52 585
53 234
54 265
54 705
54 89
54 31
54 479
54 204
54 944
54 609
54 225
54 30
54 291
54 542
55 806
55 985
55 717
55 286
56 781
56 198
56 671
56 680
56 777
56 962
56 562
56 841
56 52
56 74
56 911
56 806
56 214
56 532
56 189
56 503
56 987
56 202
56 37
56 825
56 600
56 599
56 303
57 927
57 415
57 329
57 87
57 112
57 779
57 193
57 86
58 265
58 60
58 419
58 994
58 916
58 855
58 590
58 320
58 944
58 382
58 196
58 406
58 859
59 667
59 460
59 46
59 313
59 958
59 988
59 367
59 887
59 95
59 68
59 118
59 538
59 193
59 301
59 985
59 912
59 854
59 783
59 804
59 379
60 572
60 684
60 752
60 314
60 664
60 34
60 885
60 745
60 265
60 835
60 411
60 656
60 58
60 856
60 919
60 909
61 300
61 297
61 155
61 412
61 65
61 674
61 452
61 147
61 677
61 285
61 926
61 923
61 31
61 889
61 82
61 37
61 20
62 883
62 935
63 746
63 168
63 675
63 122
63 265
63 415
63 107
63 542
64 198
64 347
64 767
64 702
64 590
64 977
64 69
64 723
64 725
64 355
64 801
64 83
64 882
64 804
64 872
64 703
64 539
65 640
65 61
65 903
65 486
65 810
65 174
65 161
66 122
66 709
66 134
66 414
66 141
66 343
66 587
66 792
66 577
66 582
66 159
66 142
66 46
67 872
67 324
67 844
67 736
67 719
67 197
67 443
67 393
67 647
67 227
68 519
68 400
68 197
68 718
68 381
68 19
68 59
69 249
69 64
69 440
69 517
69 941
69 89
69 235
69 268
69 911
69 187
69 660
69 667
69 401
69 428
69 728
69 980
69 265
69 334
69 772
69 650
69 37
70 903
70 625
70 200
70 906
70 224
70 445
71 370
71 740
71 582
71 512
71 706
71 431
71 840
71 94
71 791
71 545
71 181
72 384
72 961
72 109
72 150
72 119
72 778
72 655
72 32
72 359
72 703
72 872
72 81
73 638
73 396
73 526
73 484
73 997
73 808
73 281
73 280
73 278
73 723
73 643
73 893
73 624
73 774
73 656
73 752
73 314
73 226
74 93
74 22
74 925
74 156
74 980
74 463
74 411
74 523
74 106
74 175
74 56
74 311
75 863
75 561
75 16
75 199
75 787
75 12
75 709
75 553
75 410
75 668
75 5
76 463
76 689
76 556
76 986
76 859
76 82
76 547
76 81
76 25
76 238
76 561
76 133
76 920
76 980
76 343
76 837
76 234
76 460
77 558
77 576
77 316
77 201
77 905
78 519
78 391
78 580
78 569
78 791
78 643
78 344
79 841
79 780
79 815
79 405
79 481
79 308
79 443
79 508
79 178
79 722
79 466
80 295
80 405
80 260
80 659
80 699
80 226
80 940
80 125
80 205
80 756
80 177
80 427
80 248
80 607
80 895
80 853
80 615
80 775
80 149
80 732
80 95
80 246
80 823
80 463
81 72
81 190
81 571
81 22
81 418
81 563
81 317
81 999
81 503
81 239
81 158
81 882
81 703
81 162
81 849
81 470
81 570
81 76
81 687
82 117
82 598
82 482
82 449
82 344
82 243
82 10
82 491
82 561
82 420
82 467
82 217
82 114
82 484
82 924
82 61
82 311
82 455
82 24
82 809
82 188
82 499
82 76
82 720
83 686
83 502
83 409
83 64
83 584
83 407
83 886
83 503
83 461
83 119
83 395
83 25
83 619
83 466
83 329
83 433
84 303
84 307
84 378
84 231
84 172
84 253
84 619
84 116
84 490
84 485
84 251
84 938
84 432
84 294
84 195
84 513
84 414
84 200
84 267
85 792
85 488
85 226
85 38
85 904
85 772
85 855
85 981
85 764
85 822
86 165
86 802
86 427
86 448
86 446
86 148
86 815
86 57
86 45
86 255
86 838
86 151
86 906
86 585
87 518
87 263
87 297
87 128
87 260
87 107
87 615
87 484
87 332
87 420
87 241
87 795
87 513
87 570
87 57
87 813
88 400
88 771
88 878
88 858
88 812
88 739
88 592
88 770
88 212
88 962
88 628
88 726
88 903
88 825
88 254
88 370
88 608
88 953
88 460
89 223
89 160
89 669
89 134
89 674
89 411
89 825
89 708
89 54
89 407
89 69
89 24
89 470
89 637
89 873
89 513
89 823
89 135
89 314
89 365
90 176
90 352
90 255
90 52
90 360
90 673
90 382
90 119
90 323
90 699
91 507
91 643
91 18
91 124
91 953
91 877
91 771
91 628
91 885
91 675
91 539
92 252
92 786
92 829
92 352
92 776
92 711
92 216
92 238
92 845
92 951
92 683
92 302
92 945
92 791
92 604
92 99
93 372
93 74
93 571
94 161
94 104
94 702
94 184
94 71
94 725
94 634
94 747
94 99
94 133
94 132
94 709
94 906
94 815
94 107
94 876
94 142
94 664
94 148
94 122
94 690
94 444
94 913
95 735
95 80
95 276
95 391
95 824
95 916
95 718
95 890
95 569
95 927
95 59
96 222
96 313
96 486
96 770
96 294
96 191
96 944
96 243
96 329
96 148
96 158
96 608
97 197
97 513
97 888
97 207
97 363
97 902
97 746
98 989
98 814
98 755
98 557
98 992
98 30
98 469
98 504
98 806
98 604
98 644
99 646
99 294
99 191
99 623
99 92
99 32
99 94
99 847
99 272
99 408
99 644
99 859
99 319
100 638
100 889
100 636
101 983
101 826
101 796
101 319
101 570
101 576
101 899
101 785
101 977
101 370
101 806
101 206
101 157
101 224
102 487
102 13
102 765
102 943
102 36
102 329
102 741
102 121
102 390
102 856
102 954
102 827
102 925
102 39
103 353
103 31
103 448
103 539
104 94
104 638
104 270
104 662
104 174
104 234
105 705
105 700
105 186
105 583
105 938
105 220
105 711
105 767
105 829
105 503
105 495
105 262
105 592
105 656
105 906
106 158
106 446
106 579
106 451
106 630
106 32
106 74
106 387
106 907
106 760
106 448
106 781
106 365
106 412
107 547
107 863
107 862
107 219
107 200
107 407
107 602
107 87
107 195
107 94
107 846
107 63
107 904
108 563
108 384
108 439
108 493
108 627
108 316
108 865
108 342
108 130
108 235
109 252
109 907
109 424
109 573
109 889
109 242
109 480
109 250
109 753
109 35
109 39
109 760
109 765
109 982
109 976
109 301
109 72
109 406
109 512
109 531
109 52
109 223
109 188
109 259
110 696
110 304
110 633
110 311
110 724
110 850
110 16
110 521
110 19
110 668
110 737
111 742
111 201
111 802
111 495
111 808
111 35
111 989
111 366
112 151
112 732
112 807
112 892
112 359
112 877
112 242
112 663
112 40
112 57
113 184
113 647
113 318
113 683
113 815
113 331
113 762
113 355
113 220
113 445
113 822
114 329
114 387
114 320
114 5
114 954
114 229
114 569
114 495
114 82
114 332
114 210
115 778
115 137
115 559
115 475
115 899
115 484
115 305
115 239
115 797
115 755
115 233
115 884
115 762
115 997
115 595
116 469
116 353
116 647
116 894
116 598
116 610
116 84
116 741
117 585
117 586
117 499
117 199
117 203
117 923
117 390
117 414
117 435
117 917
117 978
117 82
117 474
118 264
118 150
118 297
118 263
118 244
118 777
118 59
118 163
118 899
118 439
118 350
118 978
118 567
118 920
118 673
118 565
118 942
119 72
119 945
119 83
119 516
119 90
119 121
119 802
119 959
119 394
119 126
119 365
119 326
119 961
119 2
120 781
120 505
120 987
120 319
120 849
121 874
121 148
121 323
121 724
121 102
121 548
121 976
121 600
121 400
121 119
121 639
121 892
121 126
121 274
121 761
121 443
122 94
122 946
122 124
122 568
122 357
122 286
122 596
122 551
122 884
122 63
122 604
122 449
122 193
122 25
122 524
122 895
122 66
123 357
123 367
123 699
124 996
124 429
124 808
124 40
124 35
124 357
124 256
124 9
124 730
124 211
124 91
124 122
124 556
125 616
125 826
125 977
125 322
125 395
125 80
125 809
125 989
126 747
126 119
126 855
126 574
126 332
126 893
126 121
126 432
126 516
126 707
126 527
126 336
126 148
126 467
126 330
127 576
127 175
127 890
127 1000
127 395
127 774
127 619
127 158
127 466
128 791
128 406
128 87
128 209
128 769
128 297
128 493
128 768
129 331
129 372
129 542
129 991
130 517
130 910
130 951
130 806
130 108
130 32
130 140
130 619
130 420
130 947
130 765
130 840
130 778
130 233
130 470
130 255
130 448
130 949
130 808
130 879
130 344
131 555
131 281
131 789
131 464
132 94
132 309
133 763
133 393
133 76
133 482
133 794
133 845
133 566
133 94
133 574
133 483
133 632
133 255
133 825
133 166
133 878
133 228
134 598
134 89
134 66
135 523
135 89
135 572
135 770
135 292
135 137
135 655
135 912
135 817
135 787
135 768
136 780
136 956
136 991
137 893
137 231
137 440
137 135
137 872
137 286
137 889
137 634
137 692
137 225
137 845
137 637
137 767
137 227
137 115
137 366
138 893
138 40
139 948
139 791
139 513
139 49
139 303
140 455
140 144
140 197
140 130
140 267
140 401
140 787
141 948
141 583
141 157
141 562
141 66
141 6
141 787
141 761
141 266
142 830
142 66
142 295
142 333
142 998
142 94
142 556
142 185
142 284
142 822
143 528
143 284
143 259
144 709
144 779
144 200
144 751
144 619
144 140
144 194
144 455
144 277
144 999
144 875
144 687
144 683
144 984
144 778
144 998
145 409
145 686
145 732
145 955
145 707
145 477
145 897
145 588
145 429
145 761
145 353
145 274
145 488
145 698
145 749
145 771
145 788
146 548
146 809
146 505
146 430
146 900
146 396
146 286
146 48
146 231
146 453
146 447
146 263
146 552
146 609
146 942
146 330
146 422
147 211
147 797
147 182
147 61
147 696
147 953
147 486
148 318
148 276
148 951
148 562
148 552
148 96
148 361
148 94
148 482
148 126
148 537
148 791
148 858
148 121
148 834
148 892
148 86
149 476
149 632
149 80
149 348
149 631
149 453
149 359
149 941
149 639
149 479
149 844
149 925
149 326
149 330
150 504
150 568
150 118
150 503
150 432
150 353
150 465
150 789
150 72
151 477
151 32
151 684
151 86
151 388
151 519
151 574
151 112
151 481
151 669
151 761
152 903
152 309
152 769
152 297
152 687
152 228
153 438
153 227
153 764
153 309
153 921
153 810
153 667
153 19
153 326
153 879
154 156
154 234
154 905
155 787
155 908
155 396
155 358
155 971
155 61
155 475
155 724
155 980
155 743
155 832
155 443
156 714
156 241
156 672
156 154
156 498
156 15
156 32
156 940
156 74
157 216
157 314
157 512
157 568
157 758
157 818
157 430
157 141
157 101
157 949
157 485
157 740
157 687
157 696
157 228
158 344
158 539
158 731
158 532
158 627
158 226
158 836
158 203
158 127
158 96
158 634
158 865
158 106
158 331
158 370
158 81
159 639
159 876
159 535
159 207
159 314
159 439
159 66
159 730
159 884
159 197
159 996
159 199
159 317
159 623
159 877
159 681
159 15
159 874
160 89
160 937
160 847
160 984
160 936
160 767
161 407
161 430
161 347
161 426
161 865
161 615
161 65
161 94
161 853
162 569
162 778
162 51
162 877
162 252
162 284
162 845
162 46
162 41
162 81
163 396
163 973
163 759
163 187
163 295
163 346
163 398
163 238
163 355
163 974
163 749
163 715
163 597
163 118
164 640
164 912
164 856
164 669
164 668
165 729
165 840
165 696
165 86
165 404
166 899
166 532
166 133
166 711
166 674
166 845
166 218
166 893
166 207
166 537
166 447
166 829
166 476
166 786
166 470
166 483
166 477
166 826
166 712
166 286
166 763
166 40
166 571
167 975
167 986
167 43
167 886
167 696
167 526
167 265
167 431
167 876
167 306
167 991
168 765
168 235
168 63
168 705
168 859
168 599
168 169
169 358
169 318
169 46
169 810
169 266
169 965
169 168
169 894
169 637
169 839
169 321
169 556
170 537
170 353
170 724
170 574
170 545
170 510
171 570
171 278
171 486
171 894
171 616
171 558
171 656
171 803
171 641
171 358
171 424
172 793
172 624
172 84
172 799
173 596
173 1
173 252
173 790
173 351
173 733
173 901
173 477
173 359
173 491
173 243
173 556
173 466
173 329
173 822
174 190
174 448
174 751
174 204
174 697
174 477
174 512
174 223
174 104
174 451
174 247
174 353
174 65
174 608
174 649
174 720
175 592
175 374
175 633
175 994
175 770
175 683
175 609
175 127
175 435
175 554
175 74
175 742
175 582
175 983
175 447
175 906
175 803
175 40
175 608
175 445
175 284
175 285
176 944
176 561
176 467
176 983
176 919
176 949
176 90
176 638
176 632
176 272
176 661
176 966
177 545
177 197
177 632
177 80
177 749
177 44
177 369
177 946
177 879
178 643
178 397
178 921
178 79
179 563
179 275
179 369
179 919
179 372
179 261
179 782
179 479
179 796
179 227
180 736
180 32
180 775
180 11
181 71
181 755
181 366
181 24
181 974
181 706
181 936
181 903
182 352
182 48
182 147
182 700
182 370
182 363
182 506
182 577
182 867
182 852
183 190
183 571
183 775
183 423
183 893
183 316
183 188
183 318
183 317
183 952
183 485
183 985
183 798
183 953
183 37
184 94
184 197
184 615
184 706
184 840
184 561
184 113
184 961
184 528
185 715
185 689
185 210
185 142
185 358
185 797
185 813
186 105
186 599
187 409
187 395
187 989
187 954
187 386
187 32
187 69
187 948
187 163
188 82
188 183
188 220
188 222
188 303
188 249
188 240
188 982
188 109
188 350
188 703
188 542
188 761
189 529
189 456
189 219
189 248
189 56
189 218
189 561
189 661
190 174
190 183
190 687
190 562
190 81
190 449
191 987
191 96
191 99
191 992
191 464
192 573
192 460
192 555
192 277
192 955
192 560
192 207
192 909
192 989
192 520
193 341
193 59
193 807
193 560
193 603
193 590
193 57
193 122
193 703
193 399
193 443
193 901
193 888
193 940
193 764
193 878
193 358
193 787
194 144
194 698
194 774
195 892
195 766
195 84
195 788
195 107
195 242
195 311
195 395
195 244
195 455
196 523
196 403
196 674
196 439
196 286
196 925
196 25
196 655
196 908
196 817
196 414
196 962
196 58
197 905
197 488
197 159
197 140
197 217
197 177
197 757
197 654
197 198
197 496
197 184
197 17
197 68
197 255
197 97
197 638
197 566
197 474
197 38
197 67
197 44
198 64
198 197
198 720
198 856
198 56
199 933
199 524
199 687
199 897
199 8
199 864
199 217
199 478
199 943
199 482
199 159
199 915
199 834
199 589
199 75
199 698
199 702
199 117
199 308
199 234
200 70
200 475
200 668
200 746
200 84
200 418
200 107
200 144
200 437
200 262
200 985
200 220
200 202
200 281
200 845
201 502
201 510
201 966
201 5
201 708
201 811
201 970
201 520
201 772
201 111
201 631
201 77
201 417
201 658
201 940
201 585
201 962
202 615
202 374
202 900
202 835
202 448
202 375
202 480
202 373
202 200
202 952
202 657
202 839
202 566
202 495
202 969
202 56
202 278
202 742
202 847
202 602
202 748
202 879
203 977
203 117
203 19
203 690
203 158
204 54
204 845
204 834
204 174
204 238
204 511
205 80
205 882
205 961
206 472
206 402
206 628
206 688
206 230
206 466
206 101
206 796
206 847
206 840
206 760
206 969
206 364
206 643
206 809
207 281
207 97
207 530
207 253
207 320
207 396
207 192
207 788
207 793
207 576
207 742
207 582
207 159
207 166
207 458
207 216
207 879
208 585
208 681
208 10
208 828
208 554
208 907
208 350
208 510
208 3
208 988
208 733
208 640
209 217
209 897
209 540
209 128
209 751
209 728
209 966
210 376
210 114
210 853
210 315
210 950
210 313
210 819
210 537
210 632
210 185
210 412
210 650
210 660
210 594
210 816
210 790
210 381
210 918
211 575
211 444
211 124
211 883
211 147
211 846
211 896
211 928
211 763
211 890
211 488
211 785
211 669
211 285
211 665
212 725
212 994
212 533
212 842
212 88
213 794
213 383
213 326
213 318
213 214
213 662
213 466
214 482
214 707
214 332
214 213
214 867
214 5
214 977
214 494
214 785
214 451
214 791
214 985
214 844
214 15
214 56
214 792
214 234
215 829
215 920
215 234
215 46
215 768
215 583
215 621
215 988
215 900
215 382
215 368
215 828
215 624
215 675
215 992
215 565
215 377
216 207
216 345
216 462
216 506
216 329
216 888
216 586
216 572
216 47
216 92
216 503
216 357
216 912
216 980
216 157
216 704
216 744
217 197
217 589
217 199
217 209
217 588
217 82
217 237
218 219
218 189
218 233
218 331
218 374
218 166
218 593
218 687
218 542
218 528
218 759
219 759
219 218
219 189
219 107
219 816
219 919
219 829
220 278
220 113
220 793
220 662
220 658
220 349
220 6
220 804
220 944
220 654
220 971
220 891
220 200
220 616
220 570
220 736
220 538
220 270
220 188
220 281
220 105
220 292
220 311
221 449
221 560
221 508
221 681
221 687
221 925
221 460
222 503
222 903
222 96
222 281
222 962
222 555
222 188
223 731
223 856
223 298
223 621
223 495
223 109
223 284
223 89
223 842
223 561
223 797
223 586
223 263
223 174
223 394
223 696
223 961
224 101
224 967
224 707
224 888
224 833
224 70
224 528
224 884
224 712
224 766
224 828
224 569
224 31
224 706
224 878
224 510
225 54
225 936
225 486
225 137
225 548
225 377
225 948
226 829
226 452
226 805
226 978
226 476
226 648
226 644
226 868
226 73
226 875
226 604
226 80
226 158
226 831
226 85
227 262
227 179
227 503
227 852
227 417
227 137
227 398
227 67
227 956
227 10
227 153
227 834
227 483
227 889
227 281
227 332
228 653
228 421
228 157
228 758
228 133
228 671
228 945
228 828
228 854
228 883
228 966
228 152
228 744
228 917
228 929
228 298
228 363
228 953
229 29
229 742
229 32
229 604
229 114
229 316
230 560
230 441
230 452
230 330
230 518
230 780
230 301
230 51
230 206
230 878
231 137
231 985
231 84
231 146
231 443
232 597
232 316
232 908
232 370
232 809
232 883
232 687
233 535
233 469
233 218
233 560
233 568
233 130
233 951
233 439
233 345
233 889
233 391
233 48
233 609
233 115
233 437
234 154
234 420
234 597
234 2
234 974
234 979
234 967
234 269
234 104
234 760
234 795
234 214
234 615
234 770
234 199
234 53
234 728
234 76
234 741
234 538
234 957
234 836
234 215
234 628
234 787
234 620
235 168
235 275
235 980
235 657
235 850
235 750
235 108
235 14
235 597
235 69
235 698
235 631
235 705
236 333
236 809
236 622
236 615
236 362
236 788
237 596
237 762
237 5
237 263
237 681
237 856
237 696
237 517
237 914
237 217
237 11
237 595
237 759
238 526
238 163
238 76
238 289
238 813
238 564
238 859
238 412
238 204
238 584
238 360
238 845
238 937
238 984
238 926
238 350
238 92
238 903
238 644
238 837
239 631
239 537
239 335
239 482
239 267
239 81
239 115
240 870
240 495
240 903
240 557
240 842
240 669
240 188
240 266
240 620
241 712
241 503
241 732
241 156
241 87
241 783
242 382
242 109
242 291
242 195
242 637
242 532
242 600
242 756
242 112
242 946
243 343
243 853
243 490
243 727
243 669
243 295
243 322
243 481
243 701
243 751
243 799
243 173
243 514
243 96
243 263
243 82
244 118
244 475
244 283
244 195
244 26
245 297
245 399
245 382
245 265
245 700
245 970
245 632
245 600
245 365
245 961
245 809
246 80
246 650
246 921
246 46
246 876
246 918
246 335
247 505
247 297
247 731
247 174
248 729
248 189
248 80
248 863
248 892
248 704
249 363
249 773
249 722
249 457
249 878
249 717
249 676
249 801
249 33
249 69
249 703
249 744
249 369
249 902
249 556
249 834
249 188
250 109
250 760
250 675
250 609
251 865
251 744
251 650
251 84
252 92
252 109
252 162
252 173
252 557
252 952
253 788
253 963
253 946
253 522
253 882
253 658
253 893
253 938
253 446
253 723
253 702
253 84
253 806
253 42
253 207
254 742
254 678
254 371
254 256
254 307
254 88
254 584
254 771
254 377
255 133
255 130
255 632
255 86
255 966
255 282
255 492
255 855
255 416
255 758
255 688
255 436
255 534
255 197
255 90
255 483
255 894
255 809
255 740
255 326
255 445
256 475
256 795
256 254
256 281
256 623
256 41
256 124
257 893
257 588
257 732
257 460
257 918
258 495
258 725
258 764
258 774
258 381
258 918
259 19
259 554
259 836
259 866
259 924
259 538
259 806
259 109
259 774
259 596
259 471
259 143
259 288
259 444
259 42
259 35
259 340
259 15
259 956
259 949
259 679
259 26
260 982
260 847
260 80
260 87
260 458
260 19
260 909
260 481
260 872
261 934
261 583
261 598
261 412
261 964
261 513
261 525
261 485
261 179
261 628
261 326
262 619
262 972
262 641
262 700
262 326
262 341
262 200
262 694
262 105
262 507
262 479
262 227
263 39
263 606
263 223
263 352
263 911
263 479
263 146
263 243
263 763
263 651
263 118
263 808
263 37
263 237
263 87
263 314
264 118
264 561
264 969
264 46
264 359
264 767
264 966
264 467
264 833
265 599
265 69
265 530
265 355
265 877
265 605
265 41
265 474
265 639
265 841
265 871
265 570
265 54
265 63
265 167
265 58
265 705
265 245
265 60
266 547
266 141
266 240
266 854
266 785
266 589
266 270
266 817
266 978
266 169
267 84
267 993
267 334
267 140
267 326
267 692
267 864
267 283
267 906
267 239
267 798
267 937
267 281
268 765
268 69
268 353
268 649
268 904
269 585
269 837
269 41
269 234
269 366
269 737
270 384
270 598
270 849
270 104
270 220
270 464
270 479
270 438
270 758
270 266
270 272
270 609
270 679
271 471
271 649
271 659
271 514
271 954
272 437
272 270
272 816
272 824
272 99
272 618
272 410
272 176
272 393
272 847
272 409
272 937
272 858
272 292
273 919
273 472
273 475
273 771
273 829
273 831
274 632
274 992
274 746
274 647
274 960
274 145
274 515
274 410
274 768
274 121
274 876
274 359
274 628
274 874
274 872
275 344
275 19
275 850
275 825
275 803
275 235
275 179
275 806
275 865
275 432
275 664
275 44
275 461
276 736
276 797
276 894
276 664
276 148
276 662
276 823
276 95
276 412
276 455
276 848
277 144
277 38
277 728
277 724
277 889
277 704
277 404
277 323
277 192
278 939
278 171
278 650
278 592
278 782
278 900
278 357
278 220
278 202
278 307
278 73
279 319
279 500
279 297
279 661
279 798
279 620
279 589
279 532
279 553
279 789
279 833
279 768
280 888
280 73
281 321
281 42
281 200
281 960
281 222
281 131
281 227
281 256
281 267
281 848
281 220
281 855
281 822
281 692
281 488
281 854
281 207
281 73
282 985
282 567
282 965
282 499
282 42
282 935
282 875
282 470
282 577
282 858
282 555
282 255
282 853
282 675
282 761
283 529
283 862
283 653
283 244
283 475
283 589
283 267
284 175
284 549
284 984
284 142
284 868
284 310
284 985
284 701
284 828
284 829
284 464
284 23
284 143
284 350
284 486
284 162
284 567
284 223
285 211
285 175
285 3
285 729
285 590
285 317
285 742
285 952
285 61
285 878
285 837
285 421
286 350
286 627
286 55
286 849
286 555
286 545
286 756
286 891
286 890
286 166
286 287
286 353
286 137
286 146
286 196
286 801
286 722
286 122
286 740
286 878
286 669
287 994
287 286
287 508
287 791
287 847
287 295
287 650
287 521
288 736
288 849
288 48
288 8
288 520
288 570
288 840
288 582
288 882
288 595
288 259
289 238
289 884
289 602
289 362
289 892
290 611
290 814
290 417
290 895
290 321
291 566
291 242
291 54
291 762
291 386
291 981
291 411
291 789
291 482
292 355
292 815
292 272
292 296
292 821
292 898
292 1
292 220
292 990
292 17
292 410
292 135
292 397
292 520
292 474
293 870
293 357
293 491
294 853
294 84
294 630
294 405
294 36
294 568
294 791
294 96
294 42
294 99
294 562
294 828
294 556
294 800
295 654
295 287
295 704
295 487
295 401
295 671
295 48
295 787
295 429
295 866
295 894
295 5
295 80
295 903
295 778
295 802
295 142
295 624
295 731
295 243
295 163
296 322
296 24
296 483
296 522
296 313
296 934
296 966
296 48
296 292
296 464
297 749
297 852
297 616
297 152
297 247
297 637
297 128
297 61
297 118
297 736
297 87
297 912
297 702
297 245
297 279
297 585
297 460
298 658
298 308
298 574
298 228
298 8
298 761
298 917
298 503
298 853
298 940
298 509
298 223
298 599
299 854
299 377
300 61
300 574
300 625
300 524
300 977
300 831
301 950
301 59
301 832
301 935
301 109
301 733
301 230
301 910
301 940
301 462
301 844
301 338
301 946
302 945
302 871
302 675
302 638
302 944
302 92
302 792
302 989
302 330
303 377
303 632
303 910
303 368
303 703
303 139
303 722
303 56
303 84
303 374
303 749
303 188
303 904
303 539
304 39
304 363
304 681
304 526
304 797
304 557
304 48
304 110
305 643
305 927
305 988
305 115
305 737
306 438
306 413
306 167
306 913
306 934
306 808
306 926
306 938
307 597
307 666
307 37
307 430
307 278
307 21
307 638
307 826
307 713
307 534
307 484
307 505
307 84
307 254
307 640
307 707
307 510
307 813
308 933
308 819
308 199
308 366
308 868
308 4
308 673
308 1000
308 817
308 385
308 298
308 565
308 79
309 728
309 629
309 827
309 24
309 640
309 355
309 153
309 132
309 311
309 152
309 873
309 892
309 819
309 35
309 543
310 640
310 513
310 460
310 284
311 630
311 415
311 738
311 74
311 728
311 220
311 492
311 898
311 34
311 764
311 688
311 316
311 38
311 449
311 309
311 195
311 923
311 82
311 954
311 792
311 649
311 110
312 339
312 52
312 830
312 818
312 320
312 448
312 9
312 778
312 385
312 976
312 689
312 730
313 722
313 296
313 527
313 694
313 465
313 525
313 432
313 96
313 749
313 866
313 377
313 210
313 803
313 59
313 680
314 946
314 922
314 422
314 686
314 263
314 89
314 805
314 73
314 35
314 1000
314 60
314 159
314 560
314 944
314 157
314 810
315 540
315 614
315 636
315 415
315 491
315 713
315 210
316 877
316 311
316 232
316 762
316 77
316 485
316 108
316 773
316 704
316 183
316 545
316 628
316 229
316 692
316 652
317 870
317 159
317 832
317 22
317 285
317 336
317 341
317 183
317 616
317 374
317 785
317 962
317 463
317 81
318 829
318 478
318 506
318 51
318 408
318 957
318 426
318 213
318 542
318 183
318 798
318 638
318 940
318 652
318 148
318 614
318 918
318 113
318 935
318 169
319 736
319 540
319 120
319 326
319 651
319 99
319 976
319 101
319 592
319 279
320 114
320 312
320 801
320 207
320 727
320 696
320 58
321 580
321 169
321 909
321 926
321 369
321 362
321 290
321 426
321 990
321 486
321 281
322 396
322 50
322 771
322 394
322 296
322 19
322 125
322 789
322 572
322 835
322 734
322 20
322 969
322 364
322 749
322 334
322 731
322 243
322 879
323 783
323 701
323 736
323 90
323 857
323 406
323 861
323 277
323 876
323 950
323 961
323 602
323 121
323 725
323 718
323 411
323 734
324 67
324 749
324 44
324 823
324 562
325 454
325 976
325 905
325 422
326 707
326 149
326 119
326 794
326 961
326 679
326 993
326 775
326 153
326 255
326 261
326 262
326 213
326 936
326 566
326 319
326 267
327 538
327 738
327 526
327 878
327 458
327 954
327 883
327 433
328 726
328 449
328 512
328 716
328 787
328 337
329 557
329 658
329 45
329 173
329 349
329 643
329 83
329 369
329 114
329 102
329 917
329 57
329 402
329 695
329 96
329 216
329 597
329 761
330 126
330 856
330 302
330 146
330 778
330 689
330 684
330 866
330 359
330 149
330 410
330 465
330 603
330 230
330 859
331 375
331 667
331 551
331 470
331 113
331 805
331 30
331 554
331 129
331 618
331 158
331 218
331 43
331 794
331 642
331 784
331 702
331 920
331 432
331 873
331 744
331 352
332 472
332 800
332 557
332 477
332 227
332 114
332 635
332 465
332 214
332 87
332 392
332 467
332 126
332 445
333 29
333 236
333 501
333 914
333 790
333 540
333 807
333 142
333 686
333 884
333 650
333 607
334 322
334 47
334 799
334 387
334 742
334 381
334 69
334 345
334 454
334 712
334 267
334 904
335 820
335 385
335 859
335 946
335 375
335 386
335 239
335 463
335 446
335 246
335 655
335 732
335 381
335 744
335 510
335 983
336 317
336 565
336 126
337 586
337 328
337 754
337 975
337 714
337 506
337 494
337 532
338 637
338 613
338 816
338 533
338 301
338 339
338 853
338 556
338 633
338 751
338 369
338 397
338 668
338 946
338 379
339 449
339 907
339 378
339 528
339 609
339 938
339 539
339 408
339 825
339 601
339 740
339 312
339 760
339 631
339 687
339 788
339 39
339 543
339 338
339 852
340 550
340 403
340 573
340 937
340 259
340 864
340 796
340 629
340 368
340 639
341 262
341 32
341 604
341 461
341 193
341 317
341 949
341 731
341 613
342 897
342 633
342 797
342 386
342 108
342 515
342 550
342 692
342 638
342 908
342 557
342 789
342 640
342 609
342 613
342 768
343 376
343 467
343 814
343 10
343 651
343 712
343 713
343 762
343 807
343 489
343 883
343 695
343 76
343 577
343 565
343 66
343 243
344 130
344 419
344 456
344 598
344 78
344 596
344 593
344 82
344 275
344 158
344 543
345 570
345 355
345 567
345 839
345 459
345 233
345 334
345 381
345 216
346 410
346 357
346 774
346 959
346 687
346 163
346 658
347 64
347 161
347 15
348 510
348 728
348 149
348 447
349 637
349 220
349 966
349 329
350 188
350 238
350 118
350 284
350 861
350 42
350 420
350 956
350 377
350 934
350 615
350 395
350 208
350 286
351 982
351 173
351 689
351 488
351 957
352 996
352 569
352 876
352 981
352 825
352 591
352 331
352 92
352 90
352 182
352 263
352 687
353 145
353 684
353 381
353 103
353 268
353 931
353 901
353 543
353 853
353 170
353 568
353 902
353 411
353 286
353 771
353 116
353 521
353 150
353 812
353 802
353 616
353 174
353 757
354 569
354 726
354 33
355 113
355 445
355 420
355 746
355 345
355 163
355 401
355 64
355 766
355 718
355 617
355 785
355 309
355 265
355 292
355 961
355 26
355 421
356 362
356 448
356 949
356 52
357 672
357 708
357 570
357 278
357 813
357 346
357 762
357 293
357 489
357 123
357 587
357 216
357 449
357 122
357 524
357 367
357 124
357 757
357 620
358 193
358 185
358 428
358 171
358 490
358 956
358 35
358 918
358 42
358 819
358 155
358 491
358 169
358 424
359 274
359 420
359 173
359 936
359 585
359 815
359 738
359 72
359 264
359 911
359 112
359 149
359 981
359 902
359 961
359 330
359 665
360 90
360 238
360 813
361 552
361 904
361 705
361 430
361 940
361 785
361 148
362 289
362 546
362 364
362 932
362 901
362 793
362 618
362 356
362 236
362 940
362 806
362 321
362 846
362 743
362 859
363 984
363 685
363 381
363 97
363 228
363 304
363 182
363 592
363 249
364 5
364 588
364 792
364 568
364 453
364 692
364 322
364 910
364 905
364 41
364 206
364 28
364 362
364 443
365 673
365 964
365 456
365 976
365 826
365 106
365 245
365 89
365 119
365 634
365 981
365 567
365 404
365 543
366 518
366 111
366 412
366 269
366 982
366 657
366 433
366 690
366 612
366 137
366 552
366 181
366 308
367 520
367 841
367 929
367 403
367 757
367 123
367 357
367 600
367 917
367 797
367 661
367 489
367 59
367 883
367 953
368 215
368 563
368 340
368 722
368 667
368 14
368 522
368 762
368 767
368 636
368 644
368 509
368 874
368 303
369 329
369 871
369 338
369 23
369 177
369 861
369 916
369 626
369 682
369 638
369 38
369 249
369 179
369 598
369 882
369 545
369 35
369 370
369 856
369 321
370 662
370 101
370 762
370 763
370 567
370 761
370 232
370 369
370 517
370 989
370 88
370 158
370 37
370 756
370 816
370 876
370 182
370 878
370 71
370 491
370 743
371 254
371 839
371 904
372 517
372 850
372 381
372 993
372 129
372 93
372 179
372 913
372 445
373 982
373 801
373 202
373 844
373 462
373 16
374 529
374 303
374 767
374 218
374 809
374 415
374 11
374 175
374 32
374 395
374 317
374 929
374 202
375 500
375 331
375 795
375 782
375 335
375 202
376 984
376 632
376 586
376 343
376 769
376 210
377 670
377 215
377 313
377 908
377 882
377 225
377 299
377 975
377 839
377 921
377 976
377 1000
377 567
377 350
377 641
377 254
377 303
378 509
378 545
378 84
378 760
378 339
378 852
379 899
379 883
379 952
379 338
379 694
379 59
379 961
379 906
379 822
380 977
380 402
380 556
381 335
381 345
381 210
381 258
381 536
381 571
381 68
381 353
381 557
381 566
381 334
381 372
381 363
382 242
382 461
382 632
382 245
382 90
382 215
382 58
383 397
383 213
383 15
383 925
384 568
384 108
384 270
384 72
384 736
384 854
384 989
384 832
385 551
385 773
385 513
385 308
385 312
385 16
385 765
385 335
385 760
385 637
385 577
385 494
385 961
385 474
386 613
386 30
386 772
386 291
386 548
386 651
386 870
386 335
386 926
386 342
386 959
386 187
386 699
387 114
387 791
387 106
387 808
387 334
387 689
387 993
388 692
388 804
388 151
388 727
388 48
388 921
388 961
389 684
389 789
389 562
389 471
389 553
389 410
389 906
389 703
389 421
390 597
390 760
390 669
390 529
390 45
390 611
390 102
390 715
390 660
390 469
390 117
390 942
391 905
391 78
391 233
391 415
391 554
391 417
391 830
391 95
391 534
391 737
392 874
392 966
392 665
392 332
392 964
392 877
392 929
392 926
392 906
393 425
393 987
393 48
393 504
393 133
393 470
393 272
393 67
393 783
393 649
393 491
394 119
394 223
394 583
394 14
394 428
394 686
394 507
394 643
394 322
394 37
394 853
394 936
394 655
394 902
394 993
394 521
395 468
395 374
395 125
395 608
395 127
395 546
395 43
395 474
395 512
395 83
395 350
395 647
395 195
395 187
396 712
396 322
396 146
396 44
396 207
396 15
396 562
396 155
396 684
396 163
396 949
396 73
397 733
397 383
397 178
397 443
397 338
397 457
397 935
397 713
397 461
397 292
397 926
397 839
397 983
397 562
398 466
398 833
398 431
398 163
398 571
398 42
398 747
398 461
398 908
398 48
398 227
398 834
398 759
399 38
399 193
399 245
400 509
400 68
400 467
400 532
400 806
400 797
400 121
400 408
400 892
400 426
400 828
400 88
400 474
400 832
401 607
401 768
401 921
401 140
401 930
401 509
401 514
401 787
401 461
401 355
401 69
401 295
401 589
402 792
402 380
402 329
402 634
402 781
402 984
402 763
402 717
402 206
402 643
402 937
402 917
402 957
402 873
402 513
402 808
402 882
402 992
402 562
402 404
402 696
402 424
403 32
403 196
403 878
403 340
403 954
403 367
403 599
404 402
404 845
404 19
404 418
404 277
404 431
404 165
404 855
404 365
404 673
404 548
404 725
404 921
404 927
405 677
405 437
405 604
405 80
405 294
405 631
405 668
405 79
406 128
406 58
406 109
406 964
406 968
406 621
406 49
406 661
406 482
406 689
406 323
406 804
407 868
407 492
407 568
407 107
407 508
407 3
407 89
407 465
407 619
407 436
407 161
407 938
407 555
407 617
407 83
407 837
408 13
408 400
408 586
408 513
408 788
408 99
408 980
408 640
408 746
408 798
408 500
408 318
408 878
408 339
408 491
408 685
409 760
409 83
409 145
409 272
409 187
409 925
409 761
410 990
410 330
410 2
410 994
410 389
410 292
410 822
410 346
410 75
410 860
410 274
410 272
410 499
411 967
411 576
411 74
411 722
411 603
411 323
411 291
411 902
411 893
411 797
411 353
411 647
411 89
411 974
411 696
411 60
412 106
412 861
412 515
412 812
412 276
412 238
412 61
412 432
412 261
412 210
412 366
413 898
413 888
413 722
413 844
413 727
413 837
413 306
413 6
414 84
414 196
414 466
414 845
414 806
414 938
414 117
414 532
414 66
414 613
414 905
415 867
415 643
415 391
415 63
415 374
415 57
415 570
415 489
415 808
415 437
415 315
415 311
416 495
416 255
416 763
416 900
416 925
417 391
417 656
417 201
417 887
417 782
417 290
417 664
417 491
417 227
417 879
418 1000
418 524
418 200
418 404
418 81
419 730
419 842
419 58
419 636
419 829
419 11
419 344
420 870
420 350
420 355
420 87
420 359
420 465
420 130
420 82
420 234
421 285
421 389
421 916
421 701
421 695
421 355
421 834
421 426
421 444
421 228
422 490
422 325
422 974
422 146
422 951
422 769
422 314
422 772
422 852
423 550
423 647
423 183
423 600
424 402
424 711
424 949
424 699
424 358
424 171
424 109
424 959
424 976
424 761
424 822
425 519
425 778
425 847
425 969
425 804
425 872
425 393
425 3
426 528
426 421
426 918
426 27
426 478
426 31
426 400
426 921
426 671
426 596
426 724
426 903
426 318
426 489
426 42
426 640
426 467
426 161
426 321
426 665
427 80
427 809
427 86
427 616
427 662
427 494
427 687
427 730
428 589
428 994
428 69
428 394
428 481
428 358
428 737
429 983
429 741
429 920
429 295
429 145
429 124
430 161
430 146
430 157
430 361
430 307
431 398
431 519
431 167
431 71
431 404
432 412
432 331
432 30
432 313
432 84
432 723
432 694
432 820
432 150
432 275
432 844
432 126
433 786
433 327
433 614
433 83
433 449
433 781
433 501
433 886
433 834
433 956
433 539
433 366
434 726
434 764
434 652
434 533
434 731
434 874
435 175
435 548
435 780
435 611
435 709
435 117
435 628
435 12
435 607
436 448
436 720
436 407
436 255
436 543
437 646
437 200
437 949
437 948
437 641
437 405
437 794
437 603
437 494
437 806
437 415
437 655
437 773
437 233
437 272
437 474
438 558
438 153
438 553
438 32
438 803
438 270
438 717
438 306
439 233
439 108
439 159
439 196
439 769
439 118
440 69
440 917
440 137
440 459
440 467
440 788
440 40
440 696
440 725
441 604
441 230
442 597
442 937
442 748
442 926
443 155
443 968
443 479
443 231
443 704
443 121
443 504
443 364
443 948
443 397
443 32
443 193
443 67
443 673
443 962
443 493
443 859
443 79
444 857
444 682
444 588
444 94
444 421
444 211
444 604
444 867
444 740
444 259
445 113
445 547
445 372
445 795
445 175
445 255
445 516
445 332
445 677
445 633
445 870
445 70
445 814
445 919
445 726
445 355
445 462
445 586
445 840
445 906
445 12
446 486
446 253
446 482
446 541
446 676
446 449
446 845
446 479
446 708
446 671
446 803
446 106
446 86
446 499
446 997
446 335
446 709
447 882
447 655
447 479
447 696
447 33
447 924
447 146
447 348
447 175
447 583
447 984
447 166
447 619
447 734
448 436
448 103
448 106
448 49
448 356
448 702
448 130
448 925
448 174
448 86
448 312
448 202
448 667
449 328
449 479
449 706
449 491
449 122
449 695
449 357
449 311
449 221
449 914
449 190
449 994
449 707
449 446
449 82
449 740
449 339
449 433
449 737
450 781
450 844
450 550
450 40
451 454
451 728
451 106
451 486
451 214
451 614
451 174
452 534
452 659
452 647
452 463
452 638
452 526
452 486
452 61
452 906
452 230
452 734
452 226
453 814
453 907
453 364
453 149
453 877
453 802
453 494
453 753
453 883
453 146
454 325
454 334
454 451
454 533
454 606
454 505
454 907
454 865
454 627
454 981
454 823
455 994
455 509
455 82
455 140
455 14
455 717
455 276
455 195
455 742
455 144
455 774
455 789
455 467
456 189
456 917
456 32
456 652
456 749
456 884
456 365
456 344
457 31
457 397
457 814
457 249
458 207
458 769
458 954
458 767
458 460
458 668
458 260
458 564
458 750
458 917
458 327
458 727
458 627
458 685
459 440
459 928
459 820
459 884
459 831
459 22
459 345
459 585
460 894
460 257
460 221
460 837
460 803
460 310
460 76
460 15
460 733
460 586
460 88
460 297
460 59
460 934
460 814
460 458
460 813
460 192
461 83
461 911
461 382
461 401
461 853
461 341
461 398
461 275
461 397
461 809
461 611
461 997
462 874
462 474
462 445
462 944
462 301
462 661
462 875
462 815
462 373
462 588
462 216
462 607
463 74
463 507
463 897
463 80
463 518
463 696
463 976
463 317
463 335
463 76
463 452
464 191
464 819
464 296
464 541
464 636
464 962
464 592
464 865
464 131
464 505
464 270
464 826
464 866
464 284
465 786
465 420
465 28
465 150
465 790
465 995
465 715
465 1
465 530
465 330
465 537
465 407
465 313
465 900
465 556
465 332
466 79
466 173
466 83
466 213
466 646
466 127
466 829
466 468
466 821
466 398
466 570
466 673
466 847
466 816
466 206
466 414
466 828
467 950
467 927
467 126
467 492
467 426
467 455
467 668
467 529
467 264
467 691
467 440
467 332
467 400
467 343
467 801
467 44
467 20
467 82
467 176
468 395
468 580
468 816
468 775
468 771
468 675
468 466
469 554
469 116
469 942
469 952
469 98
469 233
469 647
469 557
469 390
469 42
469 959
470 14
470 89
470 536
470 951
470 166
470 393
470 23
470 130
470 814
470 965
470 81
470 605
470 17
470 490
470 331
470 617
470 662
470 508
470 282
470 913
470 732
470 737
471 389
471 741
471 582
471 488
471 574
471 989
471 681
471 699
471 271
471 259
472 206
472 332
472 780
472 273
473 936
473 845
473 707
473 920
473 923
473 46
474 39
474 437
474 649
474 10
474 117
474 400
474 36
474 385
474 292
474 727
474 32
474 395
474 462
474 570
474 265
474 197
474 772
474 613
475 273
475 244
475 874
475 256
475 592
475 155
475 963
475 283
475 796
475 541
475 18
475 775
475 795
475 200
475 956
475 115
476 509
476 166
476 923
476 557
476 149
476 816
476 226
476 852
477 173
477 539
477 596
477 166
477 554
477 504
477 645
477 967
477 917
477 698
477 174
477 151
477 145
477 332
477 859
477 913
478 870
478 199
478 318
478 595
478 667
478 426
478 539
479 149
479 906
479 262
479 903
479 179
479 54
479 797
479 604
479 638
479 270
479 449
479 447
479 263
479 446
479 813
479 443
480 736
480 109
480 500
480 795
480 202
481 260
481 428
481 818
481 504
481 151
481 780
481 984
481 983
481 485
481 877
481 668
481 243
481 79
482 291
482 406
482 724
482 734
482 976
482 239
482 686
482 214
482 133
482 677
482 501
482 199
482 446
482 148
482 82
482 681
482 998
482 732
483 635
483 133
483 255
483 166
483 626
483 34
483 296
483 751
483 227
483 499
483 17
483 513
484 577
484 87
484 652
484 966
484 82
484 902
484 115
484 307
484 73
485 183
485 655
485 157
485 579
485 646
485 624
485 962
485 675
485 261
485 481
485 316
485 797
485 664
485 512
485 667
485 40
485 41
485 84
486 225
486 593
486 171
486 452
486 451
486 321
486 805
486 284
486 954
486 980
486 925
486 65
486 637
486 660
486 147
486 446
486 96
486 49
487 694
487 681
487 578
487 814
487 540
487 673
487 102
487 32
487 655
487 295
488 812
488 585
488 878
488 636
488 933
488 844
488 281
488 471
488 211
488 145
488 351
488 197
488 638
488 673
488 788
488 934
488 85
489 415
489 873
489 687
489 854
489 367
489 680
489 426
489 29
489 538
489 357
489 343
489 829
489 539
490 889
490 470
490 31
490 84
490 243
490 358
490 735
490 422
491 393
491 408
491 173
491 417
491 972
491 370
491 770
491 547
491 293
491 45
491 801
491 358
491 449
491 987
491 82
491 315
491 927
492 951
492 407
492 742
492 569
492 604
492 255
492 42
492 467
492 311
493 128
493 519
493 857
493 443
493 108
493 722
493 39
493 822
494 385
494 453
494 578
494 911
494 427
494 948
494 742
494 926
494 214
494 437
494 508
494 652
494 337
495 669
495 416
495 258
495 105
495 114
495 240
495 111
495 202
495 926
495 641
495 223
496 197
496 500
496 558
497 726
497 847
497 912
497 718
497 925
497 759
497 716
498 156
498 585
499 82
499 50
499 830
499 410
499 545
499 823
499 772
499 810
499 446
499 786
499 702
499 741
499 483
499 695
499 985
499 652
499 783
499 117
499 687
499 788
499 282
499 799
500 480
500 496
500 375
500 504
500 408
500 769
500 279
501 482
501 944
501 704
501 333
501 524
501 883
501 571
501 787
501 433
502 576
502 201
502 83
502 509
502 668
502 599
503 14
503 687
503 222
503 941
503 105
503 968
503 807
503 730
503 83
503 925
503 712
503 216
503 981
503 150
503 56
503 298
503 241
503 734
503 940
503 32
503 790
503 12
503 81
503 227
504 150
504 393
504 98
504 500
504 477
504 481
504 443
505 464
505 247
505 307
505 454
505 120
505 591
505 28
505 694
505 868
505 146
505 980
506 598
506 182
506 950
506 845
506 790
506 318
506 876
506 216
506 337
507 262
507 981
507 876
507 91
507 394
507 823
507 463
508 525
508 850
508 639
508 470
508 494
508 840
508 865
508 221
508 650
508 804
508 287
508 407
508 996
508 853
508 79
509 956
509 378
509 476
509 754
509 368
509 298
509 650
509 502
509 660
509 400
509 455
509 673
509 948
509 533
509 866
509 401
509 6
510 914
510 746
510 224
510 958
510 170
510 798
510 526
510 807
510 335
510 307
510 837
510 348
510 201
510 532
510 208
510 946
511 204
511 975
511 650
511 714
511 838
511 937
511 781
512 870
512 328
512 485
512 750
512 109
512 534
512 395
512 174
512 157
512 71
513 139
513 97
513 900
513 483
513 87
513 310
513 89
513 402
513 84
513 845
513 408
513 385
513 261
514 580
514 515
514 843
514 588
514 984
514 243
514 271
514 401
515 274
515 342
515 614
515 514
515 744
515 608
515 412
516 119
516 637
516 959
516 126
516 609
516 445
516 679
517 579
517 770
517 712
517 372
517 561
517 69
517 718
517 130
517 237
517 370
517 609
517 925
518 25
518 87
518 844
518 230
518 962
518 463
518 366
519 78
519 47
519 431
519 814
519 872
519 916
519 68
519 425
519 151
519 992
519 493
519 599
520 292
520 192
520 201
520 367
520 993
520 288
520 813
520 665
521 894
521 953
521 287
521 40
521 394
521 14
521 742
521 692
521 353
521 717
521 668
521 110
522 529
522 368
522 865
522 296
522 730
522 583
522 582
522 253
523 858
523 74
523 548
523 196
523 840
523 882
523 135
524 418
524 820
524 357
524 553
524 300
524 42
524 122
524 501
524 199
524 560
524 867
524 562
525 313
525 508
525 991
525 261
525 734
526 304
526 238
526 327
526 167
526 838
526 569
526 689
526 510
526 452
526 993
526 934
526 73
527 529
527 796
527 313
527 545
527 687
527 126
527 734
528 995
528 952
528 850
528 715
528 218
528 817
528 143
528 184
528 743
528 918
528 742
528 604
528 426
528 339
528 224
529 189
529 527
529 522
529 283
529 374
529 20
529 390
529 467
529 628
530 858
530 974
530 465
530 265
530 207
530 992
530 675
531 745
531 714
531 674
531 109
531 814
532 56
532 242
532 510
532 665
532 996
532 414
532 657
532 400
532 166
532 783
532 279
532 158
532 613
532 337
533 689
533 509
533 212
533 434
533 454
533 830
533 890
533 1000
533 24
533 810
533 41
533 338
533 26
534 638
534 577
534 871
534 793
534 729
534 594
534 391
534 538
534 512
534 562
534 452
534 307
534 255
535 233
535 847
535 692
535 159
535 920
535 929
535 822
536 470
536 908
536 381
536 658
537 670
537 170
537 148
537 753
537 784
537 888
537 465
537 916
537 239
537 867
537 863
537 850
537 741
537 548
537 166
537 966
537 210
538 980
538 220
538 669
538 534
538 787
538 568
538 923
538 814
538 59
538 667
538 234
538 489
538 327
538 673
538 838
538 723
538 796
538 259
539 628
539 64
539 489
539 863
539 992
539 103
539 303
539 91
539 478
539 814
539 5
539 433
539 477
539 339
539 158
539 883
540 315
540 333
540 319
540 802
540 705
540 209
540 487
540 852
541 545
541 475
541 446
541 656
541 464
541 852
542 188
542 653
542 54
542 63
542 661
542 218
542 129
542 988
542 878
542 726
542 976
542 318
542 980
542 743
543 885
543 339
543 582
543 344
543 365
543 798
543 559
543 436
543 309
543 611
543 353
543 797
543 33
543 20
544 974
545 708
545 805
545 378
545 541
545 992
545 870
545 177
545 860
545 71
545 975
545 170
545 369
545 997
545 527
545 778
545 316
545 499
545 286
546 395
546 362
546 567
546 904
547 107
547 890
547 686
547 705
547 76
547 491
547 445
547 716
547 266
548 435
548 34
548 523
548 3
548 404
548 4
548 824
548 553
548 537
548 987
548 225
548 386
548 146
548 121
548 839
548 787
549 14
549 806
549 873
549 284
550 423
550 45
550 27
550 450
550 645
550 841
550 847
550 790
550 342
550 866
550 340
550 681
551 643
551 673
551 726
551 331
551 44
551 385
551 122
552 995
552 693
552 630
552 366
552 146
552 781
552 586
552 782
552 148
552 689
552 619
552 361
553 662
553 75
553 279
553 389
553 799
553 554
553 438
553 548
553 894
553 524
553 732
553 934
554 469
554 553
554 175
554 391
554 984
554 331
554 477
554 208
554 687
554 259
555 598
555 131
555 282
555 995
555 407
555 688
555 222
555 36
555 286
555 665
555 192
556 173
556 294
556 124
556 169
556 465
556 380
556 249
556 747
556 863
556 956
556 34
556 142
556 76
556 798
556 338
557 721
557 959
557 620
557 240
557 476
557 304
557 252
557 989
557 676
557 966
557 381
557 896
557 469
557 342
557 332
557 890
557 983
557 886
557 656
557 756
557 98
557 872
557 800
557 329
558 805
558 562
558 438
558 77
558 171
558 614
558 15
558 496
558 673
558 741
558 760
558 795
559 600
559 560
559 543
559 115
560 524
560 32
560 192
560 932
560 559
560 221
560 314
560 892
560 233
560 193
560 31
560 637
560 230
560 902
561 580
561 189
561 517
561 733
561 722
561 960
561 223
561 264
561 76
561 184
561 884
561 75
561 886
561 82
561 176
561 746
562 141
562 928
562 294
562 989
562 397
562 743
562 637
562 190
562 534
562 806
562 324
562 524
562 707
562 396
562 402
562 389
562 558
562 826
562 969
562 802
562 148
562 56
562 628
562 953
562 26
563 368
563 108
563 179
563 985
563 992
563 925
563 81
564 238
564 907
564 1000
564 592
564 458
564 636
565 800
565 118
565 660
565 215
565 343
565 883
565 336
565 308
565 689
566 326
566 601
566 381
566 683
566 583
566 133
566 291
566 202
566 197
566 715
566 925
566 785
566 26
567 118
567 377
567 365
567 345
567 877
567 284
567 948
567 723
567 546
567 935
567 658
567 894
567 370
567 282
567 988
568 794
568 805
568 384
568 751
568 150
568 845
568 407
568 233
568 538
568 353
568 294
568 364
568 157
568 122
568 977
569 354
569 95
569 492
569 662
569 224
569 610
569 114
569 78
569 526
569 806
569 639
569 162
569 652
569 858
569 16
569 352
570 265
570 466
570 345
570 171
570 220
570 682
570 474
570 87
570 81
570 995
570 415
570 357
570 817
570 101
570 288
571 881
571 750
571 604
571 578
571 501
571 799
571 907
571 166
571 93
571 183
571 381
571 81
571 398
572 732
572 322
572 60
572 838
572 804
572 135
572 609
572 216
572 988
573 109
573 340
573 12
573 803
573 192
574 133
574 769
574 300
574 863
574 151
574 17
574 966
574 671
574 471
574 170
574 853
574 903
574 615
574 912
574 298
574 644
574 126
575 211
575 840
575 742
575 12
575 16
576 502
576 127
576 77
576 207
576 929
576 581
576 411
576 742
576 692
576 31
576 882
576 101
576 39
577 484
577 708
577 643
577 282
577 766
577 66
577 778
577 597
577 757
577 738
577 385
577 182
577 343
577 764
577 731
577 534
577 905
577 978
578 582
578 617
578 494
578 571
578 487
578 5
578 768
579 517
579 938
579 106
579 485
579 804
579 828
579 918
580 468
580 78
580 561
580 514
580 624
580 878
580 321
581 653
581 576
581 840
581 728
581 748
582 288
582 471
582 10
582 815
582 903
582 522
582 66
582 207
582 898
582 175
582 578
582 71
582 543
583 522
583 35
583 676
583 964
583 939
583 566
583 141
583 447
583 748
583 607
583 261
583 105
583 394
583 215
583 988
584 893
584 604
584 254
584 83
584 752
584 918
584 238
585 297
585 86
585 655
585 52
585 201
585 498
585 671
585 33
585 459
585 857
585 269
585 488
585 617
585 359
585 117
585 208
585 823
586 376
586 901
586 552
586 223
586 823
586 445
586 408
586 705
586 806
586 117
586 216
586 831
586 991
586 460
586 337
587 726
587 632
587 357
587 66
587 883
588 49
588 217
588 978
588 257
588 776
588 886
588 755
588 462
588 364
588 145
588 444
588 514
589 428
589 217
589 39
589 786
589 939
589 199
589 266
589 283
589 401
589 718
589 967
589 279
589 992
589 15
589 599
590 996
590 193
590 704
590 989
590 788
590 58
590 64
590 772
590 285
591 919
591 725
591 505
591 41
591 699
591 352
592 363
592 564
592 319
592 817
592 879
592 768
592 105
592 175
592 475
592 790
592 278
592 617
592 464
592 88
593 853
593 724
593 854
593 23
593 803
593 218
593 812
593 344
593 486
593 985
593 885
594 43
594 769
594 669
594 828
594 210
594 534
595 771
595 237
595 478
595 975
595 115
595 288
595 662
595 704
595 690
595 693
595 859
596 237
596 741
596 477
596 173
596 923
596 122
596 426
596 259
596 344
597 442
597 235
597 232
597 798
597 163
597 329
597 602
597 577
597 858
597 390
597 234
597 307
597 787
598 887
598 116
598 928
598 820
598 916
598 134
598 999
598 708
598 369
598 38
598 555
598 270
598 741
598 506
598 261
598 82
598 761
598 344
599 589
599 502
599 298
599 168
599 403
599 186
599 56
599 519
599 702
599 772
599 265
600 245
600 559
600 956
600 242
600 49
600 423
600 56
600 918
600 121
600 655
600 681
600 748
600 902
600 367
601 775
601 566
601 339
602 860
602 958
602 907
602 289
602 107
602 12
602 792
602 323
602 18
602 202
602 634
602 725
602 816
602 612
602 698
602 33
602 944
602 847
602 597
602 752
603 330
603 891
603 12
603 999
603 776
603 846
603 822
603 765
603 411
603 692
603 193
603 920
603 437
603 974
603 885
604 444
604 229
604 341
604 122
604 672
604 788
604 226
604 405
604 492
604 702
604 92
604 98
604 479
604 584
604 32
604 441
604 528
604 571
604 610
604 953
605 778
605 14
605 1000
605 470
605 790
605 980
605 265
605 703
606 454
606 764
606 616
606 263
606 665
607 435
607 333
607 462
607 401
607 949
607 583
607 80
607 942
607 39
608 633
608 96
608 88
608 175
608 986
608 515
608 937
608 395
608 609
608 2
608 174
609 961
609 790
609 708
609 717
609 572
609 342
609 146
609 233
609 608
609 516
609 250
609 270
609 915
609 517
609 54
609 175
609 996
609 825
609 684
609 339
610 791
610 740
610 956
610 750
610 116
610 814
610 604
610 935
610 569
610 873
610 874
610 946
611 290
611 461
611 435
611 976
611 648
611 390
611 954
611 543
612 893
612 602
612 366
613 749
613 342
613 474
613 414
613 341
613 810
613 532
613 898
613 386
613 940
613 614
613 338
614 318
614 515
614 776
614 654
614 819
614 451
614 928
614 613
614 832
614 808
614 637
614 315
614 558
614 433
615 939
615 80
615 670
615 236
615 350
615 10
615 574
615 854
615 184
615 87
615 202
615 161
615 234
616 125
616 427
616 725
616 171
616 353
616 937
616 651
616 811
616 606
616 833
616 677
616 317
616 220
616 297
617 971
617 972
617 585
617 578
617 629
617 639
617 715
617 818
617 592
617 407
617 809
617 470
617 876
617 626
617 44
617 355
618 272
618 331
618 362
618 667
618 900
618 810
619 83
619 127
619 843
619 552
619 739
619 447
619 781
619 791
619 804
619 262
619 144
619 407
619 934
619 709
619 84
619 130
619 772
620 234
620 700
620 779
620 961
620 898
620 857
620 721
620 909
620 240
620 743
620 357
620 557
620 769
620 279
621 406
621 664
621 215
621 734
621 223
622 236
622 993
622 697
622 647
622 25
622 909
623 256
623 839
623 652
623 159
623 870
623 781
623 789
623 640
623 99
624 700
624 697
624 295
624 215
624 73
624 580
624 952
624 919
624 712
624 172
624 485
624 731
624 926
624 746
625 807
625 634
625 887
625 300
625 25
625 70
625 699
625 808
626 981
626 483
626 982
626 689
626 369
626 617
627 454
627 669
627 458
627 858
627 762
627 992
627 286
627 5
627 158
627 108
627 913
628 435
628 274
628 261
628 529
628 654
628 91
628 910
628 637
628 234
628 562
628 206
628 316
628 88
628 539
629 870
629 617
629 309
629 340
629 998
630 106
630 294
630 769
630 552
630 311
630 913
631 829
631 694
631 779
631 239
631 855
631 405
631 235
631 339
631 834
631 201
631 709
631 149
631 685
632 177
632 382
632 774
632 245
632 587
632 5
632 376
632 133
632 660
632 30
632 766
632 176
632 274
632 255
632 974
632 149
632 656
632 740
632 210
632 953
632 303
633 175
633 342
633 848
633 608
633 110
633 338
633 445
633 783
634 769
634 675
634 716
634 94
634 602
634 137
634 625
634 402
634 792
634 365
634 158
634 649
634 679
635 483
635 332
635 716
635 823
636 564
636 419
636 368
636 859
636 100
636 488
636 726
636 315
636 744
636 464
636 732
637 698
637 169
637 516
637 904
637 614
637 385
637 812
637 756
637 137
637 89
637 560
637 349
637 242
637 25
637 486
637 297
637 562
637 628
637 338
637 679
638 100
638 342
638 302
638 488
638 943
638 318
638 104
638 689
638 176
638 479
638 734
638 719
638 724
638 983
638 197
638 369
638 452
638 534
638 913
638 307
638 73
639 862
639 149
639 121
639 903
639 569
639 340
639 50
639 26
639 847
639 790
639 159
639 695
639 617
639 265
639 877
639 508
639 772
640 65
640 857
640 15
640 310
640 208
640 729
640 968
640 164
640 889
640 342
640 623
640 426
640 307
640 863
640 840
640 893
640 1000
640 408
640 309
641 725
641 871
641 28
641 171
641 495
641 931
641 377
641 262
641 437
641 848
642 713
642 331
642 900
642 879
643 305
643 73
643 415
643 886
643 178
643 17
643 551
643 402
643 971
643 911
643 691
643 797
643 78
643 933
643 206
643 862
643 833
643 577
643 974
643 91
643 394
643 329
644 962
644 238
644 2
644 98
644 99
644 368
644 574
644 689
644 715
644 690
644 872
644 991
644 734
644 226
644 859
644 993
645 840
645 919
645 762
645 702
645 731
645 550
645 477
645 679
646 437
646 485
646 99
646 466
647 978
647 423
647 622
647 718
647 952
647 116
647 411
647 395
647 469
647 750
647 274
647 790
647 966
647 724
647 113
647 67
647 902
647 452
647 757
648 840
648 842
648 658
648 611
648 226
649 174
649 692
649 268
649 843
649 968
649 393
649 311
649 701
649 634
649 749
649 925
649 474
649 271
650 287
650 333
650 69
650 847
650 839
650 251
650 278
650 706
650 717
650 33
650 508
650 509
650 210
650 246
650 511
651 263
651 874
651 386
651 343
651 616
651 749
651 789
651 703
651 319
651 11
652 886
652 484
652 499
652 316
652 456
652 794
652 785
652 434
652 318
652 569
652 494
652 623
652 878
652 734
653 581
653 853
653 283
653 542
653 6
653 228
653 810
654 197
654 692
654 220
654 614
654 295
654 628
655 600
655 394
655 677
655 51
655 335
655 860
655 487
655 135
655 72
655 196
655 876
655 447
655 485
655 886
655 667
655 35
655 585
655 437
656 171
656 541
656 557
656 758
656 73
656 695
656 632
656 105
656 946
656 679
656 417
656 677
656 952
656 876
656 60
656 904
657 863
657 202
657 532
657 235
657 366
658 934
658 567
658 201
658 648
658 718
658 346
658 536
658 220
658 298
658 253
658 329
659 80
659 834
659 452
659 271
660 632
660 390
660 952
660 69
660 486
660 565
660 509
660 210
660 813
661 189
661 406
661 999
661 176
661 367
661 900
661 695
661 754
661 462
661 279
661 542
662 213
662 470
662 276
662 595
662 689
662 1
662 104
662 747
662 427
662 553
662 569
662 370
662 920
662 752
662 220
663 742
663 886
663 895
663 902
663 675
663 112
664 37
664 94
664 485
664 621
664 276
664 417
664 275
664 975
664 60
664 976
665 359
665 555
665 426
665 705
665 841
665 211
665 946
665 911
665 606
665 520
665 392
665 1000
665 532
666 307
666 834
667 655
667 448
667 478
667 153
667 36
667 485
667 41
667 618
667 59
667 538
667 331
667 69
667 892
667 368
667 757
668 110
668 750
668 521
668 823
668 338
668 405
668 38
668 852
668 164
668 75
668 502
668 722
668 481
668 948
668 458
668 467
668 200
668 885
669 164
669 286
669 211
669 240
669 151
669 594
669 495
669 538
669 89
669 854
669 390
669 740
669 627
669 243
670 814
670 890
670 537
670 615
670 377
670 734
671 574
671 295
671 426
671 56
671 585
671 228
671 446
672 604
672 726
672 357
672 156
672 840
673 487
673 558
673 509
673 466
673 308
673 551
673 443
673 867
673 118
673 538
673 488
673 90
673 810
673 959
673 365
673 404
673 905
674 61
674 89
674 196
674 166
674 692
674 531
674 837
674 772
675 940
675 989
675 736
675 797
675 250
675 282
675 215
675 769
675 468
675 530
675 31
675 91
675 663
675 63
675 834
675 302
675 485
675 798
675 634
675 768
676 583
676 978
676 557
676 446
676 249
676 800
677 405
677 616
677 482
677 656
677 940
677 907
677 706
677 655
677 61
677 445
678 254
678 686
678 767
679 634
679 816
679 637
679 688
679 884
679 645
679 516
679 270
679 819
679 259
679 656
679 15
679 326
680 945
680 313
680 874
680 33
680 489
680 716
680 954
680 56
681 600
681 221
681 980
681 788
681 982
681 20
681 31
681 471
681 756
681 482
681 159
681 550
681 304
681 237
681 33
681 208
681 997
681 487
682 570
682 823
682 369
682 444
683 175
683 92
683 566
683 144
683 113
683 913
684 32
684 396
684 609
684 389
684 890
684 353
684 60
684 886
684 151
684 712
684 942
684 330
685 458
685 631
685 408
685 999
685 844
685 363
685 787
686 678
686 547
686 333
686 773
686 886
686 910
686 43
686 781
686 847
686 83
686 482
686 145
686 394
686 712
686 314
686 5
687 352
687 780
687 339
687 218
687 792
687 942
687 527
687 938
687 554
687 740
687 221
687 152
687 190
687 81
687 499
687 427
687 346
687 157
687 232
687 199
687 503
687 865
687 810
687 489
687 144
687 903
687 849
688 206
688 982
688 555
688 255
688 311
688 679
689 406
689 526
689 552
689 312
689 38
689 565
689 626
689 351
689 387
689 876
689 712
689 185
689 638
689 790
689 662
689 76
689 533
689 644
689 690
689 330
690 694
690 203
690 972
690 644
690 852
690 925
690 94
690 860
690 689
690 716
690 708
690 725
690 595
690 892
690 877
690 867
690 704
690 366
691 919
691 643
691 853
691 467
691 40
692 342
692 576
692 388
692 316
692 521
692 654
692 713
692 281
692 603
692 535
692 718
692 964
692 674
692 137
692 649
692 364
692 906
692 267
692 699
692 879
693 928
693 595
693 845
693 853
693 967
693 720
693 552
693 16
694 690
694 432
694 982
694 262
694 313
694 631
694 877
694 505
694 487
694 735
694 379
695 776
695 698
695 499
695 639
695 329
695 449
695 778
695 661
695 343
695 656
695 421
696 19
696 463
696 165
696 320
696 223
696 157
696 411
696 821
696 440
696 147
696 402
696 167
696 447
696 237
696 837
696 902
696 110
696 3
696 761
697 778
697 624
697 749
697 174
697 699
697 622
698 235
698 145
698 194
698 602
698 477
698 712
698 199
698 695
698 637
698 44
698 41
698 885
699 386
699 967
699 591
699 697
699 692
699 471
699 90
699 625
699 123
699 80
699 883
699 998
699 424
700 262
700 105
700 182
700 624
700 245
700 905
700 620
700 737
701 717
701 709
701 966
701 715
701 829
701 243
701 323
701 649
701 284
701 421
702 499
702 987
702 645
702 199
702 253
702 297
702 734
702 837
702 94
702 604
702 331
702 448
702 717
702 731
702 64
702 599
702 2
703 918
703 978
703 188
703 249
703 651
703 855
703 389
703 72
703 605
703 47
703 64
703 858
703 193
703 790
703 974
703 81
703 303
704 216
704 277
704 784
704 590
704 690
704 595
704 248
704 316
704 876
704 501
704 295
704 443
705 586
705 826
705 12
705 971
705 540
705 852
705 235
705 168
705 547
705 854
705 265
705 54
705 105
705 978
705 361
705 665
706 873
706 650
706 677
706 224
706 971
706 184
706 8
706 834
706 449
706 181
706 71
707 927
707 473
707 449
707 981
707 307
707 733
707 214
707 145
707 562
707 126
707 829
707 224
707 326
707 39
708 545
708 201
708 849
708 577
708 884
708 598
708 762
708 357
708 89
708 690
708 609
708 446
709 631
709 743
709 993
709 701
709 30
709 435
709 619
709 446
709 144
709 94
709 66
709 75
709 5
710 956
710 753
711 92
711 166
711 46
711 105
711 424
712 241
712 727
712 334
712 754
712 396
712 517
712 962
712 684
712 929
712 918
712 166
712 686
712 503
712 343
712 698
712 624
712 689
712 224
712 879
713 918
713 692
713 397
713 343
713 801
713 642
713 307
713 315
714 790
714 156
714 731
714 531
714 511
714 337
715 163
715 940
715 701
715 566
715 984
715 617
715 390
715 742
715 465
715 644
715 528
715 185
716 635
716 941
716 680
716 328
716 547
716 776
716 497
716 720
716 15
716 690
716 634
717 701
717 55
717 702
717 650
717 521
717 438
717 249
717 402
717 455
717 609
718 517
718 68
718 497
718 589
718 323
718 780
718 791
718 647
718 692
718 355
718 983
718 95
718 658
718 813
719 638
719 67
720 174
720 941
720 984
720 864
720 198
720 693
720 436
720 716
720 82
720 902
720 4
720 936
720 20
721 873
721 557
721 620
722 286
722 724
722 966
722 493
722 79
722 750
722 413
722 795
722 411
722 561
722 313
722 249
722 368
722 668
722 303
723 64
723 7
723 253
723 35
723 538
723 432
723 567
723 73
724 774
724 277
724 426
724 155
724 638
724 45
724 15
724 170
724 647
724 121
724 593
724 722
724 789
724 51
724 482
724 883
724 110
725 64
725 801
725 323
725 404
725 212
725 591
725 258
725 440
725 834
725 94
725 602
725 616
725 846
725 690
725 641
725 730
726 354
726 587
726 756
726 434
726 542
726 16
726 972
726 88
726 994
726 968
726 636
726 328
726 445
726 497
726 902
726 672
726 551
726 949
726 903
727 896
727 413
727 320
727 388
727 458
727 712
727 33
727 243
727 474
727 832
728 69
728 348
728 209
728 277
728 581
728 451
728 882
728 931
728 309
728 954
728 874
728 311
728 234
729 165
729 248
729 640
729 944
729 534
729 3
729 285
730 419
730 124
730 312
730 771
730 427
730 928
730 840
730 725
730 503
730 159
730 825
730 952
730 42
730 522
731 341
731 645
731 624
731 702
731 875
731 322
731 577
731 295
731 247
731 714
731 434
731 40
731 158
731 223
731 6
732 572
732 241
732 335
732 553
732 986
732 764
732 80
732 835
732 636
732 257
732 482
732 470
732 816
732 920
732 112
732 145
733 561
733 397
733 301
733 173
733 208
733 707
733 460
734 527
734 779
734 447
734 747
734 670
734 452
734 323
734 525
734 621
734 644
734 652
734 503
734 638
734 322
734 702
734 482
734 904
735 694
735 911
735 490
735 789
735 874
735 95
736 970
736 276
736 480
736 297
736 815
736 220
736 180
736 948
736 384
736 319
736 67
736 675
736 809
736 20
736 867
736 323
736 288
737 391
737 871
737 269
737 700
737 449
737 875
737 792
737 110
737 428
737 470
737 305
738 577
738 327
738 359
738 889
738 40
738 311
738 746
739 31
739 619
739 948
739 88
740 940
740 255
740 669
740 449
740 931
740 157
740 632
740 3
740 444
740 286
740 944
740 29
740 782
740 610
740 687
740 823
740 339
740 71
740 876
741 499
741 771
741 102
741 537
741 596
741 234
741 558
741 471
741 598
741 429
741 116
741 894
742 752
742 521
742 821
742 494
742 663
742 492
742 175
742 832
742 207
742 229
742 111
742 528
742 575
742 931
742 576
742 202
742 285
742 715
742 254
742 334
742 831
742 455
742 852
743 900
743 41
743 528
743 949
743 155
743 370
743 542
743 362
743 37
743 1000
743 810
743 709
743 562
743 895
743 620
744 249
744 335
744 216
744 779
744 515
744 636
744 331
744 251
744 938
744 849
744 228
745 908
745 60
745 909
745 531
746 624
746 738
746 97
746 561
746 63
746 274
746 408
746 355
746 200
746 510
746 2
746 904
746 16
747 94
747 662
747 867
747 126
747 556
747 991
747 734
747 398
747 16
748 442
748 600
748 830
748 48
748 806
748 920
748 49
748 202
748 581
748 583
748 763
749 322
749 177
749 145
749 975
749 324
749 163
749 697
749 313
749 47
749 651
749 649
749 303
749 456
749 826
749 849
749 949
749 297
749 613
750 571
750 775
750 512
750 647
750 722
750 458
750 610
750 756
750 668
750 235
751 568
751 144
751 483
751 174
751 209
751 243
751 338
752 940
752 662
752 584
752 810
752 817
752 73
752 602
752 742
752 60
752 844
752 879
753 453
753 939
753 710
753 537
753 109
754 509
754 712
754 661
754 337
755 917
755 974
755 181
755 98
755 588
755 115
756 766
756 945
756 242
756 787
756 750
756 557
756 726
756 80
756 637
756 33
756 844
756 681
756 895
756 286
756 846
756 872
756 370
757 851
757 944
757 44
757 357
757 667
757 353
757 891
757 931
757 647
757 577
757 893
757 197
757 866
757 19
757 842
757 367
758 270
758 790
758 157
758 656
758 255
758 228
759 237
759 398
759 911
759 218
759 497
759 219
759 926
759 983
759 935
759 966
759 163
759 20
760 339
760 898
760 250
760 206
760 409
760 106
760 558
760 840
760 385
760 378
760 949
760 109
760 390
760 234
761 598
761 151
761 409
761 121
761 696
761 282
761 188
761 424
761 329
761 141
761 978
761 370
761 145
761 298
762 645
762 627
762 906
762 997
762 708
762 113
762 965
762 368
762 115
762 896
762 316
762 237
762 291
762 357
762 370
762 343
763 18
763 11
763 748
763 166
763 416
763 993
763 133
763 370
763 402
763 263
763 211
764 434
764 85
764 153
764 193
764 258
764 577
764 606
764 31
764 2
764 732
764 311
764 956
765 995
765 168
765 385
765 268
765 603
765 102
765 109
765 130
766 577
766 632
766 355
766 195
766 756
766 224
767 264
767 160
767 678
767 368
767 137
767 374
767 892
767 458
767 966
767 105
767 64
768 279
768 135
768 910
768 933
768 342
768 578
768 128
768 675
768 274
768 401
768 592
768 926
768 215
769 422
769 908
769 792
769 929
769 152
769 594
769 128
769 500
769 814
769 630
769 439
769 974
769 620
769 376
769 574
769 458
769 675
769 35
769 634
770 517
770 14
770 175
770 865
770 96
770 135
770 491
770 234
770 88
771 468
771 273
771 857
771 821
771 145
771 91
771 948
771 322
771 741
771 353
771 595
771 838
771 254
771 730
771 88
772 925
772 619
772 674
772 69
772 422
772 590
772 474
772 827
772 954
772 639
772 929
772 847
772 386
772 201
772 499
772 15
772 85
772 599
773 830
773 316
773 686
773 385
773 249
773 792
773 437
774 346
774 194
774 258
774 127
774 907
774 73
774 455
774 913
774 43
774 632
774 724
774 903
774 832
774 259
775 929
775 750
775 468
775 180
775 601
775 80
775 854
775 183
775 475
775 326
776 92
776 1000
776 695
776 614
776 603
776 588
776 16
776 716
777 118
777 56
777 902
777 946
778 425
778 130
778 605
778 859
778 545
778 919
778 697
778 72
778 144
778 977
778 312
778 295
778 695
778 930
778 577
778 162
778 912
778 330
778 115
779 144
779 631
779 882
779 744
779 734
779 57
779 620
780 837
780 481
780 856
780 855
780 951
780 435
780 230
780 718
780 136
780 472
780 894
780 983
780 687
780 37
780 79
781 450
781 623
781 974
781 552
781 120
781 686
781 923
781 798
781 511
781 106
781 847
781 31
781 402
781 619
781 56
781 433
782 740
782 375
782 962
782 179
782 902
782 552
782 906
782 417
782 278
782 919
783 59
783 241
783 532
783 393
783 499
783 633
783 808
783 37
783 323
784 537
784 938
784 331
784 704
785 355
785 361
785 211
785 799
785 566
785 214
785 317
785 652
785 101
785 953
785 266
786 92
786 589
786 465
786 499
786 433
786 166
787 597
787 328
787 234
787 826
787 548
787 501
787 140
787 135
787 141
787 193
787 685
787 919
787 538
787 75
787 295
787 756
787 155
787 900
787 988
787 401
788 145
788 975
788 440
788 590
788 488
788 891
788 917
788 938
788 499
788 339
788 236
788 604
788 976
788 408
788 969
788 195
788 207
788 681
788 253
788 859
789 150
789 735
789 724
789 131
789 623
789 880
789 651
789 279
789 455
789 291
789 342
789 389
789 322
789 38
789 25
789 913
790 506
790 592
790 647
790 210
790 758
790 639
790 926
790 503
790 703
790 689
790 714
790 605
790 550
790 894
790 893
790 333
790 173
790 465
790 609
791 876
791 973
791 387
791 718
791 139
791 287
791 71
791 128
791 92
791 874
791 877
791 148
791 294
791 78
791 214
791 610
791 619
792 634
792 311
792 214
792 773
792 302
792 814
792 602
792 934
792 364
792 769
792 402
792 687
792 954
792 66
792 942
792 85
792 961
792 737
793 207
793 172
793 362
793 220
793 817
793 534
793 934
794 919
794 568
794 437
794 133
794 213
794 331
794 652
794 799
794 326
794 946
795 87
795 256
795 558
795 480
795 975
795 375
795 722
795 475
795 234
795 445
796 179
796 538
796 19
796 527
796 475
796 101
796 873
796 206
796 340
797 479
797 367
797 50
797 411
797 304
797 276
797 223
797 485
797 936
797 400
797 147
797 543
797 897
797 185
797 938
797 675
797 342
797 643
797 983
797 953
797 115
798 675
798 556
798 834
798 183
798 49
798 831
798 597
798 978
798 408
798 781
798 318
798 279
798 267
798 510
798 543
799 172
799 910
799 794
799 21
799 499
799 553
799 334
799 243
799 785
799 571
800 676
800 840
800 557
800 294
800 332
800 966
800 565
801 467
801 286
801 985
801 373
801 713
801 807
801 64
801 320
801 725
801 249
801 491
802 8
802 977
802 540
802 353
802 834
802 111
802 562
802 119
802 28
802 295
802 453
802 86
802 926
803 438
803 446
803 959
803 175
803 171
803 313
803 573
803 593
803 275
803 460
804 954
804 59
804 388
804 572
804 32
804 64
804 903
804 46
804 425
804 579
804 974
804 51
804 406
804 220
804 508
804 619
805 558
805 545
805 568
805 486
805 331
805 944
805 314
805 226
806 414
806 569
806 275
806 400
806 98
806 549
806 55
806 253
806 362
806 586
806 101
806 838
806 437
806 130
806 562
806 56
806 827
806 748
806 259
807 503
807 938
807 193
807 333
807 343
807 801
807 625
807 112
807 510
808 306
808 614
808 783
808 263
808 825
808 402
808 130
808 387
808 415
808 111
808 945
808 625
808 892
808 876
808 124
808 73
809 82
809 427
809 255
809 236
809 125
809 461
809 736
809 924
809 232
809 206
809 245
809 146
809 617
809 374
809 823
809 40
810 743
810 687
810 673
810 982
810 153
810 533
810 65
810 618
810 314
810 653
810 499
810 51
810 752
810 827
810 613
810 169
810 904
810 16
811 845
811 201
811 908
811 616
812 488
812 637
812 593
812 353
812 412
812 88
813 660
813 718
813 520
813 360
813 185
813 87
813 307
813 479
813 836
813 830
813 460
813 238
813 357
814 445
814 670
814 453
814 531
814 952
814 460
814 290
814 457
814 519
814 538
814 470
814 343
814 769
814 610
814 792
814 98
814 487
814 539
815 918
815 736
815 847
815 582
815 94
815 462
815 854
815 359
815 113
815 292
815 86
815 79
816 370
816 210
816 848
816 935
816 884
816 966
816 466
816 906
816 219
816 468
816 732
816 476
816 602
816 272
816 338
816 679
817 843
817 570
817 196
817 793
817 923
817 266
817 308
817 135
817 903
817 592
817 752
817 962
817 528
817 993
817 926
818 935
818 312
818 617
818 157
818 481
819 309
819 358
819 614
819 210
819 464
819 308
819 679
820 335
820 432
820 598
820 459
820 889
820 894
820 524
821 742
821 959
821 771
821 292
821 696
821 466
822 493
822 85
822 535
822 379
822 424
822 142
822 113
822 173
822 876
822 410
822 281
822 603
823 324
823 939
823 454
823 882
823 809
823 635
823 886
823 888
823 507
823 863
823 276
823 585
823 866
823 740
823 682
823 89
823 80
823 828
823 586
823 32
823 499
823 668
824 917
824 548
824 272
824 95
825 885
825 609
825 913
825 34
825 929
825 858
825 730
825 88
825 133
825 56
825 808
825 89
825 339
825 962
825 275
825 942
825 352
826 923
826 125
826 749
826 562
826 166
826 464
826 101
826 705
826 365
826 307
826 787
826 16
827 847
827 102
827 874
827 971
827 810
827 986
827 983
827 976
827 806
827 38
827 309
827 974
827 902
827 49
827 772
828 215
828 823
828 224
828 466
828 400
828 294
828 579
828 996
828 594
828 208
828 878
828 883
828 284
828 228
828 16
829 707
829 489
829 907
829 273
829 219
829 701
829 419
829 92
829 318
829 166
829 631
829 959
829 215
829 105
829 466
829 226
829 284
830 773
830 533
830 898
830 18
830 994
830 878
830 876
830 842
830 391
830 312
830 142
830 499
830 748
830 813
831 273
831 586
831 226
831 742
831 300
831 34
831 29
831 459
831 798
832 400
832 774
832 384
832 155
832 727
832 917
832 742
832 301
832 317
832 614
832 5
833 26
833 882
833 13
833 264
833 964
833 279
833 398
833 616
833 643
833 224
834 860
834 421
834 227
834 706
834 199
834 917
834 631
834 204
834 725
834 148
834 433
834 675
834 659
834 849
834 249
834 398
834 36
834 666
834 802
834 846
834 798
835 322
835 202
835 732
835 60
836 234
836 978
836 903
836 994
836 158
836 813
836 259
837 413
837 846
837 269
837 76
837 696
837 407
837 958
837 925
837 674
837 285
837 238
837 1000
837 780
837 702
837 510
837 460
838 771
838 806
838 572
838 86
838 526
838 538
838 908
838 511
838 913
839 397
839 548
839 169
839 345
839 371
839 202
839 623
839 377
839 650
840 575
840 911
840 71
840 206
840 959
840 855
840 288
840 640
840 648
840 995
840 581
840 165
840 645
840 672
840 184
840 881
840 523
840 445
840 760
840 130
840 508
840 800
840 730
841 265
841 56
841 550
841 874
841 367
841 665
841 79
842 419
842 223
842 897
842 648
842 240
842 919
842 212
842 757
842 830
843 14
843 649
843 817
843 927
843 619
843 514
844 885
844 450
844 756
844 301
844 518
844 149
844 413
844 373
844 40
844 214
844 752
844 685
844 893
844 488
844 432
844 67
844 877
845 811
845 414
845 238
845 204
845 513
845 473
845 506
845 20
845 200
845 568
845 133
845 92
845 166
845 137
845 446
845 162
845 404
845 693
846 31
846 725
846 107
846 362
846 834
846 756
846 211
846 603
846 837
847 891
847 497
847 781
847 260
847 686
847 160
847 425
847 287
847 99
847 815
847 466
847 202
847 535
847 40
847 639
847 550
847 35
847 602
847 272
847 206
847 878
847 827
847 772
847 650
848 641
848 46
848 2
848 872
848 919
848 633
848 276
848 816
848 281
849 749
849 81
849 708
849 889
849 687
849 120
849 744
849 270
849 286
849 834
849 41
849 288
850 372
850 948
850 38
850 985
850 537
850 508
850 235
850 275
850 110
850 528
851 757
852 339
852 32
852 182
852 958
852 541
852 378
852 476
852 422
852 742
852 921
852 540
852 894
852 705
852 983
852 297
852 954
852 690
852 668
852 227
853 298
853 653
853 691
853 508
853 961
853 282
853 161
853 574
853 394
853 80
853 693
853 353
853 461
853 294
853 593
853 210
853 243
853 338
854 384
854 59
854 815
854 669
854 299
854 775
854 281
854 934
854 615
854 593
854 705
854 489
854 49
854 228
854 266
855 840
855 780
855 631
855 281
855 255
855 703
855 126
855 58
855 404
855 85
856 102
856 369
856 198
856 60
856 164
856 960
856 982
856 780
856 237
856 223
856 330
857 444
857 640
857 921
857 46
857 771
857 35
857 585
857 323
857 493
857 620
858 928
858 530
858 282
858 272
858 597
858 148
858 926
858 703
858 627
858 569
858 938
858 523
858 825
858 906
858 88
859 477
859 443
859 168
859 644
859 330
859 58
859 99
859 788
859 904
859 595
859 896
859 957
859 362
859 335
859 238
859 778
859 937
859 76
859 636
860 545
860 918
860 834
860 602
860 934
860 655
860 410
860 690
861 350
861 369
861 323
861 412
862 107
862 639
862 283
862 643
863 31
863 657
863 248
863 107
863 574
863 75
863 537
863 640
863 823
863 556
863 539
864 199
864 952
864 720
864 340
864 267
864 874
865 989
865 687
865 965
865 770
865 251
865 108
865 158
865 275
865 454
865 522
865 508
865 161
865 464
866 931
866 509
866 757
866 464
866 550
866 47
866 313
866 295
866 823
866 330
866 259
867 415
867 182
867 747
867 444
867 736
867 524
867 690
867 902
867 214
867 873
867 537
867 673
868 407
868 505
868 308
868 226
868 284
869 987
870 623
870 925
870 478
870 420
870 386
870 30
870 240
870 293
870 629
870 886
870 545
870 935
870 317
870 512
870 44
870 878
870 445
871 369
871 302
871 265
871 641
871 872
871 534
871 737
872 425
872 72
872 871
872 260
872 274
872 756
872 64
872 27
872 557
872 897
872 644
872 67
872 519
872 137
872 848
873 89
873 867
873 402
873 331
873 549
873 309
873 915
873 610
873 1
873 796
873 4
873 721
873 706
873 921
873 489
874 274
874 610
874 864
874 159
874 841
874 735
874 434
874 728
874 368
874 651
874 392
874 475
874 791
874 121
874 462
874 827
874 680
875 462
875 144
875 731
875 282
875 226
875 737
876 94
876 274
876 370
876 704
876 655
876 37
876 879
876 507
876 808
876 167
876 901
876 506
876 656
876 740
876 791
876 830
876 159
876 617
876 689
876 323
876 246
876 822
876 352
877 481
877 159
877 982
877 453
877 690
877 694
877 639
877 91
877 844
877 316
877 791
877 162
877 567
877 112
877 265
877 392
878 408
878 870
878 580
878 403
878 285
878 193
878 847
878 652
878 133
878 828
878 933
878 224
878 370
878 286
878 230
878 488
878 38
878 830
878 327
878 249
878 49
878 542
878 88
878 993
879 322
879 752
879 130
879 202
879 984
879 153
879 417
879 692
879 207
879 642
879 712
879 177
879 876
879 592
879 966
880 789
880 16
881 571
881 840
882 205
882 523
882 288
882 576
882 402
882 779
882 64
882 369
882 728
882 920
882 447
882 377
882 823
882 253
882 81
882 833
883 62
883 724
883 539
883 367
883 232
883 501
883 327
883 453
883 699
883 8
883 977
883 828
883 587
883 992
883 211
883 893
883 343
883 966
883 565
883 228
883 379
884 159
884 561
884 115
884 122
884 708
884 289
884 886
884 333
884 456
884 816
884 459
884 15
884 224
884 3
884 679
885 91
885 698
885 593
885 603
885 668
885 936
885 825
885 60
885 844
885 543
886 561
886 663
886 684
886 944
886 557
886 905
886 655
886 643
886 167
886 652
886 686
886 83
886 884
886 870
886 823
886 588
886 902
886 433
887 598
887 417
887 625
887 59
888 413
888 97
888 280
888 537
888 193
888 823
888 224
888 216
889 490
889 990
889 100
889 820
889 61
889 738
889 227
889 277
889 976
889 640
889 935
889 38
889 109
889 137
889 233
889 892
889 849
890 95
890 557
890 533
890 127
890 684
890 40
890 547
890 211
890 670
890 286
891 14
891 847
891 220
891 959
891 603
891 788
891 286
891 757
892 808
892 309
892 248
892 667
892 889
892 289
892 767
892 16
892 42
892 121
892 690
892 148
892 400
892 195
892 112
892 560
893 138
893 612
893 73
893 183
893 11
893 883
893 640
893 584
893 411
893 997
893 253
893 257
893 757
893 137
893 166
893 844
893 126
893 790
894 169
894 780
894 852
894 553
894 116
894 276
894 255
894 567
894 171
894 820
894 741
894 970
894 986
894 790
894 295
894 460
894 521
895 937
895 743
895 290
895 663
895 756
895 122
895 80
896 211
896 557
896 727
896 762
896 859
897 199
897 842
897 797
897 209
897 342
897 145
897 872
897 463
898 830
898 582
898 760
898 413
898 292
898 311
898 613
898 620
899 166
899 980
899 101
899 115
899 118
899 379
900 787
900 465
900 946
900 948
900 618
900 416
900 642
900 743
900 146
900 661
900 513
900 202
900 278
900 215
901 353
901 193
901 362
901 586
901 173
901 876
901 16
902 647
902 827
902 359
902 600
902 394
902 886
902 560
902 484
902 777
902 97
902 696
902 12
902 663
902 249
902 353
902 726
902 782
902 411
902 966
902 720
902 867
903 726
903 24
903 426
903 240
903 65
903 70
903 238
903 222
903 88
903 295
903 152
903 817
903 574
903 939
903 181
903 774
903 836
903 687
903 582
903 639
903 804
903 479
903 949
903 946
904 303
904 810
904 546
904 334
904 371
904 17
904 268
904 107
904 734
904 656
904 746
904 637
904 361
904 85
904 859
905 700
905 577
905 77
905 154
905 673
905 414
905 325
905 391
905 197
905 949
905 364
905 886
906 379
906 175
906 445
906 858
906 105
906 389
906 392
906 692
906 452
906 86
906 70
906 94
906 816
906 762
906 782
906 479
906 267
907 564
907 453
907 968
907 454
907 677
907 3
907 109
907 602
907 774
907 106
907 208
907 954
907 339
907 829
907 40
907 571
908 342
908 196
908 838
908 232
908 811
908 398
908 745
908 536
908 952
908 769
908 377
908 155
909 745
909 60
909 622
909 987
909 260
909 192
909 33
909 44
909 918
909 321
909 620
910 301
910 364
910 686
910 130
910 628
910 799
910 768
910 303
911 840
911 643
911 461
911 359
911 69
911 263
911 494
911 56
911 759
911 735
911 665
912 497
912 574
912 59
912 778
912 135
912 297
912 164
912 216
913 372
913 94
913 477
913 789
913 683
913 638
913 630
913 627
913 838
913 470
913 825
913 774
913 306
913 16
914 333
914 940
914 237
914 449
914 927
914 510
915 873
915 609
915 199
916 519
916 537
916 598
916 369
916 58
916 95
916 421
917 228
917 117
917 329
917 755
917 402
917 456
917 458
917 367
917 832
917 939
917 824
917 440
917 834
917 51
917 298
917 788
917 477
917 927
918 7
918 600
918 815
918 40
918 528
918 947
918 358
918 713
918 246
918 860
918 909
918 584
918 318
918 210
918 579
918 257
918 258
918 703
918 426
918 919
918 712
918 925
919 998
919 176
919 645
919 51
919 591
919 794
919 445
919 691
919 918
919 782
919 219
919 60
919 778
919 179
919 938
919 848
919 624
919 842
919 273
919 787
920 473
920 118
920 662
920 603
920 535
920 76
920 429
920 882
920 732
920 331
920 215
920 748
921 153
921 178
921 404
921 857
921 873
921 388
921 401
921 426
921 377
921 246
921 852
922 314
923 476
923 596
923 473
923 61
923 311
923 826
923 781
923 538
923 117
923 817
923 42
924 984
924 447
924 82
924 809
924 259
925 149
925 497
925 649
925 918
925 102
925 12
925 221
925 409
925 517
925 563
925 13
925 383
925 566
925 416
925 870
925 503
925 486
925 196
925 837
925 690
925 448
925 942
925 772
925 74
926 306
926 61
926 759
926 949
926 238
926 397
926 494
926 392
926 386
926 768
926 495
926 802
926 624
926 442
926 817
926 858
926 790
926 321
927 404
927 843
927 305
927 95
927 944
927 914
927 491
927 917
927 707
927 57
927 467
928 858
928 693
928 598
928 211
928 459
928 614
928 562
928 730
929 228
929 535
929 374
929 576
929 825
929 775
929 769
929 712
929 367
929 772
929 392
930 778
930 401
931 742
931 353
931 728
931 934
931 740
931 866
931 15
931 641
931 757
932 362
932 949
932 560
933 199
933 488
933 878
933 643
933 308
933 768
934 619
934 931
934 860
934 350
934 460
934 792
934 296
934 8
934 488
934 553
934 793
934 526
934 261
934 658
934 854
934 306
935 610
935 889
935 62
935 818
935 759
935 870
935 318
935 978
935 816
935 397
935 301
935 567
935 282
936 720
936 473
936 181
936 225
936 394
936 885
936 326
936 160
936 1000
936 953
936 797
936 969
936 359
937 442
937 511
937 267
937 402
937 608
937 238
937 859
937 272
937 160
937 36
937 616
937 340
937 895
938 744
938 858
938 306
938 962
938 807
938 14
938 407
938 919
938 414
938 797
938 253
938 579
938 84
938 784
938 975
938 105
938 687
938 788
938 339
939 917
939 583
939 278
939 589
939 31
939 903
939 615
939 823
939 753
939 20
940 999
940 613
940 914
940 361
940 951
940 156
940 201
940 193
940 301
940 318
940 298
940 80
940 503
940 752
940 675
940 362
940 677
940 715
940 740
941 69
941 503
941 149
941 720
941 716
942 118
942 684
942 825
942 34
942 925
942 607
942 390
942 146
942 792
942 469
942 14
942 981
942 687
943 102
943 638
943 199
943 16
944 805
944 302
944 314
944 729
944 602
944 54
944 501
944 462
944 96
944 220
944 886
944 176
944 740
944 927
944 757
944 58
945 119
945 302
945 756
945 92
945 808
945 680
945 228
946 338
946 777
946 794
946 903
946 8
946 301
946 510
946 242
946 610
946 177
946 987
946 980
946 335
946 122
946 656
946 314
946 253
946 900
946 665
947 918
947 130
948 141
948 443
948 771
948 668
948 850
948 950
948 50
948 494
948 509
948 139
948 225
948 187
948 739
948 736
948 437
948 567
948 900
949 157
949 749
949 176
949 607
949 932
949 8
949 905
949 130
949 341
949 356
949 903
949 259
949 396
949 437
949 926
949 726
949 743
949 760
949 424
950 948
950 301
950 506
950 467
950 210
950 323
951 492
951 233
951 982
951 780
951 470
951 92
951 940
951 148
951 130
951 422
952 660
952 730
952 908
952 656
952 252
952 285
952 864
952 183
952 36
952 469
952 647
952 624
952 814
952 202
952 528
952 379
953 183
953 980
953 562
953 632
953 228
953 962
953 367
953 604
953 88
953 147
953 797
953 785
953 91
953 936
953 40
953 521
954 403
954 728
954 327
954 852
954 102
954 907
954 271
954 792
954 680
954 611
954 311
954 804
954 984
954 486
954 114
954 458
954 187
954 772
955 145
955 49
955 192
956 259
956 475
956 764
956 136
956 433
956 509
956 982
956 350
956 600
956 610
956 556
956 358
956 710
956 227
957 402
957 234
957 351
957 318
957 859
958 602
958 837
958 59
958 510
958 852
959 891
959 469
959 346
959 821
959 424
959 673
959 15
959 386
959 516
959 829
959 119
959 22
959 840
959 803
959 557
959 998
960 561
960 274
960 281
960 856
961 184
961 245
961 385
961 359
961 223
961 792
961 119
961 39
961 355
961 388
961 205
961 72
961 853
961 609
961 323
961 326
961 620
961 379
962 518
962 817
962 201
962 196
962 222
962 31
962 825
962 443
962 938
962 317
962 782
962 485
962 712
962 644
962 56
962 464
962 88
962 953
963 475
963 969
963 44
963 253
964 583
964 692
964 406
964 392
964 261
964 365
964 833
965 865
965 470
965 982
965 762
965 282
965 169
965 2
966 209
966 701
966 883
966 647
966 296
966 484
966 902
966 43
966 759
966 879
966 800
966 176
966 349
966 537
966 264
966 49
966 767
966 201
966 392
966 574
966 816
966 255
966 557
966 722
966 228
967 589
967 6
967 12
967 693
967 411
967 19
967 224
967 477
967 699
967 234
968 640
968 907
968 726
968 503
968 406
968 649
968 52
968 443
969 206
969 936
969 264
969 322
969 788
969 963
969 562
969 425
969 202
970 736
970 201
970 245
970 894
971 643
971 706
971 617
971 220
971 705
971 155
971 827
971 996
972 262
972 726
972 617
972 980
972 491
972 987
972 690
972 40
973 791
973 163
974 163
974 755
974 411
974 544
974 827
974 643
974 703
974 530
974 603
974 632
974 781
974 769
974 804
974 181
974 234
974 422
975 167
975 664
975 795
975 749
975 51
975 545
975 938
975 377
975 788
975 595
975 511
975 337
976 319
976 109
976 788
976 542
976 463
976 325
976 312
976 664
976 424
976 121
976 889
976 611
976 482
976 827
976 365
976 377
977 64
977 125
977 380
977 203
977 300
977 568
977 778
977 214
977 802
977 883
977 101
978 836
978 676
978 117
978 118
978 705
978 798
978 266
978 577
978 647
978 703
978 588
978 935
978 226
978 761
979 12
979 234
980 605
980 155
980 216
980 972
980 69
980 946
980 505
980 542
980 899
980 76
980 538
980 486
980 408
980 681
980 235
980 74
980 953
981 365
981 85
981 993
981 626
981 291
981 942
981 507
981 454
981 359
981 503
981 707
981 48
981 352
982 351
982 951
982 856
982 956
982 373
982 260
982 688
982 626
982 965
982 694
982 810
982 994
982 877
982 681
982 988
982 109
982 188
982 366
983 985
983 429
983 780
983 557
983 759
983 175
983 481
983 397
983 638
983 852
983 797
983 718
983 335
983 101
983 176
983 827
984 954
984 715
984 554
984 376
984 481
984 238
984 144
984 447
984 924
984 160
984 514
984 402
984 720
984 15
984 363
984 284
984 879
985 55
985 59
985 499
985 850
985 214
985 35
985 200
985 231
985 563
985 593
985 183
985 983
985 801
985 282
985 284
986 167
986 76
986 732
986 827
986 608
986 894
987 56
987 491
987 120
987 191
987 869
987 972
987 548
987 702
987 909
987 393
987 946
988 583
988 305
988 572
988 787
988 982
988 567
988 208
988 215
988 59
988 542
989 471
989 590
989 302
989 384
989 111
989 192
989 125
989 865
989 675
989 557
989 562
989 370
989 187
989 98
990 889
990 410
990 292
990 321
991 136
991 129
991 644
991 167
991 747
991 586
991 525
992 402
992 215
992 191
992 519
992 563
992 589
992 627
992 530
992 545
992 274
992 98
992 883
992 539
993 763
993 394
993 387
993 526
993 817
993 644
993 520
993 878
993 981
993 709
993 372
993 267
993 326
993 622
994 836
994 428
994 982
994 212
994 449
994 287
994 455
994 175
994 830
994 410
994 726
994 58
995 765
995 840
995 555
995 570
995 465
995 552
995 528
996 159
996 609
996 508
996 590
996 971
996 532
996 828
996 124
996 352
997 115
997 461
997 446
997 681
997 18
997 893
997 762
997 545
997 73
998 482
998 959
998 629
998 699
998 144
998 919
998 142
999 598
999 661
999 940
999 603
999 144
999 81
999 685
1000 837
1000 308
1000 743
1000 564
1000 533
1000 418
1000 377
1000 127
1000 640
1000 665
1000 776
1000 605
1000 314
1000 936
