1 735
1 751
1 708
1 917
1 177
1 174
1 31
2 519
3 512
3 155
3 500
4 503
4 299
4 644
4 475
4 42
4 95
5 374
6 897
7 953
7 810
7 638
8 751
8 841
8 726
9 865
9 723
9 356
10 513
10 724
10 648
10 407
10 288
10 255
10 174
10 143
10 862
11 14
11 355
13 302
13 492
13 117
13 383
14 11
14 813
14 913
14 945
14 705
15 699
15 711
15 717
17 411
18 966
19 604
19 765
19 234
20 611
20 746
20 468
20 368
20 228
20 505
20 779
20 635
20 955
22 442
22 80
23 28
24 519
24 722
24 883
24 356
25 625
25 562
25 871
26 470
26 281
26 463
26 410
26 369
27 289
27 379
28 551
28 835
28 23
28 846
28 41
28 583
28 851
28 431
29 42
30 856
30 938
31 534
31 836
31 930
31 1
31 523
31 824
31 890
32 966
33 474
34 664
34 255
34 250
35 486
35 58
35 234
36 577
36 369
36 791
37 151
37 850
37 856
38 896
38 637
38 604
38 883
38 617
39 364
39 638
40 319
40 259
40 100
40 517
40 542
40 614
40 459
40 912
40 418
40 190
40 870
40 658
40 55
40 443
40 872
40 234
41 813
41 28
41 158
41 801
42 166
42 29
42 689
42 831
42 968
42 100
42 4
42 175
43 262
45 319
45 690
45 100
45 908
45 518
45 334
45 314
45 554
45 767
46 303
46 731
46 493
46 253
46 892
47 780
47 154
47 301
47 729
47 99
47 424
47 407
47 291
47 146
47 255
47 892
47 758
48 801
51 174
53 926
53 825
53 957
53 625
53 961
53 947
53 589
54 367
54 742
54 498
55 281
55 40
56 355
56 80
56 872
57 617
57 250
58 258
58 203
58 519
58 680
58 201
58 144
58 35
58 164
58 576
58 894
59 526
60 920
60 471
60 145
60 865
60 420
60 502
61 526
61 571
62 655
62 170
63 459
63 411
64 369
64 234
66 141
66 671
66 271
66 529
66 422
66 244
67 332
67 336
67 636
67 489
67 223
67 968
67 173
67 587
67 840
68 335
69 780
69 146
69 439
69 433
69 772
69 200
69 781
69 269
69 443
69 407
69 659
69 461
69 155
70 437
71 389
72 620
73 949
73 726
73 437
74 722
74 238
74 765
75 346
75 765
75 938
76 410
76 143
77 410
77 897
79 637
79 238
79 415
79 938
80 899
80 56
80 109
80 266
80 778
80 574
80 979
80 531
80 672
80 308
80 22
80 369
80 339
81 490
82 346
83 597
83 620
85 735
85 142
85 618
85 778
85 431
86 342
86 854
86 981
86 604
86 600
86 121
87 281
87 90
87 812
87 968
87 956
87 619
87 880
88 318
89 623
89 909
89 282
89 769
89 881
89 184
89 355
90 87
90 742
90 214
92 503
92 526
92 370
93 749
93 414
93 751
93 573
94 184
94 167
95 848
95 4
95 906
95 350
95 645
95 358
95 938
96 462
97 133
98 415
99 47
100 42
100 120
100 45
100 40
101 765
101 255
101 335
102 519
102 123
102 238
102 284
103 120
105 336
105 541
105 214
107 431
107 498
108 167
109 132
109 420
109 726
109 80
113 934
113 122
113 535
113 715
115 722
115 463
115 617
116 370
117 176
117 619
117 913
117 275
117 652
117 997
117 299
117 818
117 13
118 415
118 121
119 254
119 255
119 841
119 296
119 568
120 404
120 103
120 182
120 533
120 100
120 689
120 754
120 345
120 121
120 810
121 120
121 709
121 118
121 941
121 458
121 86
121 895
121 694
121 186
122 588
122 894
122 113
123 209
123 558
123 102
123 494
123 731
123 805
123 550
123 241
123 475
123 545
123 227
124 363
124 415
124 526
125 339
125 437
126 132
126 486
128 234
129 841
131 808
132 109
132 802
132 777
132 126
132 375
132 545
133 97
133 709
133 819
134 850
135 919
136 186
137 703
138 545
138 620
139 801
139 244
139 620
140 617
140 953
141 66
141 791
142 442
142 85
142 894
143 627
143 920
143 261
143 933
143 76
143 10
143 309
143 537
143 164
143 612
143 205
144 58
144 894
145 60
146 47
146 69
146 486
148 892
148 850
148 500
148 545
150 715
151 37
151 964
151 607
151 707
151 414
151 598
152 262
153 699
153 336
153 370
154 156
154 381
154 47
154 687
154 617
154 568
155 69
155 533
155 3
155 871
156 154
156 970
157 573
158 209
158 965
158 280
158 523
158 41
158 938
158 758
159 545
160 330
160 296
161 164
161 324
162 626
162 289
163 281
163 356
163 324
164 824
164 578
164 350
164 161
164 366
164 58
164 143
166 42
167 983
167 94
167 769
167 522
167 178
167 108
167 249
168 905
168 517
168 382
168 573
169 585
170 855
170 427
170 833
170 960
170 316
170 418
170 451
170 572
170 62
170 589
170 597
170 481
170 951
170 791
171 949
171 474
172 785
172 956
172 462
172 600
173 67
173 894
173 262
174 675
174 800
174 10
174 988
174 764
174 51
174 913
174 734
174 376
174 986
174 185
174 257
174 1
175 42
175 600
176 117
176 244
177 1
178 902
178 167
179 431
180 989
181 414
181 597
181 961
181 653
182 120
182 370
183 486
183 382
184 89
184 430
184 655
184 940
184 94
184 189
185 633
185 174
186 707
186 199
186 449
186 734
186 476
186 830
186 136
186 271
186 744
186 504
186 121
187 281
187 758
188 880
189 184
189 865
189 356
190 503
190 299
190 883
190 40
192 935
192 498
193 808
196 454
196 562
197 705
198 995
199 316
199 186
200 69
200 955
200 953
200 620
200 568
200 791
201 504
201 58
201 935
201 545
202 625
202 486
203 664
203 58
204 841
205 254
205 545
205 143
207 364
209 841
209 123
209 158
209 316
210 961
210 711
210 545
212 503
213 588
213 880
214 681
214 90
214 670
214 435
214 363
214 837
214 694
214 572
214 105
215 475
215 660
217 546
219 512
219 519
221 339
222 437
223 336
223 67
223 603
223 411
225 335
226 872
227 703
227 272
227 544
227 518
227 665
227 123
227 979
227 354
227 940
227 501
228 20
229 465
229 729
230 653
230 318
231 701
231 265
231 739
232 902
232 687
232 546
234 747
234 786
234 883
234 19
234 64
234 894
234 505
234 551
234 727
234 128
234 924
234 40
234 587
234 836
234 255
234 35
234 286
235 742
236 266
237 678
237 452
237 601
237 543
237 861
237 874
237 901
237 340
238 744
238 79
238 451
238 937
238 102
238 74
238 287
238 904
239 411
239 953
241 123
242 512
242 887
243 541
243 254
244 613
244 755
244 992
244 302
244 176
244 767
244 66
244 139
244 498
244 473
244 879
245 498
245 339
246 389
246 431
246 562
247 588
249 289
249 562
249 167
250 752
250 554
250 953
250 635
250 604
250 692
250 969
250 277
250 864
250 745
250 699
250 848
250 57
250 317
250 850
250 283
250 516
250 845
250 361
250 34
251 336
251 687
251 872
252 475
252 545
252 638
252 324
253 702
253 919
253 46
254 367
254 243
254 968
254 205
254 119
254 647
254 562
255 416
255 366
255 587
255 101
255 860
255 705
255 119
255 10
255 47
255 34
255 434
255 522
255 474
255 234
255 570
256 703
257 503
257 174
257 726
257 801
258 840
258 58
259 40
260 840
260 935
261 143
261 571
261 955
262 417
262 460
262 152
262 913
262 691
262 689
262 981
262 43
262 173
265 231
265 299
265 687
265 871
266 236
266 776
266 727
266 327
266 842
266 80
267 475
267 938
268 420
268 299
268 562
269 69
271 66
271 186
271 568
272 370
272 227
273 900
273 862
275 289
275 117
275 500
276 954
276 379
277 363
277 687
277 250
278 641
278 415
280 633
280 158
281 386
281 389
281 837
281 915
281 55
281 163
281 957
281 968
281 933
281 187
281 26
281 87
281 955
282 89
283 363
283 949
283 250
283 437
284 603
284 102
284 685
284 395
284 385
284 922
284 516
284 429
284 346
284 287
284 574
285 935
285 638
285 791
286 919
286 883
286 234
287 954
287 238
287 284
288 775
288 10
288 865
289 249
289 27
289 731
289 531
289 712
289 575
289 275
289 162
289 636
289 711
290 577
291 47
291 919
292 726
293 463
293 475
293 592
294 641
296 747
296 698
296 587
296 927
296 411
296 426
296 537
296 119
296 762
296 160
296 547
296 468
296 447
296 971
296 817
296 581
296 725
296 770
297 961
297 588
299 477
299 268
299 4
299 190
299 929
299 999
299 970
299 265
299 304
299 717
299 117
299 850
299 856
300 389
301 504
301 47
301 415
302 13
302 244
303 46
304 544
304 299
306 765
307 603
307 617
308 80
308 850
308 862
309 475
309 143
311 502
311 758
311 496
312 420
313 902
314 45
315 635
316 352
316 808
316 708
316 462
316 209
316 199
316 453
316 821
316 342
316 463
316 170
316 356
317 459
317 955
317 250
318 230
318 590
318 88
318 734
318 895
318 840
318 946
319 45
319 40
319 573
322 808
324 656
324 163
324 161
324 385
324 854
324 252
324 855
325 573
325 872
327 266
327 437
328 617
330 866
330 160
330 481
330 526
330 953
330 502
331 528
331 942
332 67
332 715
332 742
332 894
333 682
333 481
333 781
333 550
333 758
334 45
335 927
335 688
335 783
335 225
335 667
335 68
335 880
335 384
335 101
335 950
336 223
336 648
336 667
336 105
336 702
336 153
336 251
336 821
336 637
336 67
338 579
339 656
339 636
339 891
339 675
339 697
339 245
339 558
339 221
339 768
339 125
339 80
340 237
342 86
342 316
342 431
345 120
346 82
346 430
346 915
346 598
346 408
346 572
346 75
346 284
347 808
348 966
348 356
350 164
350 95
351 401
351 729
351 818
351 881
351 370
351 568
352 316
353 389
353 644
353 862
354 718
354 630
354 742
354 227
355 56
355 551
355 11
355 89
355 374
355 645
355 507
355 947
355 871
355 660
356 656
356 541
356 747
356 9
356 722
356 482
356 348
356 316
356 799
356 189
356 163
356 24
357 597
357 711
357 892
357 840
358 95
358 571
360 896
360 996
361 996
361 949
361 250
362 865
363 124
363 277
363 283
363 214
363 571
363 791
364 207
364 39
364 936
364 919
364 880
365 687
366 164
366 255
366 938
367 535
367 54
367 254
368 20
368 907
369 707
369 26
369 80
369 935
369 708
369 814
369 64
369 36
369 550
369 722
369 486
369 891
369 617
370 768
370 92
370 116
370 415
370 955
370 153
370 182
370 351
370 990
370 561
370 606
370 880
370 909
370 272
371 496
372 504
373 982
373 622
373 774
373 604
373 938
374 684
374 5
374 624
374 355
375 132
375 465
375 902
375 966
376 896
376 174
377 902
378 672
378 726
379 607
379 948
379 974
379 276
379 840
379 27
380 573
381 494
381 680
381 154
381 944
382 989
382 909
382 183
382 451
382 949
382 908
382 168
383 897
383 13
384 597
384 335
385 284
385 585
385 955
385 324
386 281
387 703
388 617
388 758
389 71
389 353
389 300
389 527
389 246
389 281
392 907
392 938
393 599
393 997
393 604
393 966
393 949
394 573
394 635
395 942
395 284
395 545
395 871
395 635
396 481
396 841
398 653
399 989
400 573
400 953
401 351
401 810
401 907
402 420
402 687
402 897
402 498
404 120
405 431
406 486
407 10
407 47
407 995
407 69
407 615
407 850
408 346
408 840
410 77
410 786
410 26
410 435
410 76
410 440
411 658
411 63
411 239
411 223
411 974
411 17
411 296
412 577
412 570
414 181
414 947
414 93
414 151
415 506
415 79
415 624
415 513
415 278
415 98
415 124
415 118
415 899
415 461
415 301
415 782
415 492
415 911
415 665
415 370
415 568
416 255
417 801
417 262
417 993
418 711
418 475
418 40
418 170
418 617
419 1000
419 813
420 312
420 488
420 268
420 760
420 445
420 60
420 503
420 599
420 870
420 109
420 402
420 881
420 837
420 588
420 486
421 717
421 742
422 722
422 66
422 856
422 897
422 570
424 47
425 995
425 711
426 296
427 883
427 726
427 170
428 871
429 840
429 284
430 504
430 184
430 346
431 514
431 725
431 995
431 595
431 342
431 405
431 107
431 246
431 769
431 663
431 85
431 28
431 179
432 808
432 638
433 442
433 69
434 255
435 214
435 410
437 222
437 489
437 934
437 125
437 828
437 831
437 327
437 73
437 70
437 471
437 693
437 932
437 283
437 614
438 502
439 69
439 732
439 660
440 410
442 433
442 142
442 22
442 542
442 638
443 69
443 40
444 758
445 420
446 993
447 653
447 742
447 296
449 765
449 840
449 186
449 810
449 570
450 810
451 238
451 170
451 382
451 953
452 237
453 316
454 196
454 892
454 592
456 902
456 625
458 966
458 121
459 928
459 984
459 737
459 63
459 317
459 962
459 40
460 262
461 69
461 415
462 96
462 172
462 316
463 293
463 26
463 115
463 593
463 316
463 880
463 638
465 814
465 229
465 375
465 585
465 638
466 887
466 711
467 637
467 993
468 20
468 296
469 503
469 961
469 995
470 26
470 625
470 573
470 953
471 60
471 687
471 437
472 850
473 244
474 649
474 723
474 736
474 715
474 255
474 171
474 625
474 33
474 498
474 810
475 293
475 252
475 4
475 215
475 604
475 693
475 418
475 309
475 123
475 267
475 650
476 902
476 946
476 186
477 299
479 583
479 971
479 657
479 517
480 953
481 330
481 396
481 333
481 170
482 356
484 880
485 519
486 35
486 146
486 886
486 126
486 202
486 774
486 895
486 420
486 406
486 183
486 992
486 369
486 660
488 420
488 946
489 67
489 892
489 742
489 938
489 437
490 645
490 786
490 648
490 736
490 876
490 81
490 813
490 897
491 703
492 415
492 13
493 46
494 381
494 123
494 638
495 638
496 311
496 546
496 932
496 873
496 510
496 371
496 634
496 673
496 896
498 613
498 192
498 245
498 54
498 783
498 107
498 402
498 474
498 244
499 961
499 625
499 880
500 926
500 148
500 680
500 275
500 3
501 227
502 311
502 60
502 438
502 588
502 721
502 822
502 330
502 533
503 469
503 513
503 92
503 4
503 212
503 823
503 257
503 190
503 709
503 420
504 430
504 201
504 817
504 857
504 372
504 932
504 301
504 577
504 186
504 953
505 20
505 234
506 944
506 415
507 355
507 546
507 568
508 604
508 841
509 942
509 801
509 758
510 496
511 588
512 219
512 242
512 3
512 985
512 865
513 686
513 10
513 957
513 503
513 415
514 431
515 604
516 995
516 284
516 250
517 479
517 40
517 168
518 45
518 227
519 485
519 24
519 669
519 102
519 813
519 2
519 963
519 219
519 58
522 255
522 840
522 167
523 158
523 31
526 808
526 61
526 904
526 92
526 330
526 124
526 577
526 643
526 59
527 389
528 331
529 66
530 873
531 289
531 80
531 862
532 570
533 155
533 120
533 502
534 31
535 367
535 113
537 865
537 143
537 296
538 703
541 851
541 243
541 684
541 105
541 885
541 940
541 356
542 442
542 840
542 40
543 237
544 304
544 711
544 966
544 894
544 227
545 627
545 132
545 201
545 148
545 902
545 395
545 252
545 159
545 971
545 552
545 138
545 210
545 123
545 205
546 507
546 217
546 232
546 708
546 496
547 296
549 592
550 655
550 333
550 123
550 946
550 369
551 355
551 28
551 604
551 234
552 545
552 993
554 717
554 45
554 250
557 897
558 123
558 726
558 935
558 339
559 600
560 571
561 577
561 370
562 652
562 196
562 249
562 246
562 778
562 268
562 731
562 756
562 899
562 254
562 734
562 926
562 25
562 743
563 850
564 703
565 740
565 599
565 954
565 765
565 840
565 758
567 993
568 656
568 986
568 507
568 415
568 905
568 977
568 271
568 119
568 154
568 200
568 801
568 351
569 625
569 907
570 804
570 698
570 947
570 412
570 532
570 991
570 669
570 684
570 255
570 422
570 449
571 750
571 261
571 560
571 363
571 358
571 952
571 585
571 61
571 735
572 214
572 346
572 170
573 157
573 319
573 995
573 909
573 93
573 380
573 593
573 394
573 643
573 400
573 470
573 325
573 697
573 168
574 749
574 942
574 883
574 80
574 284
575 289
576 722
576 58
577 412
577 290
577 898
577 777
577 504
577 36
577 855
577 561
577 658
577 586
577 813
577 526
578 164
578 726
579 338
579 791
581 296
583 479
583 28
584 792
584 881
584 814
584 933
584 592
585 905
585 662
585 780
585 169
585 385
585 827
585 686
585 975
585 465
585 591
585 571
586 577
586 871
587 67
587 255
587 296
587 234
588 511
588 122
588 297
588 715
588 213
588 420
588 247
588 853
588 502
589 170
589 53
590 318
591 732
591 585
592 646
592 454
592 802
592 999
592 549
592 584
592 293
593 573
593 463
595 615
595 431
597 181
597 748
597 384
597 83
597 357
597 762
597 170
598 346
598 151
599 565
599 393
599 420
599 880
600 559
600 627
600 689
600 86
600 172
600 175
600 895
601 237
603 307
603 866
603 906
603 223
603 915
603 733
603 284
604 508
604 38
604 798
604 650
604 515
604 887
604 19
604 551
604 795
604 373
604 86
604 877
604 393
604 732
604 475
604 250
605 880
606 946
606 370
607 897
607 379
607 151
608 966
610 653
610 687
611 20
612 935
612 143
612 660
613 244
613 498
613 872
614 40
614 437
615 803
615 844
615 595
615 873
615 751
615 724
615 407
615 938
616 900
616 954
617 57
617 418
617 140
617 694
617 796
617 388
617 154
617 38
617 328
617 307
617 115
617 369
617 900
618 85
619 995
619 87
619 117
620 72
620 719
620 139
620 803
620 138
620 629
620 83
620 984
620 930
620 869
620 200
620 660
621 703
622 373
623 89
624 374
624 415
625 25
625 202
625 499
625 456
625 470
625 569
625 949
625 474
625 53
625 791
626 162
626 648
626 915
626 711
627 946
627 545
627 143
627 600
629 620
630 354
631 703
632 703
633 280
633 904
633 185
634 496
635 20
635 315
635 394
635 814
635 395
635 775
635 702
635 783
635 250
636 957
636 67
636 289
636 732
636 339
637 467
637 79
637 839
637 665
637 716
637 38
637 336
637 966
637 765
638 7
638 495
638 285
638 947
638 465
638 762
638 494
638 39
638 432
638 713
638 442
638 252
638 463
641 294
641 278
641 653
643 573
643 526
643 894
644 4
644 353
644 663
644 889
644 862
645 490
645 355
645 95
645 801
646 592
647 254
647 955
648 626
648 10
648 336
648 490
648 765
648 758
649 474
649 892
650 604
650 475
652 562
652 117
653 230
653 610
653 447
653 398
653 859
653 641
653 181
653 907
654 942
655 62
655 835
655 550
655 701
655 912
655 184
656 324
656 356
656 791
656 339
656 568
657 479
658 577
658 40
658 411
659 69
660 794
660 732
660 833
660 620
660 215
660 486
660 612
660 439
660 899
660 674
660 952
660 355
660 831
662 585
663 644
663 431
664 34
664 203
664 877
664 729
665 637
665 415
665 227
667 336
667 335
668 955
669 519
669 715
669 711
669 570
670 214
671 66
671 717
671 871
672 378
672 80
673 496
674 883
674 810
674 660
675 174
675 339
676 758
677 726
678 237
680 381
680 765
680 58
680 500
681 214
682 333
682 726
683 841
684 374
684 541
684 570
685 931
685 915
685 284
686 513
686 961
686 585
687 707
687 365
687 277
687 772
687 402
687 251
687 975
687 154
687 694
687 610
687 802
687 906
687 232
687 471
687 265
688 335
689 42
689 120
689 600
689 262
690 45
691 995
691 894
691 262
692 919
692 250
693 723
693 475
693 894
693 437
694 214
694 687
694 617
694 121
695 758
697 949
697 573
697 339
698 961
698 296
698 570
699 986
699 153
699 15
699 250
701 231
701 655
702 253
702 336
702 635
703 978
703 631
703 538
703 491
703 387
703 137
703 621
703 564
703 256
703 632
703 878
703 227
705 814
705 14
705 197
705 844
705 743
705 255
707 369
707 186
707 687
707 151
708 957
708 1
708 316
708 369
708 546
709 133
709 503
709 121
711 544
711 466
711 669
711 289
711 210
711 916
711 626
711 357
711 15
711 418
711 425
711 955
712 289
713 638
715 332
715 150
715 669
715 588
715 474
715 113
716 637
717 421
717 299
717 15
717 554
717 781
717 671
718 354
719 966
719 620
721 966
721 502
721 862
722 576
722 857
722 853
722 115
722 422
722 24
722 74
722 954
722 369
722 356
723 693
723 9
723 474
723 765
724 10
724 615
725 892
725 431
725 296
726 427
726 8
726 942
726 987
726 875
726 682
726 109
726 292
726 677
726 558
726 578
726 73
726 257
726 378
726 803
727 266
727 234
728 900
729 664
729 229
729 963
729 813
729 47
729 351
731 123
731 289
731 562
731 46
732 591
732 636
732 604
732 439
732 965
732 941
732 942
732 979
732 660
733 603
734 318
734 174
734 562
734 186
735 85
735 919
735 1
735 571
736 800
736 490
736 949
736 474
737 459
738 880
739 749
739 231
740 565
742 875
742 849
742 54
742 774
742 90
742 489
742 332
742 235
742 421
742 829
742 354
742 941
742 447
743 705
743 562
744 238
744 186
744 791
745 250
746 20
747 296
747 234
747 356
748 597
748 892
748 883
748 872
749 739
749 574
749 93
749 887
750 571
751 833
751 951
751 93
751 8
751 1
751 615
752 250
754 892
754 120
755 966
755 244
756 562
757 872
758 311
758 695
758 565
758 648
758 784
758 333
758 444
758 676
758 388
758 187
758 158
758 509
758 47
759 949
759 953
760 961
760 420
762 597
762 638
762 296
764 174
765 101
765 565
765 855
765 913
765 680
765 75
765 306
765 648
765 898
765 637
765 449
765 892
765 723
765 74
765 19
767 45
767 244
768 370
768 339
769 89
769 431
769 167
770 296
770 862
772 69
772 687
774 373
774 486
774 742
774 801
775 288
775 912
775 936
775 635
775 993
776 266
777 132
777 577
778 85
778 80
778 562
779 20
780 47
780 69
780 585
781 333
781 69
781 717
782 415
783 498
783 335
783 635
784 758
785 172
786 490
786 410
786 234
787 900
788 840
791 656
791 744
791 170
791 948
791 579
791 950
791 888
791 141
791 36
791 913
791 285
791 200
791 625
791 363
792 584
794 660
795 604
796 617
798 604
798 883
799 356
800 736
800 174
801 417
801 48
801 257
801 41
801 774
801 139
801 509
801 645
801 568
802 132
802 592
802 687
803 615
803 726
803 620
804 570
805 123
808 432
808 193
808 347
808 322
808 960
808 131
808 994
808 526
808 316
810 7
810 120
810 450
810 449
810 873
810 401
810 674
810 951
810 474
812 87
813 41
813 14
813 519
813 729
813 419
813 490
813 577
814 465
814 705
814 584
814 369
814 635
817 504
817 296
818 351
818 117
819 133
820 944
821 336
821 316
822 887
822 502
823 503
824 164
824 31
825 887
825 883
825 53
827 585
828 883
828 437
829 966
829 742
829 862
830 186
831 42
831 660
831 437
832 841
833 751
833 170
833 880
833 660
834 862
835 655
835 28
836 31
836 234
837 281
837 420
837 214
838 996
839 637
840 260
840 921
840 522
840 788
840 982
840 258
840 908
840 357
840 449
840 67
840 429
840 408
840 565
840 984
840 318
840 542
840 379
841 209
841 119
841 8
841 683
841 204
841 832
841 129
841 396
841 508
841 885
842 266
843 883
844 705
844 615
845 250
846 28
848 95
848 872
848 871
848 250
849 742
850 37
850 148
850 563
850 134
850 472
850 921
850 299
850 407
850 308
850 250
851 28
851 541
853 722
853 588
854 86
854 324
855 577
855 765
855 170
855 324
856 37
856 422
856 30
856 299
856 892
857 504
857 722
859 653
860 255
861 237
862 834
862 353
862 531
862 273
862 721
862 829
862 981
862 644
862 308
862 908
862 10
862 770
863 989
864 250
865 512
865 9
865 537
865 189
865 288
865 60
865 362
866 330
866 603
867 924
869 620
870 420
870 40
870 993
871 586
871 428
871 848
871 671
871 265
871 155
871 355
871 25
871 395
872 613
872 900
872 40
872 56
872 848
872 251
872 748
872 757
872 226
872 325
873 530
873 615
873 810
873 496
874 237
875 742
875 726
876 490
876 953
877 664
877 604
878 703
879 244
880 188
880 738
880 833
880 364
880 213
880 930
880 463
880 605
880 599
880 484
880 87
880 499
880 335
880 370
881 89
881 954
881 584
881 420
881 351
883 427
883 798
883 992
883 674
883 828
883 190
883 574
883 843
883 286
883 24
883 825
883 748
883 38
883 234
885 541
885 841
886 486
887 749
887 242
887 822
887 825
887 466
887 604
887 907
888 791
889 644
890 31
891 369
891 339
892 649
892 47
892 923
892 148
892 489
892 725
892 748
892 454
892 754
892 357
892 765
892 856
892 46
894 926
894 144
894 693
894 122
894 58
894 544
894 173
894 643
894 142
894 691
894 332
894 234
895 318
895 486
895 600
895 121
896 38
896 376
896 913
896 360
896 496
897 607
897 77
897 383
897 402
897 6
897 490
897 422
897 557
898 577
898 765
899 80
899 415
899 562
899 660
900 787
900 616
900 998
900 728
900 273
900 946
900 617
900 872
901 237
902 956
902 377
902 980
902 456
902 178
902 232
902 476
902 929
902 313
902 375
902 545
902 938
904 633
904 238
904 526
905 168
905 585
905 955
905 568
906 603
906 95
906 687
907 392
907 401
907 887
907 368
907 653
907 569
908 45
908 840
908 382
908 862
909 89
909 573
909 382
909 370
911 415
911 938
912 775
912 655
912 40
913 14
913 896
913 174
913 765
913 117
913 262
913 791
914 993
915 626
915 685
915 603
915 281
915 346
916 711
917 1
919 735
919 692
919 291
919 364
919 135
919 253
919 286
920 60
920 143
921 840
921 850
922 284
923 892
924 867
924 234
926 500
926 53
926 935
926 894
926 562
927 335
927 296
928 459
929 902
929 299
930 988
930 31
930 880
930 620
931 685
932 504
932 496
932 437
933 584
933 281
933 143
934 113
934 437
935 926
935 192
935 558
935 612
935 260
935 980
935 285
935 201
935 369
936 775
936 364
937 238
938 392
938 75
938 158
938 902
938 957
938 366
938 489
938 30
938 267
938 79
938 95
938 615
938 373
938 911
940 184
940 541
940 227
941 742
941 732
941 121
942 331
942 654
942 970
942 509
942 574
942 395
942 732
942 726
944 506
944 820
944 381
945 14
946 627
946 476
946 550
946 488
946 995
946 900
946 318
946 606
947 414
947 355
947 53
947 638
947 570
948 379
948 791
949 697
949 736
949 73
949 625
949 171
949 361
949 759
949 283
949 393
949 382
950 335
950 791
951 751
951 170
951 810
952 571
952 660
953 7
953 451
953 876
953 470
953 400
953 759
953 480
953 504
953 239
953 200
953 330
953 140
953 250
954 287
954 276
954 616
954 565
954 722
954 881
955 20
955 647
955 261
955 281
955 317
955 711
955 200
955 385
955 668
955 905
955 370
956 902
956 172
956 87
957 636
957 513
957 708
957 281
957 53
957 938
960 808
960 170
961 499
961 181
961 760
961 698
961 210
961 297
961 686
961 469
961 53
962 459
963 519
963 729
964 151
965 158
965 732
966 719
966 18
966 375
966 982
966 829
966 393
966 755
966 348
966 637
966 608
966 458
966 32
966 721
966 544
968 67
968 281
968 87
968 254
968 42
969 250
970 156
970 942
970 299
971 479
971 545
971 296
974 411
974 379
975 687
975 585
977 568
978 703
979 732
979 80
979 227
980 902
980 935
981 86
981 262
981 862
982 373
982 966
982 840
983 167
984 459
984 840
984 620
985 512
986 699
986 174
986 568
987 726
988 930
988 174
989 399
989 863
989 180
989 382
990 370
991 570
992 486
992 883
992 244
993 446
993 567
993 417
993 914
993 870
993 467
993 775
993 552
994 808
995 198
995 516
995 425
995 469
995 691
995 619
995 407
995 573
995 431
995 946
996 838
996 361
996 360
997 393
997 117
998 900
999 299
999 592
1000 419
