1 735
1 751
1 917
1 177
1 174
1 840
1 192
1 31
1 541
1 913
2 519
2 421
2 999
2 133
2 517
2 631
2 600
2 7
3 512
3 155
3 500
3 732
3 41
3 283
3 387
4 711
4 675
4 809
4 545
4 337
4 402
4 548
4 249
4 870
4 210
4 776
4 503
4 299
4 475
4 42
4 95
4 616
4 381
4 602
5 648
5 935
5 261
5 135
5 667
5 166
5 415
5 522
5 892
5 898
5 493
6 897
6 266
7 737
7 361
7 641
7 795
7 95
7 400
7 571
7 359
7 150
7 920
7 120
7 402
7 926
7 452
7 2
7 953
7 342
7 876
7 828
7 389
7 845
7 602
8 751
8 841
8 726
8 535
8 765
8 33
9 669
9 740
9 979
9 663
9 617
9 865
9 356
9 940
9 838
10 513
10 724
10 648
10 407
10 288
10 255
10 174
10 143
10 862
10 894
10 578
11 847
11 270
11 498
11 215
11 355
11 664
11 518
11 224
12 962
12 499
12 238
12 295
12 311
12 852
12 976
12 680
13 492
13 117
13 383
13 226
13 338
13 844
13 717
13 389
14 813
14 913
14 945
14 260
14 983
14 957
14 843
14 475
14 517
14 705
14 401
14 727
14 834
15 699
15 711
15 717
15 926
16 93
16 317
16 790
16 657
16 168
16 686
16 744
16 905
16 644
16 835
16 159
16 430
16 840
16 538
16 361
16 551
17 411
17 724
17 972
18 966
18 20
18 582
18 144
19 604
19 765
19 234
19 844
19 851
19 754
20 228
20 505
20 820
20 346
20 503
20 800
20 653
20 18
20 577
20 946
20 635
20 801
20 38
20 106
21 781
21 349
21 601
22 784
22 171
22 651
22 288
22 354
22 194
22 442
22 541
22 109
22 347
23 28
24 519
24 722
24 883
24 356
24 887
24 124
25 625
25 562
25 871
25 926
25 454
25 297
25 400
26 470
26 281
26 463
26 410
26 369
26 940
26 484
26 861
27 289
27 379
28 551
28 835
28 23
28 41
28 583
28 851
28 89
28 316
28 853
28 473
28 431
28 401
28 825
28 354
29 42
29 332
29 244
29 137
30 856
30 938
30 522
30 442
30 680
30 838
30 861
31 534
31 836
31 930
31 1
31 824
31 890
31 338
31 962
31 673
31 308
31 498
31 753
31 953
32 966
32 632
32 882
33 492
33 8
33 238
33 541
33 770
33 966
33 103
33 372
33 505
33 480
33 934
34 363
34 355
34 396
34 505
34 693
34 173
34 392
34 237
34 273
34 250
34 119
34 663
35 392
35 284
35 85
35 336
35 559
35 601
35 480
35 486
35 234
35 828
35 791
35 106
36 358
36 624
36 124
36 450
36 722
36 305
36 546
36 952
36 932
36 770
36 394
36 350
36 872
36 369
36 791
36 397
37 813
37 554
37 528
37 425
37 580
37 879
37 572
37 413
37 850
37 856
37 181
37 161
37 257
37 569
37 106
37 60
38 685
38 199
38 115
38 411
38 586
38 83
38 819
38 949
38 508
38 485
38 225
38 20
38 868
38 747
38 896
38 637
38 883
38 617
38 825
38 257
38 189
38 754
39 364
39 638
39 205
39 512
39 225
40 319
40 259
40 100
40 517
40 542
40 459
40 912
40 418
40 190
40 870
40 55
40 443
40 423
40 293
40 882
40 872
40 234
40 705
40 370
40 180
40 990
41 813
41 3
41 780
41 114
41 258
41 797
41 561
41 754
41 28
41 801
41 171
41 969
42 166
42 29
42 831
42 968
42 100
42 4
42 175
42 842
42 619
42 374
42 851
42 755
42 182
43 262
43 909
43 504
43 724
43 536
44 833
44 876
44 862
45 319
45 690
45 100
45 908
45 518
45 334
45 314
45 554
45 767
45 930
45 802
45 517
45 658
45 588
45 773
46 303
46 731
46 892
46 239
46 139
46 243
46 855
46 703
47 780
47 154
47 301
47 729
47 99
47 424
47 407
47 146
47 689
47 439
47 340
47 707
47 255
47 892
47 758
47 612
48 801
48 986
48 254
48 656
48 151
49 865
50 752
50 938
50 553
50 576
50 386
50 53
50 350
50 711
50 469
50 137
51 418
51 780
51 296
51 810
51 696
53 825
53 957
53 625
53 961
53 947
53 589
53 50
53 432
53 562
53 871
53 851
54 367
54 742
54 498
54 184
55 281
55 40
55 940
55 802
55 775
55 457
56 355
56 80
56 872
56 656
56 920
56 434
56 297
56 261
57 310
57 718
57 292
57 162
57 796
57 259
57 617
57 186
57 724
57 765
58 203
58 519
58 680
58 201
58 275
58 866
58 617
58 160
58 505
58 798
58 861
58 894
58 729
58 995
59 526
59 358
59 388
59 913
60 471
60 858
60 995
60 954
60 941
60 918
60 174
60 278
60 801
60 741
60 37
60 355
60 420
60 502
60 656
60 576
60 901
61 526
61 571
61 291
61 834
61 707
61 400
61 910
62 655
62 170
62 813
62 736
62 969
63 250
63 365
63 394
63 268
63 783
63 163
63 680
63 411
63 86
63 638
64 369
64 234
64 606
64 341
65 80
65 615
65 323
66 141
66 271
66 529
66 422
66 217
66 799
66 355
66 109
66 244
66 562
66 373
66 332
66 934
67 332
67 636
67 489
67 223
67 968
67 173
67 587
67 928
67 424
67 840
67 577
67 765
67 845
68 190
68 670
68 564
68 744
68 510
68 941
68 258
68 253
68 349
68 529
68 725
69 780
69 146
69 439
69 433
69 772
69 200
69 269
69 443
69 659
69 461
69 585
69 424
69 83
69 392
69 155
69 110
69 144
70 437
70 729
70 930
70 612
71 389
71 456
71 417
71 658
72 620
72 392
72 498
72 663
72 611
72 106
73 216
73 954
73 732
73 997
73 546
73 716
73 601
73 860
73 395
73 883
73 726
73 934
74 722
74 238
74 765
74 208
75 346
75 765
75 938
75 435
75 723
75 517
76 410
76 143
76 249
76 913
76 277
77 811
77 409
77 195
77 768
77 354
77 939
77 402
77 963
77 745
77 763
77 373
77 897
77 388
77 370
78 224
78 387
79 637
79 238
79 415
79 938
79 201
79 810
79 309
79 144
80 899
80 56
80 266
80 778
80 574
80 979
80 531
80 672
80 308
80 718
80 196
80 763
80 65
80 187
80 215
80 339
80 607
80 775
80 714
81 490
81 708
81 693
81 127
82 346
82 702
82 124
82 671
82 449
82 882
83 597
83 620
83 747
83 38
83 69
83 932
83 161
83 776
84 940
84 100
84 901
85 735
85 142
85 618
85 778
85 431
85 35
85 825
85 663
85 277
86 981
86 63
86 721
86 239
86 868
86 301
86 202
86 656
86 816
86 600
86 121
86 87
86 854
86 915
86 183
87 281
87 90
87 812
87 968
87 956
87 619
87 917
87 153
87 86
87 447
87 743
87 454
87 632
87 189
88 318
88 844
88 126
88 718
88 761
89 623
89 282
89 769
89 881
89 479
89 730
89 273
89 790
89 184
89 355
89 420
89 28
89 736
89 992
89 277
89 559
90 87
90 742
90 214
90 747
90 899
90 308
90 622
91 876
91 319
91 671
91 242
91 456
91 122
91 880
92 503
92 526
92 370
93 749
93 414
93 751
93 573
93 846
93 980
93 810
93 518
93 16
94 184
94 167
94 720
95 848
95 4
95 645
95 653
95 322
95 942
95 206
95 938
95 562
95 573
95 7
95 309
96 462
96 834
96 577
97 133
97 904
97 810
97 208
97 323
97 582
98 415
98 660
98 254
98 833
98 431
98 993
98 144
98 764
98 738
99 47
99 671
99 956
99 134
99 952
100 937
100 700
100 348
100 585
100 84
100 633
100 42
100 45
100 40
100 551
100 909
100 518
101 420
101 461
101 235
101 759
101 930
101 856
101 158
101 936
101 785
101 765
101 335
101 660
101 538
102 519
102 123
102 238
102 284
102 673
103 120
103 233
103 33
103 826
104 513
104 833
104 632
104 910
104 341
104 976
104 511
104 538
105 336
105 541
105 214
105 224
106 37
106 20
106 888
106 840
106 72
106 193
106 881
106 560
106 35
106 887
107 431
107 498
107 729
107 374
107 829
107 621
107 764
108 167
108 246
109 626
109 615
109 937
109 917
109 523
109 976
109 419
109 955
109 895
109 546
109 949
109 22
109 742
109 946
109 132
109 420
109 726
109 357
109 66
109 956
109 926
109 720
110 410
110 545
110 541
110 69
110 348
110 164
110 807
110 950
110 181
110 576
110 543
110 746
112 699
112 551
112 536
113 934
113 715
113 597
113 999
113 404
113 762
113 184
113 498
113 569
113 517
114 401
114 41
114 614
114 432
114 189
114 399
115 712
115 263
115 181
115 462
115 868
115 938
115 471
115 336
115 968
115 797
115 164
115 722
115 617
115 38
115 992
115 665
116 370
116 369
116 800
117 619
117 913
117 275
117 652
117 997
117 818
117 814
117 828
117 341
117 13
117 366
117 825
117 606
117 753
117 340
118 415
118 121
118 855
118 955
119 590
119 867
119 34
119 547
119 457
119 254
119 296
119 568
119 327
120 404
120 103
120 182
120 533
120 754
120 345
120 941
120 512
120 912
120 121
120 699
120 7
120 972
120 723
120 549
120 559
121 120
121 709
121 118
121 941
121 458
121 86
121 895
121 694
121 186
121 971
121 704
122 421
122 175
122 645
122 91
122 858
122 779
122 970
122 903
122 894
122 935
122 946
122 304
122 475
123 209
123 558
123 102
123 494
123 731
123 805
123 550
123 241
123 475
123 545
123 227
123 871
123 297
123 222
124 82
124 364
124 148
124 627
124 433
124 623
124 302
124 24
124 363
124 415
124 36
124 277
125 339
125 437
125 747
125 214
125 950
125 802
125 674
126 837
126 784
126 375
126 891
126 565
126 927
126 743
126 620
126 904
126 510
126 701
126 88
126 486
126 781
127 81
127 144
127 798
127 134
127 667
127 300
127 351
127 458
127 876
127 676
127 438
127 205
127 153
128 234
128 374
128 434
128 357
128 148
128 237
129 841
129 201
129 949
129 358
129 882
130 187
130 535
130 915
130 224
131 808
131 829
131 822
131 333
131 611
132 109
132 802
132 777
132 375
132 941
132 959
132 545
132 543
132 337
133 97
133 709
133 172
133 2
133 237
133 628
133 717
133 914
133 656
133 257
134 858
134 929
134 523
134 99
134 546
134 874
134 578
134 127
135 919
135 5
135 781
135 214
135 660
135 296
135 175
135 323
135 349
136 186
136 732
136 349
137 478
137 635
137 798
137 29
137 138
137 482
137 729
137 801
137 50
137 762
137 726
137 703
137 551
137 257
137 247
137 452
138 241
138 560
138 785
138 984
138 979
138 743
138 653
138 441
138 460
138 545
138 899
138 309
138 773
138 137
139 913
139 565
139 426
139 918
139 724
139 981
139 632
139 557
139 570
139 244
139 620
139 307
139 747
139 46
139 973
139 497
140 617
140 953
141 66
141 791
141 366
141 810
141 170
142 321
142 166
142 724
142 756
142 307
142 299
142 224
142 766
142 442
142 85
142 673
143 627
143 920
143 261
143 933
143 76
143 10
143 309
143 537
143 612
143 205
143 329
143 302
143 233
143 982
143 153
143 535
143 898
144 351
144 814
144 98
144 69
144 79
144 790
144 387
144 18
144 303
144 292
144 615
144 226
144 336
144 894
144 965
144 983
144 554
144 127
145 945
145 406
145 631
145 780
145 447
145 221
145 237
145 853
145 734
145 618
145 664
145 828
145 990
146 47
146 69
146 486
146 249
146 624
148 703
148 482
148 411
148 238
148 128
148 765
148 909
148 869
148 214
148 171
148 892
148 545
148 124
148 350
149 612
150 715
150 368
150 7
151 964
151 607
151 414
151 598
151 48
151 511
151 961
152 262
152 938
152 854
152 155
152 905
153 143
153 437
153 775
153 370
153 393
153 127
153 699
153 336
153 87
154 156
154 381
154 47
154 687
154 617
154 568
154 954
154 400
154 761
154 631
154 803
155 69
155 533
155 3
155 427
155 152
155 612
155 621
155 237
156 154
156 970
156 831
156 564
157 573
158 209
158 965
158 280
158 523
158 507
158 936
158 924
158 797
158 577
158 837
158 762
158 938
158 758
158 599
158 101
159 545
159 16
160 330
160 296
160 58
160 388
160 288
160 720
161 993
161 83
161 808
161 37
161 865
161 308
161 330
161 324
161 420
161 519
161 381
162 626
162 289
162 980
162 299
162 57
162 452
163 281
163 356
163 324
163 909
163 63
163 388
163 764
164 824
164 350
164 366
164 196
164 576
164 375
164 418
164 115
164 110
164 224
165 834
166 42
166 5
166 142
166 388
166 264
167 94
167 769
167 522
167 178
167 108
167 249
167 243
167 468
168 905
168 382
168 573
168 871
168 745
168 16
169 585
169 664
169 989
170 427
170 833
170 960
170 316
170 418
170 572
170 62
170 589
170 597
170 481
170 951
170 236
170 298
170 141
170 791
170 891
170 373
170 276
170 631
170 421
171 674
171 198
171 481
171 893
171 296
171 726
171 493
171 612
171 41
171 949
171 22
171 148
172 785
172 462
172 773
172 839
172 342
172 133
173 427
173 279
173 426
173 694
173 515
173 196
173 462
173 67
173 262
173 351
173 34
173 366
173 592
173 469
174 675
174 10
174 988
174 734
174 185
174 414
174 656
174 549
174 342
174 857
174 302
174 896
174 434
174 452
174 1
174 60
174 475
174 184
175 430
175 758
175 599
175 853
175 135
175 360
175 586
175 239
175 474
175 926
175 756
175 42
175 249
175 225
175 122
176 988
176 862
176 392
176 973
176 244
177 1
177 632
177 915
178 902
178 167
178 810
179 431
179 600
179 323
180 40
180 803
180 643
180 241
180 335
180 964
180 971
180 249
180 904
180 768
181 110
181 854
181 200
181 482
181 37
181 191
181 597
181 961
181 653
181 421
181 115
182 472
182 397
182 42
182 917
182 490
182 208
182 120
182 871
182 354
183 793
183 426
183 86
183 842
183 382
183 915
183 990
184 89
184 430
184 655
184 94
184 113
184 54
184 727
184 174
184 779
185 633
185 174
185 774
185 905
185 714
186 707
186 199
186 449
186 734
186 476
186 830
186 136
186 744
186 504
186 57
186 941
186 121
186 604
187 770
187 352
187 532
187 130
187 599
187 758
187 80
187 972
187 834
187 559
188 880
188 899
188 660
188 354
188 910
189 38
189 910
189 87
189 299
189 669
189 114
189 990
189 605
189 485
189 715
189 651
189 865
189 356
189 804
189 972
189 233
189 347
190 808
190 503
190 299
190 40
190 68
190 845
190 559
190 538
191 551
191 468
191 522
191 181
191 614
192 935
192 498
192 1
192 474
192 222
193 808
193 754
193 106
194 395
194 22
194 955
194 539
194 656
194 437
194 779
195 599
195 77
195 903
196 454
196 562
196 80
196 164
196 173
196 304
196 582
197 705
197 776
197 861
198 995
198 903
198 171
199 316
199 186
199 38
199 491
200 69
200 955
200 953
200 620
200 568
200 791
200 181
200 257
200 427
200 802
200 469
200 411
201 300
201 79
201 698
201 461
201 775
201 860
201 338
201 314
201 584
201 746
201 928
201 129
201 504
201 58
201 545
202 625
202 486
202 86
202 803
202 762
202 804
202 491
202 564
203 664
203 58
203 841
203 773
204 841
204 940
204 920
204 538
205 880
205 996
205 326
205 774
205 999
205 127
205 39
205 545
205 143
205 804
205 904
205 400
206 95
207 364
207 702
207 972
207 910
207 779
207 969
207 601
208 213
208 499
208 902
208 97
208 732
208 74
208 653
208 259
208 757
208 392
208 993
208 781
208 182
208 250
208 703
209 841
209 123
209 158
209 316
209 604
209 842
209 337
210 961
210 711
210 545
210 980
210 671
210 968
210 4
211 360
211 395
211 336
211 755
211 337
212 503
212 401
212 994
213 588
213 880
213 983
213 539
213 493
213 208
213 564
214 681
214 90
214 670
214 363
214 837
214 694
214 572
214 105
214 295
214 135
214 125
214 148
214 237
215 475
215 660
215 11
215 80
215 432
216 956
216 992
216 73
217 546
217 906
217 66
217 309
217 898
218 624
219 512
219 519
219 387
221 339
221 307
221 565
221 616
221 145
222 308
222 549
222 557
222 291
222 962
222 123
222 818
222 973
222 586
222 657
222 192
222 421
222 781
222 539
223 336
223 67
223 603
223 411
223 415
223 242
224 164
224 105
224 448
224 988
224 705
224 11
224 393
224 78
224 872
224 130
224 142
224 389
224 283
224 417
224 973
225 485
225 831
225 175
225 317
225 39
225 447
225 774
225 514
225 551
225 38
225 661
225 497
226 872
226 13
226 357
226 968
226 358
226 435
226 144
227 703
227 272
227 544
227 123
227 354
227 940
227 501
227 748
227 646
227 268
227 834
228 20
229 465
229 729
229 585
229 661
230 653
230 318
230 431
230 373
231 701
231 265
231 739
231 883
231 844
231 350
231 361
231 582
232 902
232 687
232 546
232 486
232 844
232 493
232 831
233 189
233 400
233 998
233 403
233 103
233 887
233 604
233 925
233 365
233 758
233 143
233 892
233 304
234 786
234 883
234 19
234 64
234 894
234 505
234 551
234 727
234 128
234 924
234 40
234 587
234 836
234 255
234 35
234 286
234 847
234 906
234 417
235 742
235 101
235 976
236 266
236 905
236 614
236 170
236 474
237 678
237 874
237 352
237 214
237 388
237 617
237 396
237 155
237 128
237 407
237 501
237 34
237 133
237 480
237 145
237 247
237 903
237 738
238 744
238 79
238 451
238 937
238 102
238 74
238 287
238 904
238 568
238 364
238 148
238 612
238 33
238 12
239 411
239 953
239 86
239 46
239 754
239 175
239 969
240 468
240 761
240 973
241 123
241 138
241 566
241 800
241 180
242 336
242 223
242 259
242 91
242 715
242 887
242 456
243 541
243 254
243 395
243 167
243 844
243 880
243 46
244 613
244 176
244 767
244 66
244 139
244 498
244 473
244 879
244 752
244 392
244 29
244 891
244 442
244 410
244 691
245 498
245 339
245 829
245 768
246 868
246 108
246 652
246 319
246 393
246 431
246 562
246 415
247 921
247 629
247 137
247 745
247 989
247 237
247 685
247 358
248 896
248 614
248 802
249 919
249 591
249 180
249 76
249 874
249 908
249 146
249 762
249 175
249 289
249 167
249 373
249 954
249 4
249 349
250 752
250 953
250 635
250 692
250 864
250 745
250 317
250 850
250 283
250 516
250 34
250 399
250 713
250 542
250 436
250 208
250 326
250 429
250 403
250 862
250 545
250 381
250 63
250 688
251 336
251 687
251 872
251 828
251 407
251 747
251 926
252 475
252 545
252 638
252 324
252 307
252 399
253 594
253 805
253 515
253 830
253 352
253 306
253 702
253 919
253 550
253 68
254 367
254 243
254 968
254 119
254 647
254 98
254 455
254 715
254 48
254 513
254 736
254 691
254 689
255 416
255 366
255 587
255 860
255 705
255 10
255 47
255 636
255 417
255 910
255 899
255 495
255 882
255 474
255 234
255 570
255 702
255 323
255 349
256 703
256 420
256 633
256 999
256 913
256 707
257 137
257 967
257 38
257 37
257 411
257 200
257 679
257 954
257 133
257 503
257 726
257 801
257 664
257 565
257 844
257 544
257 915
257 703
258 843
258 653
258 339
258 599
258 564
258 603
258 840
258 41
258 357
258 754
258 68
259 40
259 242
259 457
259 57
259 208
260 840
260 935
260 14
260 638
260 261
261 740
261 260
261 56
261 312
261 497
261 848
261 525
261 143
261 955
261 5
261 923
262 417
262 460
262 152
262 691
262 689
262 981
262 43
262 173
262 906
262 747
262 614
263 115
263 915
264 737
264 401
264 166
264 843
264 443
264 524
264 464
265 231
265 299
265 687
265 871
265 578
266 236
266 631
266 6
266 375
266 523
266 80
266 965
266 705
266 956
266 961
266 349
267 475
267 938
268 420
268 299
268 562
268 63
268 227
268 688
269 69
269 986
269 960
270 11
270 489
270 449
270 592
270 511
271 840
271 713
271 509
271 678
271 66
271 568
271 989
272 370
272 227
272 972
273 900
273 862
273 89
273 607
273 711
273 34
273 304
274 366
275 289
275 117
275 500
275 58
276 517
276 170
276 938
276 567
276 858
276 902
276 294
276 978
276 767
276 635
276 496
276 354
276 930
276 379
276 932
276 569
276 644
276 538
277 686
277 76
277 124
277 637
277 913
277 537
277 890
277 85
277 907
277 89
277 363
277 687
277 980
277 976
278 641
278 415
278 60
278 293
278 704
279 173
280 633
280 158
280 357
280 616
281 386
281 389
281 837
281 55
281 163
281 957
281 933
281 26
281 336
281 866
281 862
281 946
281 663
281 87
281 955
281 454
281 704
282 89
282 617
282 671
283 411
283 224
283 627
283 3
283 363
283 949
283 250
283 965
284 603
284 102
284 685
284 395
284 385
284 922
284 516
284 429
284 346
284 287
284 574
284 35
284 665
284 762
284 602
285 935
285 638
285 791
285 342
285 971
286 919
286 883
286 234
286 437
286 993
286 730
287 954
287 238
287 284
287 971
288 160
288 591
288 590
288 767
288 879
288 824
288 775
288 10
288 865
288 22
288 972
288 569
289 249
289 27
289 731
289 531
289 712
289 575
289 275
289 162
289 636
289 711
289 702
289 761
290 577
290 854
291 999
291 843
291 61
291 943
291 919
291 222
291 511
292 726
292 986
292 297
292 57
292 144
292 901
293 498
293 278
293 789
293 917
293 463
293 592
293 40
294 641
294 276
294 358
295 307
295 364
295 214
295 12
296 698
296 587
296 927
296 426
296 537
296 119
296 762
296 160
296 547
296 468
296 447
296 971
296 817
296 581
296 725
296 770
296 956
296 550
296 135
296 171
296 51
297 991
297 123
297 669
297 292
297 56
297 25
297 837
297 961
297 463
297 854
297 454
297 323
298 395
298 854
298 170
298 764
299 477
299 268
299 4
299 190
299 929
299 999
299 970
299 265
299 304
299 162
299 850
299 856
299 392
299 142
299 189
299 707
299 511
300 389
300 201
300 127
300 842
300 903
300 773
301 504
301 47
301 415
301 86
301 834
302 984
302 747
302 626
302 935
302 891
302 143
302 124
302 689
302 400
302 174
303 46
303 968
303 973
303 144
304 518
304 726
304 674
304 122
304 546
304 196
304 379
304 273
304 536
304 233
304 544
304 299
304 846
304 435
305 36
305 934
306 765
306 253
306 518
306 808
307 519
307 865
307 693
307 295
307 221
307 898
307 871
307 482
307 464
307 139
307 252
307 603
307 142
307 990
308 793
308 718
308 467
308 703
308 90
308 589
308 80
308 850
308 486
308 31
308 161
308 350
308 222
309 341
309 982
309 665
309 528
309 79
309 769
309 217
309 138
309 382
309 95
309 143
309 729
309 833
309 921
310 616
310 633
310 57
311 502
311 758
311 496
311 813
311 992
311 802
311 491
311 12
311 602
312 420
312 980
312 427
312 566
312 261
313 902
313 381
313 952
314 45
314 201
314 971
314 407
314 451
315 635
316 352
316 808
316 708
316 462
316 209
316 199
316 453
316 821
316 342
316 463
316 170
316 356
316 664
316 28
316 600
317 459
317 955
317 250
317 808
317 625
317 539
317 225
317 16
318 230
318 590
318 88
318 734
318 895
318 840
318 946
318 742
318 434
319 504
319 353
319 701
319 688
319 91
319 341
319 45
319 40
319 896
319 246
319 910
320 673
320 469
321 781
321 142
321 950
321 689
322 808
322 513
322 95
322 848
322 614
322 976
323 135
323 65
323 983
323 297
323 179
323 255
323 506
323 823
323 97
323 411
323 1000
323 965
323 703
323 882
324 656
324 163
324 161
324 385
324 854
324 252
324 855
324 599
324 393
324 434
325 573
325 872
325 577
325 566
326 205
326 624
326 475
326 250
327 806
327 566
327 852
327 119
327 665
327 437
327 965
327 539
328 617
328 395
329 143
329 905
330 866
330 160
330 481
330 526
330 953
330 502
330 161
330 407
330 898
331 528
331 942
331 599
331 389
332 947
332 29
332 421
332 384
332 856
332 942
332 359
332 66
332 67
332 715
332 742
332 689
332 754
332 730
333 682
333 481
333 781
333 810
333 577
333 350
333 131
333 758
333 920
333 992
334 45
334 360
334 846
334 354
335 927
335 688
335 783
335 667
335 880
335 384
335 101
335 459
335 753
335 867
335 691
335 180
336 223
336 648
336 667
336 105
336 702
336 153
336 251
336 821
336 637
336 211
336 1000
336 499
336 632
336 35
336 281
336 115
336 242
336 341
336 969
336 144
337 847
337 639
337 399
337 211
337 628
337 209
337 447
337 132
337 4
338 579
338 201
338 339
338 31
338 13
338 761
338 564
339 636
339 891
339 675
339 697
339 245
339 558
339 221
339 768
339 125
339 80
339 338
339 983
339 258
339 432
339 915
340 822
340 380
340 445
340 402
340 414
340 974
340 763
340 117
340 47
340 976
341 956
341 973
341 815
341 636
341 104
341 783
341 336
341 64
341 907
341 803
341 319
341 624
341 921
341 309
341 117
342 7
342 762
342 980
342 768
342 285
342 388
342 512
342 316
342 437
342 172
342 174
342 564
343 585
344 491
345 120
345 736
345 976
346 82
346 430
346 915
346 598
346 408
346 572
346 75
346 284
346 20
346 449
347 361
347 779
347 406
347 356
347 468
347 721
347 621
347 672
347 22
347 984
347 855
347 189
347 493
347 879
347 808
347 891
347 971
347 559
348 966
348 356
348 366
348 100
348 110
348 486
349 249
349 783
349 639
349 135
349 865
349 255
349 928
349 408
349 980
349 266
349 805
349 21
349 561
349 136
349 68
349 602
350 951
350 231
350 439
350 837
350 148
350 658
350 50
350 604
350 308
350 164
350 351
350 36
350 333
350 952
350 969
350 720
351 818
351 881
351 350
351 553
351 173
351 370
351 568
351 392
351 913
351 127
351 144
352 316
352 187
352 253
352 850
352 237
353 389
353 644
353 862
353 983
353 319
353 892
353 711
353 822
353 808
354 630
354 28
354 370
354 801
354 188
354 334
354 182
354 797
354 963
354 742
354 227
354 906
354 22
354 77
354 276
354 539
354 973
355 56
355 551
355 11
355 89
355 374
355 645
355 507
355 947
355 871
355 660
355 34
355 841
355 66
355 606
355 961
355 903
355 60
356 656
356 541
356 747
356 9
356 722
356 482
356 348
356 316
356 799
356 189
356 163
356 24
356 500
356 347
357 372
357 454
357 280
357 514
357 109
357 258
357 226
357 511
357 641
357 738
357 998
357 128
357 597
357 711
357 840
358 361
358 579
358 294
358 247
358 226
358 59
358 129
358 571
358 949
358 36
358 952
359 803
359 705
359 7
359 674
359 332
360 633
360 799
360 334
360 211
360 808
360 830
360 893
360 996
360 687
360 175
361 871
361 475
361 947
361 231
361 996
361 949
361 7
361 358
361 347
361 16
362 865
363 124
363 277
363 283
363 214
363 571
363 791
363 34
363 822
363 894
364 207
364 39
364 936
364 504
364 811
364 295
364 372
364 238
364 818
364 615
364 895
364 935
364 919
364 513
364 124
365 687
365 999
365 63
365 755
365 753
365 233
366 348
366 456
366 173
366 141
366 756
366 661
366 117
366 630
366 274
366 510
366 164
366 255
366 742
366 996
367 535
367 54
367 254
367 762
367 559
367 387
368 487
368 702
368 981
368 536
368 543
368 150
368 907
368 601
369 707
369 26
369 935
369 708
369 814
369 64
369 36
369 550
369 722
369 486
369 116
369 671
369 617
369 930
369 723
369 714
370 92
370 116
370 415
370 955
370 351
370 561
370 880
370 909
370 272
370 927
370 77
370 824
370 40
370 786
370 153
370 535
370 644
370 674
370 354
370 903
371 496
371 381
372 504
372 364
372 357
372 33
373 982
373 774
373 591
373 866
373 463
373 508
373 230
373 909
373 170
373 523
373 66
373 817
373 249
373 645
373 604
373 938
373 77
374 684
374 128
374 42
374 478
374 107
374 599
374 625
374 355
374 913
375 132
375 465
375 902
375 966
375 164
375 544
375 126
375 266
376 666
376 948
376 857
376 833
376 731
376 837
376 896
376 673
376 968
376 586
377 902
377 754
378 672
378 726
378 828
378 758
379 607
379 948
379 974
379 276
379 840
379 27
379 304
380 573
380 834
380 399
380 340
381 494
381 154
381 371
381 313
381 250
381 161
381 4
381 944
381 972
382 909
382 183
382 451
382 949
382 908
382 960
382 168
382 393
382 309
382 761
383 897
383 13
383 484
383 776
384 597
384 335
384 332
385 284
385 585
385 955
385 324
385 693
385 746
385 601
386 281
386 980
386 50
387 891
387 219
387 3
387 400
387 912
387 553
387 479
387 875
387 804
387 78
387 367
387 841
387 144
388 163
388 77
388 396
388 398
388 440
388 166
388 443
388 59
388 160
388 425
388 677
388 617
388 342
388 971
388 834
388 407
388 237
389 71
389 353
389 300
389 527
389 473
389 7
389 224
389 508
389 629
389 13
389 331
389 281
389 781
389 565
390 544
390 491
391 606
391 538
392 299
392 351
392 739
392 595
392 72
392 793
392 730
392 34
392 35
392 244
392 69
392 176
392 208
392 826
393 382
393 324
393 635
393 599
393 997
393 604
393 966
393 415
393 246
393 153
393 224
394 573
394 635
394 434
394 36
394 63
395 243
395 777
395 298
395 937
395 211
395 960
395 194
395 565
395 563
395 505
395 328
395 942
395 284
395 871
395 635
395 972
395 73
395 934
395 903
395 845
396 481
396 841
396 34
396 899
396 876
396 388
396 779
396 602
396 237
397 521
397 831
397 495
397 871
397 36
397 904
397 708
397 905
397 864
397 933
397 182
397 845
397 602
398 653
398 420
398 671
398 822
398 388
399 461
399 252
399 114
399 910
399 533
399 380
399 445
399 989
399 250
399 337
400 61
400 673
400 565
400 681
400 154
400 302
400 25
400 205
400 935
400 573
400 7
400 903
400 233
400 387
401 876
401 28
401 212
401 14
401 791
401 114
401 631
401 603
401 810
401 907
401 983
401 264
402 420
402 687
402 897
402 498
402 523
402 77
402 7
402 4
402 340
403 673
403 876
403 536
403 233
403 250
404 120
404 834
404 113
405 431
406 486
406 661
406 145
406 347
407 852
407 388
407 525
407 566
407 330
407 505
407 251
407 528
407 314
407 828
407 10
407 47
407 615
407 850
407 949
407 727
407 776
407 720
407 237
408 346
408 840
408 612
408 349
409 77
409 454
409 517
409 564
410 786
410 26
410 435
410 76
410 440
410 486
410 689
410 244
410 651
410 917
410 865
410 110
410 934
410 497
410 582
411 658
411 63
411 239
411 223
411 974
411 17
411 464
411 200
411 38
411 283
411 257
411 148
411 323
412 577
412 570
412 804
413 762
413 37
413 601
414 947
414 93
414 829
414 151
414 174
414 519
414 340
415 506
415 79
415 624
415 278
415 98
415 124
415 118
415 899
415 461
415 301
415 782
415 492
415 911
415 665
415 393
415 5
415 246
415 223
415 768
415 370
415 568
415 491
416 255
416 699
417 234
417 445
417 224
417 429
417 580
417 71
417 801
417 262
417 255
417 834
418 711
418 475
418 40
418 170
418 617
418 164
418 480
418 484
418 51
419 1000
419 813
419 926
419 109
420 312
420 488
420 268
420 760
420 445
420 60
420 503
420 870
420 109
420 402
420 881
420 837
420 940
420 256
420 89
420 161
420 398
420 430
420 588
420 486
420 632
420 101
421 508
421 824
421 222
421 181
421 2
421 170
421 432
421 332
421 621
421 122
422 722
422 66
422 856
422 897
422 570
423 40
423 559
424 47
424 545
424 67
424 69
425 995
425 711
425 388
425 37
426 296
426 139
426 173
426 183
427 200
427 651
427 682
427 494
427 312
427 726
427 170
427 577
427 155
427 173
427 549
427 976
428 871
428 616
428 992
428 714
428 952
429 840
429 284
429 417
429 250
430 504
430 184
430 346
430 747
430 420
430 175
430 601
430 16
431 514
431 725
431 995
431 595
431 405
431 107
431 246
431 769
431 663
431 85
431 28
431 179
431 98
431 230
431 671
431 761
432 215
432 564
432 339
432 563
432 479
432 755
432 950
432 711
432 114
432 421
432 787
432 638
432 53
432 459
432 549
432 934
432 973
432 559
433 442
433 69
433 124
433 688
434 394
434 442
434 909
434 318
434 577
434 617
434 956
434 651
434 324
434 56
434 128
434 673
434 498
434 174
435 304
435 643
435 75
435 506
435 226
435 991
435 410
435 932
435 544
435 566
436 250
437 125
437 831
437 327
437 70
437 471
437 693
437 614
437 286
437 947
437 342
437 580
437 562
437 194
437 651
437 153
438 502
438 456
438 127
439 69
439 732
439 660
439 47
439 502
439 350
439 688
439 718
439 903
440 410
440 388
440 755
441 138
441 829
441 538
442 433
442 142
442 22
442 542
442 981
442 30
442 244
442 828
442 434
442 910
443 69
443 40
443 627
443 848
443 388
443 264
444 758
445 420
445 724
445 417
445 399
445 340
446 993
446 909
446 921
446 973
446 543
447 653
447 742
447 296
447 87
447 714
447 225
447 145
447 337
448 224
449 508
449 819
449 270
449 986
449 512
449 521
449 700
449 764
449 346
449 82
449 978
449 765
449 840
449 186
449 570
449 522
449 602
450 810
450 36
450 903
451 314
451 601
451 722
451 996
451 471
451 840
451 238
451 382
451 953
451 457
452 514
452 933
452 137
452 711
452 997
452 162
452 523
452 825
452 7
452 174
453 316
453 742
453 838
454 297
454 25
454 87
454 663
454 599
454 846
454 281
454 608
454 593
454 409
454 196
454 892
454 742
454 357
454 691
454 826
455 254
455 577
455 671
456 984
456 595
456 857
456 438
456 793
456 71
456 242
456 783
456 609
456 505
456 91
456 902
456 366
456 582
457 621
457 259
457 55
457 451
457 882
457 119
457 468
457 644
458 966
458 121
458 665
458 127
459 928
459 984
459 737
459 317
459 962
459 964
459 432
459 40
459 335
459 851
459 644
459 704
460 262
460 957
460 468
460 138
460 926
461 69
461 415
461 201
461 887
461 606
461 517
461 101
461 399
462 96
462 172
462 316
462 115
462 173
462 658
462 934
463 293
463 26
463 593
463 544
463 297
463 316
463 880
463 638
463 373
464 307
464 264
464 621
464 411
464 720
465 814
465 229
465 375
465 585
465 638
465 876
466 887
466 711
467 637
467 993
467 308
467 845
468 602
468 664
468 953
468 675
468 460
468 240
468 191
468 457
468 851
468 980
468 654
468 296
468 167
468 960
468 347
469 904
469 824
469 842
469 200
469 615
469 173
469 320
469 50
469 503
469 995
470 26
470 625
470 573
470 953
470 691
470 990
471 60
471 687
471 437
471 115
471 578
471 451
472 850
472 656
472 930
472 475
472 182
472 855
472 559
473 244
473 28
473 389
473 622
473 850
474 649
474 723
474 255
474 625
474 910
474 835
474 687
474 192
474 514
474 236
474 486
474 656
474 484
474 175
475 252
475 4
475 215
475 604
475 418
475 123
475 267
475 650
475 122
475 472
475 326
475 673
475 174
475 926
475 14
475 361
475 538
476 902
476 946
476 186
476 940
476 578
476 953
476 588
476 773
477 299
477 664
477 671
477 658
478 374
478 804
478 954
478 661
478 137
479 583
479 971
479 657
479 517
479 89
479 489
479 432
479 387
480 502
480 897
480 418
480 237
480 33
480 35
480 545
480 565
480 880
480 762
480 819
480 497
481 330
481 396
481 333
481 170
481 171
482 356
482 307
482 181
482 148
482 910
482 137
483 813
484 26
484 562
484 839
484 474
484 383
484 418
484 629
484 600
485 519
485 38
485 983
485 189
485 225
485 903
486 35
486 146
486 886
486 126
486 202
486 774
486 895
486 420
486 406
486 992
486 767
486 308
486 232
486 474
486 348
486 369
486 702
486 410
486 526
486 736
487 368
487 559
488 420
488 946
488 834
489 510
489 522
489 950
489 270
489 479
489 729
489 766
489 67
489 892
489 742
489 938
489 544
490 645
490 786
490 648
490 736
490 81
490 813
490 855
490 897
490 606
490 182
491 684
491 415
491 199
491 805
491 529
491 311
491 390
491 599
491 202
491 592
491 656
491 344
491 920
492 415
492 13
492 33
493 213
493 791
493 232
493 5
493 899
493 586
493 171
493 347
494 381
494 123
494 638
494 427
495 638
495 255
495 894
495 397
496 311
496 546
496 932
496 873
496 510
496 371
496 634
496 896
496 884
496 276
497 615
497 410
497 480
497 565
497 225
497 139
497 930
497 961
497 261
497 631
498 613
498 192
498 245
498 54
498 783
498 107
498 402
498 434
498 31
498 113
498 72
498 244
498 11
498 822
498 293
499 961
499 625
499 880
499 336
499 208
499 990
499 12
500 926
500 680
500 275
500 3
500 356
500 565
500 989
500 602
501 227
501 237
502 311
502 60
502 438
502 721
502 822
502 330
502 533
502 439
502 801
502 551
502 480
503 469
503 513
503 92
503 4
503 212
503 823
503 257
503 190
503 709
503 420
503 20
503 612
504 430
504 201
504 817
504 857
504 372
504 932
504 301
504 43
504 795
504 722
504 186
504 953
504 364
504 319
504 755
504 952
505 20
505 234
505 774
505 34
505 395
505 844
505 58
505 407
505 456
505 517
505 33
505 882
506 944
506 415
506 435
506 536
506 323
507 355
507 546
507 568
507 158
508 604
508 841
508 421
508 38
508 389
508 373
508 449
508 632
509 942
509 801
509 758
509 271
510 496
510 489
510 366
510 126
510 691
510 68
510 808
511 104
511 651
511 299
511 291
511 270
511 357
511 151
512 219
512 3
512 985
512 39
512 751
512 845
512 865
512 342
512 449
512 120
513 686
513 895
513 705
513 836
513 104
513 322
513 364
513 254
513 983
513 10
513 503
514 431
514 983
514 357
514 225
514 474
514 452
515 604
515 813
515 253
515 173
516 995
516 284
516 250
517 959
517 769
517 821
517 409
517 75
517 589
517 461
517 749
517 2
517 505
517 965
517 45
517 788
517 113
517 479
517 40
517 14
517 276
518 687
518 306
518 621
518 824
518 93
518 851
518 626
518 100
518 11
518 45
518 946
518 624
518 304
519 485
519 24
519 669
519 102
519 2
519 963
519 219
519 414
519 626
519 161
519 58
519 307
519 543
520 906
520 949
520 848
521 971
521 449
521 397
522 5
522 30
522 917
522 191
522 449
522 840
522 167
522 489
522 826
523 402
523 452
523 158
523 373
523 109
523 134
523 688
523 266
524 921
524 723
524 264
525 833
525 614
525 407
525 844
525 261
525 538
526 808
526 61
526 92
526 330
526 577
526 643
526 59
526 903
526 486
526 578
526 536
527 389
527 612
527 842
528 331
528 615
528 407
528 309
528 688
528 37
529 66
529 718
529 68
529 491
529 779
530 873
530 803
530 813
530 661
531 289
531 80
531 862
531 986
531 926
531 747
531 894
531 952
532 570
532 187
532 602
533 155
533 120
533 502
533 551
533 399
533 730
534 31
534 762
535 130
535 143
535 620
535 8
535 370
535 758
535 684
535 367
535 844
535 825
535 755
536 526
536 873
536 43
536 112
536 916
536 403
536 794
536 506
536 690
536 772
536 368
536 304
536 691
537 865
537 143
537 296
537 825
537 612
537 277
538 101
538 276
538 441
538 580
538 475
538 525
538 104
538 757
538 895
538 190
538 391
538 204
538 16
539 194
539 854
539 327
539 222
539 213
539 682
539 705
539 663
539 317
539 816
539 999
539 354
540 825
540 754
540 779
540 559
541 243
541 684
541 105
541 885
541 22
541 878
541 881
541 848
541 1
541 356
541 110
541 33
542 442
542 840
542 40
542 822
542 250
542 559
543 645
543 519
543 110
543 132
543 695
543 446
543 577
543 781
543 613
543 710
543 368
544 304
544 435
544 390
544 489
544 662
544 375
544 257
544 966
544 894
544 227
544 687
544 463
544 950
545 132
545 201
545 148
545 902
545 252
545 159
545 552
545 138
545 210
545 123
545 205
545 424
545 480
545 250
545 599
545 822
545 972
545 4
545 110
545 707
545 973
546 507
546 217
546 232
546 708
546 496
546 983
546 36
546 109
546 304
546 73
546 134
546 990
547 296
547 774
547 119
547 576
547 999
547 592
548 4
548 845
549 932
549 427
549 432
549 856
549 120
549 174
549 222
550 902
550 564
550 873
550 862
550 903
550 253
550 655
550 123
550 946
550 369
550 296
550 570
551 100
551 191
551 137
551 112
551 919
551 502
551 947
551 991
551 533
551 225
551 995
551 943
551 680
551 834
551 16
551 355
551 28
551 234
551 754
551 631
552 545
552 993
552 833
553 351
553 671
553 50
553 387
554 144
554 618
554 874
554 717
554 45
554 904
554 930
554 611
554 37
555 627
555 831
556 949
556 764
557 897
557 139
557 222
558 123
558 726
558 935
558 339
558 671
558 674
558 910
559 432
559 120
559 542
559 187
559 190
559 879
559 472
559 540
559 833
559 367
559 625
559 423
559 1000
559 487
559 813
559 823
559 944
559 865
559 347
559 89
559 35
560 571
560 138
560 779
560 106
561 577
561 370
561 41
561 921
561 761
561 349
562 652
562 196
562 246
562 778
562 268
562 731
562 756
562 734
562 926
562 25
562 743
562 66
562 897
562 95
562 53
562 725
562 437
562 484
563 850
563 804
563 395
563 432
563 624
564 342
564 338
564 202
564 156
564 698
564 213
564 409
564 258
564 432
564 550
564 688
564 68
564 776
564 601
565 907
565 257
565 930
565 500
565 221
565 480
565 827
565 389
565 740
565 954
565 765
565 840
565 139
565 635
565 395
565 126
565 400
565 497
566 435
566 312
566 241
566 325
566 950
566 407
566 903
566 327
567 993
567 276
568 656
568 986
568 507
568 415
568 905
568 977
568 271
568 119
568 154
568 200
568 351
568 238
569 288
569 276
569 799
569 952
569 981
569 990
569 113
569 677
569 37
569 907
569 904
569 808
569 689
570 698
570 947
570 412
570 532
570 991
570 669
570 684
570 255
570 422
570 449
570 550
570 673
570 139
570 934
571 750
571 560
571 363
571 358
571 585
571 61
571 735
571 950
571 873
571 887
571 7
572 214
572 346
572 170
572 37
573 157
573 995
573 909
573 93
573 380
573 593
573 394
573 643
573 400
573 470
573 325
573 697
573 95
573 689
573 168
573 971
574 749
574 942
574 883
574 80
574 284
575 289
575 850
576 948
576 110
576 764
576 837
576 800
576 547
576 961
576 60
576 722
576 164
576 973
576 50
577 412
577 290
577 898
577 777
577 855
577 561
577 658
577 813
577 325
577 67
577 455
577 427
577 96
577 526
577 434
577 158
577 905
577 333
577 20
577 543
578 476
578 265
578 900
578 839
578 471
578 526
578 663
578 134
578 10
578 916
578 726
578 768
579 338
579 791
579 762
579 358
579 842
580 437
580 417
580 600
580 37
580 538
581 296
581 906
581 829
582 97
582 410
582 725
582 775
582 231
582 196
582 18
582 685
582 933
582 456
582 841
582 615
583 479
583 28
583 891
583 898
584 792
584 881
584 814
584 933
584 866
584 201
585 662
585 780
585 169
585 385
585 827
585 686
585 975
585 465
585 591
585 229
585 343
585 571
585 69
585 100
586 376
586 642
586 748
586 717
586 953
586 493
586 871
586 38
586 175
586 222
587 67
587 255
587 296
587 234
587 952
587 761
588 715
588 213
588 420
588 853
588 476
588 701
588 45
588 642
588 674
589 170
589 53
589 308
589 954
589 517
590 318
590 119
590 932
590 288
590 730
591 732
591 585
591 249
591 373
591 288
592 646
592 293
592 969
592 547
592 173
592 270
592 875
592 491
593 573
593 463
593 454
594 253
594 691
595 615
595 431
595 392
595 691
595 456
596 828
596 614
596 838
596 754
597 181
597 748
597 384
597 83
597 357
597 891
597 694
597 170
597 725
597 932
597 113
598 346
598 151
598 632
599 393
599 895
599 324
599 331
599 158
599 195
599 747
599 789
599 545
599 830
599 880
599 374
599 187
599 258
599 454
599 175
599 491
599 730
600 86
600 895
600 316
600 179
600 484
600 580
600 2
600 968
601 917
601 368
601 952
601 831
601 776
601 430
601 207
601 969
601 989
601 21
601 413
601 564
601 385
601 938
601 35
601 606
601 451
601 73
602 7
602 311
602 961
602 449
602 4
602 959
602 397
602 831
602 284
602 349
602 396
602 638
602 500
602 532
602 468
602 999
602 732
602 901
603 307
603 866
603 906
603 223
603 915
603 733
603 284
603 401
603 258
604 508
604 798
604 650
604 515
604 887
604 19
604 795
604 373
604 877
604 393
604 209
604 186
604 849
604 895
604 890
604 907
604 765
604 732
604 475
604 983
604 350
604 905
604 233
605 880
605 189
606 64
606 850
606 657
606 601
606 882
606 490
606 461
606 391
606 117
606 355
606 677
606 946
606 627
606 898
607 929
607 80
607 273
607 379
607 151
608 966
608 454
608 992
609 456
609 661
610 653
610 687
611 131
611 928
611 554
611 72
611 823
611 742
611 802
612 149
612 937
612 155
612 728
612 998
612 408
612 766
612 47
612 797
612 238
612 873
612 70
612 693
612 537
612 790
612 503
612 527
612 935
612 143
612 616
612 923
612 171
613 244
613 498
613 872
613 736
613 543
613 730
614 236
614 725
614 596
614 114
614 248
614 525
614 322
614 191
614 262
614 437
615 803
615 844
615 595
615 873
615 751
615 407
615 528
615 65
615 582
615 938
615 364
615 109
615 469
615 497
615 144
616 310
616 221
616 4
616 926
616 935
616 428
616 918
616 612
616 876
616 280
616 900
616 986
617 57
617 418
617 140
617 694
617 796
617 388
617 154
617 38
617 328
617 115
617 369
617 900
617 620
617 282
617 58
617 434
617 9
617 237
618 85
618 725
618 554
618 940
618 145
618 861
619 995
619 87
619 117
619 689
619 42
620 72
620 719
620 139
620 629
620 83
620 984
620 930
620 869
620 200
620 941
620 645
620 660
620 617
620 535
620 999
620 126
621 706
621 705
621 464
621 155
621 421
621 107
621 907
621 518
621 457
621 776
621 347
622 473
622 678
622 90
622 779
623 89
623 124
623 865
624 518
624 670
624 218
624 341
624 146
624 563
624 326
624 652
624 738
624 716
624 415
624 36
624 995
625 25
625 202
625 499
625 470
625 911
625 317
625 949
625 474
625 53
625 791
625 374
625 718
625 559
626 162
626 648
626 915
626 711
626 302
626 519
626 109
626 632
626 518
627 555
627 606
627 443
627 946
627 143
627 920
627 124
627 283
628 133
628 337
629 620
629 389
629 484
629 247
630 354
630 366
631 995
631 551
631 727
631 751
631 2
631 170
631 154
631 497
631 401
631 266
631 145
632 177
632 968
632 87
632 781
632 508
632 598
632 104
632 32
632 692
632 793
632 420
632 626
632 139
632 336
633 280
633 185
633 640
633 839
633 705
633 256
633 310
633 933
633 360
633 727
633 100
634 496
634 844
635 20
635 315
635 394
635 814
635 395
635 775
635 783
635 565
635 250
635 393
635 276
635 834
635 903
635 137
636 957
636 67
636 289
636 732
636 339
636 255
636 841
636 341
637 467
637 79
637 839
637 665
637 716
637 38
637 336
637 966
637 765
637 904
637 277
638 495
638 285
638 947
638 465
638 494
638 39
638 432
638 713
638 252
638 463
638 706
638 63
638 260
638 954
638 602
639 349
639 337
640 633
640 876
641 294
641 278
641 653
641 687
641 357
641 7
641 892
642 946
642 834
642 586
642 588
643 573
643 526
643 894
643 435
643 180
644 353
644 889
644 276
644 370
644 457
644 856
644 704
644 961
644 459
644 862
644 972
644 663
644 16
645 490
645 355
645 95
645 801
645 620
645 671
645 373
645 689
645 122
645 543
646 592
646 703
646 227
647 254
647 955
647 813
648 626
648 10
648 336
648 490
648 765
648 758
648 5
649 474
649 892
649 923
650 604
650 475
650 876
651 687
651 22
651 434
651 410
651 427
651 189
651 437
651 511
652 562
652 117
652 246
652 624
653 230
653 610
653 447
653 398
653 859
653 641
653 181
653 907
653 880
653 940
653 138
653 20
653 95
653 258
653 208
654 942
654 468
655 62
655 835
655 550
655 701
655 912
655 184
655 738
656 700
656 60
656 474
656 684
656 56
656 133
656 48
656 472
656 984
656 194
656 324
656 356
656 568
656 174
656 729
656 920
656 86
656 491
657 479
657 606
657 222
657 16
658 477
658 462
658 45
658 956
658 749
658 856
658 71
658 577
658 411
658 729
658 687
658 350
658 808
658 960
659 69
660 794
660 732
660 620
660 215
660 439
660 899
660 355
660 98
660 188
660 101
660 797
660 135
660 867
661 710
661 478
661 406
661 953
661 225
661 229
661 609
661 530
661 366
661 665
662 585
662 544
662 768
663 72
663 644
663 34
663 85
663 815
663 431
663 732
663 454
663 834
663 578
663 9
663 281
663 539
664 203
664 877
664 477
664 257
664 169
664 316
664 145
664 11
664 729
664 468
664 825
664 973
665 115
665 458
665 284
665 661
665 773
665 856
665 830
665 803
665 787
665 687
665 637
665 415
665 848
665 309
665 327
666 781
666 376
666 915
667 336
667 335
667 673
667 5
667 127
668 955
668 680
668 776
668 831
669 519
669 715
669 711
669 570
669 834
669 9
669 189
669 297
670 214
670 774
670 999
670 624
670 68
671 895
671 91
671 553
671 210
671 645
671 966
671 455
671 282
671 477
671 82
671 99
671 398
671 711
671 558
671 431
671 717
671 369
671 954
671 990
672 378
672 80
672 774
672 742
672 347
673 900
673 403
673 816
673 376
673 570
673 142
673 667
673 320
673 434
673 828
673 102
673 31
673 955
673 883
673 475
673 400
674 359
674 796
674 588
674 125
674 898
674 919
674 558
674 370
674 883
674 810
674 304
674 171
675 174
675 339
675 468
675 4
675 842
676 758
676 711
676 736
676 952
676 127
676 779
677 726
677 762
677 388
677 606
677 569
677 915
678 237
678 271
678 854
678 622
679 257
680 668
680 12
680 30
680 765
680 58
680 500
680 551
680 920
680 63
681 214
681 400
682 333
682 726
682 758
682 427
682 539
683 841
683 705
684 374
684 541
684 570
684 656
684 535
684 491
684 764
685 931
685 915
685 284
685 38
685 892
685 776
685 582
685 247
686 513
686 961
686 585
686 277
686 16
687 707
687 365
687 277
687 772
687 402
687 251
687 975
687 154
687 694
687 610
687 802
687 232
687 471
687 265
687 651
687 658
687 544
687 360
687 641
687 968
687 474
687 518
687 665
688 523
688 439
688 927
688 433
688 268
688 564
688 939
688 250
688 528
688 335
688 319
689 645
689 732
689 254
689 569
689 872
689 783
689 332
689 847
689 619
689 302
689 928
689 321
689 262
689 47
689 573
689 410
689 715
690 45
690 536
691 844
691 536
691 470
691 454
691 775
691 594
691 595
691 510
691 244
691 254
691 335
691 995
691 262
691 876
691 976
692 919
692 250
692 632
692 915
692 934
693 385
693 786
693 81
693 723
693 894
693 437
693 307
693 34
693 803
693 612
694 214
694 687
694 617
694 121
694 597
694 173
695 758
695 543
696 51
697 949
697 573
697 339
697 705
697 720
698 961
698 296
698 570
698 201
698 848
698 768
698 564
698 720
699 986
699 153
699 15
699 804
699 781
699 120
699 416
699 704
699 112
700 656
700 449
700 100
700 960
701 231
701 655
701 319
701 126
701 588
702 253
702 289
702 82
702 255
702 486
702 866
702 207
702 787
702 336
702 983
702 368
703 978
703 137
703 256
703 878
703 646
703 323
703 804
703 257
703 773
703 46
703 208
703 227
703 844
703 308
703 148
704 281
704 278
704 121
704 742
704 956
704 713
704 459
704 699
704 644
705 814
705 14
705 197
705 743
705 784
705 40
705 266
705 697
705 359
705 683
705 796
705 255
705 513
705 633
705 224
705 539
705 621
706 891
706 638
706 862
706 802
706 621
707 61
707 884
707 299
707 545
707 878
707 256
707 369
707 186
707 687
707 47
708 81
708 957
708 316
708 369
708 546
708 397
709 133
709 503
709 121
709 845
710 661
710 543
711 466
711 669
711 289
711 210
711 916
711 626
711 357
711 15
711 418
711 425
711 50
711 353
711 766
711 273
711 676
711 955
711 938
711 671
711 432
711 4
711 452
712 289
712 115
712 913
712 831
713 638
713 926
713 250
713 271
713 704
713 720
714 185
714 447
714 369
714 80
714 428
714 980
714 915
715 332
715 150
715 669
715 689
715 588
715 113
715 254
715 909
715 242
715 189
715 903
716 637
716 624
716 73
716 910
717 15
717 554
717 781
717 671
717 13
717 782
717 586
717 133
717 913
717 994
717 973
718 529
718 88
718 439
718 625
718 762
718 80
718 906
718 308
718 57
719 966
719 620
720 713
720 997
720 985
720 94
720 407
720 464
720 109
720 350
720 160
720 697
720 698
721 966
721 502
721 862
721 86
721 773
721 347
722 576
722 857
722 853
722 115
722 422
722 24
722 74
722 954
722 369
722 356
722 504
722 36
722 451
723 693
723 75
723 524
723 369
723 120
723 474
723 765
723 946
723 764
724 925
724 445
724 948
724 783
724 43
724 57
724 889
724 17
724 759
724 10
724 139
724 142
724 905
724 910
725 744
725 961
725 852
725 962
725 68
725 618
725 597
725 562
725 431
725 296
725 614
725 582
726 427
726 8
726 942
726 987
726 875
726 682
726 109
726 292
726 677
726 558
726 578
726 73
726 257
726 378
726 803
726 774
726 304
726 761
726 137
726 171
727 407
727 899
727 14
727 633
727 856
727 234
727 184
727 631
728 900
728 612
729 664
729 229
729 963
729 813
729 58
729 658
729 309
729 107
729 70
729 656
729 47
729 489
729 915
729 137
730 613
730 996
730 599
730 771
730 590
730 533
730 286
730 332
730 89
730 773
730 392
731 123
731 289
731 562
731 46
731 376
731 903
732 591
732 636
732 604
732 439
732 941
732 942
732 979
732 3
732 663
732 758
732 136
732 602
732 660
732 689
732 73
732 208
733 603
733 892
734 318
734 174
734 562
734 186
734 854
734 145
734 910
735 85
735 919
735 1
735 571
735 906
736 345
736 777
736 613
736 799
736 486
736 254
736 676
736 62
736 89
736 800
736 490
736 949
736 851
736 738
737 459
737 7
737 264
738 843
738 736
738 807
738 879
738 655
738 803
738 237
738 98
738 357
738 624
739 749
739 231
739 392
740 565
740 9
740 261
741 60
742 875
742 849
742 54
742 774
742 90
742 489
742 332
742 235
742 354
742 941
742 447
742 454
742 318
742 672
742 453
742 611
742 747
742 366
742 109
742 704
743 705
743 562
743 138
743 87
743 126
744 238
744 186
744 791
744 725
744 803
744 68
744 16
745 250
745 77
745 168
745 247
746 959
746 110
746 385
746 864
746 201
746 754
747 83
747 886
747 430
747 139
747 125
747 927
747 90
747 531
747 251
747 356
747 742
747 38
747 599
747 302
747 262
747 754
748 597
748 892
748 883
748 872
748 227
748 586
749 739
749 574
749 93
749 887
749 517
749 979
749 658
750 571
750 906
751 951
751 93
751 8
751 927
751 823
751 1
751 615
751 512
751 775
751 631
752 250
752 244
752 50
753 31
753 365
753 117
753 921
753 335
753 990
754 19
754 551
754 377
754 38
754 747
754 258
754 193
754 239
754 596
754 332
754 746
754 540
754 120
754 965
754 41
755 535
755 987
755 42
755 504
755 211
755 440
755 365
755 966
755 432
755 808
756 562
756 366
756 142
756 175
757 872
757 208
757 538
758 311
758 695
758 648
758 784
758 333
758 444
758 676
758 187
758 158
758 509
758 47
758 682
758 378
758 732
758 535
758 175
758 233
759 949
759 953
759 986
759 724
759 101
760 961
760 420
760 906
761 772
761 561
761 382
761 726
761 431
761 338
761 587
761 289
761 88
761 154
761 240
761 838
762 480
762 202
762 534
762 677
762 113
762 579
762 367
762 979
762 413
762 284
762 296
762 342
762 158
762 249
762 718
762 137
763 80
763 804
763 892
763 77
763 340
764 974
764 163
764 98
764 556
764 684
764 107
764 723
764 795
764 298
764 576
764 449
764 994
765 101
765 565
765 855
765 913
765 680
765 75
765 306
765 648
765 637
765 449
765 892
765 723
765 74
765 19
765 8
765 67
765 57
765 846
765 148
765 604
766 489
766 142
766 711
766 612
767 45
767 244
767 486
767 276
767 288
768 956
768 662
768 698
768 992
768 245
768 578
768 847
768 180
768 339
768 415
768 342
768 77
768 904
769 89
769 431
769 167
769 309
769 517
770 296
770 862
770 899
770 187
770 36
770 33
771 730
772 69
772 687
772 761
772 536
773 203
773 45
773 904
773 808
773 300
773 476
773 721
773 730
773 138
773 172
773 665
773 703
774 505
774 670
774 185
774 672
774 906
774 547
774 829
774 726
774 373
774 486
774 742
774 205
774 225
774 976
775 288
775 912
775 936
775 751
775 55
775 80
775 635
775 201
775 153
775 691
775 582
776 407
776 564
776 668
776 197
776 621
776 83
776 685
776 882
776 383
776 4
776 601
777 132
777 577
777 395
777 834
777 736
778 85
778 80
778 562
779 676
779 184
779 194
779 529
779 207
779 560
779 863
779 396
779 622
779 540
779 986
779 122
779 347
780 47
780 69
780 585
780 41
780 145
780 51
781 135
781 954
781 321
781 389
781 208
781 126
781 21
781 666
781 929
781 222
781 333
781 717
781 699
781 906
781 632
781 855
781 543
782 415
782 717
783 498
783 335
783 635
783 724
783 63
783 456
783 689
783 341
783 349
784 758
784 22
784 705
784 126
785 172
785 138
785 101
786 490
786 410
786 234
786 693
786 370
787 900
787 702
787 940
787 432
787 665
788 840
788 887
788 517
789 599
789 293
790 89
790 851
790 612
790 144
790 16
791 744
791 170
791 948
791 579
791 950
791 888
791 141
791 36
791 913
791 285
791 200
791 625
791 363
791 35
791 401
791 493
792 584
792 920
793 896
793 392
793 308
793 632
793 456
793 183
794 660
794 536
795 604
795 504
795 7
795 764
796 617
796 705
796 674
796 57
796 994
797 804
797 41
797 158
797 115
797 612
797 660
797 354
798 604
798 883
798 127
798 137
798 58
799 356
799 360
799 841
799 66
799 736
799 569
800 736
800 116
800 241
800 823
800 804
800 20
800 576
801 417
801 48
801 257
801 41
801 509
801 645
801 502
801 20
801 60
801 354
801 137
802 951
802 125
802 993
802 200
802 814
802 248
802 706
802 611
802 311
802 45
802 55
802 132
802 687
802 894
803 693
803 744
803 530
803 359
803 825
803 202
803 154
803 615
803 726
803 980
803 665
803 180
803 341
803 738
803 861
804 850
804 797
804 478
804 986
804 189
804 823
804 563
804 205
804 763
804 800
804 412
804 202
804 956
804 699
804 842
804 703
804 387
805 123
805 904
805 253
805 842
805 491
805 349
805 882
806 973
806 327
807 110
807 738
808 193
808 347
808 322
808 131
808 569
808 317
808 658
808 306
808 353
808 755
808 969
808 510
808 526
808 316
808 360
808 190
808 161
808 773
809 876
809 4
810 450
810 873
810 401
810 674
810 951
810 79
810 93
810 141
810 178
810 97
810 904
810 333
810 903
810 51
810 861
811 364
811 77
812 87
813 530
813 311
813 816
813 62
813 907
813 483
813 969
813 942
813 931
813 647
813 515
813 41
813 14
813 729
813 419
813 490
813 577
813 37
813 559
814 465
814 705
814 584
814 369
814 635
814 117
814 802
814 144
815 906
815 980
815 663
815 341
816 673
816 844
816 813
816 539
816 86
817 504
817 296
817 373
818 351
818 117
818 364
818 222
819 480
819 827
819 926
819 38
819 449
820 944
820 20
821 336
821 316
821 517
821 969
822 498
822 979
822 363
822 542
822 545
822 131
822 398
822 958
822 353
822 502
822 340
823 503
823 804
823 751
823 800
823 559
823 323
823 826
823 611
824 164
824 31
824 926
824 421
824 518
824 288
824 469
824 370
825 540
825 664
825 38
825 85
825 537
825 850
825 117
825 452
825 535
825 28
825 883
825 53
825 803
826 454
826 823
826 888
826 392
826 103
826 522
827 585
827 565
827 972
827 819
828 442
828 35
828 893
828 7
828 596
828 884
828 251
828 378
828 145
828 883
828 673
828 117
828 407
828 845
829 441
829 968
829 581
829 107
829 131
829 843
829 245
829 966
829 862
829 774
829 414
830 186
830 360
830 599
830 253
830 665
831 712
831 668
831 853
831 232
831 156
831 555
831 42
831 437
831 915
831 225
831 397
831 602
831 601
832 841
833 104
833 44
833 309
833 525
833 98
833 552
833 170
833 880
833 376
833 559
834 404
834 417
834 663
834 642
834 14
834 388
834 777
834 187
834 61
834 301
834 909
834 635
834 380
834 96
834 227
834 669
834 165
834 488
834 551
835 655
835 28
835 474
835 16
836 31
836 234
836 513
837 281
837 420
837 214
837 158
837 576
837 350
837 376
837 126
837 297
838 453
838 942
838 30
838 596
838 9
838 761
838 876
839 637
839 172
839 971
839 633
839 578
839 484
840 260
840 921
840 522
840 788
840 982
840 258
840 908
840 357
840 449
840 67
840 429
840 408
840 565
840 984
840 318
840 542
840 379
840 1
840 271
840 451
840 106
840 16
841 209
841 8
841 683
841 204
841 832
841 129
841 396
841 508
841 885
841 355
841 799
841 636
841 203
841 940
841 851
841 582
841 387
842 805
842 527
842 300
842 986
842 675
842 804
842 579
842 209
842 183
842 469
842 42
843 883
843 291
843 14
843 829
843 258
843 264
843 960
843 738
844 634
844 88
844 816
844 231
844 703
844 232
844 243
844 19
844 13
844 257
844 505
844 535
844 525
844 615
844 691
845 190
845 7
845 828
845 467
845 548
845 397
845 709
845 395
845 67
845 926
845 512
846 304
846 857
846 765
846 93
846 334
846 958
846 971
846 454
847 11
847 234
847 689
847 768
847 337
848 981
848 322
848 665
848 443
848 911
848 520
848 698
848 95
848 872
848 541
848 261
849 742
849 604
850 37
850 563
850 472
850 299
850 407
850 308
850 473
850 352
850 575
850 250
850 804
850 825
850 606
851 790
851 42
851 736
851 53
851 19
851 841
851 459
851 28
851 935
851 468
851 897
851 518
852 725
852 407
852 923
852 12
852 327
853 722
853 588
853 28
853 971
853 145
853 175
853 831
854 297
854 678
854 911
854 734
854 152
854 290
854 298
854 86
854 324
854 181
854 539
855 118
855 472
855 781
855 867
855 46
855 577
855 765
855 324
855 490
855 983
855 347
855 861
856 37
856 422
856 30
856 299
856 892
856 727
856 644
856 665
856 332
856 549
856 658
856 101
857 504
857 722
857 846
857 376
857 456
857 174
858 940
858 60
858 276
858 134
858 122
859 653
859 897
860 255
860 201
860 972
860 73
861 197
861 918
861 618
861 803
861 26
861 855
861 810
861 30
861 58
862 353
862 531
862 273
862 721
862 829
862 981
862 644
862 908
862 10
862 770
862 44
862 706
862 281
862 550
862 176
862 250
863 989
863 779
864 250
864 934
864 397
864 746
865 512
865 9
865 537
865 189
865 288
865 362
865 410
865 49
865 623
865 307
865 161
865 559
865 349
865 901
866 330
866 603
866 702
866 58
866 281
866 373
866 584
867 924
867 119
867 855
867 335
867 660
868 86
868 38
868 115
868 246
869 620
869 148
870 420
870 40
870 993
870 4
871 586
871 428
871 265
871 355
871 25
871 395
871 182
871 944
871 123
871 53
871 307
871 168
871 361
871 397
872 613
872 900
872 40
872 56
872 848
872 251
872 748
872 757
872 226
872 325
872 36
872 224
872 689
872 973
873 530
873 615
873 810
873 496
873 887
873 550
873 612
873 571
873 536
874 237
874 249
874 554
874 134
875 742
875 726
875 592
875 387
876 44
876 838
876 650
876 91
876 465
876 396
876 403
876 980
876 898
876 809
876 7
876 990
876 691
876 640
876 953
876 401
876 616
876 127
877 664
877 604
878 703
878 541
878 887
878 707
879 244
879 288
879 37
879 559
879 347
879 738
880 188
880 833
880 213
880 463
880 605
880 599
880 499
880 653
880 480
880 898
880 243
880 91
880 335
880 370
880 205
881 89
881 954
881 584
881 420
881 351
881 541
881 994
881 106
882 991
882 32
882 129
882 82
882 323
882 505
882 805
882 962
882 956
882 606
882 457
882 40
882 255
882 776
883 798
883 992
883 674
883 828
883 574
883 843
883 286
883 24
883 825
883 748
883 38
883 231
883 932
883 673
883 234
883 73
883 903
884 496
884 828
884 915
884 707
885 541
885 841
885 926
886 486
886 747
886 996
887 749
887 242
887 466
887 571
887 461
887 878
887 106
887 873
887 950
887 788
887 24
887 604
887 907
887 968
887 233
888 791
888 106
888 826
889 644
889 724
889 954
890 31
890 604
890 277
890 901
891 583
891 974
891 347
891 706
891 302
891 170
891 244
891 339
891 597
891 126
891 387
892 649
892 47
892 148
892 489
892 748
892 454
892 733
892 763
892 353
892 233
892 685
892 5
892 641
892 765
892 856
892 46
893 360
893 828
893 171
894 926
894 144
894 693
894 122
894 58
894 544
894 643
894 10
894 914
894 363
894 531
894 495
894 802
894 234
894 983
895 318
895 486
895 600
895 121
895 513
895 604
895 599
895 364
895 671
895 109
895 913
895 538
896 38
896 376
896 913
896 248
896 793
896 992
896 319
896 496
896 174
897 77
897 383
897 402
897 6
897 490
897 422
897 557
897 851
897 859
897 562
897 971
897 480
898 583
898 330
898 5
898 606
898 217
898 143
898 577
898 307
898 876
898 880
898 674
899 138
899 188
899 90
899 770
899 396
899 493
899 80
899 415
899 660
899 255
899 727
900 787
900 616
900 998
900 728
900 273
900 946
900 617
900 872
900 673
900 578
901 865
901 84
901 60
901 602
901 933
901 292
901 890
901 913
902 956
902 377
902 980
902 456
902 178
902 232
902 476
902 929
902 313
902 375
902 545
902 938
902 276
902 550
902 208
903 731
903 198
903 450
903 237
903 715
903 300
903 370
903 883
903 635
903 566
903 485
903 925
903 195
903 439
903 400
903 810
903 395
903 355
903 526
903 932
903 550
903 122
904 97
904 205
904 180
904 810
904 953
904 768
904 927
904 805
904 637
904 569
904 554
904 238
904 126
904 469
904 397
904 773
905 724
905 577
905 185
905 329
905 236
905 152
905 604
905 168
905 568
905 983
905 397
905 16
906 975
906 750
906 735
906 815
906 520
906 781
906 718
906 760
906 581
906 217
906 354
906 603
906 774
906 234
906 932
906 262
907 401
907 887
907 368
907 653
907 569
907 621
907 604
907 565
907 813
907 277
907 341
908 45
908 840
908 382
908 862
908 249
908 923
909 446
909 163
909 43
909 100
909 715
909 950
909 573
909 382
909 370
909 434
909 373
909 834
909 148
910 188
910 442
910 61
910 558
910 319
910 207
910 482
910 724
910 716
910 104
910 734
910 255
910 474
910 189
910 399
911 415
911 938
911 848
911 854
911 625
912 775
912 655
912 40
912 930
912 120
912 387
913 895
913 351
913 901
913 76
913 59
913 256
913 717
913 712
913 1
913 374
913 14
913 896
913 765
913 117
913 791
913 139
913 277
913 934
914 993
914 894
914 133
914 990
915 257
915 714
915 692
915 183
915 177
915 677
915 339
915 130
915 666
915 86
915 729
915 831
915 263
915 884
915 626
915 685
915 603
915 346
915 926
915 980
915 979
916 711
916 578
916 536
917 1
917 87
917 522
917 410
917 109
917 293
917 182
917 979
917 601
918 139
918 60
918 616
918 861
919 735
919 692
919 291
919 364
919 135
919 253
919 286
919 551
919 249
919 674
920 333
920 204
920 680
920 969
920 491
920 56
920 792
920 627
920 656
920 143
920 7
920 950
921 341
921 309
921 524
921 753
921 561
921 446
921 840
921 949
921 989
921 247
922 284
923 852
923 649
923 612
923 261
923 908
924 867
924 234
924 158
925 724
925 903
925 233
926 819
926 419
926 531
926 25
926 15
926 885
926 937
926 824
926 845
926 915
926 475
926 713
926 460
926 251
926 109
926 500
926 894
926 562
926 7
926 616
926 968
926 175
927 335
927 296
927 747
927 751
927 370
927 904
927 126
927 688
928 459
928 201
928 67
928 689
928 611
928 349
929 902
929 299
929 607
929 781
929 995
929 134
930 369
930 45
930 472
930 554
930 912
930 70
930 497
930 988
930 31
930 620
930 565
930 276
930 101
931 685
931 813
931 968
931 989
932 435
932 590
932 903
932 597
932 276
932 906
932 83
932 504
932 496
932 883
932 36
932 549
933 584
933 281
933 143
933 633
933 397
933 582
933 452
933 901
934 33
934 305
934 66
934 462
934 692
934 913
934 395
934 73
934 570
934 432
934 864
934 410
934 113
935 192
935 558
935 612
935 260
935 285
935 302
935 851
935 122
935 369
935 5
935 364
935 616
935 400
936 775
936 364
936 158
936 101
937 238
937 926
937 395
937 109
937 100
937 992
937 612
938 75
938 158
938 902
938 957
938 489
938 30
938 267
938 79
938 95
938 615
938 373
938 911
938 601
938 711
938 152
938 115
938 276
938 50
939 77
939 688
940 476
940 55
940 9
940 26
940 787
940 84
940 841
940 858
940 204
940 653
940 618
940 227
940 420
940 971
941 742
941 732
941 121
941 186
941 620
941 60
941 132
941 120
941 68
942 331
942 654
942 970
942 509
942 574
942 395
942 732
942 726
942 813
942 95
942 332
942 979
942 838
943 291
943 551
944 506
944 820
944 381
944 871
944 999
944 559
945 14
945 145
946 627
946 476
946 550
946 488
946 900
946 318
946 606
946 723
946 122
946 642
946 518
946 950
946 109
946 281
946 20
947 414
947 355
947 53
947 638
947 570
947 551
947 437
947 332
947 361
948 379
948 791
948 724
948 576
948 376
949 697
949 736
949 625
949 171
949 361
949 759
949 283
949 407
949 921
949 129
949 358
949 520
949 556
949 382
949 38
949 109
950 125
950 566
950 321
950 544
950 946
950 920
950 791
950 909
950 489
950 887
950 432
950 110
950 571
951 751
951 170
951 810
951 350
951 802
952 350
952 587
952 358
952 676
952 504
952 313
952 428
952 99
952 531
952 36
952 569
952 601
953 7
953 451
953 876
953 470
953 759
953 504
953 239
953 200
953 330
953 140
953 476
953 31
953 250
953 468
953 904
953 586
953 661
953 979
954 287
954 565
954 722
954 881
954 154
954 638
954 671
954 249
954 478
954 889
954 589
954 60
954 781
954 257
954 73
955 647
955 261
955 281
955 317
955 711
955 200
955 385
955 668
955 194
955 673
955 118
955 370
955 109
955 996
956 99
956 216
956 266
956 882
956 109
956 902
956 87
956 296
956 434
956 768
956 658
956 341
956 704
956 804
957 636
957 708
957 460
957 281
957 53
957 938
957 14
957 971
958 846
958 822
959 132
959 517
959 746
959 602
960 468
960 843
960 700
960 658
960 963
960 269
960 170
960 395
960 382
961 499
961 181
961 760
961 698
961 210
961 297
961 686
961 497
961 355
961 266
961 151
961 53
961 725
961 576
961 644
961 602
962 459
962 31
962 725
962 222
962 973
962 12
962 882
963 519
963 729
963 77
963 354
963 960
964 151
964 459
964 180
965 283
965 266
965 144
965 754
965 327
965 323
965 158
965 517
966 719
966 18
966 375
966 982
966 829
966 393
966 755
966 348
966 637
966 608
966 458
966 32
966 721
966 544
966 671
966 33
967 257
968 687
968 303
968 931
968 376
968 600
968 210
968 926
968 226
968 887
968 67
968 87
968 254
968 42
968 829
968 115
968 632
969 239
969 350
969 207
969 980
969 41
969 821
969 62
969 336
969 920
969 813
969 592
969 808
969 601
970 156
970 942
970 299
970 122
971 314
971 897
971 853
971 285
971 940
971 121
971 347
971 573
971 388
971 521
971 846
971 287
971 180
971 839
971 957
971 479
971 296
972 189
972 272
972 381
972 187
972 207
972 827
972 395
972 860
972 17
972 288
972 120
972 545
972 644
973 240
973 224
973 432
973 576
973 303
973 446
973 872
973 717
973 354
973 806
973 664
973 139
973 962
973 545
973 176
973 341
973 222
974 411
974 379
974 891
974 340
974 764
975 687
975 585
975 906
975 979
976 235
976 340
976 322
976 691
976 427
976 345
976 104
976 774
976 277
976 109
976 12
977 568
977 990
978 703
978 276
978 449
979 975
979 749
979 953
979 917
979 942
979 980
979 915
979 732
979 80
979 138
979 822
979 9
979 762
980 714
980 277
980 210
980 312
980 93
980 815
980 915
980 162
980 803
980 386
980 902
980 342
980 876
980 468
980 979
980 969
980 349
981 86
981 262
981 862
981 139
981 368
981 442
981 848
981 569
982 373
982 966
982 840
982 143
982 309
983 339
983 144
983 855
983 604
983 401
983 546
983 894
983 514
983 702
983 905
983 353
983 485
983 213
983 513
983 14
983 323
984 459
984 840
984 620
984 656
984 138
984 302
984 456
984 347
985 512
985 720
986 759
986 269
986 531
986 992
986 616
986 48
986 779
986 292
986 699
986 568
986 804
986 449
986 842
987 726
987 755
988 930
988 174
988 224
988 176
989 399
989 863
989 500
989 921
989 169
989 271
989 931
989 247
989 601
990 671
990 546
990 145
990 470
990 753
990 977
990 40
990 307
990 183
990 914
990 499
990 876
990 569
990 189
991 570
991 551
991 297
991 435
991 882
992 89
992 608
992 216
992 428
992 333
992 937
992 115
992 311
992 486
992 883
992 986
992 896
992 768
993 446
993 567
993 914
993 870
993 467
993 552
993 286
993 98
993 161
993 802
993 208
994 764
994 881
994 212
994 796
994 717
995 198
995 516
995 425
995 469
995 691
995 619
995 58
995 929
995 624
995 573
995 431
995 551
995 60
995 631
996 361
996 360
996 955
996 886
996 366
996 205
996 451
996 730
997 393
997 117
997 73
997 452
997 720
998 900
998 357
998 612
998 233
999 365
999 547
999 670
999 602
999 256
999 2
999 620
999 944
999 299
999 291
999 205
999 113
999 539
1000 419
1000 336
1000 559
1000 323
