1 735
1 751
1 917
1 177
1 174
1 840
1 192
1 31
1 541
1 913
2 621
2 141
2 193
2 210
2 428
2 519
2 999
2 133
2 517
2 631
2 600
2 7
2 44
2 202
2 914
3 7
3 539
3 346
3 887
3 769
3 512
3 155
3 500
3 41
3 283
3 387
3 902
3 665
4 711
4 675
4 809
4 545
4 402
4 548
4 249
4 870
4 210
4 776
4 765
4 503
4 299
4 475
4 42
4 95
4 616
4 381
4 602
4 768
4 20
4 823
5 648
5 935
5 261
5 135
5 667
5 166
5 415
5 522
5 892
5 898
6 897
6 266
6 623
7 920
7 926
7 452
7 2
7 286
7 220
7 281
7 275
7 59
7 718
7 814
7 392
7 325
7 486
7 331
7 876
7 828
7 845
7 602
7 561
7 258
7 3
8 751
8 841
8 726
8 535
8 765
8 33
8 689
8 981
9 669
9 740
9 663
9 617
9 672
9 865
9 356
9 940
9 838
9 737
10 513
10 724
10 648
10 407
10 288
10 946
10 145
10 782
10 769
10 583
10 825
10 255
10 143
10 862
10 894
10 578
10 590
11 847
11 270
11 498
11 196
11 355
11 664
11 518
11 224
11 166
11 55
11 978
12 962
12 499
12 238
12 295
12 311
12 852
12 976
12 455
12 587
12 193
12 221
13 492
13 383
13 338
13 497
13 653
13 844
13 717
13 389
13 685
13 272
13 404
14 813
14 913
14 945
14 260
14 983
14 957
14 843
14 475
14 517
14 705
14 401
14 727
14 505
14 643
14 312
14 470
14 943
15 779
15 29
15 979
15 796
15 72
15 205
15 967
15 225
15 337
15 369
15 986
15 354
15 162
15 152
15 699
15 711
15 717
15 284
15 804
16 93
16 317
16 790
16 657
16 168
16 686
16 744
16 644
16 835
16 159
16 430
16 840
16 538
16 361
16 454
16 39
16 443
16 514
17 411
17 724
17 972
17 927
17 810
17 528
17 610
18 782
18 81
18 305
18 821
18 328
18 966
18 582
18 144
18 493
18 122
18 534
18 787
18 785
18 985
19 604
19 765
19 234
19 844
19 851
19 754
19 202
19 905
20 800
20 577
20 946
20 906
20 4
20 774
20 213
20 814
20 154
20 277
20 635
20 106
20 272
20 721
21 781
21 349
21 601
21 611
21 606
22 784
22 651
22 288
22 354
22 194
22 933
22 442
22 541
22 109
22 347
22 407
22 863
23 28
23 243
24 519
24 722
24 883
24 356
24 887
24 124
24 174
24 39
24 835
24 367
25 206
25 975
25 325
25 865
25 85
25 413
25 608
25 955
25 625
25 562
25 871
25 454
25 297
25 400
25 591
25 835
25 937
25 820
25 412
26 470
26 281
26 463
26 410
26 369
26 940
26 484
26 861
26 97
26 808
27 289
27 379
27 318
28 551
28 835
28 23
28 41
28 583
28 851
28 89
28 316
28 853
28 905
28 431
28 401
28 825
28 354
28 677
29 42
29 332
29 244
29 137
29 15
29 221
30 856
30 938
30 522
30 442
30 680
30 838
30 861
30 211
30 505
30 802
30 547
30 460
31 534
31 930
31 1
31 824
31 890
31 338
31 962
31 673
31 308
31 938
31 498
31 753
31 953
31 526
32 701
32 762
32 529
32 116
32 633
32 531
32 830
32 360
32 854
32 670
32 195
32 759
32 141
32 682
32 966
32 561
33 492
33 8
33 238
33 541
33 770
33 966
33 103
33 372
33 505
33 257
33 936
33 317
33 135
34 363
34 355
34 396
34 505
34 693
34 173
34 392
34 237
34 273
34 250
34 119
34 663
34 661
35 392
35 284
35 85
35 336
35 601
35 480
35 80
35 486
35 234
35 828
35 791
35 106
35 735
35 544
35 561
35 863
35 799
35 551
36 358
36 624
36 124
36 722
36 305
36 546
36 952
36 932
36 770
36 394
36 350
36 872
36 563
36 369
36 791
36 397
36 141
37 813
37 554
37 425
37 572
37 413
37 529
37 458
37 708
37 850
37 856
37 181
37 257
37 106
37 60
37 859
37 866
37 847
38 685
38 199
38 115
38 411
38 586
38 83
38 819
38 949
38 508
38 485
38 225
38 868
38 747
38 744
38 896
38 637
38 883
38 617
38 825
38 257
38 189
38 754
38 542
38 591
38 491
38 54
38 847
39 229
39 409
39 140
39 16
39 954
39 24
39 581
39 364
39 638
39 205
39 512
39 947
39 168
39 945
40 319
40 259
40 100
40 517
40 542
40 459
40 912
40 418
40 190
40 870
40 55
40 443
40 423
40 293
40 721
40 872
40 234
40 705
40 370
40 180
40 990
40 375
40 662
41 813
41 3
41 780
41 258
41 797
41 561
41 754
41 530
41 28
41 801
41 171
41 969
41 793
42 166
42 29
42 831
42 968
42 100
42 4
42 175
42 842
42 619
42 374
42 755
42 182
42 614
42 86
43 262
43 909
43 504
43 724
43 536
43 793
43 388
43 730
44 731
44 82
44 831
44 583
44 875
44 186
44 138
44 280
44 918
44 2
44 919
44 788
44 862
44 131
44 59
44 883
45 319
45 690
45 100
45 908
45 518
45 334
45 314
45 554
45 767
45 938
45 925
45 99
45 865
45 930
45 802
45 517
45 588
45 773
45 763
45 737
45 748
45 122
45 945
46 303
46 892
46 93
46 575
46 512
46 532
46 703
46 636
46 926
47 780
47 154
47 301
47 729
47 99
47 424
47 407
47 146
47 689
47 439
47 707
47 975
47 255
47 892
47 758
47 612
47 440
47 239
47 502
47 432
47 820
48 132
48 977
48 739
48 754
48 859
48 110
48 801
48 986
48 254
48 151
48 505
48 503
49 865
49 472
50 938
50 553
50 576
50 386
50 191
50 53
50 711
50 137
50 178
50 442
50 286
50 464
51 418
51 780
51 296
51 696
51 626
51 150
51 470
51 555
52 167
52 168
52 399
53 825
53 957
53 625
53 961
53 947
53 589
53 50
53 279
53 562
53 871
53 851
54 819
54 314
54 922
54 658
54 195
54 237
54 398
54 439
54 268
54 38
54 388
54 742
54 498
54 184
54 759
55 745
55 676
55 693
55 483
55 311
55 138
55 11
55 281
55 40
55 940
55 802
55 775
55 920
55 880
56 667
56 371
56 125
56 985
56 527
56 391
56 221
56 299
56 107
56 437
56 825
56 306
56 574
56 355
56 80
56 872
56 656
56 920
56 434
56 297
56 599
56 630
56 131
56 810
57 310
57 718
57 292
57 796
57 259
57 99
57 617
57 186
57 724
57 765
57 425
58 203
58 680
58 201
58 617
58 160
58 505
58 861
58 706
58 963
58 280
58 148
58 894
58 729
58 995
58 322
58 879
58 221
59 680
59 696
59 90
59 138
59 715
59 243
59 994
59 44
59 889
59 454
59 526
59 358
59 913
59 7
59 341
59 388
60 471
60 858
60 954
60 918
60 174
60 801
60 37
60 427
60 441
60 632
60 300
60 703
60 420
60 502
60 656
60 576
60 901
60 205
60 835
60 286
60 734
60 750
60 349
60 477
61 526
61 571
61 291
61 834
61 707
61 400
61 910
61 692
62 655
62 170
62 813
62 736
62 969
62 82
62 243
62 692
62 936
62 732
62 978
63 250
63 365
63 394
63 268
63 783
63 163
63 680
63 411
63 638
63 200
63 591
63 251
63 404
64 369
64 234
64 606
64 341
64 193
65 80
65 615
65 323
65 178
65 275
65 312
65 228
66 141
66 271
66 529
66 422
66 217
66 355
66 109
66 444
66 244
66 562
66 373
66 332
66 934
66 202
66 970
66 830
66 169
67 332
67 636
67 489
67 223
67 968
67 173
67 587
67 424
67 168
67 840
67 577
67 765
67 845
67 251
67 105
68 190
68 670
68 564
68 744
68 510
68 941
68 258
68 253
68 529
68 498
68 725
69 780
69 146
69 439
69 433
69 772
69 200
69 269
69 443
69 659
69 461
69 585
69 424
69 392
69 531
69 155
69 110
69 144
69 458
70 592
70 807
70 240
70 248
70 524
70 552
70 558
70 317
70 729
71 608
71 460
71 274
71 712
71 851
71 549
71 389
71 456
71 417
71 880
71 84
71 798
71 970
71 317
72 997
72 975
72 549
72 982
72 620
72 498
72 663
72 106
72 15
72 90
72 937
72 847
72 162
73 216
73 954
73 732
73 997
73 546
73 716
73 860
73 395
73 883
73 146
73 726
73 934
73 653
74 722
74 238
74 765
74 208
74 614
74 298
74 768
74 228
75 625
75 360
75 185
75 696
75 815
75 248
75 196
75 346
75 765
75 938
75 723
75 517
75 359
75 908
75 713
75 154
76 410
76 143
76 249
76 913
76 277
76 675
76 750
77 811
77 409
77 195
77 768
77 354
77 939
77 402
77 963
77 763
77 373
77 440
77 897
77 388
77 370
77 322
77 658
77 945
78 224
78 387
78 951
78 701
78 556
79 681
79 435
79 276
79 421
79 404
79 632
79 157
79 644
79 987
79 637
79 238
79 415
79 938
79 201
79 309
79 144
79 101
80 899
80 56
80 266
80 778
80 574
80 979
80 531
80 672
80 308
80 718
80 196
80 65
80 187
80 215
80 359
80 339
80 607
80 775
80 714
80 35
80 617
81 490
81 708
81 693
81 127
81 18
82 566
82 525
82 862
82 582
82 424
82 697
82 349
82 763
82 826
82 908
82 83
82 758
82 62
82 301
82 613
82 999
82 535
82 346
82 702
82 671
82 449
82 882
82 44
82 787
83 671
83 236
83 893
83 189
83 133
83 370
83 897
83 597
83 620
83 747
83 38
83 932
83 161
83 776
83 82
83 741
84 71
84 789
84 272
84 379
84 201
84 231
84 426
84 395
84 171
84 914
84 688
84 100
84 901
84 455
84 425
84 206
85 142
85 618
85 778
85 598
85 595
85 964
85 619
85 431
85 35
85 825
85 663
85 277
85 25
85 662
85 914
86 981
86 868
86 656
86 816
86 799
86 168
86 776
86 415
86 42
86 600
86 121
86 854
86 183
86 752
86 745
86 669
86 454
87 281
87 90
87 812
87 968
87 956
87 619
87 917
87 153
87 447
87 743
87 759
87 454
87 632
87 189
87 353
87 440
87 534
88 318
88 844
88 126
88 718
88 761
88 731
88 101
89 623
89 282
89 769
89 881
89 479
89 273
89 790
89 613
89 184
89 355
89 420
89 28
89 736
89 992
89 277
89 559
89 193
90 850
90 72
90 589
90 220
90 155
90 132
90 598
90 87
90 742
90 214
90 747
90 308
90 622
90 942
90 59
91 580
91 827
91 196
91 205
91 323
91 876
91 671
91 456
91 122
91 880
91 848
91 823
92 503
92 526
92 370
93 504
93 994
93 705
93 834
93 728
93 736
93 749
93 414
93 751
93 573
93 846
93 980
93 518
93 16
93 46
93 193
93 403
93 981
93 926
93 136
94 184
94 167
94 720
94 613
95 848
95 4
95 645
95 653
95 322
95 636
95 375
95 938
95 562
95 573
95 309
95 528
96 884
96 904
96 278
96 216
96 293
96 535
96 658
96 556
96 384
96 462
96 577
96 643
97 618
97 487
97 906
97 26
97 133
97 904
97 208
97 323
97 582
97 375
97 472
98 415
98 660
98 254
98 833
98 431
98 993
98 144
98 764
98 738
98 669
99 797
99 575
99 913
99 523
99 862
99 47
99 671
99 134
99 952
99 471
99 45
99 847
99 57
100 937
100 348
100 585
100 84
100 633
100 119
100 42
100 45
100 40
100 551
100 909
100 518
100 943
101 420
101 930
101 856
101 284
101 557
101 88
101 253
101 832
101 79
101 765
101 538
101 336
101 797
101 213
101 322
101 595
101 192
102 519
102 123
102 238
102 284
102 673
102 835
102 131
102 621
102 613
103 120
103 233
103 33
103 826
103 926
103 202
103 556
104 513
104 833
104 632
104 910
104 341
104 976
104 511
104 538
104 786
105 542
105 983
105 775
105 243
105 691
105 356
105 326
105 67
105 938
105 336
105 541
105 224
105 458
105 202
105 590
105 498
105 698
105 677
105 463
105 232
105 124
106 37
106 20
106 888
106 840
106 72
106 881
106 560
106 35
106 239
106 584
106 914
106 878
106 255
106 949
107 129
107 230
107 694
107 599
107 828
107 137
107 431
107 498
107 729
107 374
107 829
107 764
107 243
107 590
107 848
107 488
107 56
107 319
108 167
108 246
108 882
108 114
108 776
109 626
109 615
109 937
109 917
109 523
109 976
109 419
109 955
109 546
109 949
109 22
109 742
109 946
109 929
109 132
109 420
109 726
109 357
109 66
109 956
109 926
109 720
109 455
109 324
109 202
109 858
110 410
110 545
110 541
110 69
110 348
110 164
110 807
110 795
110 181
110 576
110 543
110 746
110 334
110 630
110 48
111 641
111 956
111 853
111 875
111 433
112 699
112 551
112 536
113 934
113 715
113 999
113 296
113 154
113 762
113 569
113 223
113 926
113 166
113 879
114 306
114 669
114 585
114 336
114 822
114 108
114 432
114 189
114 756
115 712
115 263
115 462
115 868
115 938
115 471
115 336
115 968
115 797
115 164
115 264
115 722
115 617
115 38
115 992
115 665
115 906
116 193
116 521
116 686
116 534
116 146
116 737
116 32
116 302
116 178
116 194
116 485
116 674
117 619
117 913
117 275
117 652
117 997
117 818
117 814
117 828
117 341
117 366
117 825
117 606
117 753
117 340
117 878
118 415
118 121
118 855
118 955
118 318
118 934
118 626
119 867
119 34
119 547
119 457
119 182
119 254
119 296
119 568
119 327
119 949
119 100
119 356
120 404
120 103
120 182
120 533
120 754
120 345
120 941
120 512
120 912
120 121
120 699
120 972
120 723
120 549
120 559
121 120
121 709
121 118
121 941
121 458
121 86
121 895
121 694
121 186
121 971
121 704
121 420
121 963
122 175
122 645
122 91
122 779
122 468
122 469
122 18
122 45
122 894
122 946
122 304
122 937
122 629
122 317
123 209
123 558
123 102
123 494
123 731
123 805
123 550
123 241
123 475
123 545
123 227
123 871
123 297
123 222
123 928
123 322
124 364
124 148
124 24
124 423
124 740
124 336
124 194
124 105
124 363
124 415
124 36
124 277
124 591
125 339
125 437
125 747
125 214
125 950
125 802
125 674
125 658
125 56
126 837
126 784
126 375
126 891
126 565
126 743
126 620
126 904
126 510
126 701
126 88
126 304
126 486
126 781
126 484
126 878
127 81
127 798
127 134
127 667
127 300
127 351
127 458
127 876
127 676
127 438
127 136
127 205
127 153
127 306
127 477
128 234
128 374
128 434
128 357
128 148
128 237
129 920
129 741
129 663
129 762
129 212
129 841
129 201
129 358
129 882
129 897
129 754
129 107
129 983
130 187
130 535
130 915
130 224
130 545
130 675
131 102
131 968
131 56
131 321
131 314
131 508
131 44
131 769
131 757
131 357
131 911
131 857
131 381
132 109
132 802
132 777
132 375
132 959
132 360
132 545
132 543
132 337
132 249
132 90
132 48
133 97
133 709
133 172
133 2
133 628
133 717
133 914
133 470
133 656
133 257
133 446
133 83
133 298
133 317
134 858
134 929
134 523
134 99
134 546
134 516
134 127
134 329
134 744
134 235
135 757
135 248
135 914
135 33
135 749
135 919
135 5
135 781
135 214
135 660
135 296
135 175
135 323
135 783
135 534
135 876
136 93
136 496
136 304
136 871
136 238
136 186
136 349
136 127
137 478
137 635
137 798
137 29
137 138
137 482
137 729
137 801
137 50
137 762
137 726
137 703
137 551
137 452
137 488
137 107
137 392
138 241
138 560
138 785
138 984
138 979
138 743
138 653
138 441
138 460
138 545
138 309
138 773
138 137
138 44
138 55
138 352
138 59
139 913
139 565
139 426
139 918
139 724
139 981
139 632
139 557
139 570
139 244
139 620
139 307
139 747
139 973
139 497
139 349
139 820
140 617
140 953
140 39
140 912
140 699
140 235
140 470
140 527
141 36
141 512
141 587
141 66
141 791
141 366
141 170
141 329
141 32
141 750
141 2
142 321
142 724
142 756
142 307
142 299
142 224
142 766
142 945
142 442
142 85
142 673
142 505
142 401
143 627
143 920
143 261
143 933
143 76
143 10
143 309
143 537
143 612
143 205
143 302
143 233
143 982
143 278
143 153
143 535
143 898
144 351
144 814
144 98
144 69
144 79
144 790
144 18
144 303
144 292
144 615
144 226
144 336
144 700
144 894
144 965
144 983
144 554
144 542
144 460
144 555
144 477
145 237
145 853
145 618
145 320
145 818
145 934
145 455
145 661
145 554
145 549
145 828
145 990
145 10
145 200
145 317
146 47
146 69
146 486
146 249
146 624
146 116
146 736
146 73
146 508
147 963
148 703
148 482
148 411
148 238
148 128
148 765
148 909
148 869
148 214
148 596
148 892
148 545
148 124
148 350
148 770
148 373
148 58
148 228
149 612
149 913
149 970
149 989
149 470
149 580
150 240
150 51
150 909
150 686
150 613
150 275
150 867
150 390
150 384
150 914
150 648
150 319
150 829
150 984
150 715
150 368
150 675
150 404
151 964
151 607
151 414
151 598
151 48
151 806
151 961
151 963
151 787
152 820
152 942
152 169
152 447
152 811
152 478
152 395
152 647
152 208
152 781
152 908
152 209
152 262
152 938
152 854
152 155
152 15
152 780
153 143
153 437
153 775
153 393
153 127
153 282
153 699
153 336
153 87
153 450
153 853
153 879
153 629
153 592
154 933
154 75
154 811
154 427
154 992
154 466
154 696
154 156
154 381
154 47
154 687
154 617
154 954
154 400
154 761
154 631
154 947
154 20
154 113
155 69
155 533
155 3
155 427
155 152
155 612
155 237
155 542
155 90
155 751
155 734
156 154
156 970
156 831
156 564
156 724
156 251
156 462
157 573
157 79
157 334
157 630
157 302
158 209
158 965
158 280
158 523
158 507
158 936
158 924
158 797
158 577
158 837
158 762
158 938
158 758
158 599
158 853
158 713
158 398
158 646
158 530
159 545
159 16
159 923
159 951
160 823
160 863
160 419
160 398
160 329
160 330
160 296
160 58
160 288
160 720
160 797
160 887
160 885
160 556
161 993
161 83
161 808
161 865
161 308
161 330
161 818
161 324
161 420
161 519
161 381
161 739
161 734
161 785
162 902
162 748
162 709
162 606
162 983
162 72
162 892
162 626
162 289
162 980
162 299
162 452
162 15
162 700
162 834
162 643
163 707
163 693
163 722
163 924
163 445
163 715
163 281
163 356
163 324
163 909
163 63
163 764
163 437
163 692
164 824
164 350
164 366
164 576
164 375
164 418
164 651
164 115
164 110
164 224
164 547
165 834
165 455
166 11
166 429
166 840
166 972
166 967
166 227
166 241
166 397
166 365
166 571
166 834
166 113
166 670
166 909
166 42
166 5
166 756
167 94
167 769
167 522
167 108
167 249
167 243
167 468
167 620
167 985
167 52
168 905
168 382
168 573
168 871
168 39
168 16
168 67
168 425
168 941
168 992
168 86
168 595
168 878
168 943
168 52
169 388
169 540
169 832
169 366
169 209
169 66
169 642
169 585
169 664
169 152
169 206
170 427
170 833
170 960
170 316
170 418
170 572
170 62
170 589
170 597
170 481
170 951
170 141
170 465
170 464
170 791
170 891
170 276
170 631
170 421
170 705
170 787
171 674
171 198
171 481
171 893
171 296
171 726
171 612
171 41
171 905
171 949
171 84
172 785
172 462
172 773
172 342
172 295
172 133
172 786
172 590
172 613
172 556
172 985
173 427
173 279
173 426
173 694
173 515
173 196
173 462
173 67
173 262
173 351
173 34
173 366
173 469
174 675
174 734
174 185
174 656
174 342
174 302
174 896
174 434
174 452
174 24
174 663
174 397
174 936
174 914
174 1
174 60
174 475
174 184
174 756
174 472
175 430
175 758
175 599
175 853
175 135
175 360
175 586
175 474
175 926
175 945
175 610
175 42
175 249
175 225
175 122
175 178
175 619
175 621
176 988
176 862
176 392
176 966
176 244
176 353
176 485
176 206
177 1
177 632
177 915
177 786
177 963
177 820
177 741
178 989
178 116
178 685
178 411
178 233
178 50
178 65
178 789
178 376
178 869
178 175
178 516
178 902
178 899
178 181
179 238
179 646
179 721
179 946
179 740
179 342
179 431
179 323
180 40
180 241
180 335
180 964
180 678
180 443
180 249
180 904
180 797
180 239
180 225
181 110
181 854
181 482
181 37
181 191
181 178
181 597
181 961
181 653
181 987
181 228
182 472
182 42
182 917
182 490
182 208
182 418
182 120
182 871
182 354
182 928
182 389
182 119
182 785
183 426
183 86
183 842
183 294
183 382
183 915
183 990
183 254
184 89
184 430
184 655
184 94
184 54
184 727
184 174
184 680
184 779
184 465
184 485
184 750
185 633
185 174
185 774
185 905
185 714
185 75
185 359
185 823
186 707
186 199
186 449
186 734
186 476
186 830
186 136
186 504
186 57
186 941
186 489
186 121
186 604
186 44
186 443
186 981
186 899
187 770
187 352
187 532
187 130
187 599
187 758
187 80
187 972
187 559
187 403
188 788
188 970
188 469
188 790
188 438
188 628
188 625
188 279
188 663
188 880
188 660
188 354
188 910
188 503
188 626
189 38
189 910
189 87
189 299
189 669
189 114
189 605
189 485
189 715
189 651
189 919
189 865
189 356
189 804
189 972
189 233
189 347
189 375
189 941
189 83
189 875
189 821
190 808
190 503
190 299
190 40
190 68
190 845
190 559
190 538
190 780
191 448
191 820
191 570
191 589
191 907
191 551
191 468
191 181
191 50
191 636
191 989
191 675
192 101
192 508
192 268
192 414
192 681
192 935
192 498
192 1
192 222
192 271
192 590
192 235
192 985
193 813
193 250
193 535
193 12
193 64
193 93
193 406
193 703
193 712
193 984
193 89
193 734
193 670
193 754
193 116
193 2
194 947
194 500
194 964
194 116
194 395
194 22
194 955
194 539
194 437
194 779
194 215
194 124
194 206
195 599
195 77
195 903
195 32
195 912
195 461
195 54
195 551
196 454
196 472
196 519
196 935
196 378
196 510
196 562
196 80
196 173
196 304
196 582
196 75
196 744
196 91
196 563
196 11
196 470
196 785
197 705
197 776
197 861
197 464
198 995
198 903
198 171
198 229
199 316
199 186
199 38
199 491
199 229
200 63
200 145
200 651
200 372
200 535
200 412
200 69
200 955
200 953
200 620
200 568
200 791
200 257
200 427
200 802
200 469
200 411
200 755
201 300
201 79
201 698
201 461
201 775
201 860
201 338
201 314
201 584
201 928
201 129
201 830
201 504
201 58
201 545
201 84
201 835
202 412
202 2
202 306
202 368
202 109
202 103
202 816
202 908
202 664
202 490
202 812
202 943
202 316
202 105
202 19
202 485
202 66
202 625
202 486
202 803
202 762
202 804
202 491
202 564
202 927
202 329
202 859
202 850
203 664
203 58
203 841
203 773
203 458
204 841
204 940
204 920
204 538
204 461
205 996
205 326
205 774
205 999
205 127
205 39
205 60
205 545
205 143
205 804
205 904
205 400
205 15
205 91
205 941
205 894
206 424
206 585
206 855
206 479
206 194
206 169
206 84
206 176
206 538
206 797
206 25
207 364
207 702
207 972
207 910
207 779
207 969
207 601
208 213
208 499
208 902
208 97
208 74
208 653
208 259
208 757
208 392
208 993
208 633
208 182
208 703
208 823
208 152
208 460
208 943
209 360
209 962
209 380
209 549
209 833
209 841
209 123
209 158
209 316
209 604
209 337
209 998
209 251
209 152
209 169
210 961
210 711
210 545
210 980
210 671
210 968
210 4
210 904
210 644
210 286
210 2
211 829
211 368
211 630
211 584
211 785
211 30
211 601
211 978
211 397
211 360
211 395
211 337
211 847
212 503
212 401
212 994
212 129
212 404
213 565
213 101
213 495
213 588
213 880
213 539
213 208
213 564
213 20
213 989
213 291
214 681
214 90
214 670
214 363
214 837
214 694
214 572
214 295
214 135
214 125
214 691
214 148
214 237
214 665
214 440
215 373
215 543
215 264
215 194
215 858
215 977
215 794
215 467
215 491
215 611
215 475
215 660
215 80
215 432
215 353
215 905
215 437
215 878
216 956
216 992
216 73
216 437
216 96
216 392
217 546
217 906
217 66
217 309
217 898
217 226
217 251
218 624
218 312
219 512
219 519
219 387
219 987
220 752
220 90
220 425
220 368
220 7
220 303
220 605
221 892
221 389
221 12
221 631
221 263
221 554
221 503
221 785
221 58
221 29
221 277
221 566
221 339
221 307
221 565
221 616
221 614
221 692
221 275
221 56
222 308
222 549
222 557
222 291
222 962
222 123
222 818
222 973
222 586
222 657
222 192
222 781
222 539
222 340
222 595
222 516
223 960
223 375
223 872
223 113
223 274
223 537
223 838
223 336
223 67
223 603
223 411
223 415
224 164
224 105
224 448
224 988
224 705
224 11
224 78
224 872
224 130
224 633
224 142
224 389
224 283
224 417
224 973
224 473
225 485
225 175
225 317
225 447
225 514
225 752
225 707
225 180
225 551
225 38
225 661
225 497
225 15
225 226
225 251
226 809
226 574
226 329
226 785
226 217
226 692
226 404
226 791
226 805
226 225
226 872
226 357
226 968
226 358
226 435
226 144
226 306
227 703
227 272
227 544
227 123
227 354
227 940
227 501
227 268
227 844
227 385
227 834
227 736
227 591
227 166
227 461
227 947
227 555
228 529
228 65
228 612
228 966
228 862
228 148
228 513
228 74
228 266
228 181
228 809
228 931
228 748
228 653
228 347
228 610
228 232
229 623
229 882
229 462
229 198
229 813
229 199
229 362
229 465
229 585
229 661
229 39
229 396
229 750
230 653
230 318
230 431
230 373
230 573
230 446
230 278
230 876
230 107
230 472
231 701
231 265
231 739
231 883
231 844
231 350
231 361
231 582
231 425
231 84
232 105
232 835
232 942
232 335
232 590
232 863
232 228
232 289
232 902
232 687
232 546
232 486
232 844
232 831
232 465
232 876
233 189
233 400
233 403
233 103
233 887
233 604
233 925
233 365
233 758
233 951
233 143
233 304
233 998
233 178
233 901
234 786
234 883
234 19
234 64
234 894
234 505
234 551
234 727
234 128
234 924
234 40
234 587
234 836
234 255
234 35
234 286
234 847
234 906
234 417
234 874
235 604
235 192
235 140
235 134
235 905
235 474
235 988
235 447
235 742
235 976
235 744
235 839
236 241
236 266
236 905
236 614
236 474
236 908
236 83
236 783
236 929
237 678
237 214
237 388
237 617
237 396
237 155
237 128
237 407
237 294
237 967
237 493
237 34
237 480
237 145
237 247
237 903
237 54
237 885
238 744
238 79
238 451
238 937
238 102
238 74
238 287
238 904
238 568
238 364
238 148
238 612
238 33
238 12
238 493
238 179
238 136
239 180
239 431
239 336
239 900
239 913
239 451
239 275
239 830
239 47
239 713
239 649
239 411
239 953
239 754
239 969
239 905
239 528
239 544
239 737
239 106
240 468
240 761
240 973
240 458
240 70
240 150
240 879
240 403
240 954
240 642
240 514
241 123
241 138
241 566
241 800
241 180
241 166
241 251
241 236
242 336
242 259
242 715
242 551
242 516
242 887
242 456
242 455
242 353
242 587
242 301
243 62
243 827
243 468
243 107
243 930
243 826
243 511
243 363
243 476
243 648
243 23
243 741
243 259
243 541
243 254
243 395
243 167
243 844
243 880
243 59
243 105
244 613
244 176
244 767
244 66
244 139
244 498
244 473
244 879
244 392
244 29
244 381
244 891
244 410
244 691
244 425
244 614
245 498
245 339
245 829
245 768
245 367
246 868
246 108
246 652
246 393
246 641
246 431
246 562
246 415
246 375
246 503
246 701
246 944
247 921
247 629
247 745
247 989
247 237
247 685
247 315
247 911
247 970
247 508
248 592
248 988
248 802
248 75
248 345
248 70
248 846
248 460
248 135
249 919
249 591
249 180
249 76
249 908
249 146
249 762
249 175
249 132
249 289
249 167
249 373
249 954
249 4
249 349
249 643
250 752
250 953
250 635
250 864
250 745
250 317
250 850
250 283
250 34
250 713
250 436
250 429
250 403
250 862
250 650
250 901
250 302
250 484
250 669
250 919
250 63
250 688
250 653
250 756
250 193
250 610
251 225
251 241
251 986
251 217
251 570
251 156
251 612
251 63
251 67
251 356
251 849
251 993
251 209
251 336
251 687
251 872
251 828
251 407
251 747
251 353
251 561
251 317
251 319
252 475
252 545
252 638
252 324
252 307
252 399
252 619
252 646
252 876
253 594
253 805
253 515
253 830
253 352
253 469
253 702
253 919
253 550
253 68
253 474
253 101
253 508
254 367
254 243
254 968
254 119
254 647
254 98
254 715
254 48
254 183
254 513
254 736
254 691
254 689
254 272
255 416
255 366
255 860
255 705
255 10
255 47
255 417
255 910
255 882
255 512
255 579
255 106
255 730
255 474
255 234
255 570
255 702
255 323
255 349
255 823
255 488
256 950
256 703
256 633
256 999
256 913
256 707
256 797
256 737
256 495
257 967
257 38
257 37
257 411
257 200
257 679
257 954
257 133
257 33
257 503
257 726
257 801
257 664
257 565
257 844
257 544
257 915
257 703
258 843
258 653
258 339
258 599
258 603
258 7
258 840
258 41
258 357
258 754
258 68
259 40
259 242
259 457
259 57
259 208
259 998
259 243
260 840
260 935
260 14
260 638
260 261
260 874
260 721
260 472
261 740
261 260
261 848
261 525
261 446
261 305
261 320
261 143
261 5
261 923
261 938
262 417
262 460
262 152
262 691
262 689
262 981
262 43
262 173
262 906
262 747
262 563
263 115
263 915
263 484
263 911
263 763
263 221
263 370
264 737
264 401
264 843
264 443
264 524
264 464
264 560
264 115
264 215
265 231
265 299
265 687
265 871
265 578
265 517
265 352
265 926
266 236
266 6
266 375
266 523
266 330
266 80
266 965
266 705
266 956
266 961
266 349
266 973
266 701
266 228
266 447
266 404
267 475
267 938
267 741
268 420
268 299
268 562
268 63
268 227
268 688
268 874
268 192
268 54
268 367
268 936
268 404
269 69
269 986
269 960
269 665
269 352
269 643
269 475
270 728
270 994
270 834
270 557
270 828
270 772
270 501
270 702
270 507
270 408
270 11
270 489
270 449
270 592
271 840
271 713
271 509
271 192
271 66
271 568
271 989
272 356
272 748
272 581
272 20
272 878
272 254
272 394
272 13
272 550
272 318
272 342
272 370
272 227
272 84
273 900
273 507
273 862
273 89
273 711
273 34
273 591
273 756
274 366
274 223
274 503
274 71
275 221
275 844
275 65
275 903
275 781
275 289
275 117
275 500
275 450
275 798
275 239
275 150
275 7
275 317
275 847
275 855
276 517
276 170
276 938
276 567
276 858
276 294
276 635
276 354
276 930
276 707
276 870
276 726
276 826
276 379
276 932
276 569
276 644
276 538
276 79
276 750
277 686
277 76
277 124
277 637
277 913
277 537
277 890
277 85
277 907
277 89
277 363
277 687
277 980
277 976
277 221
277 20
278 561
278 533
278 408
278 230
278 896
278 716
278 641
278 415
278 293
278 704
278 143
278 866
278 700
278 96
279 173
279 53
279 821
279 188
280 633
280 158
280 357
280 616
280 44
280 58
281 386
281 389
281 837
281 55
281 163
281 933
281 26
281 336
281 866
281 862
281 946
281 663
281 301
281 87
281 955
281 454
281 704
281 353
281 793
281 803
281 7
281 464
282 89
282 617
282 671
282 153
282 732
282 662
282 660
283 411
283 224
283 3
283 609
283 363
283 949
283 250
283 965
283 495
284 603
284 102
284 685
284 395
284 385
284 922
284 516
284 429
284 346
284 287
284 574
284 15
284 327
284 35
284 762
284 602
284 676
284 101
284 643
284 956
285 935
285 638
285 791
285 342
285 971
285 945
285 707
286 388
286 741
286 60
286 747
286 50
286 932
286 849
286 210
286 382
286 631
286 919
286 883
286 234
286 993
286 730
286 874
286 984
286 7
286 630
286 879
286 527
287 954
287 238
287 284
287 971
287 829
288 160
288 591
288 590
288 767
288 824
288 881
288 775
288 10
288 865
288 22
288 972
288 569
289 249
289 27
289 731
289 531
289 712
289 575
289 275
289 162
289 636
289 711
289 702
289 761
289 345
289 232
290 577
290 854
290 471
290 303
291 843
291 61
291 943
291 213
291 919
291 222
291 511
291 927
291 748
291 629
291 945
292 726
292 986
292 297
292 57
292 144
292 901
292 472
292 621
293 498
293 278
293 789
293 917
293 463
293 592
293 40
293 96
293 396
293 978
294 641
294 276
294 358
294 237
294 183
294 477
295 307
295 364
295 214
295 12
295 172
295 823
295 303
295 556
296 698
296 587
296 426
296 537
296 119
296 762
296 160
296 547
296 468
296 447
296 971
296 817
296 581
296 725
296 770
296 956
296 550
296 135
296 972
296 171
296 51
296 359
296 113
296 600
297 991
297 123
297 669
297 292
297 56
297 25
297 837
297 961
297 463
297 854
297 454
297 323
297 858
298 782
298 601
298 74
298 133
298 881
298 879
298 410
298 854
298 764
298 803
299 477
299 268
299 4
299 190
299 929
299 999
299 970
299 265
299 304
299 162
299 850
299 856
299 142
299 189
299 707
299 511
299 542
299 312
299 56
299 787
300 389
300 201
300 127
300 842
300 903
300 773
300 60
301 835
301 653
301 540
301 913
301 523
301 368
301 242
301 386
301 504
301 47
301 415
301 834
301 82
301 281
301 610
302 747
302 116
302 157
302 935
302 891
302 143
302 400
302 174
302 250
302 875
302 937
303 829
303 767
303 667
303 290
303 813
303 295
303 454
303 220
303 46
303 973
303 144
303 799
304 518
304 726
304 674
304 122
304 546
304 196
304 379
304 536
304 233
304 926
304 544
304 299
304 846
304 435
304 126
304 632
304 994
304 136
304 447
305 36
305 934
305 18
305 261
306 412
306 226
306 409
306 622
306 127
306 765
306 808
306 856
306 202
306 114
306 56
307 519
307 865
307 693
307 295
307 221
307 871
307 482
307 464
307 139
307 252
307 919
307 603
307 142
307 990
307 322
307 561
307 649
307 780
308 718
308 467
308 703
308 90
308 589
308 355
308 80
308 850
308 486
308 31
308 161
308 350
308 222
308 334
308 619
309 982
309 665
309 528
309 79
309 769
309 217
309 138
309 382
309 95
309 415
309 143
309 729
309 833
309 921
309 450
309 370
309 646
310 616
310 633
310 57
311 502
311 758
311 496
311 813
311 992
311 802
311 491
311 12
311 602
311 55
311 736
311 703
312 364
312 218
312 485
312 476
312 299
312 14
312 65
312 420
312 980
312 427
312 566
312 458
312 951
312 706
312 820
313 902
313 381
313 952
313 744
313 446
313 488
313 472
314 45
314 201
314 971
314 407
314 451
314 131
314 54
314 478
315 635
315 326
315 247
315 780
316 352
316 808
316 708
316 462
316 209
316 199
316 453
316 821
316 342
316 463
316 170
316 356
316 664
316 28
316 600
316 202
316 937
317 410
317 71
317 465
317 627
317 122
317 251
317 407
317 924
317 275
317 383
317 33
317 145
317 133
317 459
317 955
317 250
317 625
317 539
317 225
317 16
317 70
317 951
317 318
317 841
317 472
318 230
318 590
318 88
318 734
318 27
318 952
318 317
318 118
318 774
318 466
318 939
318 840
318 946
318 742
318 434
318 272
318 828
318 646
318 477
319 504
319 688
319 798
319 337
319 107
319 251
319 45
319 40
319 896
319 150
319 677
320 673
320 469
320 145
320 261
321 781
321 142
321 950
321 689
321 131
322 837
322 339
322 101
322 886
322 77
322 741
322 307
322 715
322 516
322 123
322 58
322 808
322 513
322 95
322 848
322 976
322 908
322 835
322 643
322 684
323 135
323 65
323 297
323 179
323 255
323 506
323 823
323 97
323 411
323 1000
323 922
323 965
323 703
323 882
323 91
323 396
324 163
324 161
324 385
324 854
324 252
324 855
324 109
324 991
324 599
324 393
324 434
324 735
324 662
325 573
325 872
325 577
325 566
325 25
325 731
325 767
325 914
325 643
325 403
325 7
325 943
326 315
326 618
326 823
326 916
326 989
326 907
326 922
326 328
326 986
326 605
326 632
326 205
326 624
326 475
326 105
327 806
327 566
327 852
327 119
327 665
327 437
327 284
327 329
327 471
327 450
327 853
327 534
328 617
328 395
328 18
328 326
328 485
328 945
328 781
329 134
329 561
329 327
329 141
329 202
329 805
329 429
329 226
329 160
329 945
330 866
330 160
330 481
330 526
330 953
330 502
330 161
330 407
330 898
330 643
330 614
330 646
330 266
331 528
331 942
331 599
331 389
331 706
331 914
331 945
331 885
331 7
332 947
332 29
332 421
332 384
332 856
332 942
332 66
332 877
332 67
332 715
332 742
332 689
332 754
332 730
332 859
332 706
332 834
333 682
333 781
333 810
333 577
333 350
333 463
333 623
333 758
333 920
333 992
333 451
333 605
334 491
334 157
334 981
334 110
334 308
334 958
334 546
334 562
334 45
334 360
335 927
335 688
335 783
335 667
335 880
335 384
335 867
335 767
335 628
335 696
335 691
335 180
335 689
335 879
335 406
335 232
336 223
336 648
336 667
336 105
336 702
336 153
336 251
336 821
336 637
336 1000
336 499
336 632
336 101
336 35
336 281
336 115
336 242
336 341
336 969
336 144
336 899
336 763
336 239
336 114
336 936
336 124
337 847
337 639
337 399
337 211
337 628
337 209
337 447
337 132
337 15
337 319
338 579
338 201
338 339
338 31
338 13
338 761
338 564
338 748
339 636
339 891
339 675
339 697
339 245
339 558
339 221
339 768
339 125
339 80
339 338
339 258
339 432
339 915
339 322
339 848
340 822
340 380
340 445
340 402
340 414
340 974
340 117
340 222
340 976
340 767
340 862
341 956
341 815
341 636
341 104
341 783
341 336
341 64
341 907
341 803
341 59
341 624
341 921
341 117
341 353
342 762
342 980
342 768
342 285
342 388
342 512
342 809
342 316
342 437
342 172
342 174
342 564
342 732
342 272
342 793
342 179
343 585
344 491
344 653
345 500
345 248
345 796
345 728
345 877
345 289
345 996
345 600
345 445
345 582
345 356
345 120
345 976
345 759
345 853
345 879
346 82
346 430
346 915
346 598
346 408
346 572
346 75
346 284
346 449
346 3
347 361
347 779
347 406
347 356
347 468
347 721
347 672
347 22
347 984
347 855
347 189
347 493
347 879
347 228
347 808
347 971
347 875
347 412
348 966
348 356
348 366
348 100
348 110
348 486
348 750
349 249
349 783
349 639
349 255
349 928
349 408
349 980
349 266
349 805
349 21
349 561
349 136
349 139
349 60
349 82
349 607
350 951
350 231
350 439
350 837
350 148
350 658
350 604
350 308
350 357
350 164
350 351
350 36
350 333
350 952
350 969
350 720
350 895
350 892
350 731
350 980
351 818
351 881
351 350
351 553
351 173
351 370
351 568
351 913
351 127
351 144
351 936
352 366
352 269
352 468
352 508
352 265
352 138
352 726
352 316
352 187
352 253
352 850
353 87
353 281
353 403
353 846
353 215
353 920
353 802
353 251
353 341
353 633
353 444
353 965
353 726
353 402
353 176
353 625
353 529
353 588
353 242
353 389
353 862
353 983
353 892
353 711
353 822
353 808
354 28
354 370
354 801
354 188
354 182
354 797
354 518
354 851
354 974
354 742
354 227
354 906
354 22
354 77
354 276
354 539
354 15
355 56
355 551
355 11
355 89
355 374
355 645
355 507
355 947
355 909
355 625
355 612
355 871
355 660
355 34
355 841
355 66
355 606
355 961
355 903
355 756
355 308
356 541
356 747
356 9
356 722
356 482
356 348
356 316
356 799
356 189
356 163
356 24
356 119
356 500
356 347
356 345
356 272
356 612
356 251
356 706
356 937
356 105
357 372
357 454
357 280
357 514
357 109
357 258
357 226
357 511
357 641
357 998
357 128
357 131
357 597
357 711
357 840
357 970
357 350
357 516
358 361
358 579
358 294
358 226
358 59
358 129
358 768
358 571
358 949
358 36
358 952
358 633
358 691
359 844
359 807
359 729
359 75
359 185
359 778
359 429
359 296
359 737
359 780
359 799
359 80
359 985
360 633
360 799
360 334
360 211
360 830
360 893
360 369
360 996
360 687
360 175
360 32
360 75
360 859
360 590
360 929
360 209
360 132
360 602
361 871
361 475
361 947
361 231
361 358
361 347
361 16
361 721
362 865
362 465
362 940
362 229
363 124
363 277
363 283
363 504
363 462
363 214
363 571
363 791
363 34
363 822
363 243
363 857
363 629
364 207
364 39
364 936
364 504
364 811
364 295
364 372
364 238
364 818
364 615
364 935
364 648
364 919
364 513
364 124
364 641
364 312
365 687
365 999
365 63
365 755
365 753
365 233
365 587
365 166
365 629
365 684
365 646
366 348
366 456
366 173
366 141
366 756
366 661
366 117
366 274
366 510
366 687
366 164
366 255
366 742
366 996
366 692
366 352
366 169
367 535
367 245
367 268
367 24
367 507
367 673
367 767
367 427
367 254
367 762
367 559
367 387
367 731
367 681
367 404
368 487
368 702
368 981
368 543
368 150
368 220
368 907
368 601
368 211
368 202
368 301
369 707
369 26
369 935
369 708
369 814
369 64
369 36
369 550
369 722
369 486
369 671
369 449
369 930
369 723
369 714
369 15
369 360
370 92
370 415
370 955
370 351
370 561
370 880
370 909
370 272
370 77
370 824
370 40
370 309
370 531
370 263
370 535
370 644
370 674
370 354
370 903
370 596
370 745
370 83
370 823
370 649
370 556
371 496
371 381
371 56
371 755
371 626
372 504
372 364
372 357
372 33
372 200
372 688
372 758
372 963
373 982
373 774
373 591
373 866
373 463
373 508
373 230
373 909
373 523
373 66
373 817
373 249
373 645
373 148
373 604
373 938
373 77
373 563
373 215
373 484
373 969
374 684
374 128
374 42
374 107
374 599
374 625
374 988
374 355
374 913
374 928
374 908
375 682
375 969
375 973
375 495
375 527
375 97
375 992
375 717
375 830
375 40
375 513
375 820
375 246
375 189
375 928
375 132
375 902
375 966
375 164
375 544
375 126
375 266
375 223
375 872
375 485
375 447
375 983
375 95
376 666
376 948
376 857
376 833
376 731
376 837
376 896
376 673
376 968
376 586
376 178
376 619
376 556
376 780
377 902
377 754
377 518
377 963
378 672
378 726
378 828
378 758
378 196
378 942
378 853
378 879
379 607
379 948
379 974
379 276
379 840
379 27
379 304
379 770
379 84
380 573
380 834
380 399
380 340
380 471
380 835
380 209
380 398
381 494
381 154
381 371
381 313
381 161
381 4
381 131
381 944
381 972
381 731
381 531
381 244
382 909
382 183
382 451
382 949
382 908
382 936
382 168
382 309
382 761
382 286
383 897
383 13
383 484
383 776
383 783
383 317
384 597
384 335
384 332
384 150
384 96
385 284
385 585
385 955
385 324
385 693
385 746
385 601
385 227
386 281
386 980
386 50
386 989
386 301
387 891
387 219
387 3
387 912
387 553
387 479
387 875
387 804
387 78
387 367
387 841
387 572
388 77
388 396
388 443
388 473
388 455
388 516
388 984
388 43
388 994
388 764
388 59
388 617
388 342
388 971
388 834
388 237
388 286
388 853
388 462
388 461
388 54
388 830
388 169
389 71
389 353
389 300
389 527
389 473
389 224
389 508
389 629
389 13
389 331
389 182
389 281
389 781
389 565
389 770
389 857
389 675
389 221
389 741
390 544
390 491
390 450
390 150
390 741
391 606
391 538
391 437
391 56
392 730
392 397
392 846
392 570
392 137
392 728
392 216
392 34
392 35
392 244
392 69
392 176
392 208
392 826
392 7
393 324
393 635
393 906
393 599
393 997
393 604
393 966
393 415
393 246
393 153
393 506
394 573
394 635
394 434
394 36
394 63
394 971
394 272
394 675
394 681
395 243
395 777
395 937
395 211
395 960
395 194
395 565
395 563
395 505
395 328
395 471
395 942
395 284
395 871
395 635
395 972
395 73
395 934
395 903
395 845
395 84
395 899
395 152
395 675
395 501
396 229
396 571
396 780
396 556
396 323
396 489
396 293
396 683
396 481
396 841
396 34
396 876
396 388
396 779
396 602
396 237
397 521
397 495
397 871
397 36
397 904
397 708
397 905
397 864
397 933
397 872
397 845
397 602
397 211
397 166
397 392
397 682
397 174
397 795
398 457
398 787
398 896
398 784
398 158
398 793
398 380
398 653
398 420
398 671
398 822
398 623
398 54
398 847
398 160
398 514
399 461
399 252
399 910
399 533
399 380
399 445
399 804
399 989
399 337
399 462
399 945
399 516
399 52
400 61
400 673
400 565
400 154
400 302
400 25
400 205
400 935
400 571
400 573
400 903
400 233
400 440
401 876
401 28
401 212
401 14
401 791
401 631
401 654
401 142
401 810
401 907
401 983
401 264
401 428
401 437
402 557
402 783
402 461
402 497
402 916
402 528
402 956
402 541
402 420
402 687
402 897
402 498
402 523
402 77
402 4
402 340
402 353
402 899
402 713
403 325
403 910
403 93
403 240
403 187
403 673
403 536
403 233
403 250
403 353
403 847
403 741
404 150
404 658
404 13
404 212
404 268
404 266
404 367
404 63
404 445
404 665
404 120
404 834
404 79
404 226
404 484
404 590
405 431
406 448
406 713
406 983
406 335
406 666
406 972
406 583
406 486
406 661
406 347
406 591
406 193
406 878
407 852
407 525
407 566
407 330
407 505
407 251
407 528
407 314
407 828
407 22
407 10
407 47
407 615
407 850
407 949
407 727
407 776
407 720
407 237
407 317
408 346
408 840
408 612
408 349
408 928
408 739
408 278
408 650
408 270
409 77
409 454
409 517
409 564
409 39
409 306
409 936
410 786
410 26
410 435
410 76
410 440
410 486
410 689
410 244
410 651
410 917
410 865
410 110
410 934
410 497
410 582
410 866
410 298
410 317
410 493
411 658
411 63
411 239
411 223
411 974
411 17
411 464
411 200
411 38
411 283
411 257
411 148
411 323
411 178
412 509
412 812
412 347
412 25
412 952
412 577
412 570
412 200
412 984
412 202
412 306
412 568
413 762
413 37
413 601
413 449
413 25
413 503
413 419
414 947
414 93
414 829
414 151
414 519
414 340
414 192
414 804
414 592
415 506
415 79
415 624
415 278
415 98
415 124
415 118
415 899
415 461
415 301
415 782
415 492
415 665
415 393
415 5
415 246
415 223
415 768
415 775
415 370
415 568
415 491
415 309
415 798
415 440
415 636
415 86
416 255
416 699
416 536
417 234
417 445
417 224
417 429
417 71
417 423
417 801
417 262
417 255
417 834
417 941
417 470
418 711
418 475
418 40
418 170
418 617
418 164
418 480
418 484
418 51
418 182
418 629
418 919
419 1000
419 813
419 894
419 827
419 413
419 109
419 446
419 160
419 681
420 312
420 488
420 268
420 760
420 445
420 60
420 503
420 870
420 109
420 402
420 881
420 837
420 940
420 89
420 161
420 398
420 430
420 121
420 588
420 486
420 632
420 101
420 682
420 787
421 824
421 170
421 789
421 590
421 891
421 980
421 432
421 332
421 79
422 722
422 66
422 856
422 897
422 570
422 847
423 40
423 559
423 124
423 525
423 586
423 417
424 47
424 545
424 67
424 69
424 82
424 936
424 206
425 84
425 244
425 551
425 644
425 482
425 231
425 168
425 57
425 758
425 220
425 995
425 711
425 37
425 576
425 783
425 527
425 780
426 296
426 139
426 173
426 183
426 84
426 607
427 200
427 651
427 682
427 494
427 312
427 726
427 170
427 577
427 155
427 173
427 976
427 60
427 154
427 367
427 643
428 846
428 557
428 982
428 911
428 544
428 974
428 695
428 401
428 803
428 871
428 745
428 2
429 840
429 284
429 417
429 250
429 329
429 359
429 450
429 166
429 926
430 504
430 184
430 346
430 747
430 420
430 175
430 601
430 16
430 844
430 462
430 951
431 514
431 725
431 995
431 595
431 405
431 107
431 246
431 769
431 663
431 85
431 28
431 179
431 98
431 230
431 671
431 761
431 239
431 953
432 215
432 339
432 563
432 479
432 755
432 950
432 711
432 114
432 421
432 787
432 47
432 638
432 459
432 549
432 934
432 973
432 559
433 840
433 683
433 912
433 866
433 910
433 919
433 576
433 111
433 442
433 69
433 688
434 394
434 442
434 909
434 318
434 577
434 617
434 651
434 324
434 56
434 128
434 843
434 673
434 498
434 174
434 750
435 304
435 643
435 226
435 991
435 743
435 930
435 410
435 932
435 544
435 566
435 79
435 737
435 692
435 733
435 681
436 250
437 125
437 327
437 693
437 614
437 342
437 580
437 562
437 194
437 651
437 163
437 216
437 391
437 215
437 401
437 153
437 745
437 485
437 56
437 460
438 502
438 456
438 127
438 937
438 188
439 492
439 69
439 732
439 660
439 47
439 350
439 688
439 718
439 903
439 739
439 54
440 87
440 400
440 415
440 214
440 47
440 744
440 741
440 892
440 410
440 755
440 77
440 731
440 978
440 697
441 138
441 829
441 538
441 60
442 433
442 142
442 22
442 542
442 981
442 30
442 50
442 828
442 434
442 910
442 587
442 839
442 561
442 501
443 16
443 633
443 880
443 452
443 788
443 496
443 186
443 797
443 69
443 40
443 627
443 388
443 264
443 770
443 752
443 937
443 180
444 758
444 353
444 600
444 66
445 420
445 724
445 417
445 399
445 340
445 345
445 163
445 947
445 404
446 671
446 230
446 419
446 817
446 869
446 526
446 619
446 313
446 133
446 484
446 993
446 909
446 921
446 973
446 261
446 820
447 470
447 375
447 266
447 651
447 514
447 713
447 304
447 641
447 724
447 653
447 742
447 296
447 87
447 714
447 225
447 337
447 488
447 152
447 235
448 224
448 191
448 853
448 406
448 538
448 944
448 985
449 508
449 819
449 270
449 986
449 512
449 521
449 700
449 346
449 82
449 978
449 413
449 840
449 186
449 570
449 522
449 602
449 803
449 656
449 369
450 653
450 697
450 327
450 390
450 483
450 429
450 153
450 915
450 766
450 275
450 472
450 309
450 974
450 903
451 314
451 601
451 722
451 471
451 840
451 333
451 238
451 382
451 953
451 457
451 239
451 919
452 514
452 933
452 137
452 711
452 997
452 162
452 523
452 7
452 174
452 759
452 443
453 316
453 742
453 838
453 495
454 297
454 25
454 87
454 663
454 846
454 281
454 608
454 593
454 409
454 86
454 196
454 892
454 742
454 357
454 691
454 826
454 16
454 59
454 650
454 987
454 303
455 12
455 921
455 109
455 532
455 84
455 711
455 242
455 637
455 165
455 577
455 388
455 145
456 984
456 595
456 857
456 438
456 71
456 242
456 783
456 609
456 505
456 91
456 796
456 902
456 366
456 582
456 874
457 621
457 259
457 451
457 882
457 693
457 119
457 468
457 644
457 528
457 682
457 398
458 312
458 637
458 105
458 893
458 240
458 69
458 512
458 506
458 203
458 966
458 121
458 127
458 682
458 37
459 928
459 984
459 737
459 317
459 962
459 964
459 432
459 40
459 851
459 644
459 704
459 767
459 504
460 830
460 144
460 469
460 552
460 248
460 935
460 208
460 650
460 30
460 437
460 693
460 948
460 262
460 957
460 468
460 138
460 622
460 71
461 204
461 802
461 524
461 639
461 783
461 388
461 195
461 227
461 69
461 415
461 201
461 887
461 606
461 517
461 399
461 402
462 96
462 625
462 543
462 706
462 399
462 156
462 656
462 430
462 388
462 172
462 316
462 115
462 173
462 934
462 363
462 229
462 987
462 627
463 293
463 26
463 593
463 297
463 105
463 316
463 880
463 638
463 373
463 333
463 577
464 514
464 885
464 50
464 281
464 472
464 623
464 572
464 197
464 927
464 307
464 264
464 411
464 720
464 912
464 170
464 741
465 814
465 229
465 627
465 673
465 184
465 577
465 599
465 232
465 362
465 589
465 585
465 638
465 170
465 317
466 887
466 711
466 737
466 154
466 318
466 847
467 637
467 993
467 308
467 845
467 215
468 664
468 953
468 675
468 460
468 240
468 191
468 457
468 851
468 980
468 654
468 874
468 296
468 167
468 960
468 347
468 243
468 122
468 352
469 904
469 824
469 842
469 200
469 615
469 173
469 320
469 798
469 503
469 995
469 122
469 253
469 460
469 188
470 51
470 647
470 542
470 417
470 817
470 690
470 885
470 558
470 14
470 149
470 825
470 196
470 140
470 555
470 26
470 573
470 953
470 691
470 990
470 770
470 928
470 835
470 649
470 981
470 133
470 968
470 447
471 735
471 973
471 472
471 583
471 502
471 670
471 817
471 522
471 290
471 574
471 952
471 882
471 380
471 99
471 327
471 60
471 687
471 115
471 578
471 451
471 503
471 561
471 395
472 836
472 667
472 49
472 317
472 292
472 946
472 97
472 260
472 174
472 230
472 808
472 724
472 313
472 850
472 930
472 475
472 182
472 855
472 559
472 471
472 912
472 196
472 450
472 464
473 224
473 847
473 244
473 389
473 622
473 388
473 682
474 649
474 255
474 625
474 910
474 687
474 514
474 236
474 521
474 253
474 491
474 656
474 175
474 235
475 252
475 4
475 215
475 604
475 418
475 123
475 267
475 650
475 472
475 326
475 673
475 174
475 269
475 926
475 14
475 361
475 538
476 902
476 946
476 186
476 940
476 578
476 953
476 588
476 773
476 656
476 243
476 872
476 312
477 144
477 294
477 60
477 808
477 127
477 690
477 885
477 711
477 318
477 299
477 664
477 671
477 682
478 580
478 696
478 510
478 537
478 314
478 804
478 661
478 137
478 963
478 152
478 847
479 583
479 971
479 657
479 517
479 89
479 489
479 432
479 387
479 842
479 206
480 502
480 897
480 418
480 237
480 642
480 35
480 545
480 565
480 880
480 762
480 819
480 497
480 835
480 963
481 330
481 396
481 981
481 917
481 621
481 170
481 171
482 356
482 307
482 181
482 148
482 910
482 137
482 425
483 813
483 450
483 797
483 55
483 748
484 26
484 383
484 418
484 263
484 404
484 126
484 373
484 446
484 250
484 914
484 821
485 603
485 328
485 437
485 774
485 184
485 860
485 176
485 375
485 116
485 936
485 519
485 38
485 189
485 225
485 903
485 202
485 503
485 312
485 555
486 35
486 146
486 886
486 126
486 202
486 774
486 895
486 420
486 406
486 992
486 767
486 308
486 232
486 348
486 669
486 369
486 702
486 410
486 526
486 736
486 854
486 863
486 7
487 368
487 559
487 97
487 503
487 665
488 857
488 447
488 954
488 970
488 967
488 840
488 313
488 137
488 107
488 255
488 797
488 420
488 946
489 510
489 522
489 950
489 270
489 479
489 729
489 766
489 67
489 892
489 742
489 938
489 396
489 186
490 645
490 786
490 648
490 736
490 81
490 813
490 706
490 897
490 606
490 182
490 700
490 202
490 970
491 684
491 415
491 199
491 805
491 529
491 311
491 390
491 599
491 202
491 592
491 344
491 38
491 920
491 334
491 941
491 737
491 810
491 474
491 215
492 415
492 13
492 33
492 926
492 439
493 693
493 238
493 18
493 410
493 347
493 237
494 381
494 123
494 638
494 427
494 767
494 787
495 780
495 283
495 653
495 453
495 256
495 787
495 516
495 638
495 894
495 397
495 375
495 213
495 748
495 714
496 311
496 546
496 932
496 873
496 510
496 371
496 634
496 896
496 884
496 866
496 443
496 136
497 615
497 410
497 480
497 565
497 225
497 139
497 930
497 631
497 13
497 402
497 611
498 613
498 192
498 245
498 54
498 783
498 107
498 402
498 434
498 31
498 72
498 105
498 244
498 11
498 822
498 293
498 68
498 943
498 741
499 961
499 625
499 880
499 336
499 208
499 990
499 12
499 752
499 744
499 983
500 926
500 680
500 275
500 3
500 356
500 565
500 602
500 345
500 194
500 561
501 893
501 442
501 395
501 227
501 270
502 311
502 60
502 438
502 721
502 822
502 330
502 533
502 47
502 801
502 551
502 480
502 471
502 681
503 469
503 513
503 92
503 4
503 212
503 823
503 257
503 190
503 709
503 487
503 188
503 48
503 471
503 246
503 584
503 274
503 485
503 413
503 897
503 957
503 420
503 612
503 984
503 221
504 430
504 201
504 817
504 372
504 932
504 301
504 43
504 795
504 722
504 459
504 186
504 953
504 364
504 319
504 755
504 952
504 93
504 363
504 525
504 555
505 568
505 14
505 48
505 857
505 30
505 787
505 696
505 142
505 885
505 234
505 774
505 34
505 395
505 844
505 58
505 407
505 456
505 517
505 33
505 882
505 899
505 794
506 696
506 618
506 393
506 415
506 536
506 323
506 458
506 800
507 355
507 546
507 568
507 158
507 927
507 522
507 367
507 273
507 270
508 630
508 591
508 515
508 247
508 830
508 861
508 698
508 146
508 253
508 607
508 604
508 841
508 38
508 389
508 373
508 449
508 632
508 131
508 192
508 352
508 795
509 942
509 801
509 758
509 271
509 625
509 412
510 496
510 489
510 366
510 126
510 691
510 68
510 808
510 196
510 478
511 104
511 651
511 299
511 291
511 558
511 357
511 859
511 528
511 243
512 219
512 3
512 39
512 751
512 956
512 712
512 865
512 342
512 449
512 120
512 458
512 255
512 46
512 141
512 555
513 686
513 705
513 836
513 104
513 322
513 364
513 254
513 983
513 742
513 10
513 503
513 375
513 912
513 228
513 527
514 240
514 717
514 398
514 16
514 431
514 357
514 225
514 474
514 452
514 878
514 952
514 464
514 447
515 604
515 813
515 253
515 173
515 508
516 399
516 660
516 357
516 797
516 870
516 222
516 594
516 874
516 995
516 284
516 941
516 813
516 178
516 134
516 388
516 322
516 698
516 495
516 242
517 959
517 769
517 821
517 409
517 75
517 589
517 461
517 749
517 2
517 505
517 965
517 45
517 788
517 265
517 479
517 40
517 14
517 276
518 687
518 621
518 824
518 93
518 851
518 626
518 100
518 11
518 377
518 45
518 946
518 624
518 304
518 354
519 485
519 24
519 669
519 102
519 2
519 963
519 219
519 414
519 626
519 161
519 307
519 543
519 196
519 737
519 682
520 906
520 949
520 848
521 971
521 449
521 397
521 474
521 116
522 5
522 30
522 917
522 449
522 507
522 840
522 167
522 489
522 826
522 471
523 402
523 452
523 158
523 373
523 109
523 134
523 688
523 266
523 803
523 99
523 658
523 783
523 698
523 301
524 921
524 723
524 264
524 70
524 461
525 656
525 800
525 925
525 423
525 929
525 540
525 965
525 670
525 504
525 569
525 833
525 407
525 844
525 261
525 538
525 82
525 744
525 836
525 701
526 61
526 92
526 330
526 577
526 643
526 59
526 903
526 486
526 31
526 578
526 536
526 446
526 785
527 140
527 513
527 590
527 286
527 425
527 389
527 612
527 927
527 375
527 926
527 684
527 56
528 987
528 457
528 17
528 239
528 661
528 95
528 511
528 778
528 331
528 615
528 407
528 309
528 688
528 912
528 402
529 66
529 718
529 68
529 491
529 779
529 353
529 32
529 37
529 228
530 873
530 567
530 767
530 158
530 640
530 950
530 803
530 813
530 41
530 681
531 579
531 845
531 821
531 381
531 289
531 80
531 986
531 747
531 894
531 952
531 32
531 69
531 669
531 370
532 570
532 187
532 602
532 455
532 706
532 878
532 46
533 155
533 120
533 502
533 551
533 399
533 730
533 278
534 18
534 977
534 327
534 87
534 748
534 811
534 135
534 31
534 116
534 643
535 130
535 143
535 620
535 8
535 370
535 758
535 684
535 367
535 844
535 825
535 82
535 200
535 193
535 96
536 526
536 873
536 43
536 112
536 916
536 403
536 506
536 690
536 772
536 416
536 304
537 865
537 143
537 296
537 825
537 612
537 277
537 984
537 223
537 744
537 478
538 101
538 276
538 441
538 580
538 475
538 525
538 104
538 757
538 190
538 391
538 204
538 448
538 16
538 752
538 820
538 206
539 194
539 854
539 222
539 213
539 682
539 705
539 663
539 317
539 816
539 999
539 354
539 851
539 3
540 825
540 754
540 779
540 559
540 983
540 525
540 878
540 169
540 301
541 243
541 684
541 105
541 885
541 22
541 881
541 848
541 1
541 756
541 356
541 110
541 33
541 636
541 402
541 649
542 643
542 38
542 778
542 555
542 155
542 669
542 144
542 299
542 570
542 442
542 840
542 40
542 822
542 559
542 713
542 470
542 105
543 645
543 519
543 110
543 132
543 695
543 577
543 781
543 613
543 710
543 612
543 368
543 462
543 215
544 304
544 435
544 390
544 375
544 257
544 35
544 239
544 966
544 227
544 687
544 950
544 428
544 786
544 569
544 649
545 132
545 201
545 148
545 902
545 252
545 159
545 552
545 138
545 210
545 123
545 205
545 424
545 480
545 130
545 599
545 822
545 972
545 4
545 110
545 707
545 973
545 797
545 745
545 559
546 507
546 217
546 232
546 708
546 582
546 931
546 496
546 36
546 109
546 304
546 73
546 134
546 990
546 334
546 941
546 734
547 770
547 879
547 948
547 762
547 810
547 30
547 164
547 296
547 774
547 119
547 576
547 999
548 4
548 845
549 932
549 432
549 856
549 120
549 636
549 222
549 209
549 71
549 733
549 72
549 145
550 902
550 873
550 862
550 903
550 253
550 640
550 655
550 123
550 946
550 369
550 296
550 570
550 272
550 786
551 100
551 191
551 137
551 112
551 502
551 947
551 991
551 533
551 225
551 995
551 680
551 834
551 576
551 35
551 195
551 355
551 28
551 234
551 754
551 631
551 242
551 425
552 545
552 993
552 833
552 70
552 590
552 692
552 825
552 830
552 460
553 351
553 671
553 50
553 387
553 630
554 144
554 618
554 874
554 717
554 45
554 904
554 930
554 37
554 748
554 221
554 145
555 512
555 227
555 668
555 144
555 51
555 504
555 619
555 485
555 831
555 542
555 950
555 470
556 376
556 172
556 160
556 370
556 607
556 295
556 103
556 641
556 726
556 78
556 764
556 669
556 96
556 396
557 897
557 139
557 222
557 797
557 428
557 402
557 101
557 879
557 923
557 981
557 270
558 123
558 726
558 935
558 339
558 671
558 674
558 910
558 70
558 866
558 692
558 649
558 470
558 511
559 432
559 120
559 542
559 187
559 190
559 879
559 472
559 540
559 833
559 367
559 625
559 423
559 1000
559 487
559 813
559 823
559 944
559 865
559 89
559 545
560 571
560 138
560 779
560 106
560 759
560 834
560 264
561 471
561 442
561 637
561 7
561 251
561 35
561 726
561 307
561 500
561 32
561 370
561 41
561 921
561 761
561 349
561 329
561 619
561 278
562 652
562 196
562 246
562 778
562 268
562 731
562 756
562 734
562 926
562 25
562 743
562 66
562 897
562 95
562 53
562 725
562 437
562 334
563 196
563 656
563 373
563 989
563 262
563 850
563 395
563 432
563 624
563 36
563 970
563 646
564 342
564 338
564 202
564 156
564 698
564 213
564 409
564 68
564 776
564 601
565 907
565 257
565 930
565 500
565 221
565 480
565 827
565 389
565 740
565 954
565 765
565 840
565 139
565 635
565 395
565 126
565 400
565 497
565 927
565 213
565 630
566 435
566 312
566 241
566 325
566 407
566 903
566 327
566 82
566 221
567 993
567 276
567 530
568 656
568 986
568 507
568 415
568 905
568 977
568 271
568 119
568 200
568 351
568 238
568 412
568 505
568 984
568 701
569 288
569 276
569 799
569 952
569 981
569 990
569 113
569 677
569 544
569 907
569 904
569 808
569 689
569 525
570 698
570 947
570 412
570 532
570 991
570 669
570 684
570 255
570 422
570 449
570 550
570 673
570 139
570 934
570 907
570 542
570 191
570 251
570 392
571 750
571 560
571 363
571 358
571 585
571 61
571 873
571 960
571 871
571 887
571 166
571 823
571 734
571 396
571 400
572 214
572 346
572 170
572 37
572 387
572 464
573 157
573 995
573 909
573 93
573 380
573 593
573 394
573 643
573 400
573 470
573 325
573 697
573 95
573 230
573 168
573 971
573 770
573 996
574 749
574 942
574 883
574 80
574 284
574 471
574 226
574 56
574 919
575 289
575 850
575 99
575 46
576 948
576 110
576 837
576 800
576 547
576 961
576 60
576 425
576 722
576 164
576 973
576 50
576 745
576 737
576 433
576 878
576 551
576 943
577 412
577 290
577 898
577 777
577 855
577 658
577 813
577 325
577 67
577 455
577 427
577 96
577 463
577 526
577 434
577 158
577 333
577 20
577 543
577 465
577 713
577 988
577 675
577 741
578 476
578 265
578 900
578 839
578 471
578 526
578 663
578 10
578 916
578 673
578 726
578 988
578 885
579 338
579 791
579 762
579 358
579 842
579 255
579 531
580 740
580 149
580 437
580 600
580 538
580 91
580 902
580 643
580 478
581 296
581 906
581 829
581 39
581 272
582 97
582 410
582 725
582 775
582 231
582 196
582 18
582 685
582 933
582 456
582 841
582 82
582 345
582 546
583 479
583 28
583 891
583 898
583 10
583 471
583 44
583 406
584 792
584 881
584 814
584 933
584 106
584 201
584 211
584 503
584 902
585 662
585 780
585 169
585 385
585 827
585 686
585 975
585 465
585 591
585 229
585 343
585 571
585 69
585 100
585 114
585 206
586 376
586 642
586 748
586 717
586 953
586 423
586 871
586 38
586 175
586 222
587 649
587 365
587 242
587 648
587 899
587 930
587 442
587 12
587 67
587 296
587 234
587 952
587 761
587 590
587 141
588 715
588 213
588 420
588 476
588 701
588 45
588 642
588 867
588 674
588 353
588 823
589 170
589 53
589 308
589 954
589 517
589 465
589 90
589 191
589 641
590 10
590 107
590 360
590 711
590 632
590 587
590 404
590 552
590 192
590 699
590 669
590 979
590 172
590 105
590 608
590 318
590 288
590 730
590 421
590 232
590 527
591 63
591 856
591 38
591 124
591 645
591 273
591 227
591 25
591 406
591 934
591 585
591 249
591 373
591 288
591 892
591 508
592 293
592 270
592 922
592 910
592 414
592 153
592 613
592 491
592 70
592 248
592 804
593 573
593 463
593 454
594 253
594 691
594 692
594 643
594 516
595 101
595 222
595 749
595 814
595 168
595 896
595 615
595 431
595 691
595 456
595 85
596 370
596 893
596 614
596 148
596 698
597 181
597 748
597 384
597 83
597 357
597 891
597 694
597 170
597 725
597 932
597 830
597 919
598 346
598 151
598 632
598 85
598 90
598 678
598 605
599 393
599 324
599 331
599 158
599 195
599 747
599 789
599 545
599 830
599 56
599 880
599 374
599 187
599 258
599 175
599 491
599 730
599 465
599 767
599 107
600 86
600 895
600 316
600 580
600 2
600 444
600 296
600 968
600 345
601 917
601 368
601 952
601 831
601 776
601 430
601 207
601 969
601 989
601 21
601 413
601 564
601 385
601 35
601 606
601 451
601 211
601 298
601 701
602 7
602 311
602 961
602 449
602 4
602 959
602 397
602 831
602 284
602 396
602 638
602 500
602 532
602 360
602 732
602 901
602 928
602 619
602 878
603 307
603 866
603 906
603 223
603 915
603 733
603 861
603 284
603 258
603 711
603 865
603 485
604 508
604 798
604 650
604 515
604 887
604 19
604 795
604 373
604 877
604 393
604 209
604 186
604 849
604 890
604 907
604 765
604 709
604 732
604 475
604 983
604 350
604 905
604 233
604 713
604 235
605 759
605 220
605 333
605 598
605 189
605 326
605 851
606 64
606 850
606 657
606 601
606 490
606 461
606 391
606 117
606 355
606 677
606 21
606 946
606 627
606 898
606 162
606 732
607 80
607 349
607 426
607 379
607 151
607 641
607 556
607 508
608 966
608 454
608 992
608 25
608 590
608 858
608 71
608 658
609 456
609 661
609 283
609 662
609 629
610 301
610 228
610 250
610 17
610 833
610 677
610 878
610 687
610 988
610 175
611 823
611 21
611 497
611 998
611 989
611 737
611 215
611 701
611 987
612 149
612 937
612 155
612 728
612 998
612 408
612 766
612 47
612 797
612 238
612 873
612 693
612 537
612 790
612 503
612 527
612 356
612 935
612 143
612 616
612 923
612 171
612 623
612 744
612 251
612 543
612 963
612 733
612 355
612 228
613 691
613 637
613 94
613 759
613 771
613 102
613 701
613 172
613 244
613 498
613 872
613 543
613 82
613 928
613 89
613 713
613 150
613 592
614 236
614 596
614 221
614 74
614 244
614 740
614 947
614 330
614 42
614 437
614 965
615 803
615 844
615 595
615 873
615 751
615 407
615 528
615 65
615 740
615 938
615 364
615 109
615 469
615 497
615 144
616 310
616 221
616 4
616 926
616 935
616 918
616 612
616 876
616 280
616 708
616 900
616 986
616 895
616 798
617 57
617 418
617 140
617 694
617 796
617 388
617 154
617 38
617 328
617 115
617 900
617 620
617 282
617 80
617 58
617 434
617 9
617 237
618 85
618 725
618 554
618 940
618 145
618 861
618 97
618 326
618 506
619 308
619 852
619 987
619 602
619 561
619 175
619 795
619 252
619 376
619 995
619 87
619 117
619 42
619 85
619 446
619 555
620 72
620 719
620 139
620 629
620 83
620 984
620 930
620 869
620 200
620 941
620 645
620 660
620 617
620 535
620 999
620 126
620 167
620 978
621 705
621 937
621 102
621 175
621 292
621 948
621 518
621 457
621 830
621 481
621 2
622 473
622 90
622 460
622 779
622 999
622 306
622 823
623 6
623 933
623 398
623 612
623 89
623 229
623 333
623 464
624 518
624 670
624 218
624 341
624 146
624 563
624 326
624 652
624 716
624 874
624 415
624 36
624 995
624 892
625 25
625 202
625 499
625 911
625 317
625 509
625 949
625 474
625 53
625 791
625 374
625 718
625 559
625 353
625 75
625 462
625 737
625 355
625 188
626 162
626 648
626 915
626 939
626 894
626 371
626 721
626 188
626 118
626 987
626 972
626 711
626 519
626 109
626 632
626 518
626 51
627 606
627 443
627 462
627 946
627 143
627 920
627 465
627 317
627 943
628 133
628 337
628 853
628 335
628 188
629 291
629 912
629 651
629 153
629 365
629 810
629 609
629 363
629 418
629 122
629 620
629 389
629 247
630 157
630 940
630 887
630 655
630 565
630 110
630 56
630 695
630 553
630 286
630 739
630 211
630 853
630 734
630 780
630 508
631 995
631 551
631 727
631 751
631 2
631 170
631 154
631 497
631 401
631 797
631 286
631 664
631 221
632 177
632 968
632 87
632 781
632 508
632 598
632 104
632 692
632 793
632 420
632 626
632 304
632 139
632 336
632 79
632 326
632 590
632 879
632 60
633 280
633 185
633 640
633 705
633 256
633 310
633 933
633 358
633 360
633 727
633 100
633 353
633 32
633 798
633 443
633 697
633 224
633 208
634 496
634 844
635 20
635 315
635 394
635 814
635 395
635 775
635 783
635 565
635 250
635 393
635 276
635 903
635 137
635 750
636 652
636 415
636 191
636 541
636 46
636 957
636 67
636 289
636 732
636 339
636 841
636 341
636 549
636 95
636 783
636 821
637 467
637 79
637 839
637 665
637 716
637 38
637 336
637 966
637 765
637 904
637 277
637 455
637 458
637 561
637 643
637 613
637 936
637 780
638 495
638 285
638 947
638 465
638 494
638 39
638 432
638 713
638 252
638 463
638 706
638 63
638 260
638 954
638 602
638 701
639 349
639 337
639 461
640 633
640 876
640 550
640 698
640 765
640 994
640 530
641 294
641 278
641 364
641 607
641 589
641 729
641 111
641 653
641 687
641 357
641 892
641 246
641 944
641 447
641 556
642 240
642 586
642 588
642 930
642 480
642 169
643 534
643 269
643 637
643 162
643 330
643 594
643 322
643 14
643 284
643 96
643 427
643 665
643 580
643 249
643 325
643 666
643 961
643 573
643 526
643 894
643 435
643 542
644 889
644 276
644 370
644 457
644 856
644 704
644 961
644 459
644 210
644 862
644 972
644 663
644 16
644 79
644 425
645 490
645 355
645 95
645 801
645 620
645 671
645 373
645 689
645 122
645 543
645 591
646 832
646 252
646 309
646 827
646 158
646 563
646 365
646 318
646 330
646 703
646 795
646 179
647 254
647 955
647 813
647 713
647 152
647 470
648 626
648 10
648 336
648 490
648 765
648 758
648 5
648 793
648 587
648 243
648 150
648 364
649 766
649 307
649 370
649 558
649 921
649 789
649 541
649 470
649 544
649 474
649 892
649 912
649 587
649 834
649 239
650 949
650 408
650 454
650 841
650 975
650 791
650 604
650 475
650 250
650 460
651 687
651 22
651 434
651 410
651 427
651 189
651 437
651 511
651 200
651 164
651 838
651 629
651 447
652 562
652 117
652 246
652 624
652 636
652 988
653 230
653 447
653 398
653 859
653 641
653 181
653 250
653 749
653 344
653 228
653 73
653 674
653 975
653 907
653 880
653 940
653 138
653 95
653 258
653 208
653 450
653 495
653 13
653 301
654 942
654 468
654 401
654 713
654 937
654 981
654 697
655 62
655 835
655 550
655 701
655 912
655 184
655 738
655 630
656 60
656 474
656 56
656 133
656 984
656 476
656 696
656 844
656 449
656 784
656 568
656 174
656 729
656 920
656 86
656 462
656 692
656 698
656 525
656 910
656 563
657 479
657 606
657 222
657 16
657 823
658 956
658 749
658 856
658 125
658 523
658 77
658 608
658 577
658 411
658 729
658 687
658 350
658 808
658 960
658 54
658 96
658 847
658 810
658 404
659 69
660 794
660 732
660 620
660 215
660 439
660 899
660 355
660 98
660 188
660 797
660 135
660 867
660 282
660 516
661 710
661 478
661 406
661 953
661 225
661 229
661 609
661 34
661 366
661 665
661 528
661 798
661 706
661 822
661 145
662 879
662 904
662 324
662 895
662 40
662 744
662 282
662 85
662 609
662 585
662 768
662 810
662 951
662 706
663 72
663 644
663 34
663 85
663 815
663 431
663 732
663 454
663 578
663 9
663 281
663 539
663 129
663 174
663 885
663 188
664 203
664 877
664 477
664 257
664 169
664 316
664 11
664 631
664 729
664 468
664 825
664 973
664 202
665 115
665 661
665 803
665 752
665 269
665 214
665 828
665 487
665 3
665 795
665 637
665 415
665 848
665 309
665 327
665 859
665 727
665 643
665 847
665 404
666 781
666 376
666 915
666 643
666 406
667 336
667 335
667 673
667 5
667 127
667 984
667 472
667 56
667 303
668 955
668 680
668 776
668 831
668 735
668 830
668 555
669 98
669 874
669 781
669 531
669 556
669 86
669 519
669 715
669 711
669 570
669 9
669 189
669 297
669 542
669 114
669 590
669 486
669 250
670 214
670 774
670 999
670 624
670 68
670 471
670 32
670 166
670 193
670 525
671 895
671 91
671 553
671 210
671 645
671 966
671 282
671 477
671 82
671 99
671 398
671 711
671 558
671 431
671 776
671 717
671 369
671 954
671 990
671 446
671 83
671 787
672 378
672 80
672 774
672 742
672 347
672 834
672 801
672 9
673 900
673 403
673 816
673 376
673 570
673 142
673 667
673 320
673 434
673 828
673 102
673 31
673 955
673 883
673 475
673 400
673 465
673 578
673 367
674 796
674 588
674 125
674 898
674 919
674 558
674 370
674 116
674 883
674 810
674 304
674 171
674 653
674 847
674 978
675 76
675 924
675 389
675 721
675 898
675 130
675 150
675 957
675 191
675 394
675 395
675 577
675 993
675 174
675 339
675 468
675 4
676 753
676 284
676 758
676 736
676 952
676 127
676 779
676 912
676 55
676 943
677 105
677 883
677 319
677 28
677 920
677 726
677 762
677 606
677 569
677 915
677 610
678 598
678 237
678 180
679 257
679 859
680 668
680 30
680 993
680 765
680 58
680 500
680 551
680 920
680 63
680 857
680 59
680 184
681 435
681 715
681 975
681 877
681 394
681 908
681 502
681 830
681 367
681 419
681 971
681 530
681 214
681 79
681 192
682 457
682 782
682 420
682 397
682 477
682 519
682 458
682 977
682 473
682 333
682 726
682 427
682 539
682 375
682 32
683 841
683 705
683 433
683 396
684 527
684 365
684 322
684 374
684 541
684 570
684 535
684 491
684 764
684 795
684 733
685 931
685 915
685 13
685 760
685 284
685 38
685 776
685 582
685 247
685 178
685 847
685 848
686 513
686 961
686 585
686 277
686 16
686 866
686 150
686 116
687 707
687 365
687 277
687 772
687 402
687 251
687 975
687 154
687 694
687 610
687 802
687 232
687 471
687 265
687 651
687 658
687 544
687 360
687 641
687 968
687 474
687 518
687 366
688 523
688 439
688 927
688 433
688 268
688 939
688 250
688 528
688 372
688 335
688 319
688 984
688 84
688 983
689 645
689 732
689 254
689 569
689 872
689 332
689 847
689 928
689 321
689 335
689 700
689 8
689 262
689 47
689 410
690 45
690 536
690 470
690 477
691 844
691 470
691 454
691 775
691 594
691 595
691 510
691 244
691 254
691 335
691 358
691 995
691 262
691 876
691 976
691 613
691 214
691 105
692 552
692 897
692 594
692 163
692 366
692 221
692 719
692 558
692 853
692 61
692 62
692 435
692 656
692 919
692 632
692 915
692 934
692 226
693 385
693 786
693 81
693 723
693 894
693 437
693 307
693 34
693 612
693 163
693 493
693 457
693 55
693 460
694 214
694 687
694 617
694 121
694 597
694 173
694 762
694 107
695 758
695 543
695 428
695 630
696 51
696 505
696 75
696 656
696 154
696 795
696 59
696 478
696 506
696 335
697 873
697 654
697 941
697 440
697 826
697 910
697 633
697 573
697 339
697 705
697 720
697 82
697 450
697 970
698 656
698 848
698 596
698 105
698 640
698 516
698 523
698 961
698 296
698 570
698 201
698 768
698 564
698 720
698 911
698 796
698 508
699 986
699 153
699 15
699 804
699 781
699 120
699 416
699 112
699 140
699 859
699 590
700 723
700 490
700 278
700 162
700 784
700 449
700 144
700 689
701 638
701 601
701 525
701 246
701 768
701 846
701 840
701 78
701 611
701 568
701 849
701 266
701 747
701 231
701 655
701 126
701 588
701 32
701 908
701 613
701 978
702 253
702 289
702 82
702 255
702 486
702 866
702 207
702 787
702 336
702 368
702 963
702 270
703 137
703 256
703 878
703 646
703 323
703 804
703 257
703 773
703 46
703 208
703 311
703 227
703 308
703 148
703 193
703 60
704 281
704 278
704 121
704 742
704 956
704 713
704 459
704 644
704 876
705 814
705 14
705 197
705 743
705 784
705 40
705 266
705 697
705 683
705 796
705 170
705 255
705 513
705 633
705 224
705 539
705 621
705 93
706 332
706 312
706 662
706 356
706 661
706 532
706 331
706 891
706 638
706 862
706 802
706 58
706 490
706 462
706 799
707 61
707 884
707 299
707 545
707 256
707 285
707 369
707 186
707 687
707 47
707 163
707 276
707 225
708 81
708 957
708 316
708 369
708 546
708 397
708 616
708 37
709 133
709 503
709 121
709 845
709 604
709 866
709 162
710 661
710 543
711 466
711 669
711 289
711 210
711 916
711 626
711 357
711 15
711 418
711 425
711 50
711 353
711 766
711 273
711 603
711 955
711 938
711 671
711 432
711 4
711 452
711 455
711 590
711 878
711 477
712 289
712 115
712 913
712 831
712 193
712 71
712 512
713 604
713 577
713 654
713 158
713 75
713 613
713 402
713 542
713 647
713 638
713 250
713 271
713 704
713 720
713 239
713 406
713 447
714 185
714 447
714 369
714 80
714 495
714 980
714 915
715 332
715 150
715 669
715 889
715 588
715 113
715 254
715 909
715 242
715 189
715 903
715 163
715 322
715 59
715 681
716 637
716 624
716 73
716 910
716 278
717 15
717 554
717 781
717 671
717 13
717 782
717 586
717 133
717 913
717 973
717 375
717 514
718 529
718 88
718 439
718 625
718 762
718 80
718 906
718 308
718 57
718 7
719 966
719 620
719 797
719 692
720 713
720 997
720 985
720 94
720 407
720 464
720 109
720 350
720 160
720 697
720 698
721 361
721 260
721 20
721 966
721 502
721 862
721 773
721 347
721 937
721 40
721 675
721 179
721 626
722 576
722 857
722 853
722 115
722 422
722 24
722 74
722 954
722 369
722 356
722 504
722 36
722 451
722 163
723 693
723 75
723 524
723 369
723 120
723 765
723 946
723 764
723 700
724 925
724 445
724 948
724 783
724 43
724 57
724 889
724 17
724 156
724 10
724 139
724 142
724 905
724 910
724 472
724 447
725 744
725 961
725 852
725 962
725 68
725 618
725 597
725 562
725 431
725 296
725 582
726 427
726 8
726 942
726 987
726 875
726 682
726 109
726 292
726 677
726 558
726 578
726 73
726 257
726 378
726 803
726 774
726 304
726 761
726 137
726 171
726 353
726 561
726 352
726 276
726 556
727 407
727 14
727 633
727 856
727 665
727 234
727 184
727 631
727 942
728 900
728 612
728 345
728 93
728 392
728 270
729 664
729 963
729 813
729 58
729 658
729 309
729 107
729 70
729 656
729 762
729 47
729 489
729 915
729 137
729 359
729 641
730 996
730 599
730 771
730 590
730 533
730 286
730 332
730 43
730 773
730 392
730 255
730 821
731 872
731 367
731 777
731 440
731 325
731 779
731 956
731 350
731 381
731 88
731 951
731 123
731 289
731 562
731 376
731 903
731 44
732 636
732 604
732 439
732 941
732 942
732 979
732 663
732 602
732 342
732 282
732 62
732 606
732 660
732 689
732 73
733 684
733 435
733 853
733 612
733 549
733 603
734 815
734 839
734 630
734 60
734 904
734 155
734 161
734 546
734 965
734 872
734 571
734 318
734 174
734 562
734 186
734 854
734 910
734 193
735 668
735 324
735 35
735 919
735 1
735 906
735 927
735 471
736 777
736 486
736 254
736 676
736 62
736 89
736 227
736 311
736 146
736 800
736 490
736 949
736 851
736 738
736 93
737 256
737 9
737 625
737 576
737 45
737 239
737 466
737 435
737 611
737 491
737 519
737 459
737 264
737 359
737 116
738 843
738 736
738 807
738 879
738 655
738 803
738 98
738 863
739 408
739 439
739 161
739 877
739 749
739 231
739 630
739 799
739 48
739 787
740 565
740 9
740 261
740 615
740 124
740 614
740 179
740 580
741 859
741 498
741 389
741 767
741 267
741 177
741 403
741 83
741 464
741 390
741 577
741 129
741 440
741 322
741 243
741 286
742 875
742 849
742 54
742 774
742 90
742 489
742 332
742 235
742 354
742 941
742 447
742 454
742 318
742 672
742 453
742 747
742 366
742 904
742 109
742 704
742 513
743 705
743 562
743 138
743 87
743 126
743 435
743 914
744 537
744 525
744 235
744 499
744 313
744 134
744 196
744 612
744 238
744 791
744 725
744 68
744 16
744 440
744 662
744 38
745 758
745 370
745 576
745 86
745 545
745 437
745 961
745 789
745 428
745 863
745 250
745 247
745 55
746 959
746 110
746 385
746 864
746 754
746 859
747 83
747 886
747 430
747 139
747 125
747 90
747 531
747 251
747 958
747 356
747 742
747 38
747 599
747 302
747 262
747 754
747 286
747 701
748 291
748 45
748 829
748 483
748 774
748 338
748 817
748 495
748 554
748 597
748 892
748 883
748 872
748 586
748 272
748 534
748 162
748 228
749 739
749 574
749 93
749 887
749 517
749 979
749 658
749 653
749 595
749 135
750 141
750 184
750 276
750 348
750 434
750 961
750 76
750 635
750 60
750 229
750 571
750 875
750 820
751 951
751 93
751 8
751 823
751 155
751 1
751 615
751 512
751 775
751 631
751 830
751 842
752 944
752 538
752 499
752 443
752 86
752 220
752 903
752 250
752 665
752 225
753 31
753 365
753 117
753 921
753 990
753 676
753 763
753 946
754 19
754 551
754 377
754 38
754 747
754 258
754 193
754 239
754 332
754 746
754 540
754 129
754 120
754 965
754 41
754 48
755 42
755 504
755 440
755 365
755 200
755 371
755 844
755 966
755 432
756 250
756 273
756 355
756 166
756 114
756 174
756 562
756 366
756 142
756 541
757 872
757 208
757 538
757 131
757 858
757 135
758 311
758 695
758 648
758 784
758 333
758 444
758 676
758 187
758 158
758 509
758 47
758 378
758 372
758 535
758 175
758 233
758 82
758 425
758 745
759 452
759 560
759 345
759 958
759 54
759 949
759 953
759 986
759 87
759 32
759 613
759 605
760 961
760 420
760 906
760 874
760 685
760 847
761 772
761 561
761 382
761 726
761 431
761 338
761 587
761 289
761 88
761 154
761 240
761 838
761 984
762 480
762 202
762 677
762 113
762 579
762 367
762 979
762 413
762 284
762 694
762 296
762 342
762 158
762 249
762 718
762 137
762 32
762 129
762 932
762 729
762 547
763 45
763 336
763 753
763 263
763 858
763 804
763 892
763 77
763 82
763 994
764 974
764 163
764 98
764 556
764 684
764 107
764 723
764 795
764 298
764 388
765 101
765 565
765 855
765 913
765 680
765 75
765 306
765 648
765 637
765 892
765 723
765 74
765 19
765 8
765 67
765 57
765 640
765 846
765 148
765 604
765 4
766 489
766 142
766 711
766 612
766 450
766 649
767 325
767 340
767 494
767 599
767 459
767 45
767 244
767 486
767 288
767 335
767 879
767 367
767 303
767 530
767 741
768 956
768 662
768 698
768 992
768 245
768 4
768 74
768 787
768 339
768 415
768 342
768 77
768 904
768 358
768 853
768 701
768 945
769 89
769 431
769 167
769 309
769 517
769 10
769 797
769 131
769 3
770 389
770 984
770 573
770 148
770 443
770 470
770 379
770 296
770 862
770 187
770 36
770 33
770 547
771 730
771 998
771 984
771 937
771 613
772 69
772 687
772 761
772 536
772 895
772 937
772 270
773 203
773 45
773 904
773 300
773 476
773 721
773 730
773 138
773 835
773 172
773 703
774 505
774 670
774 185
774 672
774 906
774 547
774 829
774 726
774 373
774 486
774 742
774 205
774 976
774 20
774 786
774 748
774 485
774 318
775 288
775 912
775 936
775 751
775 55
775 80
775 635
775 201
775 153
775 691
775 582
775 857
775 930
775 105
775 415
776 407
776 564
776 668
776 197
776 83
776 685
776 882
776 383
776 108
776 4
776 601
776 671
776 86
776 902
777 132
777 577
777 395
777 834
777 736
777 731
778 85
778 80
778 562
778 359
778 542
778 528
779 676
779 184
779 194
779 529
779 207
779 560
779 396
779 622
779 540
779 978
779 986
779 122
779 347
779 15
779 731
780 425
780 190
780 376
780 315
780 152
780 865
780 630
780 637
780 307
780 961
780 47
780 69
780 585
780 41
780 51
780 359
780 972
780 396
780 495
781 135
781 954
781 321
781 389
781 126
781 21
781 666
781 929
781 222
781 328
781 333
781 717
781 699
781 906
781 632
781 855
781 543
781 874
781 908
781 786
781 275
781 669
781 152
782 415
782 717
782 18
782 10
782 682
782 298
783 383
783 236
783 636
783 523
783 135
783 425
783 498
783 335
783 635
783 724
783 63
783 456
783 341
783 349
783 402
783 461
784 758
784 22
784 705
784 126
784 700
784 398
784 656
785 161
785 182
785 18
785 196
785 526
785 172
785 138
785 211
785 226
785 221
786 544
786 104
786 891
786 960
786 177
786 774
786 550
786 944
786 781
786 172
786 490
786 410
786 234
786 693
787 82
787 671
787 170
787 915
787 790
787 739
787 299
787 981
787 494
787 151
787 420
787 18
787 900
787 702
787 940
787 432
787 505
787 398
787 768
787 495
788 840
788 887
788 517
788 859
788 44
788 443
788 188
789 599
789 293
789 84
789 178
789 421
789 745
789 649
789 878
790 89
790 851
790 612
790 144
790 16
790 823
790 787
790 796
790 188
791 744
791 170
791 948
791 579
791 950
791 888
791 141
791 36
791 913
791 285
791 200
791 625
791 363
791 35
791 401
791 226
791 650
791 915
792 584
792 920
793 41
793 922
793 281
793 43
793 849
793 648
793 342
793 888
793 896
793 632
793 398
794 863
794 505
794 660
794 215
795 684
795 979
795 696
795 646
795 508
795 397
795 604
795 504
795 764
795 619
795 110
795 665
796 790
796 698
796 888
796 617
796 705
796 674
796 57
796 15
796 345
796 456
796 951
796 937
797 206
797 976
797 180
797 101
797 807
797 256
797 160
797 769
797 483
797 719
797 557
797 545
797 904
797 631
797 41
797 158
797 115
797 612
797 660
797 354
797 99
797 443
797 858
797 488
797 516
798 275
798 661
798 616
798 415
798 633
798 71
798 604
798 127
798 137
798 319
798 469
799 739
799 359
799 303
799 706
799 35
799 356
799 360
799 569
799 86
800 736
800 241
800 823
800 506
800 804
800 20
800 576
800 525
800 935
801 417
801 48
801 257
801 41
801 509
801 645
801 502
801 672
801 60
801 354
801 137
802 951
802 125
802 993
802 200
802 814
802 248
802 706
802 311
802 45
802 55
802 30
802 132
802 687
802 894
802 353
802 461
802 985
803 530
803 825
803 202
803 523
803 449
803 281
803 298
803 615
803 726
803 665
803 341
803 738
803 861
803 428
804 850
804 478
804 986
804 189
804 205
804 763
804 800
804 202
804 956
804 15
804 414
804 965
804 592
804 699
804 842
804 703
804 387
804 399
805 123
805 904
805 253
805 842
805 491
805 349
805 882
805 329
805 226
806 973
806 327
806 151
807 110
807 738
807 359
807 70
807 797
808 347
808 322
808 569
808 658
808 306
808 353
808 969
808 510
808 917
808 926
808 26
808 865
808 316
808 190
808 161
808 472
808 477
809 876
809 4
809 226
809 342
809 834
809 228
810 873
810 401
810 674
810 17
810 662
810 849
810 491
810 56
810 884
810 658
810 333
810 903
810 861
810 929
810 963
810 629
810 547
811 364
811 77
811 154
811 534
811 152
812 87
812 202
812 412
813 530
813 311
813 816
813 62
813 907
813 483
813 942
813 931
813 647
813 515
813 516
813 41
813 14
813 729
813 419
813 490
813 577
813 37
813 559
813 859
813 193
813 229
813 303
814 465
814 705
814 584
814 369
814 635
814 117
814 802
814 144
814 595
814 20
814 7
814 842
815 906
815 980
815 663
815 341
815 75
815 734
816 673
816 844
816 813
816 539
816 86
816 202
817 504
817 296
817 373
817 471
817 446
817 823
817 748
817 470
818 351
818 117
818 364
818 222
818 161
818 145
818 985
819 480
819 827
819 926
819 38
819 449
819 54
820 859
820 863
820 750
820 177
820 312
820 139
820 25
820 538
820 446
820 880
820 47
820 944
820 375
820 191
820 152
821 484
821 636
821 279
821 189
821 730
821 861
821 336
821 316
821 517
821 18
821 531
822 498
822 979
822 363
822 542
822 545
822 398
822 958
822 353
822 661
822 502
822 340
822 114
823 91
823 968
823 185
823 830
823 571
823 208
823 827
823 370
823 817
823 994
823 255
823 657
823 622
823 295
823 588
823 4
823 790
823 503
823 751
823 800
823 559
823 323
823 826
823 611
823 326
823 160
824 164
824 31
824 926
824 421
824 518
824 288
824 469
824 370
825 540
825 664
825 38
825 85
825 537
825 850
825 117
825 535
825 28
825 552
825 883
825 53
825 803
825 10
825 56
825 470
826 454
826 823
826 888
826 392
826 103
826 522
826 82
826 243
826 276
826 697
827 585
827 565
827 972
827 819
827 91
827 243
827 823
827 419
827 646
828 442
828 35
828 893
828 7
828 884
828 251
828 378
828 145
828 318
828 883
828 673
828 117
828 407
828 845
828 665
828 107
828 270
829 441
829 968
829 581
829 107
829 843
829 245
829 287
829 966
829 862
829 774
829 414
829 211
829 911
829 150
829 748
829 858
829 303
830 831
830 552
830 597
830 66
830 621
830 388
830 877
830 668
830 751
830 186
830 360
830 599
830 253
830 375
830 32
830 239
830 823
830 201
830 460
830 681
830 508
831 712
831 668
831 853
831 232
831 156
831 555
831 42
831 915
831 602
831 601
831 44
831 830
832 841
832 101
832 646
832 169
833 104
833 309
833 525
833 98
833 552
833 860
833 170
833 880
833 376
833 559
833 209
833 610
834 404
834 417
834 388
834 777
834 61
834 301
834 380
834 227
834 165
834 672
834 649
834 560
834 809
834 909
834 162
834 890
834 332
834 962
834 551
834 93
834 166
834 270
835 25
835 102
835 24
835 60
835 380
835 201
835 849
835 871
835 470
835 947
835 899
835 322
835 480
835 655
835 28
835 16
835 773
835 232
835 987
835 301
836 525
836 234
836 513
836 472
837 281
837 420
837 214
837 158
837 576
837 350
837 376
837 126
837 297
837 322
838 453
838 942
838 30
838 9
838 761
838 651
838 876
838 223
839 235
839 442
839 962
839 934
839 870
839 637
839 971
839 578
839 936
839 734
840 260
840 921
840 522
840 788
840 982
840 258
840 908
840 357
840 449
840 67
840 429
840 408
840 565
840 984
840 318
840 542
840 379
840 1
840 271
840 451
840 106
840 16
840 166
840 433
840 488
840 701
841 209
841 8
841 683
841 204
841 832
841 129
841 396
841 508
841 885
841 355
841 636
841 203
841 317
841 940
841 851
841 582
841 387
841 960
841 650
842 805
842 300
842 804
842 579
842 479
842 989
842 814
842 751
842 183
842 469
842 42
843 883
843 291
843 14
843 829
843 258
843 264
843 960
843 738
843 434
843 858
844 634
844 88
844 816
844 231
844 232
844 243
844 19
844 13
844 257
844 505
844 535
844 525
844 430
844 615
844 691
844 359
844 227
844 275
844 656
844 755
845 190
845 7
845 828
845 467
845 548
845 397
845 709
845 395
845 67
845 531
846 304
846 857
846 765
846 93
846 958
846 248
846 971
846 454
846 353
846 428
846 392
846 701
847 685
847 658
847 674
847 38
847 72
847 37
847 760
847 466
847 894
847 99
847 931
847 403
847 398
847 275
847 478
847 422
847 211
847 665
847 11
847 234
847 689
847 337
847 473
848 322
848 665
848 520
848 91
848 339
848 107
848 685
848 95
848 541
848 261
848 698
849 742
849 604
849 793
849 810
849 835
849 251
849 286
849 701
850 37
850 563
850 472
850 299
850 407
850 308
850 352
850 575
850 202
850 250
850 804
850 825
850 606
850 90
851 790
851 736
851 53
851 19
851 841
851 459
851 605
851 28
851 935
851 468
851 897
851 518
851 354
851 71
851 539
852 725
852 407
852 923
852 12
852 327
852 619
853 388
853 345
853 327
853 111
853 628
853 448
853 768
853 378
853 153
853 630
853 158
853 722
853 28
853 971
853 145
853 175
853 831
853 998
853 984
853 692
853 733
854 297
854 911
854 734
854 152
854 290
854 298
854 86
854 486
854 324
854 181
854 539
854 32
855 118
855 472
855 781
855 867
855 275
855 577
855 765
855 324
855 983
855 347
855 861
855 947
855 206
856 37
856 422
856 30
856 299
856 892
856 306
856 727
856 644
856 332
856 549
856 658
856 101
856 591
857 775
857 363
857 131
857 389
857 680
857 922
857 722
857 846
857 376
857 456
857 505
857 488
858 939
858 797
858 297
858 912
858 829
858 757
858 951
858 608
858 109
858 843
858 940
858 60
858 276
858 134
858 763
858 215
859 665
859 883
859 699
859 360
859 511
859 746
859 788
859 332
859 937
859 202
859 679
859 37
859 813
859 653
859 48
859 820
859 741
860 255
860 201
860 972
860 73
860 833
860 485
861 197
861 918
861 618
861 803
861 26
861 855
861 810
861 30
861 58
861 603
861 947
861 945
861 508
861 821
862 353
862 273
862 721
862 829
862 981
862 644
862 908
862 10
862 770
862 44
862 706
862 340
862 281
862 550
862 176
862 250
862 82
862 99
862 228
863 22
863 35
863 486
863 895
863 745
863 738
863 160
863 794
863 232
863 820
864 250
864 934
864 397
864 746
865 512
865 9
865 537
865 189
865 288
865 362
865 410
865 49
865 603
865 307
865 161
865 559
865 25
865 45
865 780
865 808
866 278
866 686
866 558
866 709
866 37
866 410
866 496
866 330
866 603
866 702
866 281
866 373
866 433
867 924
867 119
867 855
867 335
867 660
867 588
867 150
867 894
868 86
868 38
868 115
868 246
869 620
869 148
869 178
869 446
870 420
870 40
870 993
870 4
870 839
870 276
870 516
871 586
871 428
871 265
871 355
871 25
871 395
871 182
871 944
871 123
871 53
871 307
871 168
871 361
871 397
871 835
871 571
871 136
872 613
872 900
872 40
872 56
872 251
872 748
872 757
872 226
872 325
872 476
872 375
872 36
872 224
872 689
872 973
872 223
872 731
872 397
872 734
872 949
873 530
873 615
873 810
873 496
873 887
873 550
873 612
873 571
873 536
873 697
874 899
874 456
874 896
874 260
874 234
874 781
874 268
874 286
874 760
874 554
874 624
874 468
874 669
874 516
875 111
875 302
875 750
875 189
875 347
875 742
875 726
875 387
875 44
876 838
876 91
876 396
876 980
876 898
876 809
876 7
876 691
876 640
876 704
876 230
876 232
876 252
876 135
876 953
876 401
876 616
876 127
876 927
876 945
877 664
877 604
877 926
877 345
877 739
877 830
877 332
877 681
878 540
878 982
878 106
878 168
878 215
878 897
878 406
878 126
878 789
878 514
878 602
878 711
878 576
878 532
878 117
878 703
878 887
878 272
878 610
879 113
879 240
879 153
879 345
879 286
879 58
879 902
879 378
879 632
879 335
879 767
879 557
879 244
879 559
879 347
879 738
879 662
879 298
879 547
880 188
880 833
880 213
880 463
880 599
880 499
880 653
880 480
880 243
880 91
880 71
880 55
880 335
880 370
880 443
880 820
881 89
881 954
881 584
881 420
881 351
881 541
881 994
881 106
881 298
881 288
882 991
882 129
882 82
882 323
882 505
882 805
882 962
882 108
882 457
882 255
882 776
882 471
882 229
883 992
883 674
883 828
883 574
883 843
883 286
883 24
883 825
883 748
883 38
883 231
883 932
883 673
883 44
883 234
883 73
883 903
883 859
883 677
883 945
884 496
884 828
884 915
884 707
884 955
884 96
884 810
885 160
885 237
885 331
885 578
885 663
885 541
885 841
885 505
885 470
885 464
885 477
886 486
886 747
886 996
886 322
886 985
887 749
887 242
887 466
887 571
887 461
887 878
887 873
887 950
887 788
887 24
887 160
887 604
887 907
887 968
887 233
887 630
887 3
888 791
888 106
888 826
888 793
888 796
889 644
889 724
889 954
889 715
889 59
889 983
890 31
890 604
890 277
890 901
890 834
891 583
891 974
891 706
891 302
891 170
891 244
891 998
891 339
891 597
891 126
891 387
891 786
891 421
892 649
892 47
892 148
892 489
892 748
892 454
892 763
892 353
892 5
892 641
892 350
892 591
892 624
892 765
892 856
892 46
892 440
892 162
892 221
893 360
893 828
893 171
893 458
893 596
893 83
893 501
894 926
894 144
894 693
894 122
894 58
894 643
894 10
894 531
894 495
894 802
894 949
894 867
894 205
894 234
894 983
894 847
894 419
894 626
895 350
895 942
895 772
895 901
895 616
895 863
895 486
895 600
895 121
895 671
895 913
895 662
896 38
896 376
896 913
896 793
896 992
896 319
896 968
896 496
896 174
896 874
896 595
896 278
896 398
897 77
897 383
897 402
897 6
897 490
897 422
897 557
897 851
897 129
897 562
897 971
897 480
897 503
897 83
897 692
897 878
897 985
898 583
898 330
898 5
898 606
898 217
898 143
898 577
898 876
898 674
898 675
899 178
899 336
899 402
899 395
899 505
899 186
899 80
899 415
899 660
899 874
899 587
899 835
899 981
899 985
900 787
900 616
900 998
900 728
900 273
900 946
900 617
900 872
900 673
900 578
900 239
901 84
901 60
901 602
901 933
901 292
901 890
901 233
901 250
901 895
902 956
902 377
902 980
902 456
902 178
902 232
902 476
902 929
902 313
902 375
902 3
902 580
902 584
902 776
902 545
902 938
902 550
902 208
902 879
902 162
903 731
903 198
903 450
903 237
903 715
903 300
903 370
903 883
903 635
903 566
903 485
903 925
903 195
903 439
903 400
903 810
903 395
903 355
903 526
903 932
903 550
903 752
903 970
903 275
904 97
904 205
904 180
904 953
904 768
904 927
904 805
904 637
904 569
904 554
904 210
904 238
904 126
904 469
904 397
904 773
904 797
904 662
904 96
904 734
904 742
905 724
905 185
905 236
905 604
905 239
905 215
905 19
905 168
905 568
905 983
905 397
905 28
905 235
905 171
906 975
906 735
906 815
906 520
906 781
906 718
906 760
906 581
906 217
906 354
906 115
906 603
906 774
906 234
906 932
906 262
906 20
906 97
906 393
907 401
907 887
907 368
907 653
907 569
907 570
907 604
907 565
907 813
907 277
907 341
907 326
907 191
908 701
908 916
908 236
908 374
908 781
908 946
908 75
908 322
908 45
908 840
908 382
908 862
908 249
908 82
908 202
908 152
908 681
909 446
909 163
909 43
909 100
909 715
909 950
909 573
909 382
909 370
909 434
909 373
909 148
909 166
909 150
909 834
909 355
910 188
910 442
910 61
910 558
910 207
910 482
910 724
910 716
910 104
910 734
910 656
910 255
910 474
910 189
910 399
910 592
910 433
910 403
910 697
911 247
911 131
911 829
911 263
911 698
911 938
911 854
911 625
911 428
912 528
912 472
912 140
912 649
912 195
912 676
912 464
912 513
912 775
912 655
912 40
912 120
912 387
912 433
912 858
912 629
913 895
913 351
913 76
913 59
913 256
913 717
913 712
913 1
913 374
913 149
913 14
913 896
913 765
913 117
913 791
913 139
913 277
913 934
913 941
913 99
913 239
913 301
914 484
914 85
914 106
914 331
914 325
914 743
914 966
914 2
914 993
914 133
914 990
914 84
914 150
914 174
914 135
915 257
915 714
915 692
915 183
915 177
915 677
915 339
915 130
915 666
915 729
915 831
915 263
915 884
915 791
915 626
915 685
915 603
915 346
915 926
915 980
915 979
915 450
915 787
916 711
916 578
916 536
916 326
916 908
916 402
917 1
917 87
917 522
917 410
917 109
917 293
917 182
917 979
917 601
917 808
917 481
918 139
918 60
918 616
918 861
918 44
919 735
919 692
919 291
919 364
919 135
919 253
919 286
919 418
919 451
919 597
919 934
919 574
919 249
919 674
919 44
919 433
919 307
919 189
919 250
920 333
920 204
920 680
920 491
920 56
920 792
920 627
920 656
920 55
920 143
920 7
920 950
920 353
920 129
920 677
921 341
921 309
921 524
921 753
921 561
921 446
921 840
921 949
921 247
921 455
921 649
922 284
922 326
922 592
922 793
922 857
922 54
922 323
922 981
923 852
923 612
923 261
923 159
923 557
924 867
924 234
924 158
924 163
924 317
924 675
925 724
925 903
925 233
925 45
925 525
925 981
926 819
926 824
926 915
926 475
926 109
926 877
926 103
926 113
926 492
926 429
926 985
926 527
926 93
926 265
926 46
926 500
926 894
926 562
926 7
926 616
926 968
926 175
926 963
926 808
926 304
927 565
927 291
927 527
927 17
927 735
927 202
927 507
927 876
927 335
927 904
927 688
927 464
927 949
928 470
928 408
928 613
928 182
928 123
928 602
928 374
928 459
928 201
928 689
928 349
928 375
929 360
929 810
929 236
929 902
929 299
929 781
929 995
929 134
929 525
929 109
930 369
930 45
930 472
930 554
930 497
930 642
930 775
930 988
930 31
930 620
930 565
930 276
930 101
930 587
930 243
930 435
931 685
931 813
931 968
931 989
931 546
931 847
931 228
932 435
932 903
932 597
932 276
932 906
932 83
932 762
932 504
932 496
932 883
932 36
932 549
932 286
933 584
933 281
933 143
933 633
933 397
933 582
933 452
933 901
933 623
933 154
933 22
934 305
934 66
934 462
934 692
934 913
934 395
934 73
934 570
934 432
934 864
934 410
934 118
934 113
934 591
934 839
934 145
934 919
935 192
935 558
935 612
935 260
935 285
935 302
935 851
935 800
935 369
935 5
935 364
935 616
935 400
935 196
935 963
935 460
936 351
936 268
936 424
936 336
936 33
936 839
936 409
936 946
936 637
936 62
936 775
936 364
936 158
936 174
936 485
936 937
936 382
937 122
937 654
937 72
937 443
937 771
937 936
937 721
937 356
937 316
937 796
937 25
937 302
937 772
937 438
937 238
937 395
937 109
937 100
937 992
937 612
937 859
937 621
938 75
938 158
938 902
938 957
938 489
938 30
938 267
938 79
938 95
938 615
938 373
938 911
938 711
938 152
938 261
938 115
938 276
938 50
938 45
938 31
938 105
939 77
939 688
939 858
939 318
939 626
940 476
940 55
940 9
940 26
940 787
940 841
940 858
940 204
940 653
940 618
940 362
940 227
940 420
940 971
940 630
940 961
940 978
941 994
941 491
941 168
941 205
941 913
941 417
941 516
941 546
941 189
941 742
941 732
941 121
941 186
941 620
941 120
941 68
941 697
942 331
942 654
942 970
942 509
942 574
942 395
942 90
942 727
942 378
942 732
942 726
942 813
942 332
942 979
942 838
942 895
942 152
942 232
943 977
943 325
943 168
943 498
943 208
943 576
943 100
943 627
943 964
943 676
943 14
943 291
943 202
944 820
944 381
944 246
944 641
944 448
944 871
944 999
944 559
944 752
944 786
944 970
945 331
945 399
945 876
945 947
945 328
945 329
945 861
945 291
945 883
945 39
945 77
945 285
945 768
945 45
945 14
945 142
945 175
946 627
946 476
946 550
946 488
946 900
946 318
946 606
946 723
946 122
946 518
946 753
946 950
946 109
946 281
946 20
946 10
946 908
946 936
946 472
946 179
947 227
947 855
947 445
947 39
947 861
947 154
947 414
947 355
947 53
947 638
947 570
947 551
947 332
947 361
947 835
947 194
947 614
947 945
948 379
948 791
948 724
948 576
948 376
948 547
948 460
948 621
949 736
949 625
949 171
949 759
949 283
949 407
949 921
949 358
949 520
949 119
949 872
949 106
949 927
949 382
949 38
949 109
949 894
949 650
950 125
950 321
950 544
950 946
950 920
950 555
950 791
950 909
950 489
950 887
950 432
950 256
950 530
951 796
951 979
951 430
951 159
951 317
951 312
951 78
951 662
951 751
951 170
951 350
951 802
951 233
951 731
951 858
952 350
952 587
952 358
952 676
952 504
952 313
952 99
952 531
952 514
952 36
952 569
952 601
952 471
952 318
952 412
953 451
953 876
953 470
953 759
953 504
953 239
953 200
953 330
953 140
953 476
953 31
953 431
953 250
953 468
953 904
953 586
953 661
953 979
954 287
954 565
954 722
954 881
954 154
954 638
954 671
954 249
954 889
954 589
954 240
954 60
954 781
954 257
954 73
954 39
954 488
955 647
955 281
955 317
955 711
955 200
955 385
955 668
955 194
955 673
955 118
955 884
955 370
955 109
955 996
955 25
955 988
956 216
956 266
956 109
956 111
956 284
956 902
956 87
956 296
956 768
956 658
956 341
956 704
956 804
956 731
956 402
956 512
957 636
957 708
957 460
957 53
957 938
957 14
957 971
957 503
957 675
958 846
958 822
958 759
958 334
958 747
959 132
959 517
959 746
959 602
960 468
960 843
960 658
960 963
960 269
960 841
960 170
960 395
960 223
960 786
960 571
961 499
961 181
961 760
961 698
961 210
961 297
961 686
961 355
961 266
961 151
961 940
961 53
961 725
961 576
961 644
961 602
961 745
961 643
961 750
961 780
962 459
962 31
962 725
962 222
962 973
962 12
962 882
962 839
962 209
962 834
963 147
963 612
963 702
963 926
963 377
963 935
963 478
963 177
963 121
963 810
963 480
963 151
963 372
963 519
963 729
963 77
963 960
963 58
964 151
964 459
964 180
964 85
964 194
964 943
965 283
965 266
965 144
965 754
965 323
965 614
965 158
965 517
965 353
965 525
965 734
965 804
966 719
966 18
966 375
966 982
966 829
966 393
966 755
966 348
966 637
966 608
966 458
966 32
966 721
966 544
966 671
966 33
966 176
966 914
966 228
967 257
967 15
967 166
967 488
967 237
968 687
968 931
968 376
968 600
968 210
968 926
968 226
968 887
968 470
968 67
968 87
968 254
968 42
968 829
968 115
968 632
968 131
968 823
968 896
969 239
969 350
969 207
969 980
969 41
969 62
969 336
969 373
969 808
969 601
969 375
970 563
970 71
970 490
970 149
970 982
970 903
970 1000
970 66
970 697
970 247
970 944
970 357
970 156
970 942
970 299
970 488
970 188
971 314
971 897
971 853
971 285
971 940
971 121
971 347
971 573
971 388
971 521
971 846
971 287
971 839
971 957
971 394
971 479
971 296
971 984
971 681
972 189
972 381
972 187
972 207
972 827
972 395
972 860
972 17
972 288
972 120
972 545
972 644
972 780
972 296
972 166
972 406
972 626
973 240
973 224
973 432
973 576
973 303
973 446
973 872
973 717
973 806
973 664
973 139
973 962
973 545
973 266
973 222
973 375
973 471
974 411
974 379
974 891
974 340
974 764
974 450
974 428
974 354
975 687
975 585
975 906
975 979
975 25
975 650
975 653
975 47
975 72
975 681
976 235
976 340
976 322
976 691
976 427
976 345
976 104
976 774
976 277
976 109
976 12
976 797
977 568
977 990
977 682
977 534
977 48
977 215
977 943
978 440
978 940
978 11
978 293
978 674
978 62
978 620
978 701
978 449
978 211
978 779
979 975
979 749
979 953
979 917
979 942
979 980
979 915
979 732
979 80
979 138
979 822
979 762
979 15
979 590
979 951
979 795
980 714
980 277
980 210
980 312
980 93
980 815
980 915
980 162
980 386
980 350
980 902
980 342
980 876
980 468
980 979
980 969
980 349
980 421
981 93
981 899
981 654
981 925
981 922
981 557
981 186
981 8
981 470
981 86
981 262
981 862
981 139
981 368
981 442
981 569
981 334
981 787
981 481
982 373
982 966
982 840
982 143
982 309
982 428
982 970
982 878
982 72
983 144
983 855
983 604
983 401
983 894
983 905
983 353
983 499
983 540
983 688
983 129
983 375
983 889
983 513
983 14
983 406
983 162
983 105
984 286
984 667
984 761
984 568
984 688
984 971
984 853
984 537
984 771
984 412
984 503
984 459
984 840
984 620
984 656
984 138
984 456
984 347
984 770
984 193
984 150
984 388
985 897
985 448
985 886
985 167
985 18
985 802
985 818
985 172
985 192
985 359
985 899
985 720
985 926
985 56
986 759
986 269
986 531
986 992
986 616
986 48
986 779
986 292
986 699
986 568
986 804
986 449
986 326
986 15
986 251
987 611
987 454
987 219
987 462
987 835
987 181
987 726
987 79
987 528
987 619
987 626
988 930
988 955
988 578
988 577
988 610
988 652
988 224
988 176
988 374
988 235
988 248
989 399
989 271
989 931
989 191
989 213
989 149
989 386
989 247
989 601
989 326
989 178
989 563
989 842
989 611
990 671
990 546
990 145
990 470
990 753
990 977
990 40
990 307
990 183
990 914
990 499
990 569
991 570
991 551
991 297
991 435
991 882
991 324
992 89
992 608
992 216
992 333
992 937
992 115
992 311
992 168
992 486
992 883
992 986
992 896
992 768
992 375
992 154
993 446
993 567
993 914
993 870
993 467
993 552
993 286
993 98
993 161
993 802
993 208
993 251
993 680
993 675
994 881
994 212
994 304
994 763
994 640
994 941
994 93
994 823
994 59
994 388
994 270
995 198
995 516
995 425
995 469
995 691
995 619
995 58
995 929
995 624
995 573
995 431
995 551
995 631
996 360
996 955
996 886
996 366
996 573
996 205
996 730
996 345
997 393
997 117
997 73
997 452
997 720
997 72
998 853
998 259
998 233
998 771
998 209
998 900
998 357
998 612
998 611
998 891
999 365
999 547
999 670
999 256
999 2
999 620
999 944
999 622
999 299
999 205
999 113
999 539
999 82
1000 419
1000 336
1000 559
1000 323
1000 970
