1 183
1 238
1 96
1 421
1 148
1 320
1 492
1 46
1 6
1 83
1 87
1 110
1 139
1 262
1 271
1 313
1 461
1 531
2 132
2 212
2 245
2 576
2 330
2 506
2 53
2 154
2 105
2 264
3 83
3 431
3 353
3 516
3 327
3 497
3 179
3 230
3 524
3 544
4 287
4 32
4 71
4 108
4 202
4 215
4 275
4 454
4 461
5 338
5 180
5 567
5 462
5 391
5 279
5 334
5 371
5 403
5 454
5 464
6 193
6 1
6 28
6 567
6 425
6 380
6 347
6 19
6 143
6 259
6 417
6 442
7 431
7 234
7 60
7 18
7 546
7 560
7 70
7 303
7 432
7 549
7 584
8 331
8 51
8 228
8 278
8 308
8 410
8 455
8 515
9 558
9 474
9 167
9 227
9 367
9 211
9 110
9 272
9 57
9 215
9 269
9 517
10 334
10 424
10 507
10 26
10 199
10 203
10 286
10 314
10 316
10 535
10 539
11 104
11 551
11 157
11 281
11 53
11 114
11 204
11 212
11 293
11 308
11 514
12 321
12 88
12 63
12 559
12 599
12 84
12 575
12 360
12 156
12 217
12 267
12 429
12 510
13 532
13 166
13 380
13 374
13 513
13 343
13 516
13 539
13 290
13 392
13 393
13 502
13 528
13 594
13 403
14 27
14 62
14 149
14 220
14 223
14 268
14 379
14 444
14 495
14 531
14 543
15 392
15 138
15 239
15 148
15 551
15 524
15 334
15 365
16 126
16 375
16 390
16 480
16 597
16 502
16 542
16 42
16 138
16 162
16 351
16 362
16 365
16 396
16 497
16 577
17 147
17 268
17 552
17 537
17 226
17 478
17 146
17 22
17 178
17 442
17 504
18 509
18 333
18 315
18 369
18 7
18 105
18 346
18 501
18 528
18 579
19 235
19 119
19 6
19 166
19 491
19 29
19 480
19 252
19 279
19 451
20 119
20 220
20 239
20 127
20 397
20 58
20 552
20 364
20 54
20 86
20 169
20 505
20 541
21 116
21 169
21 565
21 314
21 427
21 442
21 531
21 255
21 75
21 136
21 200
21 251
21 344
22 556
22 374
22 17
22 346
22 328
22 599
22 538
22 40
22 84
22 154
22 193
22 283
22 355
22 451
22 521
22 572
23 36
23 365
23 33
23 49
23 122
23 382
23 570
23 591
24 165
24 183
24 254
24 173
24 590
24 151
24 103
24 31
24 144
24 235
24 335
24 390
24 425
24 429
24 452
24 583
24 589
25 447
25 330
25 389
25 245
25 78
25 116
25 176
25 199
25 288
25 437
25 457
25 529
26 68
26 10
26 293
26 264
26 106
26 465
26 419
26 47
26 74
26 80
26 89
26 162
26 213
26 227
26 290
26 456
26 464
26 572
27 119
27 139
27 460
27 93
27 14
27 98
27 277
27 318
27 330
27 391
27 393
27 470
27 511
27 552
27 557
28 438
28 80
28 519
28 116
28 434
28 360
28 368
28 6
28 287
29 288
29 68
29 295
29 553
29 488
29 559
29 579
29 187
29 19
29 116
29 278
29 335
29 358
29 441
29 548
30 169
30 546
30 360
30 173
30 34
30 531
30 517
30 100
30 118
30 336
30 440
30 592
31 288
31 297
31 552
31 465
31 107
31 24
31 147
31 201
31 278
31 294
31 300
31 366
31 501
31 566
31 593
32 212
32 4
32 586
32 307
32 392
32 154
32 38
32 88
32 271
32 339
32 552
33 594
33 451
33 414
33 252
33 558
33 23
33 399
33 95
34 342
34 264
34 551
34 228
34 390
34 234
34 54
34 30
34 43
34 97
34 143
34 205
34 315
34 481
35 162
35 553
35 163
35 467
35 85
35 198
35 356
35 56
35 138
35 148
35 261
35 269
35 428
35 496
35 583
36 233
36 338
36 408
36 540
36 283
36 226
36 107
36 23
36 73
36 164
36 203
36 212
36 255
36 429
37 369
37 337
37 59
37 151
37 541
37 326
37 124
37 65
37 188
37 257
37 505
37 507
38 204
38 539
38 32
38 286
38 376
38 74
38 209
38 225
39 538
39 442
39 132
39 259
39 219
39 61
39 130
39 167
39 272
39 315
39 467
39 537
39 195
40 22
40 497
40 360
40 590
40 471
40 131
40 108
40 111
40 151
40 156
40 159
40 193
40 241
40 331
40 428
40 493
40 509
40 547
41 493
41 494
41 444
41 388
41 136
41 49
41 291
41 225
41 265
41 320
41 352
41 570
42 355
42 16
42 340
42 417
42 59
42 425
42 577
42 481
42 124
42 444
43 376
43 34
43 256
43 507
43 144
43 461
43 422
43 570
43 150
43 218
43 269
43 442
43 449
43 484
43 564
44 298
44 332
44 361
44 587
44 137
44 157
44 172
44 321
44 405
44 478
44 495
44 503
45 582
45 156
45 103
45 230
45 289
45 300
45 332
45 341
45 355
45 486
45 533
46 191
46 300
46 348
46 231
46 526
46 359
46 417
46 1
46 228
46 331
46 504
47 466
47 26
47 133
47 180
47 178
47 261
47 537
47 53
47 60
47 61
47 377
47 405
47 443
47 454
47 586
47 596
48 535
48 440
48 462
48 310
48 78
48 148
48 329
48 561
48 265
48 330
48 369
48 541
49 420
49 399
49 517
49 165
49 336
49 23
49 41
49 168
49 195
49 266
49 328
49 394
49 441
49 581
50 224
50 457
50 122
50 287
50 272
50 567
50 93
50 67
50 86
50 112
50 251
50 274
50 431
50 553
51 90
51 514
51 445
51 442
51 493
51 8
51 438
51 89
51 161
51 323
51 518
51 530
51 557
52 343
52 326
52 56
52 193
52 117
52 248
52 263
52 341
52 434
52 445
53 379
53 443
53 433
53 78
53 324
53 47
53 110
53 2
53 11
53 62
53 67
53 75
53 137
53 210
53 211
53 214
53 314
53 315
53 318
53 442
53 543
54 333
54 398
54 20
54 362
54 156
54 83
54 34
54 122
54 135
54 191
54 216
54 255
54 284
54 371
54 382
54 501
54 508
54 519
54 593
55 130
55 59
55 129
55 547
55 286
55 108
55 258
55 305
55 463
56 35
56 296
56 304
56 525
56 180
56 335
56 370
56 465
56 52
56 70
56 71
56 146
56 159
56 168
56 253
56 272
56 302
56 325
56 371
56 388
56 389
56 459
56 512
56 551
56 572
57 116
57 253
57 244
57 430
57 9
57 521
57 115
57 129
57 175
57 187
57 229
57 274
57 284
57 289
57 358
57 369
57 413
58 134
58 169
58 158
58 445
58 90
58 20
58 109
58 130
58 214
58 276
58 390
58 526
59 144
59 181
59 117
59 307
59 340
59 274
59 251
59 291
59 37
59 42
59 55
59 317
59 403
59 433
59 499
59 527
60 47
60 376
60 315
60 107
60 172
60 92
60 203
60 7
60 197
60 269
60 295
60 422
61 39
61 578
61 47
61 548
61 483
61 523
61 352
61 498
61 68
61 204
61 209
61 271
61 482
61 542
61 553
62 14
62 481
62 314
62 53
62 63
62 511
62 372
62 482
62 555
63 448
63 261
63 121
63 471
63 464
63 321
63 333
63 494
63 12
63 62
63 65
63 194
63 227
63 184
64 264
64 599
64 326
64 196
64 183
64 198
64 360
64 134
64 544
65 437
65 439
65 410
65 63
65 206
65 229
65 436
65 37
65 70
65 81
65 90
65 97
65 306
65 464
65 477
65 506
65 513
66 474
66 113
66 374
66 388
66 511
66 488
66 165
66 298
66 302
66 334
67 53
67 266
67 132
67 324
67 50
67 278
67 344
67 137
67 93
67 138
67 282
67 402
67 408
67 421
67 432
67 525
67 552
67 246
68 81
68 61
68 216
68 448
68 494
68 130
68 454
68 26
68 29
68 109
68 148
68 411
68 511
68 535
68 587
69 438
69 286
69 523
69 132
69 328
69 114
69 219
69 98
69 155
69 208
69 227
69 285
69 448
70 255
70 391
70 65
70 482
70 504
70 151
70 56
70 7
70 502
70 594
71 4
71 591
71 297
71 56
71 388
71 507
71 247
71 93
71 237
71 260
71 287
71 326
71 400
71 410
71 475
72 262
72 339
72 173
72 170
72 74
72 203
72 565
72 346
72 437
72 574
73 562
73 106
73 158
73 476
73 587
73 276
73 288
73 36
73 237
73 399
73 452
73 487
73 521
74 293
74 548
74 38
74 26
74 92
74 286
74 183
74 72
74 143
74 166
74 378
74 450
75 21
75 348
75 400
75 575
75 282
75 339
75 503
75 53
75 236
75 451
75 528
76 492
76 88
76 582
76 123
76 549
76 420
76 554
76 295
76 365
76 441
76 525
76 561
76 596
77 521
77 143
77 216
77 127
77 116
77 592
77 224
77 298
77 327
77 397
77 444
78 268
78 194
78 206
78 105
78 463
78 274
78 25
78 338
78 48
78 53
78 156
78 178
78 209
78 261
78 388
78 423
79 205
79 109
79 258
79 253
79 303
79 309
79 381
79 413
79 147
79 347
79 375
79 478
79 504
79 559
80 288
80 26
80 308
80 28
80 249
80 415
80 451
80 517
80 525
80 564
80 577
80 580
81 221
81 65
81 116
81 413
81 461
81 155
81 289
81 287
81 68
81 90
81 91
81 171
81 175
81 368
81 475
81 574
82 250
82 166
82 334
82 230
82 239
82 175
82 133
82 356
82 359
82 371
82 505
83 128
83 244
83 341
83 1
83 248
83 152
83 552
83 3
83 54
83 91
83 130
83 149
83 174
83 384
84 527
84 22
84 243
84 176
84 353
84 263
84 12
84 162
84 284
84 413
84 591
85 247
85 538
85 336
85 425
85 431
85 484
85 416
85 35
85 100
85 300
85 341
85 455
86 383
86 470
86 518
86 20
86 521
86 89
86 165
86 50
86 96
86 135
86 188
86 417
86 490
86 512
86 532
86 555
87 554
87 1
87 176
87 107
87 366
87 318
87 281
87 581
87 101
87 128
87 216
87 221
87 367
87 374
87 494
87 585
87 188
88 547
88 212
88 32
88 12
88 76
88 403
88 491
88 492
88 535
89 359
89 583
89 189
89 371
89 221
89 51
89 26
89 86
89 162
89 309
89 450
89 515
89 546
89 594
90 305
90 146
90 323
90 65
90 81
90 513
90 120
90 51
90 58
90 211
90 301
90 546
90 562
91 336
91 81
91 507
91 584
91 314
91 308
91 83
91 146
91 300
91 316
91 318
91 517
92 586
92 166
92 578
92 317
92 517
92 60
92 74
92 316
92 597
93 67
93 94
93 474
93 407
93 584
93 183
93 71
93 145
93 27
93 50
93 137
93 343
93 362
93 564
93 569
94 484
94 286
94 325
94 209
94 362
94 443
94 468
94 93
94 140
94 424
94 456
94 487
95 133
95 220
95 199
95 570
95 468
95 376
95 592
95 142
95 147
95 214
95 348
95 369
95 435
95 575
95 593
95 597
95 33
96 86
96 285
96 560
96 317
96 590
96 510
96 588
96 111
96 1
96 276
96 284
96 449
96 513
97 446
97 34
97 409
97 65
97 451
97 254
97 213
97 138
97 323
97 361
97 587
98 133
98 544
98 358
98 27
98 69
98 135
98 192
98 222
98 247
98 446
99 441
99 212
99 158
99 564
99 326
99 235
99 237
99 186
99 272
99 378
99 380
99 425
99 428
99 447
99 463
100 85
100 249
100 483
100 497
100 144
100 30
100 270
100 159
100 160
100 210
100 273
100 320
100 403
100 408
100 540
100 475
101 162
101 285
101 112
101 243
101 103
101 87
101 368
101 179
101 204
101 321
101 359
101 457
102 289
102 543
102 149
102 539
102 131
102 521
102 105
102 204
102 146
102 152
102 159
102 183
102 197
102 430
102 434
102 569
102 589
103 574
103 556
103 45
103 196
103 417
103 24
103 101
103 320
103 384
103 434
103 435
103 462
103 559
104 418
104 113
104 423
104 220
104 398
104 11
104 205
104 307
104 438
104 481
104 513
105 487
105 557
105 185
105 461
105 2
105 285
105 18
105 78
105 102
105 139
105 180
105 197
105 374
105 468
105 475
106 382
106 198
106 568
106 26
106 73
106 263
106 268
106 312
106 528
106 556
106 572
107 108
107 584
107 329
107 587
107 172
107 134
107 121
107 373
107 31
107 36
107 60
107 87
107 127
107 161
107 244
107 371
107 423
107 510
107 518
107 585
107 420
108 40
108 596
108 55
108 4
108 385
108 288
108 395
108 107
108 414
108 440
108 487
109 476
109 319
109 258
109 255
109 58
109 175
109 508
109 68
109 79
109 125
109 206
109 355
109 434
109 548
110 415
110 1
110 271
110 461
110 159
110 426
110 314
110 9
110 53
110 156
110 218
110 245
110 374
110 497
111 447
111 436
111 495
111 173
111 40
111 96
111 332
111 413
111 500
112 569
112 50
112 115
112 127
112 344
112 476
112 215
112 156
112 101
112 121
112 148
112 158
112 330
113 391
113 66
113 104
113 142
113 285
113 299
113 464
113 478
114 234
114 209
114 576
114 283
114 479
114 11
114 69
114 162
114 186
114 285
114 308
114 315
115 237
115 296
115 57
115 112
115 369
115 391
115 507
115 568
116 274
116 575
116 305
116 25
116 273
116 419
116 29
116 21
116 28
116 57
116 77
116 81
116 392
116 435
116 497
117 183
117 292
117 498
117 464
117 52
117 405
117 59
117 174
117 219
117 242
117 276
117 466
117 470
117 549
117 562
117 563
117 588
117 590
118 437
118 129
118 158
118 288
118 371
118 30
118 249
118 127
118 201
118 253
118 493
118 534
118 597
119 373
119 508
119 161
119 127
119 570
119 186
119 505
119 19
119 20
119 27
119 133
119 135
119 181
119 193
119 337
119 527
119 529
119 592
120 537
120 322
120 337
120 583
120 239
120 90
120 169
120 356
120 386
120 493
121 232
121 577
121 326
121 478
121 112
121 237
121 511
121 128
121 63
121 107
121 221
121 249
121 252
121 260
121 266
121 313
121 354
121 431
121 524
121 548
122 54
122 457
122 23
122 271
122 359
122 225
122 458
122 50
122 411
122 427
122 473
123 124
123 180
123 390
123 469
123 598
123 238
123 419
123 76
123 182
123 201
123 243
123 327
123 431
123 516
123 540
124 344
124 273
124 342
124 190
124 42
124 398
124 209
124 380
124 37
124 123
124 135
124 261
124 282
124 366
124 379
124 381
124 403
124 478
124 512
124 136
125 260
125 346
125 369
125 571
125 138
125 109
125 580
125 533
125 155
125 459
125 465
125 484
125 510
125 518
125 543
125 574
126 297
126 561
126 498
126 417
126 517
126 377
126 500
126 16
126 238
126 240
126 307
126 357
126 394
126 507
126 575
127 531
127 429
127 268
127 380
127 385
127 289
127 107
127 390
127 20
127 77
127 112
127 118
127 119
127 208
127 337
127 364
127 470
128 194
128 324
128 417
128 145
128 501
128 600
128 87
128 83
128 121
128 132
128 149
129 323
129 420
129 484
129 164
129 349
129 151
129 57
129 55
129 118
129 224
130 433
130 83
130 265
130 58
130 39
130 237
130 599
130 55
130 68
130 179
130 197
130 213
130 255
130 437
130 520
130 553
130 575
130 589
130 231
131 535
131 259
131 193
131 319
131 532
131 405
131 40
131 102
131 142
131 367
131 493
132 128
132 353
132 235
132 224
132 261
132 317
132 209
132 2
132 39
132 67
132 69
132 170
132 193
132 273
133 193
133 234
133 82
133 402
133 485
133 119
133 47
133 95
133 98
133 288
133 383
133 465
133 591
133 595
134 561
134 495
134 493
134 64
134 361
134 492
134 58
134 107
134 463
134 494
135 124
135 386
135 365
135 86
135 245
135 54
135 119
135 425
135 98
135 139
135 376
135 511
135 516
136 21
136 245
136 229
136 124
136 41
136 481
136 522
136 557
137 196
137 590
137 44
137 53
137 244
137 93
137 301
137 245
137 67
137 138
137 444
137 490
137 522
137 531
138 16
138 97
138 35
138 137
138 67
138 263
138 15
138 125
138 152
138 255
138 314
138 517
138 587
139 202
139 105
139 411
139 135
139 1
139 400
139 495
139 462
139 27
139 173
139 241
139 351
139 451
139 482
139 587
140 157
140 442
140 180
140 265
140 94
140 318
140 277
140 278
140 291
140 300
140 332
140 467
140 504
140 579
141 376
141 429
141 346
141 244
141 261
141 212
141 216
141 262
141 295
141 301
141 347
141 525
141 526
141 586
142 113
142 95
142 131
142 154
142 217
142 284
142 330
142 390
142 470
142 535
142 541
142 589
143 6
143 34
143 247
143 74
143 520
143 390
143 565
143 419
143 77
143 256
143 273
143 285
143 307
143 340
143 525
143 600
144 508
144 563
144 24
144 445
144 581
144 315
144 43
144 59
144 100
144 250
144 396
144 535
144 540
145 547
145 483
145 329
145 492
145 353
145 389
145 169
145 560
145 93
145 128
145 191
145 271
145 331
145 500
145 516
145 529
146 479
146 56
146 258
146 457
146 102
146 17
146 90
146 91
146 268
146 302
146 488
146 490
146 533
147 79
147 395
147 95
147 31
147 290
147 17
147 319
147 561
147 569
148 112
148 503
148 247
148 437
148 480
148 68
148 35
148 482
148 1
148 15
148 48
148 253
148 440
148 455
148 584
148 600
149 346
149 470
149 14
149 573
149 288
149 83
149 128
149 458
149 102
149 224
149 242
149 258
149 430
149 449
149 452
149 463
149 471
149 483
149 587
150 43
150 318
150 463
150 379
150 492
150 388
150 340
150 475
151 361
151 40
151 203
151 311
151 308
151 182
151 377
151 24
151 37
151 70
151 129
151 292
151 405
151 423
152 193
152 138
152 296
152 526
152 567
152 510
152 102
152 83
152 180
152 270
152 364
152 439
152 498
152 504
153 219
153 253
153 391
153 221
153 223
153 431
153 475
153 343
154 163
154 347
154 513
154 164
154 22
154 415
154 190
154 402
154 2
154 32
154 142
154 185
154 223
154 317
154 408
154 411
154 458
154 524
154 600
155 69
155 492
155 410
155 520
155 125
155 445
155 429
155 81
155 281
155 308
155 315
155 426
155 580
156 78
156 40
156 567
156 110
156 12
156 503
156 550
156 45
156 54
156 112
156 224
156 288
156 331
156 347
156 481
157 599
157 539
157 277
157 304
157 171
157 44
157 11
157 140
157 179
157 256
157 281
157 418
157 257
158 566
158 280
158 190
158 446
158 112
158 472
158 201
158 249
158 58
158 73
158 99
158 118
158 215
158 286
158 437
158 476
158 560
159 56
159 201
159 100
159 40
159 102
159 508
159 245
159 110
159 339
159 476
160 470
160 100
160 570
160 428
160 249
160 353
160 370
160 395
160 424
161 409
161 107
161 568
161 51
161 456
161 396
161 119
161 219
161 509
162 26
162 16
162 114
162 89
162 84
162 362
162 332
162 35
162 101
162 189
162 295
162 411
162 536
163 353
163 314
163 500
163 336
163 494
163 300
163 302
163 35
163 154
163 197
163 433
163 463
164 499
164 428
164 264
164 36
164 358
164 129
164 154
164 180
164 271
164 328
164 431
165 183
165 279
165 299
165 24
165 49
165 66
165 86
165 236
165 348
165 444
165 459
165 595
166 372
166 516
166 413
166 433
166 357
166 422
166 74
166 13
166 19
166 82
166 92
166 194
166 232
166 484
167 314
167 500
167 39
167 191
167 9
167 235
167 557
167 195
168 293
168 49
168 56
168 312
168 382
168 178
168 192
168 201
168 279
168 290
168 387
168 479
168 597
169 20
169 120
169 202
169 563
169 515
169 229
169 314
169 594
169 21
169 30
169 58
169 145
169 192
169 200
169 285
169 292
169 359
169 542
169 544
170 548
170 399
170 462
170 233
170 196
170 132
170 582
170 218
170 72
170 208
170 264
170 274
170 411
170 461
171 442
171 186
171 81
171 304
171 582
171 157
171 197
171 318
172 44
172 461
172 359
172 477
172 319
172 250
172 186
172 60
172 107
172 249
172 292
172 399
172 458
172 465
173 214
173 540
173 387
173 484
173 139
173 24
173 30
173 72
173 111
173 174
173 299
173 525
173 401
174 173
174 530
174 117
174 568
174 424
174 410
174 83
174 276
174 181
174 468
174 520
174 526
174 575
175 348
175 81
175 477
175 57
175 524
175 82
175 109
175 281
175 342
175 512
176 329
176 565
176 351
176 25
176 527
176 597
176 370
176 295
176 84
176 87
176 595
177 588
177 310
177 229
177 239
177 355
177 367
177 377
177 548
178 17
178 422
178 78
178 168
178 47
178 211
178 229
178 406
178 460
179 525
179 157
179 198
179 130
179 101
179 239
179 494
179 3
179 244
179 492
179 595
180 105
180 233
180 570
180 528
180 152
180 164
180 377
180 5
180 47
180 56
180 123
180 140
180 190
180 269
180 331
180 359
180 392
180 405
180 424
180 503
181 397
181 174
181 399
181 400
181 119
181 59
181 277
181 433
181 579
182 123
182 235
182 286
182 310
182 205
182 510
182 513
182 209
182 151
182 196
182 211
182 242
182 291
182 450
183 102
183 1
183 24
183 64
183 74
183 93
183 117
183 165
183 305
183 325
183 357
183 415
184 417
184 63
184 454
184 516
184 513
184 268
184 355
184 391
185 455
185 212
185 547
185 353
185 154
185 105
185 228
185 347
185 479
185 495
185 508
185 556
185 570
186 114
186 457
186 543
186 464
186 237
186 198
186 99
186 478
186 119
186 171
186 172
186 224
186 438
186 530
187 532
187 277
187 247
187 347
187 349
187 335
187 57
187 378
187 29
187 418
187 534
187 559
187 565
187 589
188 537
188 426
188 456
188 86
188 37
188 87
188 241
188 585
189 214
189 162
189 377
189 190
189 443
189 492
189 592
189 89
189 229
189 322
189 376
189 379
189 507
189 513
189 571
190 487
190 455
190 480
190 346
190 321
190 180
190 269
190 124
190 154
190 158
190 189
190 315
190 465
190 485
190 566
190 238
191 145
191 54
191 337
191 469
191 46
191 167
191 268
191 310
191 365
191 454
191 524
191 420
192 168
192 288
192 98
192 408
192 270
192 169
192 427
192 299
192 432
193 22
193 484
193 40
193 119
193 557
193 132
193 321
193 6
193 52
193 131
193 133
193 152
193 333
193 387
193 529
193 568
193 580
194 246
194 166
194 206
194 63
194 78
194 128
194 270
194 392
194 448
194 592
195 49
195 555
195 269
195 167
195 39
195 338
195 416
195 532
196 377
196 546
196 356
196 445
196 182
196 64
196 103
196 137
196 170
196 386
196 599
197 163
197 390
197 105
197 171
197 102
197 130
197 60
197 228
197 252
197 330
197 343
198 500
198 35
198 64
198 106
198 179
198 186
198 256
198 284
198 319
198 368
198 386
198 435
198 450
198 477
198 551
198 593
199 587
199 334
199 10
199 510
199 25
199 364
199 545
199 523
199 95
199 235
199 266
199 326
199 384
199 482
199 596
200 309
200 413
200 564
200 550
200 169
200 287
200 21
200 228
200 258
200 356
200 433
200 465
200 498
200 542
201 342
201 504
201 539
201 123
201 118
201 168
201 31
201 158
201 159
201 279
201 290
201 305
201 326
201 414
201 415
201 498
202 275
202 574
202 290
202 254
202 536
202 4
202 294
202 139
202 169
202 242
202 276
202 381
202 447
202 518
203 231
203 360
203 255
203 315
203 352
203 207
203 10
203 36
203 60
203 72
203 151
203 206
203 244
203 498
204 478
204 304
204 570
204 61
204 101
204 11
204 38
204 102
204 241
204 440
205 274
205 278
205 592
205 276
205 480
205 237
205 34
205 104
205 79
205 182
205 313
205 336
205 438
206 218
206 203
206 494
206 109
206 457
206 65
206 78
206 194
206 306
206 342
206 423
206 500
206 548
206 576
206 590
207 454
207 314
207 506
207 258
207 453
207 311
207 426
207 203
207 388
207 419
207 479
207 507
208 210
208 559
208 582
208 127
208 69
208 170
208 342
208 230
208 233
208 336
208 356
208 409
208 513
208 591
209 377
209 78
209 581
209 38
209 559
209 393
209 518
209 61
209 94
209 114
209 124
209 132
209 182
209 380
209 430
209 482
209 523
209 566
210 360
210 373
210 574
210 390
210 255
210 100
210 53
210 208
210 232
210 251
210 273
210 461
211 178
211 182
211 373
211 90
211 53
211 358
211 538
211 9
211 231
211 265
211 276
211 283
211 385
211 396
211 439
211 469
211 546
211 566
212 502
212 11
212 36
212 141
212 433
212 400
212 504
212 226
212 2
212 32
212 88
212 99
212 185
212 222
212 262
212 332
212 463
212 480
212 491
212 557
213 130
213 489
213 367
213 26
213 438
213 522
213 308
213 490
213 97
213 218
213 333
213 350
213 377
213 441
214 58
214 228
214 95
214 53
214 405
214 563
214 173
214 189
215 9
215 379
215 439
215 539
215 4
215 158
215 112
215 414
216 555
216 54
216 141
216 455
216 407
216 305
216 87
216 68
216 77
216 553
216 238
217 12
217 477
217 287
217 142
217 223
217 501
217 521
217 598
218 579
218 504
218 43
218 245
218 519
218 110
218 375
218 213
218 170
218 206
218 239
218 333
218 362
218 438
218 522
218 530
218 563
218 596
219 161
219 425
219 551
219 413
219 367
219 117
219 350
219 39
219 69
219 153
219 386
219 415
219 500
219 517
220 14
220 581
220 382
220 296
220 545
220 379
220 409
220 20
220 95
220 104
220 283
220 313
220 352
220 412
220 488
221 265
221 87
221 264
221 121
221 298
221 81
221 89
221 153
221 310
221 336
221 355
221 363
221 393
221 565
221 566
222 212
222 565
222 271
222 98
222 225
222 301
222 586
222 596
222 353
222 442
222 551
223 217
223 154
223 480
223 262
223 238
223 446
223 347
223 14
223 153
223 324
223 509
223 518
223 562
223 590
224 129
224 149
224 156
224 270
224 395
224 186
224 50
224 77
224 132
224 415
224 433
224 451
224 246
225 465
225 370
225 41
225 291
225 409
225 38
225 385
225 122
225 222
225 253
225 467
225 538
226 450
226 288
226 503
226 375
226 278
226 481
226 17
226 36
226 212
226 412
226 520
226 523
227 69
227 315
227 378
227 63
227 588
227 26
227 9
227 392
227 527
228 200
228 8
228 46
228 197
228 185
228 528
228 243
228 34
228 214
228 252
228 281
228 382
228 405
228 448
229 236
229 463
229 177
229 247
229 57
229 189
229 178
229 65
229 169
229 500
229 512
229 136
230 208
230 45
230 3
230 312
230 250
230 337
230 82
230 549
231 211
231 380
231 130
231 46
231 203
231 441
231 532
231 567
232 497
232 210
232 166
232 268
232 352
232 121
232 255
232 409
233 309
233 310
233 208
233 36
233 170
233 180
233 499
233 565
233 568
234 286
234 7
234 34
234 114
234 133
234 304
234 339
234 506
234 540
235 199
235 281
235 24
235 167
235 471
235 387
235 19
235 99
235 132
235 182
235 397
235 401
235 458
235 599
236 579
236 240
236 75
236 165
236 523
236 229
236 266
236 267
236 342
236 356
236 464
237 445
237 294
237 258
237 71
237 73
237 99
237 115
237 121
237 130
237 186
237 205
237 374
237 447
238 372
238 126
238 216
238 582
238 190
238 1
238 123
238 223
239 552
239 218
239 598
239 409
239 177
239 411
239 429
239 15
239 20
239 82
239 120
239 179
239 245
239 262
239 321
240 287
240 126
240 468
240 473
240 438
240 236
240 423
240 574
241 204
241 427
241 406
241 139
241 40
241 262
241 188
241 311
241 377
241 404
241 419
241 456
241 521
241 593
242 379
242 202
242 149
242 460
242 182
242 117
242 324
242 508
242 363
242 459
242 594
243 123
243 84
243 101
243 228
243 287
243 411
243 417
244 179
244 357
244 455
244 107
244 353
244 379
244 203
244 57
244 83
244 137
244 141
244 328
244 573
245 250
245 110
245 255
245 451
245 355
245 239
245 2
245 25
245 135
245 136
245 137
245 159
245 218
245 411
245 550
245 585
246 477
246 509
246 224
246 390
246 67
246 194
246 372
246 388
247 453
247 498
247 98
247 437
247 311
247 488
247 540
247 317
247 71
247 85
247 143
247 148
247 187
247 229
247 403
247 439
247 549
248 307
248 406
248 310
248 52
248 528
248 83
248 552
248 591
249 172
249 160
249 376
249 121
249 80
249 100
249 118
249 158
249 380
249 382
250 568
250 270
250 144
250 82
250 172
250 245
250 312
250 580
250 230
251 391
251 21
251 294
251 437
251 50
251 344
251 210
251 59
251 524
252 19
252 121
252 228
252 197
252 314
252 377
252 519
252 387
252 33
252 546
252 563
253 225
253 148
253 392
253 433
253 118
253 56
253 57
253 79
253 153
253 319
253 409
253 432
254 24
254 97
254 202
254 294
254 303
254 305
254 318
254 390
254 404
254 410
255 138
255 54
255 363
255 130
255 36
255 232
255 537
255 535
255 21
255 70
255 109
255 203
255 210
255 245
255 391
256 497
256 303
256 198
256 430
256 442
256 157
256 143
256 43
256 322
256 330
256 514
257 332
257 37
257 408
257 414
257 546
257 377
257 495
257 157
258 382
258 149
258 55
258 402
258 200
258 79
258 109
258 146
258 207
258 237
258 265
258 532
258 586
259 427
259 6
259 282
259 39
259 131
259 413
259 556
259 576
260 71
260 121
260 125
260 335
260 425
260 492
260 518
260 564
260 585
261 538
261 124
261 447
261 455
261 454
261 78
261 35
261 294
261 47
261 63
261 132
261 141
261 270
261 322
261 404
261 432
261 528
262 141
262 1
262 212
262 545
262 420
262 239
262 524
262 397
262 72
262 223
262 241
262 291
262 311
262 316
262 384
262 409
262 426
262 577
263 574
263 106
263 52
263 84
263 138
263 280
263 447
263 575
264 488
264 2
264 426
264 170
264 416
264 568
264 595
264 567
264 26
264 34
264 64
264 164
264 221
264 350
265 48
265 258
265 211
265 41
265 296
265 393
265 130
265 140
265 221
265 332
265 480
266 121
266 535
266 534
266 199
266 391
266 236
266 49
266 502
266 67
266 342
266 382
266 536
266 595
267 287
267 510
267 236
267 537
267 400
267 12
267 468
267 483
267 515
267 574
268 106
268 191
268 561
268 14
268 184
268 146
268 500
268 17
268 78
268 127
268 232
268 329
268 364
269 43
269 35
269 60
269 460
269 9
269 180
269 535
269 485
269 190
269 340
269 349
269 450
269 452
269 551
269 195
270 383
270 152
270 293
270 290
270 194
270 291
270 483
270 261
270 100
270 192
270 224
270 250
270 347
270 382
270 435
270 573
271 61
271 32
271 145
271 496
271 164
271 1
271 421
271 110
271 122
271 222
271 287
271 298
271 415
272 346
272 56
272 39
272 99
272 577
272 490
272 9
272 50
272 306
272 392
272 402
272 545
273 100
273 132
273 496
273 457
273 278
273 462
273 210
273 143
273 116
273 124
273 381
273 538
273 581
274 284
274 474
274 314
274 170
274 556
274 50
274 57
274 59
274 78
274 116
274 205
274 292
274 402
275 337
275 461
275 4
275 501
275 587
275 384
275 202
275 312
275 323
275 514
276 202
276 96
276 423
276 58
276 211
276 521
276 117
276 73
276 174
276 205
276 322
276 388
276 472
276 480
277 557
277 286
277 27
277 297
277 181
277 140
277 157
277 187
277 280
277 360
277 376
277 430
277 462
277 470
277 531
277 550
277 563
277 586
278 524
278 511
278 29
278 514
278 453
278 31
278 140
278 8
278 67
278 205
278 226
278 273
278 317
278 352
278 435
278 490
279 168
279 201
279 5
279 549
279 452
279 19
279 501
279 462
279 165
279 284
279 289
279 320
279 367
279 424
279 443
279 449
279 558
279 592
280 406
280 302
280 277
280 353
280 395
280 263
280 158
280 391
281 375
281 576
281 228
281 460
281 157
281 155
281 175
281 11
281 87
281 235
281 304
281 309
281 493
282 473
282 124
282 67
282 486
282 75
282 259
282 318
282 358
282 454
282 455
282 546
282 568
283 22
283 211
283 220
283 368
283 317
283 36
283 114
283 293
283 337
283 381
283 430
283 450
283 458
283 514
283 537
283 597
284 142
284 57
284 198
284 96
284 84
284 417
284 279
284 54
284 274
284 325
284 480
285 114
285 496
285 407
285 169
285 113
285 143
285 69
285 346
285 96
285 101
285 105
285 491
285 542
286 10
286 326
286 158
286 409
286 38
286 55
286 69
286 74
286 94
286 182
286 234
286 277
286 328
286 519
286 591
287 28
287 71
287 479
287 271
287 243
287 306
287 413
287 4
287 50
287 81
287 200
287 217
287 240
287 267
287 497
288 156
288 133
288 333
288 25
288 539
288 29
288 31
288 73
288 80
288 108
288 118
288 149
288 192
288 226
288 298
288 301
288 404
288 537
289 590
289 295
289 57
289 45
289 586
289 279
289 81
289 102
289 127
289 322
289 325
289 361
289 530
289 584
290 168
290 26
290 329
290 201
290 452
290 13
290 569
290 147
290 202
290 270
290 388
290 425
290 467
291 538
291 182
291 292
291 596
291 597
291 140
291 262
291 41
291 59
291 225
291 270
291 342
291 419
291 464
292 151
292 274
292 546
292 345
292 169
292 172
292 336
292 117
292 291
292 358
292 387
292 442
293 440
293 283
293 11
293 378
293 553
293 389
293 296
293 26
293 74
293 168
293 270
293 331
293 341
293 428
293 582
294 254
294 31
294 524
294 481
294 202
294 237
294 251
294 261
294 423
294 430
295 364
295 60
295 141
295 521
295 162
295 76
295 438
295 29
295 176
295 289
295 302
295 337
295 377
295 399
295 412
295 510
295 567
296 345
296 588
296 469
296 56
296 152
296 220
296 265
296 293
296 317
296 441
296 115
297 502
297 344
297 31
297 71
297 126
297 277
297 339
297 561
298 66
298 271
298 288
298 331
298 587
298 429
298 77
298 44
298 221
298 299
298 547
299 395
299 298
299 354
299 113
299 446
299 173
299 598
299 165
299 192
299 375
299 380
299 407
299 589
300 45
300 140
300 563
300 383
300 91
300 31
300 85
300 46
300 163
300 312
300 321
301 586
301 424
301 583
301 331
301 288
301 90
301 141
301 341
301 137
301 222
301 307
301 345
301 369
301 493
301 571
301 594
302 421
302 66
302 56
302 146
302 316
302 295
302 335
302 435
302 163
302 280
303 254
303 477
303 7
303 79
303 256
303 304
303 384
303 509
303 553
304 429
304 409
304 234
304 539
304 281
304 303
304 470
304 56
304 157
304 171
304 204
304 321
304 339
304 386
304 413
305 467
305 55
305 254
305 183
305 201
305 518
305 594
305 90
305 116
305 216
305 480
305 579
305 595
306 65
306 565
306 348
306 322
306 206
306 272
306 430
306 287
306 343
306 368
306 426
306 492
306 513
307 318
307 301
307 143
307 104
307 599
307 126
307 32
307 59
307 248
307 565
308 11
308 8
308 155
308 114
308 80
308 91
308 151
308 213
309 502
309 388
309 89
309 530
309 455
309 468
309 363
309 281
309 79
309 200
309 233
309 419
309 547
309 587
310 221
310 347
310 592
310 191
310 367
310 397
310 411
310 416
310 48
310 177
310 182
310 233
310 248
310 335
310 362
310 373
310 443
311 262
311 379
311 241
311 151
311 207
311 247
311 320
311 357
311 397
311 410
311 448
311 547
311 577
312 106
312 392
312 402
312 300
312 493
312 275
312 534
312 250
312 168
312 230
312 366
313 435
313 220
313 1
313 574
313 205
313 327
313 510
313 121
314 10
314 53
314 546
314 420
314 521
314 138
314 528
314 481
314 21
314 62
314 91
314 110
314 163
314 167
314 169
314 207
314 252
314 274
314 321
314 447
314 509
314 401
315 155
315 114
315 34
315 53
315 190
315 39
315 413
315 18
315 60
315 144
315 203
315 227
315 348
315 408
315 577
315 588
316 92
316 430
316 354
316 91
316 262
316 10
316 302
316 345
316 394
316 412
316 456
316 522
316 561
317 486
317 296
317 372
317 59
317 454
317 154
317 278
317 92
317 96
317 132
317 247
317 283
317 511
317 539
318 53
318 282
318 445
318 550
318 91
318 27
318 254
318 171
318 87
318 140
318 150
318 307
318 439
318 467
318 497
318 546
319 253
319 451
319 515
319 592
319 198
319 147
319 109
319 131
319 172
319 379
319 414
319 419
319 432
319 504
320 311
320 41
320 279
320 397
320 447
320 100
320 103
320 529
320 1
320 347
320 549
320 554
321 300
321 507
321 239
321 44
321 304
321 314
321 101
321 12
321 63
321 190
321 193
321 405
321 431
321 498
321 581
322 189
322 289
322 276
322 261
322 498
322 418
322 256
322 120
322 306
322 379
322 454
322 536
322 542
322 545
323 599
323 275
323 335
323 51
323 528
323 97
323 90
323 129
323 350
323 427
323 437
323 592
324 501
324 223
324 593
324 393
324 356
324 428
324 486
324 359
324 53
324 67
324 128
324 242
324 351
324 469
324 495
324 546
325 509
325 476
325 289
325 284
325 183
325 56
325 94
325 579
326 201
326 526
326 482
326 199
326 539
326 71
326 37
326 52
326 64
326 99
326 121
326 286
326 333
326 336
326 341
326 365
326 368
326 406
326 518
327 458
327 77
327 343
327 489
327 397
327 123
327 514
327 375
327 3
327 313
327 339
327 428
327 523
327 538
327 587
328 49
328 244
328 589
328 164
328 386
328 286
328 393
328 512
328 22
328 69
328 364
328 412
328 440
328 539
329 369
329 268
329 48
329 107
329 145
329 176
329 290
329 560
330 142
330 256
330 112
330 197
330 27
330 438
330 48
330 2
330 25
330 333
330 430
330 506
330 543
331 293
331 145
331 509
331 156
331 40
331 582
331 46
331 180
331 8
331 298
331 301
331 393
331 406
331 479
331 600
332 212
332 111
332 265
332 568
332 140
332 333
332 395
332 45
332 44
332 162
332 257
333 326
333 213
333 593
333 446
333 218
333 193
333 330
333 18
333 54
333 63
333 288
333 332
333 352
333 377
333 413
333 576
333 586
334 66
334 514
334 548
334 570
334 547
334 5
334 381
334 387
334 10
334 15
334 82
334 199
334 468
334 539
334 551
334 560
335 260
335 24
335 29
335 406
335 310
335 56
335 187
335 302
335 323
335 393
336 208
336 435
336 221
336 205
336 421
336 326
336 359
336 30
336 49
336 85
336 91
336 163
336 292
337 295
337 283
337 127
337 567
337 119
337 37
337 120
337 191
337 275
337 347
337 230
338 343
338 360
338 5
338 36
338 78
338 348
338 382
338 400
338 503
338 562
338 195
339 304
339 234
339 32
339 372
339 327
339 159
339 297
339 347
339 72
339 75
339 356
339 385
339 503
340 143
340 357
340 451
340 269
340 581
340 42
340 59
340 150
340 593
341 52
341 85
341 45
341 592
341 326
341 293
341 465
341 83
341 301
341 343
341 350
341 353
341 513
342 266
342 371
342 206
342 291
342 175
342 563
342 528
342 236
342 34
342 124
342 201
342 208
342 384
342 452
342 487
342 531
342 600
343 93
343 556
343 408
343 197
343 306
343 458
343 341
343 153
343 13
343 52
343 327
343 338
343 460
343 473
343 505
343 516
343 594
344 21
344 567
344 503
344 441
344 463
344 356
344 67
344 112
344 124
344 251
344 436
344 553
344 572
344 297
345 566
345 301
345 470
345 316
345 292
345 296
345 351
345 579
346 18
346 508
346 555
346 360
346 510
346 72
346 22
346 125
346 141
346 149
346 190
346 272
346 285
346 542
346 544
346 554
346 559
347 156
347 270
347 320
347 79
347 361
347 185
347 337
347 141
347 6
347 154
347 187
347 223
347 310
347 339
347 354
347 358
347 579
347 591
348 315
348 516
348 584
348 338
348 165
348 598
348 95
348 46
348 75
348 175
348 306
348 554
348 599
349 419
349 269
349 579
349 550
349 515
349 462
349 499
349 569
349 129
349 187
349 428
349 444
349 530
349 538
350 213
350 529
350 264
350 341
350 579
350 425
350 323
350 219
350 462
350 514
351 451
351 139
351 537
351 324
351 513
351 345
351 16
351 176
351 398
351 558
351 559
352 278
352 480
352 472
352 41
352 220
352 381
352 333
352 61
352 203
352 232
352 358
352 439
352 544
353 341
353 222
353 160
353 416
353 369
353 3
353 84
353 132
353 145
353 163
353 185
353 244
353 280
353 367
353 472
353 521
353 529
353 598
353 599
354 550
354 525
354 347
354 559
354 121
354 450
354 299
354 316
354 445
355 184
355 45
355 22
355 109
355 221
355 177
355 42
355 245
355 483
356 200
356 236
356 120
356 208
356 339
356 82
356 35
356 196
356 324
356 344
356 503
356 549
357 411
357 563
357 183
357 496
357 578
357 311
357 126
357 166
357 244
357 340
357 427
357 490
358 518
358 292
358 347
358 352
358 455
358 57
358 29
358 282
358 98
358 164
358 211
358 400
358 494
358 520
358 540
359 82
359 169
359 180
359 101
359 433
359 411
359 46
359 89
359 122
359 172
359 324
359 336
359 370
359 453
360 277
360 501
360 12
360 28
360 30
360 40
360 64
360 203
360 210
360 338
360 346
360 416
360 448
360 522
360 558
360 585
360 586
361 494
361 395
361 97
361 289
361 423
361 44
361 134
361 151
361 347
361 431
361 447
362 558
362 16
362 93
362 310
362 218
362 54
362 94
362 162
362 400
362 428
362 520
362 534
362 543
362 600
363 443
363 372
363 221
363 580
363 477
363 242
363 585
363 255
363 309
363 422
363 574
364 575
364 375
364 127
364 328
364 268
364 526
364 152
364 489
364 20
364 199
364 295
364 399
364 482
364 558
365 15
365 433
365 442
365 191
365 76
365 326
365 16
365 23
365 135
365 399
365 538
366 451
366 31
366 376
366 124
366 569
366 312
366 87
366 412
367 131
367 279
367 597
367 505
367 353
367 87
367 177
367 9
367 213
367 219
367 310
367 398
367 455
367 474
367 499
368 438
368 306
368 326
368 198
368 567
368 81
368 489
368 28
368 101
368 283
368 500
368 599
369 301
369 115
369 95
369 520
369 470
369 57
369 561
369 48
369 18
369 37
369 125
369 329
369 353
369 425
369 456
369 462
369 572
370 160
370 451
370 469
370 495
370 397
370 359
370 499
370 56
370 176
370 225
370 398
370 408
370 486
371 82
371 5
371 56
371 107
371 54
371 89
371 118
371 342
371 427
372 575
372 492
372 581
372 510
372 246
372 557
372 483
372 576
372 62
372 166
372 238
372 317
372 339
372 363
372 546
373 310
373 107
373 119
373 210
373 211
373 385
373 419
373 467
373 498
373 577
373 582
374 481
374 568
374 110
374 87
374 105
374 405
374 237
374 13
374 22
374 66
374 378
374 488
375 299
375 79
375 405
375 508
375 16
375 218
375 226
375 281
375 327
375 364
375 398
375 459
375 463
375 574
376 135
376 563
376 277
376 450
376 189
376 565
376 496
376 43
376 60
376 95
376 141
376 249
376 366
376 417
376 465
376 540
376 543
376 570
376 38
377 241
377 512
377 295
377 47
377 554
377 177
377 213
377 333
377 126
377 151
377 180
377 189
377 196
377 209
377 252
377 257
377 555
377 583
378 374
378 407
378 99
378 462
378 472
378 511
378 74
378 433
378 187
378 227
378 293
378 489
379 453
379 189
379 124
379 14
379 551
379 319
379 322
379 53
379 150
379 215
379 220
379 242
379 244
379 311
379 433
380 209
380 249
380 400
380 405
380 99
380 299
380 514
380 6
380 13
380 124
380 127
380 231
380 397
380 469
381 124
381 273
381 283
381 202
381 450
381 79
381 334
381 352
381 555
382 23
382 266
382 270
382 249
382 54
382 228
382 338
382 543
382 106
382 168
382 220
382 258
382 394
382 414
382 515
383 458
383 133
383 426
383 446
383 86
383 270
383 300
383 403
383 415
384 585
384 303
384 199
384 342
384 568
384 262
384 103
384 83
384 275
384 406
385 515
385 373
385 339
385 484
385 211
385 108
385 127
385 225
385 482
385 556
386 196
386 535
386 304
386 198
386 120
386 428
386 219
386 135
386 328
386 424
386 458
386 559
386 594
387 193
387 292
387 168
387 561
387 173
387 235
387 252
387 334
387 558
388 246
388 563
388 78
388 290
388 276
388 56
388 207
388 496
388 41
388 66
388 71
388 150
388 309
388 499
388 528
389 56
389 535
389 520
389 560
389 434
389 25
389 145
389 293
390 24
390 58
390 254
390 418
390 427
390 583
390 142
390 525
390 16
390 34
390 123
390 127
390 143
390 197
390 210
390 394
390 526
390 246
391 560
391 184
391 27
391 115
391 255
391 573
391 451
391 280
391 5
391 70
391 113
391 153
391 251
391 266
391 449
391 578
392 397
392 194
392 180
392 480
392 116
392 272
392 13
392 227
392 15
392 32
392 253
392 312
392 457
392 568
392 573
393 27
393 335
393 331
393 221
393 13
393 558
393 422
393 209
393 265
393 324
393 328
393 410
393 562
394 49
394 390
394 316
394 591
394 382
394 126
394 474
394 436
395 160
395 108
395 147
395 224
395 280
395 299
395 332
395 361
395 490
395 568
395 570
395 574
396 449
396 435
396 211
396 16
396 144
396 161
396 408
396 413
396 458
396 598
397 518
397 235
397 570
397 311
397 77
397 582
397 380
397 20
397 181
397 262
397 310
397 320
397 327
397 370
397 392
398 351
398 375
398 411
398 367
398 370
398 582
398 54
398 104
398 124
398 430
399 172
399 364
399 478
399 73
399 295
399 365
399 429
399 543
399 33
399 49
399 170
399 181
399 590
400 338
400 71
400 362
400 501
400 358
400 596
400 75
400 139
400 181
400 212
400 267
400 380
401 235
401 487
401 474
401 173
401 432
401 314
401 434
401 541
402 568
402 274
402 67
402 545
402 272
402 442
402 486
402 133
402 154
402 258
402 312
403 247
403 124
403 88
403 100
403 383
403 5
403 59
403 13
404 288
404 485
404 513
404 254
404 241
404 261
404 434
404 486
404 581
405 151
405 228
405 180
405 44
405 47
405 496
405 321
405 530
405 117
405 131
405 214
405 374
405 375
405 380
405 414
405 447
405 487
406 511
406 502
406 326
406 331
406 457
406 178
406 384
406 241
406 248
406 280
406 335
407 299
407 465
407 503
407 502
407 93
407 216
407 285
407 378
408 154
408 500
408 67
408 396
408 315
408 370
408 100
408 36
408 192
408 257
408 343
408 415
408 425
408 452
408 483
409 253
409 232
409 262
409 435
409 466
409 208
409 97
409 161
409 220
409 225
409 239
409 286
409 304
409 477
410 393
410 311
410 71
410 8
410 468
410 254
410 427
410 65
410 155
410 174
410 418
410 512
411 68
411 170
411 506
411 243
411 162
411 154
411 122
411 245
411 139
411 239
411 310
411 357
411 359
411 398
411 565
411 590
412 295
412 482
412 328
412 366
412 226
412 316
412 465
412 220
412 421
412 533
413 259
413 57
413 111
413 333
413 304
413 84
413 547
413 396
413 79
413 81
413 166
413 200
413 219
413 287
413 315
413 453
413 481
413 576
414 215
414 201
414 382
414 561
414 108
414 491
414 319
414 405
414 33
414 257
414 418
414 535
414 556
415 224
415 408
415 271
415 383
415 80
415 219
415 183
415 201
415 110
415 154
415 437
415 550
416 360
416 195
416 85
416 264
416 310
416 353
416 483
417 243
417 6
417 376
417 574
417 86
417 430
417 42
417 46
417 103
417 126
417 128
417 284
417 495
417 184
418 523
418 410
418 414
418 431
418 187
418 470
418 157
418 104
418 322
418 390
418 422
418 442
419 319
419 543
419 291
419 428
419 207
419 241
419 373
419 309
419 26
419 116
419 123
419 143
419 349
419 487
420 107
420 191
420 514
420 49
420 76
420 129
420 262
420 314
421 412
421 477
421 503
421 554
421 541
421 67
421 517
421 1
421 271
421 302
421 336
422 418
422 515
422 60
422 445
422 363
422 43
422 166
422 178
422 393
422 433
422 446
423 206
423 78
423 151
423 538
423 240
423 107
423 294
423 104
423 276
423 361
423 476
423 505
423 558
424 386
424 456
424 180
424 94
424 279
424 506
424 160
424 10
424 174
424 301
424 461
424 470
425 260
425 408
425 290
425 24
425 369
425 587
425 99
425 458
425 6
425 42
425 85
425 135
425 219
425 350
425 440
426 487
426 557
426 569
426 306
426 262
426 155
426 528
426 110
426 188
426 207
426 264
426 383
426 445
426 449
427 122
427 496
427 323
427 357
427 371
427 21
427 192
427 241
427 259
427 390
427 410
427 503
427 529
427 532
427 544
428 362
428 538
428 40
428 35
428 327
428 99
428 349
428 293
428 160
428 164
428 324
428 386
428 419
428 520
429 36
429 24
429 12
429 474
429 127
429 141
429 155
429 239
429 298
429 304
429 399
429 510
430 283
430 330
430 209
430 149
430 398
430 102
430 277
430 294
430 57
430 256
430 306
430 316
430 417
430 440
431 321
431 164
431 123
431 50
431 361
431 434
431 566
431 121
431 3
431 7
431 85
431 153
431 418
431 484
432 261
432 319
432 566
432 7
432 253
432 67
432 192
432 401
433 200
433 224
433 379
433 181
433 163
433 422
433 59
433 53
433 130
433 166
433 212
433 253
433 359
433 365
433 378
433 481
433 538
434 518
434 404
434 102
434 103
434 401
434 109
434 52
434 28
434 431
434 540
434 389
435 515
435 103
435 198
435 270
435 116
435 562
435 95
435 278
435 302
435 313
435 336
435 396
435 409
436 344
436 65
436 111
436 394
436 527
437 520
437 323
437 415
437 130
437 72
437 158
437 25
437 65
437 118
437 148
437 247
437 251
437 467
438 104
438 205
438 218
438 186
438 585
438 28
438 51
438 69
438 213
438 240
438 295
438 330
438 368
438 487
439 152
439 211
439 318
439 453
439 352
439 247
439 574
439 559
439 65
439 215
439 573
439 583
439 596
440 148
440 493
440 430
440 30
440 328
440 204
440 425
440 108
440 48
440 293
441 524
441 76
441 231
441 296
441 49
441 29
441 213
441 99
441 344
441 443
441 504
441 582
442 53
442 418
442 17
442 517
442 6
442 222
442 292
442 43
442 21
442 39
442 51
442 140
442 171
442 256
442 365
442 402
442 592
443 310
443 279
443 441
443 47
443 53
443 94
443 189
443 363
443 481
444 349
444 137
444 77
444 42
444 165
444 583
444 14
444 507
444 41
445 354
445 426
445 52
445 592
445 466
445 51
445 58
445 144
445 155
445 196
445 237
445 318
445 422
445 585
446 98
446 422
446 97
446 158
446 223
446 299
446 333
446 383
447 237
447 263
447 314
447 99
447 405
447 361
447 508
447 202
447 25
447 111
447 261
447 320
447 471
447 526
448 543
448 311
448 228
448 69
448 360
448 194
448 63
448 68
448 523
448 596
449 473
449 43
449 149
449 96
449 391
449 279
449 492
449 426
449 396
449 533
450 482
450 74
450 198
450 489
450 283
450 269
450 182
450 89
450 226
450 354
450 376
450 381
450 493
450 495
451 80
451 591
451 22
451 19
451 139
451 581
451 224
451 75
451 33
451 97
451 245
451 319
451 340
451 351
451 366
451 370
451 391
451 578
452 24
452 269
452 408
452 149
452 342
452 73
452 477
452 279
452 290
453 549
453 480
453 413
453 359
453 207
453 247
453 278
453 379
453 439
453 471
453 479
453 498
454 322
454 47
454 5
454 456
454 4
454 282
454 191
454 68
454 207
454 261
454 317
454 469
454 529
454 184
455 282
455 548
455 491
455 367
455 85
455 148
455 8
455 526
455 185
455 190
455 216
455 244
455 261
455 309
455 358
455 463
455 575
456 534
456 369
456 94
456 26
456 511
456 316
456 241
456 161
456 188
456 424
456 454
456 478
456 483
456 515
457 392
457 555
457 101
457 583
457 538
457 577
457 25
457 50
457 122
457 146
457 186
457 206
457 273
457 406
457 481
457 561
458 386
458 154
458 235
458 172
458 507
458 579
458 283
458 396
458 122
458 149
458 327
458 343
458 383
458 425
458 459
458 490
459 125
459 458
459 165
459 543
459 375
459 593
459 242
459 56
460 178
460 461
460 343
460 598
460 574
460 596
460 475
460 27
460 242
460 269
460 281
461 473
461 518
461 587
461 170
461 1
461 424
461 4
461 210
461 43
461 81
461 105
461 110
461 172
461 275
461 460
461 540
462 103
462 369
462 277
462 350
462 5
462 48
462 139
462 170
462 273
462 279
462 349
462 378
462 473
462 477
462 524
462 543
462 596
463 375
463 163
463 212
463 134
463 99
463 55
463 455
463 149
463 78
463 150
463 229
463 344
463 510
463 568
463 597
464 502
464 65
464 26
464 5
464 113
464 236
464 291
464 63
464 117
464 186
465 172
465 133
465 469
465 376
465 200
465 125
465 190
465 26
465 31
465 56
465 225
465 341
465 407
465 412
466 524
466 117
466 47
466 409
466 445
466 476
466 479
466 514
466 582
467 373
467 225
467 290
467 437
467 318
467 140
467 39
467 35
467 305
468 573
468 334
468 174
468 493
468 105
468 94
468 95
468 240
468 267
468 309
468 410
468 549
469 482
469 472
469 211
469 324
469 454
469 380
469 123
469 191
469 296
469 370
469 465
469 473
469 478
470 424
470 277
470 127
470 545
470 27
470 142
470 117
470 86
470 149
470 160
470 304
470 345
470 369
470 418
470 482
470 535
471 570
471 588
471 453
471 149
471 447
471 578
471 548
471 40
471 63
471 235
471 478
471 520
472 533
472 487
472 353
472 276
472 576
472 158
472 352
472 378
472 469
473 469
473 596
473 122
473 530
473 462
473 343
473 585
473 240
473 282
473 449
473 461
473 536
473 548
473 552
474 367
474 9
474 66
474 93
474 274
474 394
474 429
474 401
475 81
475 105
475 543
475 150
475 71
475 100
475 153
475 460
476 158
476 528
476 507
476 423
476 159
476 466
476 73
476 109
476 112
476 325
476 550
476 561
476 594
477 517
477 409
477 65
477 564
477 561
477 198
477 462
477 172
477 175
477 217
477 246
477 303
477 363
477 421
477 452
478 124
478 113
478 79
478 471
478 469
478 44
478 456
478 17
478 121
478 186
478 204
478 399
479 525
479 168
479 185
479 331
479 466
479 207
479 453
479 114
479 146
479 287
479 501
479 557
480 305
480 276
480 265
480 212
480 554
480 284
480 596
480 541
480 16
480 19
480 148
480 190
480 205
480 223
480 352
480 392
480 453
480 512
481 457
481 413
481 104
481 443
481 136
481 34
481 433
481 156
481 42
481 62
481 226
481 294
481 314
481 374
482 209
482 62
482 199
482 470
482 364
482 139
482 385
482 61
482 70
482 148
482 326
482 412
482 450
482 469
482 507
483 408
483 416
483 267
483 456
483 149
483 355
483 569
483 61
483 100
483 145
483 270
483 372
483 513
483 530
484 166
484 591
484 43
484 563
484 431
484 495
484 506
484 125
484 85
484 94
484 129
484 173
484 193
484 385
484 492
484 511
484 512
484 564
485 545
485 190
485 594
485 133
485 269
485 404
485 491
485 519
486 489
486 370
486 543
486 565
486 45
486 522
486 404
486 282
486 317
486 324
486 402
486 506
486 536
486 552
487 94
487 419
487 73
487 108
487 405
487 438
487 342
487 105
487 190
487 401
487 426
487 472
487 515
488 374
488 540
488 494
488 220
488 503
488 594
488 146
488 29
488 66
488 247
488 264
488 498
489 378
489 213
489 327
489 364
489 368
489 450
489 486
489 550
490 278
490 146
490 494
490 137
490 357
490 458
490 395
490 86
490 213
490 272
490 587
491 88
491 212
491 285
491 485
491 19
491 414
491 455
491 569
492 179
492 484
492 564
492 547
492 306
492 88
492 260
492 1
492 76
492 134
492 145
492 150
492 155
492 189
492 372
492 449
492 502
492 505
492 525
493 301
493 120
493 450
493 281
493 118
493 579
493 40
493 131
493 41
493 51
493 134
493 312
493 440
493 468
494 87
494 507
494 134
494 358
494 541
494 41
494 63
494 68
494 163
494 179
494 206
494 361
494 488
494 490
494 592
495 450
495 575
495 324
495 417
495 185
495 44
495 14
495 111
495 134
495 139
495 257
495 370
495 484
495 508
495 551
495 569
495 582
496 35
496 271
496 273
496 285
496 357
496 376
496 388
496 405
496 427
496 532
497 287
497 116
497 318
497 110
497 16
497 3
497 40
497 100
497 232
497 256
497 553
498 203
498 201
498 321
498 488
498 373
498 200
498 152
498 453
498 61
498 117
498 126
498 247
498 322
498 527
498 564
499 585
499 517
499 233
499 59
499 388
499 594
499 367
499 164
499 349
499 370
499 563
500 111
500 206
500 368
500 145
500 229
500 582
500 219
500 600
500 126
500 163
500 167
500 198
500 268
500 408
500 523
501 479
501 54
501 31
501 579
501 18
501 217
501 128
501 275
501 279
501 324
501 360
501 400
501 525
501 535
502 492
502 13
502 70
502 16
502 212
502 266
502 297
502 309
502 406
502 407
502 464
502 570
502 583
503 592
503 339
503 338
503 44
503 356
503 427
503 180
503 75
503 148
503 156
503 226
503 344
503 407
503 421
503 488
503 573
503 578
504 597
504 46
504 140
504 319
504 17
504 152
504 79
504 441
504 70
504 201
504 212
504 218
504 588
505 20
505 492
505 423
505 343
505 82
505 37
505 591
505 119
505 367
506 330
506 524
506 65
506 486
506 544
506 592
506 234
506 2
506 207
506 411
506 424
506 484
506 527
506 558
507 482
507 115
507 207
507 189
507 37
507 126
507 576
507 10
507 43
507 71
507 91
507 321
507 444
507 458
507 476
507 494
508 560
508 185
508 495
508 54
508 109
508 119
508 144
508 159
508 242
508 346
508 375
508 447
508 538
509 161
509 40
509 223
509 303
509 571
509 314
509 526
509 18
509 325
509 331
509 246
510 107
510 125
510 463
510 569
510 295
510 429
510 12
510 96
510 152
510 182
510 199
510 267
510 313
510 346
510 372
510 571
511 553
511 135
511 317
511 484
511 68
511 27
511 62
511 66
511 121
511 278
511 378
511 406
511 456
511 524
511 571
512 175
512 56
512 480
512 124
512 410
512 86
512 484
512 229
512 328
512 377
513 208
513 65
513 306
513 96
513 189
513 341
513 104
513 483
513 13
513 90
513 154
513 182
513 351
513 404
513 569
513 571
513 184
514 256
514 350
514 11
514 283
514 515
514 275
514 466
514 51
514 278
514 327
514 334
514 380
514 560
514 420
515 8
515 267
515 89
515 589
515 456
515 382
515 487
515 545
515 169
515 319
515 349
515 385
515 422
515 435
515 514
515 529
515 564
515 571
516 123
516 135
516 549
516 145
516 343
516 570
516 3
516 13
516 166
516 348
516 184
517 552
517 138
517 219
517 80
517 91
517 9
517 568
517 30
517 49
517 92
517 126
517 421
517 442
517 477
517 499
517 543
518 223
518 202
518 125
518 107
518 326
518 51
518 260
518 86
518 209
518 305
518 358
518 397
518 434
518 461
519 54
519 524
519 526
519 485
519 286
519 28
519 218
519 252
519 555
520 362
520 174
520 226
520 471
520 358
520 428
520 130
520 589
520 143
520 155
520 369
520 389
520 437
520 599
521 353
521 534
521 73
521 217
521 22
521 241
521 553
521 57
521 77
521 86
521 102
521 276
521 295
521 314
522 137
522 136
522 582
522 360
522 316
522 218
522 213
522 486
523 448
523 327
523 226
523 572
523 209
523 534
523 500
523 61
523 69
523 199
523 236
523 418
524 462
524 191
524 154
524 251
524 511
524 3
524 121
524 15
524 175
524 262
524 278
524 294
524 441
524 466
524 506
524 519
525 173
525 76
525 501
525 67
525 492
525 80
525 143
525 141
525 56
525 179
525 354
525 390
525 479
526 447
526 141
526 539
526 390
526 174
526 58
526 46
526 152
526 326
526 364
526 455
526 509
526 519
527 227
527 436
527 119
527 498
527 506
527 596
527 59
527 84
527 176
527 555
527 569
528 388
528 13
528 261
528 106
528 75
528 584
528 18
528 180
528 228
528 248
528 314
528 323
528 342
528 426
528 476
528 588
529 119
529 25
529 454
529 515
529 353
529 193
529 145
529 427
529 320
529 350
530 289
530 349
530 51
530 218
530 186
530 483
530 174
530 309
530 405
530 473
530 532
531 1
531 14
531 277
531 342
531 137
531 21
531 30
531 127
532 195
532 231
532 258
532 496
532 530
532 86
532 427
532 13
532 131
532 187
533 412
533 146
533 449
533 45
533 125
533 472
533 545
533 576
534 187
534 577
534 118
534 551
534 362
534 266
534 312
534 456
534 521
534 523
535 144
535 88
535 501
535 414
535 142
535 10
535 68
535 470
535 48
535 131
535 255
535 266
535 269
535 386
535 389
535 559
535 560
536 266
536 486
536 162
536 322
536 560
536 473
536 202
536 558
537 39
537 288
537 283
537 17
537 47
537 120
537 188
537 255
537 267
537 351
538 508
538 349
538 365
538 273
538 433
538 225
538 327
538 22
538 39
538 85
538 211
538 261
538 291
538 423
538 428
538 457
539 334
539 328
539 317
539 569
539 10
539 13
539 38
539 102
539 157
539 201
539 215
539 288
539 304
539 326
539 526
539 542
540 358
540 461
540 100
540 123
540 144
540 234
540 376
540 434
540 36
540 173
540 247
540 488
540 579
541 142
541 567
541 573
541 401
541 20
541 48
541 37
541 421
541 480
541 494
541 562
542 322
542 285
542 346
542 539
542 61
542 200
542 169
542 16
543 125
543 376
543 517
543 53
543 14
543 462
543 330
543 362
543 102
543 186
543 382
543 399
543 419
543 448
543 459
543 475
543 486
543 552
544 169
544 3
544 64
544 346
544 545
544 352
544 427
544 98
544 506
545 322
545 272
545 533
545 581
545 199
545 220
545 262
545 402
545 470
545 485
545 515
545 544
545 555
546 89
546 211
546 372
546 252
546 90
546 318
546 282
546 324
546 7
546 30
546 196
546 257
546 292
546 314
546 547
547 298
547 546
547 40
547 311
547 309
547 55
547 88
547 145
547 185
547 334
547 413
547 492
548 109
548 473
548 121
548 557
548 177
548 206
548 29
548 61
548 74
548 170
548 334
548 455
548 471
549 117
549 320
549 586
549 7
549 468
549 356
549 247
549 230
549 76
549 279
549 453
549 516
550 277
550 415
550 489
550 245
550 554
550 476
550 156
550 200
550 318
550 349
550 354
551 198
551 222
551 334
551 56
551 269
551 495
551 11
551 15
551 34
551 219
551 379
551 534
551 592
552 248
552 543
552 27
552 67
552 486
552 32
552 473
552 17
552 20
552 31
552 83
552 239
552 517
553 130
553 61
553 344
553 216
553 303
553 50
553 497
553 29
553 35
553 293
553 511
553 521
553 593
554 320
554 348
554 346
554 76
554 87
554 377
554 421
554 480
554 550
555 381
555 86
555 519
555 545
555 377
555 527
555 62
555 587
555 195
555 216
555 346
555 457
555 563
556 106
556 584
556 185
556 259
556 585
556 385
556 414
556 22
556 103
556 274
556 343
556 577
557 51
557 479
557 212
557 136
557 167
557 27
557 105
557 193
557 277
557 372
557 426
557 548
557 565
557 591
558 351
558 536
558 506
558 279
558 360
558 364
558 387
558 423
558 9
558 33
558 362
558 393
559 79
559 103
559 346
559 187
559 351
559 535
559 386
559 12
559 29
559 208
559 209
559 354
559 439
560 514
560 158
560 535
560 570
560 329
560 334
560 7
560 96
560 145
560 389
560 391
560 508
560 536
561 147
561 599
561 568
561 297
561 457
561 316
561 76
561 476
561 48
561 126
561 134
561 268
561 369
561 387
561 414
561 477
561 580
562 581
562 117
562 541
562 223
562 393
562 90
562 338
562 566
562 73
562 435
562 565
562 593
563 252
563 277
563 499
563 117
563 555
563 218
563 144
563 169
563 300
563 342
563 357
563 376
563 388
563 484
563 214
564 93
564 484
564 498
564 43
564 80
564 515
564 260
564 99
564 200
564 477
564 492
565 187
565 578
565 411
565 233
565 557
565 221
565 307
565 562
565 21
565 72
565 143
565 176
565 222
565 306
565 376
565 486
565 568
566 31
566 209
566 211
566 589
566 221
566 190
566 158
566 345
566 431
566 432
566 562
566 582
567 295
567 231
567 5
567 6
567 50
567 152
567 156
567 264
567 337
567 344
567 368
567 541
568 565
568 115
568 282
568 193
568 392
568 233
568 463
568 395
568 106
568 161
568 174
568 250
568 264
568 332
568 374
568 384
568 402
568 517
568 561
568 570
568 585
569 495
569 491
569 102
569 93
569 513
569 527
569 147
569 112
569 290
569 349
569 426
569 483
569 510
569 539
569 595
569 366
570 23
570 185
570 376
570 41
570 502
570 568
570 395
570 43
570 95
570 119
570 160
570 180
570 204
570 334
570 397
570 471
570 516
570 560
571 510
571 189
571 511
571 515
571 301
571 513
571 125
571 509
572 369
572 344
572 106
572 56
572 26
572 22
572 585
572 523
573 270
573 392
573 439
573 244
573 503
573 149
573 391
573 468
573 541
573 580
574 363
574 395
574 267
574 375
574 125
574 81
574 72
574 240
574 103
574 202
574 210
574 263
574 313
574 417
574 439
574 460
574 590
575 95
575 263
575 455
575 126
575 174
575 130
575 12
575 75
575 116
575 364
575 372
575 495
576 259
576 206
576 413
576 333
576 533
576 2
576 114
576 281
576 372
576 472
576 507
577 556
577 80
577 16
577 311
577 262
577 315
577 373
577 42
577 121
577 272
577 457
577 534
578 503
578 451
578 391
578 61
578 92
578 357
578 471
578 565
579 540
579 345
579 140
579 347
579 181
579 325
579 18
579 305
579 29
579 218
579 236
579 349
579 350
579 458
579 493
579 501
580 573
580 80
580 561
580 193
580 250
580 155
580 125
580 363
581 273
581 321
581 404
581 49
581 87
581 144
581 209
581 220
581 340
581 372
581 451
581 545
581 562
582 373
582 566
582 466
582 495
582 293
582 441
582 45
582 76
582 170
582 208
582 331
582 397
582 398
582 500
582 522
582 238
582 171
583 24
583 439
583 35
583 502
583 377
583 89
583 120
583 301
583 390
583 444
583 457
584 289
584 148
584 7
584 91
584 93
584 107
584 348
584 528
584 556
585 188
585 445
585 245
585 360
585 87
585 107
585 260
585 568
585 363
585 384
585 438
585 473
585 499
585 556
585 572
586 592
586 258
586 333
586 360
586 141
586 277
586 47
586 32
586 92
586 222
586 289
586 301
586 549
587 97
587 327
587 309
587 138
587 139
587 490
587 68
587 149
587 44
587 73
587 107
587 199
587 275
587 298
587 425
587 461
587 555
588 504
588 528
588 315
588 117
588 96
588 177
588 227
588 296
588 471
589 142
589 187
589 130
589 102
589 24
589 299
589 597
589 328
589 515
589 520
589 566
590 117
590 223
590 399
590 206
590 411
590 574
590 24
590 40
590 96
590 137
590 289
591 133
591 84
591 347
591 557
591 248
591 286
591 23
591 208
591 71
591 394
591 451
591 484
591 505
592 119
592 494
592 30
592 194
592 323
592 551
592 442
592 279
592 77
592 95
592 189
592 205
592 310
592 319
592 341
592 445
592 503
592 506
592 586
593 95
593 553
593 198
593 241
593 562
593 340
593 31
593 54
593 324
593 333
593 459
594 476
594 70
594 89
594 242
594 13
594 386
594 343
594 301
594 33
594 169
594 305
594 485
594 488
594 499
595 266
595 179
595 569
595 176
595 165
595 305
595 133
595 264
596 462
596 199
596 76
596 439
596 47
596 218
596 448
596 108
596 222
596 291
596 400
596 460
596 473
596 480
596 527
597 168
597 92
597 118
597 463
597 95
597 283
597 16
597 176
597 291
597 367
597 504
597 589
598 353
598 217
598 396
598 123
598 239
598 299
598 348
598 460
599 353
599 348
599 196
599 368
599 520
599 235
599 12
599 22
599 64
599 130
599 157
599 307
599 323
599 561
600 148
600 143
600 154
600 331
600 362
600 342
600 128
600 500
