1 73
2 452
2 772
3 345
3 82
3 610
5 804
5 24
5 357
5 21
5 204
7 600
8 45
8 726
8 202
8 391
8 123
9 174
10 826
10 637
10 299
10 320
10 180
10 112
10 546
10 429
10 913
10 977
10 44
12 273
12 82
12 711
12 741
12 197
12 942
13 167
13 446
14 86
14 331
14 810
15 269
15 39
15 417
15 395
15 389
15 189
15 697
15 961
15 968
15 667
15 446
16 724
17 189
17 917
17 471
18 667
18 458
18 142
18 455
18 912
19 867
19 316
19 143
20 926
20 660
21 5
21 503
22 563
22 123
23 229
23 848
23 728
23 174
23 956
23 25
23 546
23 97
23 510
23 207
23 737
23 202
23 484
24 517
24 5
25 23
26 603
27 143
28 69
28 531
28 717
28 913
28 968
29 893
30 249
30 121
30 890
30 616
31 987
31 734
32 865
32 195
32 611
32 326
32 127
32 291
32 208
32 239
32 891
32 851
32 46
32 552
32 664
32 893
32 912
33 831
33 117
33 99
33 841
33 916
33 553
33 853
33 83
34 696
35 404
35 118
36 851
37 989
38 802
38 595
38 569
38 442
38 837
38 153
38 40
38 599
38 790
38 914
39 15
39 259
39 917
40 38
40 202
40 853
40 82
40 142
40 643
41 56
41 744
41 611
41 973
41 713
41 417
41 84
42 540
42 918
42 561
42 136
42 264
42 715
42 887
43 878
43 145
44 400
44 863
44 663
44 925
44 594
44 267
44 340
44 51
44 75
44 870
44 10
44 232
44 949
45 559
45 159
45 226
45 916
45 8
45 107
45 444
45 589
45 814
45 977
46 577
46 32
46 536
47 816
47 823
48 708
48 874
48 741
48 537
48 276
48 703
49 82
49 259
50 458
50 983
51 790
51 44
51 305
51 471
52 808
52 871
52 503
53 102
53 851
54 396
54 217
54 430
56 41
56 503
57 232
58 806
58 578
58 169
59 316
60 474
60 347
60 877
60 514
60 308
60 157
60 686
60 774
60 391
62 569
62 582
62 821
62 556
62 936
62 361
62 552
62 578
62 199
63 404
63 197
64 353
64 949
65 159
65 790
65 228
67 121
67 433
68 428
68 457
68 297
68 452
68 527
68 997
68 399
68 879
68 139
68 942
69 28
69 202
69 890
70 966
70 449
70 713
70 119
70 786
70 488
71 116
72 871
72 144
73 764
73 182
73 789
73 623
73 195
73 1
73 463
73 975
73 145
73 926
75 307
75 44
77 736
77 503
78 618
78 853
78 970
79 757
79 808
79 872
79 123
80 894
80 932
80 309
80 442
80 183
80 516
80 668
80 287
80 860
80 931
80 563
81 803
82 958
82 3
82 633
82 441
82 49
82 40
82 567
82 939
82 282
82 202
82 630
82 610
82 12
82 675
83 844
83 376
83 874
83 33
83 866
83 689
83 449
84 867
84 433
84 41
84 578
85 754
85 305
86 779
86 641
86 349
86 892
86 710
86 14
86 769
86 878
86 745
88 244
88 955
88 757
88 281
88 990
88 835
90 204
92 810
93 978
93 106
93 578
94 432
94 525
94 983
95 255
96 620
96 907
96 735
97 831
97 23
97 204
98 342
98 672
98 722
98 591
98 204
98 558
99 33
99 437
100 202
100 675
101 724
101 978
101 816
102 738
102 53
102 397
102 253
102 747
103 792
103 396
104 334
104 571
104 235
104 197
104 810
104 899
105 404
105 387
105 616
106 285
106 728
106 189
106 93
106 755
106 615
106 332
106 556
106 261
106 912
107 45
107 890
107 535
108 705
108 859
108 199
109 420
109 118
110 431
110 477
111 244
111 295
112 469
112 425
112 706
112 10
112 255
112 809
112 990
114 228
115 295
115 643
116 71
116 605
116 495
116 199
117 458
117 33
117 446
118 388
118 570
118 523
118 984
118 109
118 35
118 237
118 743
118 670
119 70
119 309
119 892
119 197
120 600
120 187
121 619
121 773
121 659
121 586
121 30
121 67
121 754
121 281
122 202
122 437
123 251
123 737
123 413
123 596
123 395
123 396
123 79
123 924
123 366
123 871
123 22
123 8
123 453
123 199
124 482
124 334
125 161
126 169
127 700
127 32
128 757
128 734
128 578
129 261
130 736
131 934
131 991
131 404
131 517
131 293
131 449
131 794
131 967
131 678
132 286
132 983
133 976
133 571
134 641
134 446
135 519
136 42
137 727
137 994
137 143
137 976
138 159
138 724
139 68
140 983
141 878
141 328
141 517
141 983
142 40
142 587
142 310
142 18
142 280
143 137
143 929
143 971
143 595
143 146
143 27
143 239
143 715
143 932
143 452
143 19
144 541
144 72
144 461
144 669
144 615
144 462
144 590
144 869
144 468
144 185
144 963
144 741
144 353
145 796
145 73
145 43
145 851
145 871
145 228
146 143
146 757
148 772
149 420
149 189
149 706
149 989
149 803
150 401
150 737
150 226
150 178
150 667
150 543
150 241
150 677
150 635
150 420
150 570
150 551
150 889
150 701
151 415
152 261
153 38
154 503
155 353
155 519
156 471
156 983
157 174
157 60
158 899
159 784
159 65
159 693
159 443
159 854
159 138
159 286
159 45
160 804
160 421
160 846
160 210
160 835
161 454
161 546
161 125
161 280
161 645
161 436
161 181
162 353
162 610
163 793
163 657
164 639
166 724
166 535
166 823
167 929
167 317
167 483
167 490
167 827
167 13
167 693
168 703
169 909
169 621
169 382
169 591
169 126
169 58
169 793
170 353
171 238
171 255
172 831
173 281
173 816
173 675
174 992
174 157
174 590
174 694
174 858
174 9
174 745
174 23
176 420
177 626
177 199
178 150
178 471
180 220
180 961
180 10
180 917
180 536
180 823
181 656
181 929
181 316
181 995
181 696
181 161
182 73
183 80
183 976
185 641
185 144
186 364
186 926
187 251
187 655
187 391
187 120
187 428
189 149
189 802
189 707
189 522
189 464
189 17
189 444
189 15
189 106
189 917
190 498
191 990
191 430
192 706
193 757
194 249
194 781
194 892
194 949
195 73
195 32
197 204
197 12
197 605
197 201
197 119
197 63
197 794
197 740
197 441
197 822
197 550
197 476
197 908
197 104
197 976
197 239
199 588
199 319
199 673
199 108
199 177
199 839
199 777
199 116
199 123
199 62
199 440
199 338
200 744
200 420
200 503
201 757
201 197
202 100
202 725
202 69
202 408
202 933
202 217
202 8
202 958
202 650
202 605
202 122
202 40
202 350
202 82
202 23
202 535
203 734
204 421
204 5
204 883
204 288
204 623
204 97
204 553
204 90
204 389
204 901
204 768
204 962
204 98
204 950
204 351
204 766
204 584
204 808
204 215
204 197
205 360
205 662
205 788
205 599
205 767
206 577
207 288
207 557
207 892
207 23
208 377
208 726
208 309
208 871
208 32
209 404
210 160
210 675
211 631
211 874
212 217
212 976
212 892
212 696
212 983
214 366
214 353
214 696
214 703
215 402
215 978
215 975
215 204
216 979
216 415
217 54
217 212
217 352
217 328
217 674
217 691
217 220
217 621
217 900
217 202
217 255
218 377
219 434
220 180
220 961
220 217
220 679
220 915
224 276
224 281
224 387
226 45
226 436
226 970
226 381
226 579
226 150
226 990
227 401
228 530
228 900
228 557
228 114
228 986
228 65
228 429
228 737
228 794
228 398
228 231
228 145
228 559
229 23
231 228
232 57
232 506
232 44
232 795
232 618
232 329
232 906
232 909
234 979
234 926
235 266
235 375
235 104
235 826
235 725
237 118
237 471
238 258
238 171
238 874
238 798
238 872
239 460
239 143
239 970
239 32
239 197
239 455
240 600
241 589
241 662
241 429
241 150
242 488
243 420
243 987
243 892
244 359
244 728
244 88
244 398
244 257
244 509
244 111
244 915
245 471
245 331
246 726
247 578
248 900
249 194
249 30
249 784
250 281
250 696
251 187
251 123
251 535
252 461
252 387
252 703
253 102
255 95
255 852
255 217
255 360
255 171
255 391
255 112
255 705
255 657
256 579
257 781
257 244
258 238
258 790
258 471
258 660
259 269
259 49
259 638
259 692
259 889
259 39
259 510
259 662
259 869
259 429
259 814
259 475
259 917
260 577
261 951
261 129
261 152
261 106
262 816
263 401
263 949
264 396
264 42
266 503
266 394
266 235
267 626
267 44
267 535
267 368
268 895
268 915
269 15
269 259
269 433
269 808
271 517
271 281
271 381
272 679
273 12
276 742
276 787
276 587
276 48
276 224
276 556
276 299
276 809
277 809
278 890
278 949
279 307
279 331
280 406
280 771
280 843
280 936
280 968
280 309
280 161
280 142
281 909
281 271
281 88
281 646
281 879
281 173
281 224
281 250
281 121
281 295
281 708
281 660
282 458
282 82
283 431
283 466
283 872
284 588
285 106
285 816
286 432
286 159
286 998
286 132
286 522
286 747
286 726
286 366
287 757
287 80
288 207
288 204
288 643
289 978
289 899
291 744
291 32
291 446
292 626
292 471
293 131
293 859
293 430
294 696
294 990
295 436
295 517
295 111
295 641
295 650
295 447
295 115
295 281
296 872
296 536
296 823
297 875
297 68
298 850
298 976
298 446
298 415
299 276
299 316
299 10
299 970
299 745
299 415
300 498
300 381
302 546
302 868
303 990
304 516
305 474
305 981
305 447
305 628
305 697
305 51
305 85
306 808
306 917
307 279
307 661
307 574
307 939
307 825
307 75
307 966
307 857
307 734
307 430
308 60
309 208
309 119
309 678
309 280
309 418
309 613
309 80
310 726
310 142
310 579
311 963
314 496
314 850
314 724
315 940
315 458
315 450
315 556
315 975
315 614
316 822
316 299
316 782
316 19
316 597
316 769
316 580
316 573
316 59
316 181
317 432
317 167
318 875
318 696
319 963
319 199
320 10
321 466
322 878
323 875
324 949
326 754
326 32
326 942
327 905
327 872
328 827
328 141
328 874
328 217
328 391
328 387
329 948
329 672
329 662
329 531
329 608
329 731
329 557
329 381
329 232
330 808
331 392
331 874
331 442
331 954
331 842
331 888
331 492
331 543
331 279
331 607
331 496
331 856
331 790
331 620
331 970
331 14
331 245
332 679
332 106
334 104
334 628
334 124
334 754
334 919
334 444
334 980
335 616
335 949
336 909
337 831
338 199
339 726
339 975
340 431
340 44
341 571
342 98
344 979
345 3
346 982
346 823
347 970
347 60
348 430
349 963
349 86
350 202
351 744
351 387
351 204
352 217
352 853
353 479
353 214
353 787
353 547
353 155
353 974
353 952
353 170
353 599
353 758
353 162
353 64
353 615
353 703
353 616
353 144
354 692
354 670
354 396
354 387
354 838
354 602
354 620
354 728
354 772
354 823
356 734
356 990
356 835
357 972
357 867
357 5
359 244
359 391
360 781
360 205
360 255
360 850
361 62
362 433
362 503
362 703
364 479
364 657
364 186
364 968
364 498
364 925
364 883
364 725
365 460
365 892
365 895
366 582
366 286
366 214
366 517
366 579
366 477
366 123
367 610
368 940
368 560
368 779
368 267
368 372
368 420
371 635
371 979
371 517
372 626
372 368
373 498
373 471
374 607
375 420
375 235
376 909
376 83
376 823
377 218
377 845
377 208
377 576
377 510
377 442
377 916
377 890
377 579
377 471
379 431
380 982
381 656
381 329
381 271
381 300
381 997
381 969
381 226
382 169
384 809
384 970
385 851
385 387
385 536
387 934
387 351
387 865
387 508
387 224
387 252
387 328
387 385
387 105
387 714
387 354
387 456
388 118
389 744
389 955
389 15
389 204
389 949
390 675
391 673
391 328
391 8
391 359
391 255
391 60
391 187
392 982
392 331
393 942
394 266
394 398
394 922
394 737
394 424
394 581
394 620
395 997
395 697
395 15
395 123
396 544
396 103
396 683
396 54
396 264
396 460
396 354
396 123
397 102
397 987
397 808
397 577
398 244
398 563
398 667
398 394
398 228
399 68
400 44
400 643
401 654
401 881
401 799
401 405
401 263
401 227
401 150
401 558
401 872
401 703
402 215
402 486
402 616
403 626
404 35
404 63
404 499
404 553
404 491
404 685
404 209
404 549
404 105
404 131
405 401
405 643
406 280
406 893
406 745
406 915
408 202
408 917
408 949
409 468
410 875
410 525
413 982
413 455
413 123
415 940
415 298
415 530
415 762
415 586
415 499
415 712
415 151
415 299
415 216
415 941
415 578
415 692
415 962
415 514
415 984
415 883
415 486
415 838
416 963
417 15
417 41
417 872
418 309
418 700
420 513
420 200
420 243
420 109
420 149
420 375
420 538
420 176
420 552
420 512
420 891
420 150
420 368
421 859
421 204
421 160
424 706
424 394
424 990
425 112
428 946
428 430
428 68
428 187
429 10
429 259
429 241
429 446
429 228
430 428
430 293
430 777
430 795
430 191
430 615
430 54
430 348
430 971
430 865
430 691
430 923
430 307
431 110
431 589
431 283
431 798
431 950
431 379
431 340
431 857
431 744
432 317
432 980
432 94
432 286
432 893
432 437
433 732
433 362
433 67
433 269
433 84
433 793
433 574
434 219
434 955
434 612
434 475
434 720
434 550
435 865
435 660
436 613
436 493
436 980
436 226
436 161
436 777
436 751
436 295
437 627
437 914
437 815
437 718
437 650
437 476
437 589
437 962
437 432
437 99
437 122
437 676
437 823
439 949
440 199
441 82
441 536
441 197
442 377
442 38
442 80
442 331
442 643
443 159
444 488
444 45
444 189
444 334
446 117
446 429
446 291
446 13
446 298
446 15
446 134
447 961
447 295
447 808
447 305
447 455
448 872
449 70
449 667
449 131
449 83
450 823
450 912
450 315
451 878
451 991
451 726
451 696
451 536
452 2
452 905
452 143
452 926
452 68
453 503
453 123
454 161
455 709
455 239
455 640
455 413
455 976
455 804
455 447
455 18
455 672
455 942
456 387
456 543
456 793
456 525
456 928
456 594
456 777
456 834
456 762
457 581
457 488
457 68
458 117
458 761
458 282
458 663
458 50
458 18
458 482
458 664
458 914
458 315
460 878
460 557
460 647
460 841
460 886
460 396
460 239
460 365
461 252
461 482
461 144
462 835
462 144
463 73
464 572
464 945
464 882
464 663
464 885
464 573
464 189
464 848
465 536
466 815
466 321
466 735
466 283
466 728
466 713
466 872
466 643
467 723
467 767
467 990
468 543
468 409
468 525
468 144
469 112
470 982
471 245
471 51
471 258
471 690
471 178
471 771
471 641
471 626
471 237
471 619
471 156
471 377
471 292
471 17
471 373
474 60
474 305
474 917
474 893
475 434
475 754
475 259
476 437
476 197
476 643
477 719
477 110
477 366
477 556
478 854
478 890
478 535
479 850
479 364
479 353
480 865
481 969
481 990
482 885
482 124
482 461
482 458
483 167
483 577
484 23
485 687
485 571
486 402
486 961
486 867
486 415
488 242
488 70
488 508
488 753
488 457
488 444
488 558
488 983
489 503
490 603
490 167
490 893
491 404
491 989
492 790
492 331
493 436
493 639
494 899
495 116
495 679
495 578
496 885
496 907
496 314
496 506
496 515
496 914
496 331
497 834
498 622
498 762
498 300
498 373
498 742
498 190
498 364
499 404
499 415
500 659
500 503
501 979
503 266
503 489
503 790
503 453
503 885
503 52
503 200
503 56
503 600
503 773
503 21
503 500
503 814
503 77
503 362
503 902
503 625
503 154
505 809
506 496
506 915
506 232
507 982
508 488
508 387
508 848
508 823
509 244
510 377
510 259
510 23
511 875
511 887
511 905
512 420
512 963
512 557
512 643
513 420
513 557
514 60
514 415
515 496
515 754
516 576
516 304
516 520
516 710
516 80
517 984
517 141
517 597
517 705
517 371
517 24
517 777
517 271
517 683
517 824
517 366
517 295
517 895
517 131
517 949
518 603
518 859
519 682
519 155
519 776
519 135
519 706
519 919
519 895
519 700
520 900
520 516
522 286
522 189
523 118
524 900
524 579
525 587
525 94
525 468
525 589
525 410
525 871
525 456
527 68
529 726
529 607
530 911
530 560
530 228
530 912
530 415
531 28
531 329
531 803
531 675
532 926
535 251
535 202
535 267
535 166
535 478
535 107
535 889
536 385
536 677
536 465
536 451
536 441
536 595
536 46
536 180
536 296
537 48
537 696
538 420
539 792
539 797
539 684
539 802
539 852
540 803
540 42
541 144
542 588
543 468
543 456
543 150
543 331
544 396
545 734
546 781
546 161
546 10
546 23
546 302
547 353
548 734
549 404
550 434
550 975
550 197
551 150
552 420
552 955
552 62
552 32
553 404
553 204
553 33
553 579
555 831
556 276
556 892
556 62
556 106
556 477
556 315
557 572
557 948
557 645
557 207
557 963
557 972
557 513
557 640
557 329
557 646
557 512
557 460
557 228
558 401
558 778
558 669
558 98
558 763
558 488
558 727
558 853
559 45
559 745
559 228
560 530
560 368
561 915
561 42
563 722
563 398
563 751
563 22
563 80
567 82
568 810
569 38
569 62
570 118
570 150
570 643
571 876
571 574
571 485
571 974
571 958
571 133
571 341
571 104
571 575
572 464
572 557
572 809
573 464
573 316
574 307
574 433
574 989
574 871
574 571
575 571
576 377
576 516
577 46
577 780
577 260
577 483
577 761
577 885
577 797
577 397
577 656
577 721
577 960
577 206
577 703
578 58
578 495
578 247
578 128
578 712
578 62
578 93
578 84
578 415
579 524
579 366
579 786
579 256
579 226
579 913
579 310
579 377
579 553
579 759
580 867
580 316
581 820
581 457
581 612
581 809
581 394
582 366
582 724
582 62
582 859
584 204
586 667
586 121
586 415
587 525
587 276
587 142
587 808
588 609
588 813
588 730
588 542
588 921
588 284
588 199
589 431
589 525
589 45
589 241
589 437
590 174
590 816
590 144
591 98
591 169
593 900
593 679
594 44
594 456
595 38
595 143
595 853
595 536
596 123
597 316
597 517
599 205
599 38
599 955
599 353
600 652
600 7
600 240
600 120
600 503
601 603
601 675
602 354
603 733
603 26
603 601
603 855
603 490
603 518
605 116
605 202
605 809
605 197
606 703
607 763
607 374
607 529
607 331
608 329
609 588
610 367
610 82
610 648
610 3
610 162
610 716
611 41
611 32
612 581
612 434
612 745
613 775
613 436
613 309
614 810
614 315
615 353
615 106
615 430
615 144
616 335
616 717
616 660
616 402
616 764
616 105
616 618
616 353
616 30
616 784
618 78
618 232
618 616
619 887
619 121
619 471
620 96
620 354
620 394
620 331
621 217
621 734
621 169
622 498
623 73
623 204
625 503
626 372
626 403
626 996
626 292
626 879
626 817
626 267
626 177
626 471
627 437
628 334
628 305
629 983
630 82
631 211
631 975
632 679
632 850
633 849
633 82
633 926
635 371
635 150
635 803
637 10
637 706
637 675
638 792
638 259
639 941
639 164
639 736
639 493
640 557
640 892
640 455
641 729
641 185
641 794
641 134
641 884
641 819
641 295
641 86
641 471
641 675
643 910
643 932
643 889
643 512
643 288
643 570
643 115
643 907
643 769
643 476
643 40
643 466
643 405
643 400
643 442
645 557
645 754
645 161
646 734
646 557
646 281
647 460
647 892
648 610
649 660
650 202
650 295
650 437
652 600
654 401
655 187
656 181
656 381
656 577
657 726
657 163
657 255
657 364
659 500
659 963
659 121
660 880
660 258
660 649
660 848
660 435
660 954
660 941
660 281
660 676
660 794
660 971
660 20
660 616
661 307
662 205
662 726
662 329
662 259
662 241
663 687
663 464
663 458
663 44
664 458
664 32
665 987
666 917
667 586
667 398
667 943
667 449
667 18
667 685
667 905
667 15
667 150
668 80
668 675
669 696
669 558
669 144
670 118
670 354
671 745
672 329
672 98
672 455
673 391
673 199
674 217
675 390
675 641
675 637
675 173
675 82
675 798
675 813
675 210
675 825
675 668
675 100
675 601
675 531
676 736
676 437
676 660
677 536
677 150
678 700
678 309
678 131
679 272
679 220
679 632
679 495
679 919
679 332
679 593
680 983
682 969
682 519
682 917
683 396
683 517
684 991
684 539
684 917
685 667
685 404
686 976
686 60
687 485
687 758
687 663
689 83
690 859
690 471
691 217
691 915
691 430
692 354
692 259
692 415
693 159
693 878
693 167
694 174
694 816
695 792
696 785
696 537
696 451
696 669
696 294
696 214
696 34
696 318
696 212
696 250
696 181
697 395
697 15
697 305
697 983
700 678
700 127
700 418
700 959
700 519
701 150
703 168
703 353
703 48
703 401
703 252
703 362
703 214
703 895
703 889
703 577
703 606
703 835
705 108
705 757
705 772
705 255
705 517
706 112
706 149
706 424
706 637
706 192
706 519
707 871
707 189
707 970
708 48
708 281
709 455
709 899
710 516
710 809
710 86
711 792
711 12
712 790
712 578
712 415
713 70
713 466
713 41
714 387
715 979
715 744
715 143
715 42
716 610
716 835
717 28
717 616
718 437
719 477
720 434
720 823
721 991
721 892
721 577
721 745
722 563
722 98
722 942
723 467
723 892
723 994
723 955
724 101
724 138
724 996
724 16
724 314
724 582
724 166
724 790
725 202
725 364
725 235
726 208
726 662
726 787
726 310
726 286
726 246
726 657
726 451
726 969
726 339
726 8
726 529
726 754
726 926
727 137
727 558
728 887
728 244
728 466
728 106
728 23
728 354
729 641
730 588
731 329
732 433
733 603
734 646
734 621
734 356
734 31
734 203
734 883
734 548
734 307
734 128
734 545
734 890
735 96
735 466
735 865
736 676
736 820
736 130
736 77
736 639
737 23
737 150
737 394
737 123
737 228
738 102
740 926
740 197
741 48
741 12
741 983
741 144
742 276
742 498
743 848
743 118
744 351
744 291
744 962
744 431
744 389
744 715
744 200
744 41
745 174
745 299
745 406
745 721
745 559
745 671
745 86
745 775
745 850
745 612
745 835
746 823
747 102
747 286
747 772
747 976
749 790
749 912
749 803
750 809
751 563
751 436
753 488
753 991
754 515
754 726
754 925
754 85
754 475
754 121
754 645
754 326
754 890
754 334
755 106
755 990
757 705
757 287
757 128
757 201
757 146
757 193
757 88
757 79
757 890
758 687
758 353
759 772
759 579
761 878
761 458
761 577
762 498
762 915
762 456
762 415
763 607
763 558
764 73
764 893
764 616
766 204
767 785
767 205
767 818
767 467
768 204
769 316
769 86
769 643
771 985
771 280
771 471
772 993
772 747
772 148
772 759
772 2
772 987
772 705
772 897
772 354
773 121
773 865
773 503
773 810
774 994
774 60
775 613
775 745
776 849
776 519
777 436
777 517
777 456
777 430
777 199
778 915
778 558
778 835
779 86
779 816
779 368
780 577
781 546
781 842
781 360
781 257
781 194
782 316
782 917
782 859
784 249
784 159
784 616
785 767
785 696
786 70
786 579
787 726
787 276
787 353
787 835
788 205
788 955
788 905
789 73
790 831
790 927
790 51
790 933
790 38
790 749
790 724
790 817
790 258
790 492
790 712
790 65
790 503
790 331
791 851
791 865
792 103
792 638
792 711
792 695
792 539
793 163
793 433
793 169
793 456
794 641
794 131
794 197
794 660
794 228
795 430
795 232
796 145
797 867
797 539
797 577
798 238
798 431
798 675
799 401
800 890
800 859
802 38
802 539
802 189
803 540
803 149
803 892
803 635
803 531
803 749
803 81
804 5
804 893
804 160
804 455
806 58
808 306
808 79
808 936
808 447
808 397
808 52
808 330
808 269
808 587
808 204
808 912
809 277
809 112
809 581
809 572
809 750
809 605
809 276
809 384
809 505
809 710
810 614
810 818
810 104
810 888
810 971
810 966
810 92
810 14
810 568
810 773
813 588
813 823
813 675
814 45
814 867
814 978
814 259
814 917
814 503
815 466
815 437
816 101
816 779
816 47
816 285
816 262
816 885
816 694
816 590
816 173
816 867
817 626
817 790
818 878
818 767
818 810
819 641
820 581
820 736
820 895
821 62
822 316
822 917
822 197
823 346
823 354
823 376
823 870
823 450
823 180
823 47
823 813
823 746
823 858
823 508
823 437
823 166
823 296
823 720
824 517
825 991
825 307
825 675
826 10
826 235
827 328
827 167
831 555
831 957
831 172
831 337
831 97
831 790
831 33
833 955
834 497
834 965
834 893
834 456
835 356
835 745
835 778
835 160
835 462
835 716
835 88
835 703
835 934
835 854
835 955
835 787
837 38
837 893
838 354
838 415
839 199
841 460
841 33
842 781
842 331
843 280
844 83
845 377
846 160
848 743
848 901
848 988
848 887
848 464
848 508
848 23
848 660
849 633
849 776
849 862
849 878
850 479
850 360
850 985
850 314
850 298
850 632
850 745
851 385
851 36
851 929
851 53
851 791
851 145
851 32
851 859
852 539
852 255
853 78
853 595
853 352
853 40
853 33
853 558
854 478
854 159
854 835
855 603
856 331
857 431
857 307
858 174
858 823
859 421
859 690
859 800
859 902
859 518
859 948
859 997
859 293
859 582
859 851
859 782
859 108
860 80
862 849
863 895
863 44
864 982
865 480
865 773
865 735
865 435
865 791
865 387
865 32
865 430
866 83
867 797
867 814
867 84
867 19
867 357
867 580
867 486
867 890
867 816
868 302
869 259
869 144
870 44
870 823
871 707
871 574
871 895
871 208
871 72
871 989
871 145
871 52
871 525
871 123
872 401
872 238
872 327
872 283
872 466
872 448
872 296
872 79
872 972
872 417
874 238
874 211
874 48
874 328
874 83
874 331
875 511
875 297
875 410
875 323
875 318
876 571
876 942
877 60
878 451
878 43
878 761
878 693
878 818
878 141
878 849
878 322
878 460
878 86
879 626
879 281
879 926
879 68
880 660
881 401
882 464
883 364
883 734
883 204
883 415
884 641
885 482
885 496
885 464
885 577
885 503
885 816
886 460
887 728
887 619
887 511
887 950
887 936
887 926
887 848
887 42
888 331
888 810
889 259
889 982
889 150
889 643
889 703
889 535
890 30
890 278
890 754
890 377
890 69
890 867
890 757
890 800
890 107
890 478
890 734
890 942
891 420
891 32
892 723
892 194
892 647
892 119
892 207
892 640
892 365
892 212
892 556
892 721
892 243
892 86
892 803
893 804
893 935
893 29
893 834
893 474
893 32
893 993
893 837
893 432
893 490
893 406
893 764
894 80
895 918
895 863
895 820
895 517
895 365
895 268
895 871
895 519
895 703
897 772
899 709
899 104
899 966
899 494
899 158
899 289
900 593
900 520
900 524
900 248
900 217
900 228
901 848
901 204
901 915
902 859
902 503
904 914
904 915
905 327
905 452
905 788
905 908
905 667
905 511
906 232
907 96
907 496
907 643
908 905
908 197
909 336
909 376
909 281
909 169
909 232
910 643
910 949
911 530
912 530
912 450
912 749
912 106
912 808
912 18
912 945
912 32
913 28
913 10
913 579
914 496
914 38
914 960
914 458
914 904
914 437
915 762
915 901
915 220
915 904
915 406
915 778
915 268
915 244
915 691
915 561
915 506
915 966
916 377
916 45
916 33
917 474
917 822
917 684
917 189
917 259
917 180
917 408
917 682
917 814
917 666
917 17
917 306
917 991
917 39
917 782
918 895
918 42
919 679
919 334
919 519
921 588
922 394
923 430
924 123
925 754
925 364
925 44
926 20
926 972
926 532
926 234
926 186
926 740
926 633
926 726
926 73
926 887
926 879
926 452
927 790
928 456
929 851
929 143
929 167
929 181
931 985
931 80
932 143
932 80
932 643
933 202
933 790
934 131
934 387
934 970
934 835
935 976
935 893
936 280
936 887
936 808
936 62
936 982
939 307
939 82
939 970
940 942
940 415
940 368
940 315
941 639
941 660
941 415
942 940
942 876
942 722
942 326
942 12
942 68
942 393
942 890
942 455
943 667
944 961
945 464
945 912
946 428
948 329
948 557
948 859
949 324
949 335
949 389
949 278
949 910
949 64
949 263
949 44
949 439
949 408
949 194
949 517
950 431
950 887
950 204
951 261
952 353
954 331
954 660
955 552
955 389
955 788
955 723
955 88
955 833
955 599
955 434
955 835
956 23
957 831
958 202
958 82
958 571
959 700
960 914
960 577
961 180
961 447
961 220
961 944
961 486
961 15
962 744
962 204
962 437
962 415
963 416
963 349
963 659
963 319
963 512
963 311
963 557
963 144
965 834
966 70
966 307
966 915
966 810
966 899
967 131
968 28
968 280
968 364
968 15
969 481
969 682
969 726
969 381
970 707
970 78
970 347
970 239
970 939
970 299
970 226
970 384
970 934
970 331
971 143
971 660
971 810
971 430
972 357
972 557
972 926
972 872
973 41
974 353
974 571
975 73
975 631
975 215
975 550
975 339
975 315
976 137
976 686
976 747
976 298
976 183
976 935
976 212
976 133
976 197
976 455
977 45
977 10
978 289
978 814
978 215
978 101
978 93
979 344
979 216
979 501
979 234
979 715
979 371
980 432
980 436
980 334
981 305
982 392
982 346
982 936
982 507
982 413
982 380
982 889
982 470
982 992
982 864
983 629
983 156
983 987
983 94
983 741
983 132
983 697
983 680
983 212
983 140
983 488
983 141
983 50
984 517
984 118
984 415
985 771
985 931
985 998
985 850
986 228
987 243
987 397
987 665
987 31
987 772
987 983
988 848
989 37
989 149
989 491
989 574
989 871
990 303
990 226
990 755
990 356
990 191
990 481
990 467
990 88
990 424
990 294
990 112
991 825
991 684
991 753
991 451
991 721
991 131
991 917
992 174
992 982
993 772
993 893
994 137
994 774
994 723
995 181
996 626
996 724
997 395
997 381
997 859
997 68
998 985
998 286
