1 585
1 101
1 727
1 860
1 3
1 925
1 834
1 252
1 468
1 87
2 452
2 772
2 556
3 439
3 980
3 631
3 795
3 573
3 82
3 610
3 646
3 116
3 421
3 52
3 1
4 916
4 378
4 638
4 633
4 941
4 353
4 523
4 838
4 14
4 295
4 646
4 892
4 897
5 24
5 357
5 21
5 121
5 733
5 106
5 204
5 349
5 673
5 620
5 384
5 432
6 41
6 488
6 208
7 600
7 599
7 657
7 112
7 838
7 560
7 542
8 45
8 726
8 202
8 391
8 123
8 974
9 452
9 761
9 989
9 674
9 823
9 482
9 640
9 447
9 153
10 826
10 637
10 299
10 320
10 180
10 112
10 546
10 429
10 913
10 977
10 497
10 902
10 269
10 97
10 80
10 765
10 58
10 807
11 346
11 396
11 596
11 712
11 297
11 389
11 326
12 273
12 82
12 711
12 741
12 197
12 942
12 50
12 396
12 250
12 899
12 787
12 263
12 363
13 331
13 882
13 821
13 563
13 919
13 167
13 591
13 815
13 450
13 212
14 867
14 203
14 141
14 309
14 649
14 734
14 105
14 854
14 45
14 86
14 331
14 211
14 590
14 908
14 971
14 4
15 269
15 395
15 389
15 189
15 697
15 961
15 968
15 667
15 360
15 116
15 889
15 401
15 515
15 93
15 446
15 885
15 75
15 409
15 186
15 404
15 87
16 724
16 73
16 692
17 189
17 917
17 471
17 389
17 895
17 231
17 542
17 965
18 433
18 368
18 552
18 89
18 562
18 667
18 458
18 142
18 912
18 461
18 388
18 82
18 536
18 105
18 94
18 60
18 158
18 575
19 901
19 34
19 408
19 279
19 562
19 497
19 812
19 316
19 143
19 606
19 675
19 324
20 998
20 275
20 117
20 407
20 462
20 886
20 650
20 877
20 472
20 804
20 660
20 875
20 306
20 293
20 31
20 308
20 624
21 5
21 503
21 609
21 100
22 563
22 123
22 723
23 229
23 848
23 728
23 174
23 956
23 546
23 97
23 510
23 207
23 737
23 484
23 741
23 812
23 838
23 69
23 759
23 268
23 841
24 517
24 5
24 428
24 78
24 550
24 276
24 432
24 927
25 571
25 310
25 304
25 313
25 629
25 607
25 323
25 808
25 461
25 436
25 119
25 815
25 227
26 197
26 573
26 765
26 881
26 766
26 396
26 528
26 591
26 269
27 143
27 331
27 663
27 867
28 531
28 913
28 968
28 965
28 605
28 101
28 881
28 638
28 802
28 509
28 230
28 635
28 765
29 893
29 599
29 461
29 517
29 590
29 409
29 886
30 249
30 121
30 890
30 616
30 267
30 408
30 638
30 117
30 709
31 389
31 874
31 587
31 538
31 605
31 634
31 20
31 211
31 481
31 299
31 987
31 272
31 588
31 98
31 560
31 529
31 257
31 405
31 263
31 651
31 807
32 865
32 195
32 611
32 291
32 239
32 851
32 664
32 179
32 730
32 51
32 979
32 698
32 38
32 73
32 893
32 912
32 488
32 298
32 638
32 337
32 405
32 87
33 831
33 117
33 99
33 841
33 916
33 553
33 853
33 83
33 57
33 559
33 435
34 696
34 255
34 19
34 776
34 848
34 752
35 710
35 788
35 735
35 524
35 792
35 828
35 671
35 118
35 180
35 289
36 851
37 638
37 325
37 386
37 864
37 866
37 631
37 248
37 804
37 57
37 559
37 303
37 94
38 802
38 595
38 569
38 442
38 837
38 40
38 716
38 335
38 543
38 804
38 500
38 736
38 564
38 630
38 790
38 914
38 376
38 310
38 32
38 76
39 570
39 911
39 954
39 693
39 601
39 989
39 174
39 259
39 917
39 991
39 250
39 814
39 971
40 38
40 202
40 853
40 82
40 142
40 643
40 397
40 793
41 56
41 744
41 611
41 973
41 713
41 84
41 6
41 684
41 640
41 271
41 180
41 365
41 511
41 787
41 73
41 965
42 918
42 561
42 136
42 264
42 715
42 887
42 516
42 120
42 284
42 869
42 613
42 560
42 451
42 233
43 878
43 145
43 966
43 122
43 644
44 863
44 594
44 794
44 923
44 995
44 942
44 185
44 255
44 770
44 413
44 268
44 259
44 232
44 949
44 591
44 986
44 548
45 559
45 159
45 226
45 916
45 8
45 444
45 589
45 814
45 977
45 250
45 964
45 819
45 944
45 14
45 684
46 649
46 767
46 159
46 910
46 712
46 532
46 577
46 536
46 51
46 898
47 816
47 823
47 781
47 639
47 134
47 606
47 277
47 740
47 651
47 437
48 708
48 874
48 741
48 104
48 923
48 223
48 276
48 879
48 297
48 409
48 421
48 441
48 365
48 589
49 473
49 794
49 770
49 315
49 208
49 147
49 82
49 734
49 354
49 620
49 94
50 407
50 12
50 921
50 923
50 584
50 458
50 901
50 785
50 602
51 266
51 46
51 410
51 983
51 365
51 790
51 305
51 471
51 858
51 32
51 537
52 587
52 3
52 386
52 871
52 503
53 102
53 851
53 966
53 889
53 553
54 396
54 217
54 430
54 522
54 215
55 786
55 303
55 565
55 213
55 166
55 526
55 460
56 41
56 503
56 550
56 425
56 694
57 663
57 33
57 961
57 519
57 493
57 37
57 239
57 928
57 810
57 390
57 575
58 715
58 73
58 693
58 641
58 470
58 346
58 242
58 948
58 259
58 76
58 10
58 169
58 357
58 542
59 316
59 79
59 145
59 638
59 117
59 772
60 474
60 622
60 799
60 412
60 255
60 553
60 77
60 560
60 691
60 18
60 188
60 632
60 281
60 926
60 362
60 993
60 505
60 267
60 861
60 847
61 495
61 728
61 345
61 770
61 828
62 569
62 582
62 821
62 556
62 936
62 361
62 552
62 578
62 199
62 362
62 318
62 950
63 632
63 892
63 336
63 478
63 437
63 234
63 656
63 197
63 245
63 844
63 639
63 978
63 703
63 432
63 277
64 632
64 105
64 185
64 245
64 356
64 353
64 638
64 752
65 951
65 771
65 409
65 417
65 73
65 502
65 617
65 209
65 629
65 600
65 790
65 615
65 590
65 171
66 460
66 131
66 975
66 397
66 214
66 300
67 121
67 433
67 672
67 842
67 793
67 986
67 341
68 428
68 457
68 297
68 452
68 527
68 997
68 399
68 879
68 139
68 942
68 895
68 234
68 960
68 330
69 864
69 716
69 663
69 928
69 257
69 945
69 491
69 659
69 23
69 104
69 250
69 792
69 887
69 644
69 202
69 890
69 537
69 606
70 966
70 449
70 713
70 119
70 786
70 488
70 855
70 130
70 609
70 120
70 649
71 116
71 530
71 183
71 978
71 182
71 158
71 832
72 871
72 144
72 815
72 814
72 229
72 602
72 828
73 764
73 789
73 623
73 195
73 704
73 16
73 720
73 103
73 119
73 41
73 975
73 145
73 101
73 65
73 58
73 32
73 442
74 932
74 986
74 601
75 634
75 329
75 478
75 761
75 276
75 15
75 804
75 272
75 879
75 726
75 349
75 793
76 80
76 38
76 504
76 947
76 454
76 85
76 560
76 260
76 256
76 217
76 97
76 58
77 185
77 302
77 826
77 390
77 821
77 481
77 352
77 482
77 517
77 713
77 492
77 503
77 773
77 581
77 626
77 544
77 345
77 60
78 119
78 282
78 239
78 944
78 24
78 853
78 970
78 280
78 482
78 874
78 297
78 925
78 673
78 398
79 59
79 694
79 454
79 581
79 854
79 408
79 771
79 232
79 448
79 757
79 872
79 123
79 303
79 525
80 932
80 309
80 442
80 183
80 516
80 668
80 287
80 860
80 931
80 563
80 939
80 10
80 229
80 854
80 875
80 76
81 414
81 805
81 135
81 943
81 909
81 103
81 790
81 396
81 727
81 204
81 584
81 121
81 167
81 978
81 157
81 340
81 542
82 958
82 3
82 633
82 441
82 49
82 40
82 567
82 939
82 282
82 202
82 225
82 209
82 98
82 529
82 588
82 109
82 18
82 610
82 12
82 675
83 376
83 874
83 33
83 866
83 689
83 449
83 877
83 879
83 842
83 112
83 392
83 212
83 401
83 526
84 637
84 460
84 370
84 549
84 933
84 732
84 795
84 128
84 92
84 155
84 435
84 867
84 41
84 578
84 720
84 130
85 754
85 305
85 797
85 826
85 891
85 76
86 710
86 14
86 769
86 418
86 639
86 151
86 193
86 194
86 126
86 745
86 788
86 991
86 978
86 598
86 379
86 330
86 602
87 15
87 523
87 150
87 343
87 249
87 1
87 32
87 362
87 438
87 270
87 350
87 741
87 277
88 244
88 955
88 757
88 281
88 990
88 835
88 559
88 495
88 431
88 437
89 940
89 18
89 997
89 988
89 542
90 204
90 841
91 263
91 243
91 295
91 775
91 826
91 186
91 308
91 785
91 571
92 494
92 546
92 150
92 407
92 949
92 600
92 749
92 402
92 342
92 245
92 645
92 213
92 684
92 940
92 773
92 84
92 100
92 614
93 635
93 234
93 240
93 182
93 637
93 924
93 106
93 578
93 715
93 15
93 539
93 793
93 986
93 363
94 499
94 18
94 37
94 277
94 254
94 565
94 815
94 338
94 593
94 979
94 529
94 866
94 452
94 49
94 594
94 432
94 525
94 932
94 694
94 926
95 255
95 208
95 246
95 532
96 620
96 907
96 735
96 870
96 460
96 349
97 321
97 618
97 10
97 76
97 23
97 204
97 925
98 342
98 672
98 31
98 217
98 165
98 576
98 204
98 558
98 82
98 330
99 547
99 287
99 771
99 888
99 282
99 33
99 174
99 446
99 927
100 21
100 471
100 143
100 92
100 101
100 878
100 202
100 649
100 897
100 768
100 363
101 73
101 473
101 245
101 799
101 839
101 921
101 447
101 273
101 640
101 978
101 816
101 28
101 680
101 1
101 100
101 951
101 868
102 738
102 53
102 397
102 253
102 747
102 149
102 787
102 491
102 487
102 114
103 792
103 396
103 81
103 137
103 73
104 994
104 506
104 360
104 797
104 603
104 334
104 571
104 235
104 197
104 810
104 395
104 394
104 278
104 838
104 69
104 48
104 857
104 408
104 137
105 959
105 18
105 750
105 562
105 958
105 555
105 168
105 661
105 309
105 404
105 387
105 14
105 64
105 400
105 601
105 532
105 847
106 728
106 189
106 93
106 755
106 332
106 556
106 663
106 955
106 603
106 912
106 5
106 686
106 485
107 955
107 928
107 353
107 787
107 122
107 750
107 535
107 232
107 879
107 297
107 579
107 692
107 897
108 705
108 859
108 199
108 362
108 722
108 171
108 992
109 420
109 118
109 460
109 82
109 214
110 123
110 614
110 829
110 186
110 294
110 420
110 336
110 955
110 431
110 495
111 244
111 295
111 245
111 194
111 437
111 330
111 514
111 614
112 469
112 120
112 558
112 504
112 202
112 83
112 7
112 362
112 10
112 809
112 990
112 643
112 127
112 702
113 499
113 384
114 412
114 438
114 102
114 322
114 451
114 343
114 888
114 225
115 295
115 643
115 978
115 117
116 71
116 605
116 286
116 570
116 3
116 329
116 199
116 753
116 15
116 251
116 992
116 428
116 614
117 307
117 404
117 115
117 30
117 797
117 921
117 59
117 758
117 935
117 458
117 33
117 529
117 814
117 20
118 570
118 523
118 984
118 109
118 35
118 237
118 743
118 670
118 688
118 935
118 618
118 878
118 966
118 239
118 857
118 341
119 593
119 25
119 205
119 631
119 406
119 70
119 309
119 197
119 78
119 613
119 137
119 73
119 225
120 965
120 217
120 881
120 70
120 157
120 774
120 818
120 937
120 756
120 187
120 679
120 286
120 112
120 42
120 709
121 619
121 773
121 659
121 586
121 30
121 67
121 754
121 281
121 241
121 5
121 217
121 349
121 81
121 553
121 946
122 817
122 889
122 354
122 305
122 263
122 426
122 975
122 43
122 202
122 107
122 685
122 392
122 250
122 405
123 251
123 737
123 596
123 395
123 396
123 79
123 924
123 366
123 871
123 22
123 8
123 453
123 565
123 199
123 268
123 110
123 988
123 799
123 903
124 482
124 334
124 804
124 411
124 308
124 477
124 129
125 161
125 857
125 405
125 614
126 854
126 961
126 214
126 215
126 663
126 612
126 778
126 846
126 631
126 736
126 376
126 443
126 474
126 349
126 86
127 369
127 112
127 717
127 436
127 858
127 239
127 411
127 162
127 359
127 306
127 248
127 700
127 602
128 757
128 734
128 578
128 84
128 384
128 868
129 551
129 772
129 797
129 377
129 124
129 841
129 408
130 611
130 84
130 527
130 70
130 151
130 248
130 389
130 726
130 446
130 461
130 423
130 283
130 885
130 252
131 934
131 991
131 517
131 794
131 678
131 171
131 66
131 908
131 414
131 779
132 179
132 987
132 744
132 911
132 372
132 844
132 286
132 626
132 250
132 644
132 834
133 976
133 571
133 736
133 961
133 797
133 728
133 337
134 788
134 970
134 566
134 777
134 47
134 360
134 641
134 239
134 983
134 207
134 903
135 519
135 468
135 715
135 243
135 779
135 81
135 411
136 42
136 267
136 396
137 727
137 677
137 200
137 119
137 329
137 103
137 513
137 664
137 429
137 104
137 854
137 143
137 976
137 531
137 797
137 946
137 231
138 159
138 724
138 447
138 620
138 335
138 544
138 210
138 832
139 68
139 303
139 867
139 947
140 983
140 559
140 468
140 930
140 938
140 492
141 492
141 567
141 773
141 878
141 328
141 517
141 14
141 601
141 257
142 40
142 587
142 310
142 18
142 280
142 663
142 255
142 831
142 306
142 806
142 526
143 137
143 929
143 971
143 595
143 146
143 27
143 239
143 715
143 932
143 452
143 19
143 232
143 401
143 100
143 340
144 541
144 72
144 461
144 669
144 615
144 462
144 590
144 869
144 468
144 185
144 963
144 741
144 353
144 662
144 389
144 980
144 250
145 796
145 73
145 43
145 851
145 59
145 627
145 897
145 216
145 981
145 886
145 871
145 250
145 384
146 143
146 757
146 656
146 806
147 848
147 813
147 49
148 772
148 474
148 993
148 717
148 728
148 868
149 327
149 975
149 427
149 242
149 878
149 394
149 102
149 686
149 420
149 189
149 706
149 803
149 428
149 303
149 365
150 737
150 226
150 178
150 667
150 543
150 241
150 677
150 635
150 420
150 570
150 551
150 889
150 701
150 547
150 552
150 92
150 391
150 234
150 87
151 415
151 885
151 86
151 156
151 130
152 794
152 244
152 852
152 990
152 488
152 730
152 738
152 481
152 340
152 248
152 271
152 653
153 705
153 9
153 848
153 217
153 962
153 699
153 678
153 774
153 404
154 503
154 925
154 965
155 353
155 519
155 84
155 171
156 446
156 639
156 151
156 354
156 629
156 417
156 430
156 471
156 406
156 307
156 474
156 624
157 356
157 947
157 987
157 81
157 762
157 657
157 275
157 231
157 888
157 174
157 869
157 545
157 120
157 285
157 903
158 71
158 586
158 482
158 805
158 875
158 673
158 542
158 947
158 584
158 503
158 18
158 788
158 455
158 997
158 269
158 537
158 752
159 784
159 693
159 443
159 854
159 138
159 824
159 845
159 580
159 286
159 45
159 584
159 673
159 46
160 804
160 846
160 929
160 657
160 434
160 835
160 452
160 467
160 234
160 635
160 651
161 454
161 546
161 125
161 280
161 645
161 436
161 181
161 452
162 353
162 610
162 127
162 832
163 793
163 657
163 724
163 893
164 639
165 272
165 98
166 724
166 535
166 823
166 858
166 276
166 394
166 177
166 207
166 396
166 55
166 847
167 929
167 317
167 483
167 490
167 827
167 13
167 693
167 81
168 725
168 659
168 605
168 393
168 505
168 522
168 793
168 105
169 621
169 58
169 645
169 963
169 314
169 342
169 788
169 297
169 779
169 548
169 807
169 446
170 353
170 545
170 951
171 187
171 727
171 65
171 155
171 615
171 184
171 560
171 108
171 294
171 238
171 874
171 131
171 266
171 807
172 361
172 622
172 666
172 469
172 878
172 389
172 638
172 274
172 606
172 285
173 281
173 816
173 675
173 474
173 518
173 692
173 868
174 157
174 379
174 865
174 352
174 670
174 99
174 860
174 534
174 705
174 236
174 274
174 1000
174 651
174 637
174 23
174 672
174 615
174 925
174 39
175 879
175 211
175 797
176 420
176 788
176 946
176 653
176 903
177 367
177 292
177 166
177 518
177 398
177 424
177 841
177 381
177 227
177 199
177 577
178 150
178 471
178 815
178 903
179 32
179 925
179 306
179 345
179 212
179 132
180 220
180 41
180 465
180 862
180 35
180 181
180 10
180 917
180 536
180 823
180 389
180 966
180 633
181 929
181 316
181 995
181 696
181 161
181 538
181 180
181 772
181 911
182 704
182 893
182 71
182 750
182 236
182 629
182 890
182 93
182 668
183 71
183 912
183 878
183 236
183 80
183 662
183 318
183 886
183 405
183 526
184 874
184 238
184 251
184 171
185 641
185 144
185 77
185 44
185 251
185 556
185 64
185 408
185 587
186 869
186 320
186 91
186 15
186 448
186 622
186 724
186 343
186 576
186 944
186 382
186 364
186 909
186 417
186 870
186 633
186 110
186 549
186 834
187 655
187 391
187 120
187 428
187 900
187 357
187 171
187 327
187 202
188 488
188 741
188 60
189 149
189 802
189 707
189 522
189 464
189 17
189 491
189 301
189 523
189 603
189 705
189 15
189 106
189 917
189 557
189 545
189 891
190 498
190 788
190 318
190 717
191 990
191 430
191 993
191 591
191 257
191 624
192 706
192 417
192 869
192 518
192 779
192 544
192 644
193 757
193 936
193 86
193 728
193 337
193 210
193 264
193 340
194 111
194 312
194 675
194 471
194 249
194 781
194 949
194 966
194 243
194 86
194 494
194 274
194 806
194 492
194 417
195 73
195 32
195 239
195 444
195 988
196 468
196 208
196 946
197 204
197 12
197 605
197 201
197 119
197 63
197 794
197 740
197 441
197 822
197 476
197 104
197 976
197 239
197 716
197 419
197 824
197 324
197 26
197 878
197 598
197 600
197 492
198 449
198 327
198 986
198 382
199 319
199 108
199 177
199 839
199 777
199 116
199 123
199 62
199 440
199 338
199 873
199 502
199 722
199 670
200 744
200 420
200 503
200 431
200 137
200 660
201 757
201 197
201 395
201 349
201 703
201 609
201 553
201 974
201 834
202 100
202 725
202 69
202 933
202 217
202 8
202 958
202 650
202 605
202 122
202 40
202 350
202 362
202 256
202 941
202 187
202 980
202 82
202 535
202 656
202 436
202 112
202 255
202 210
202 345
203 734
203 679
203 14
203 657
203 467
203 408
203 432
203 990
203 656
204 421
204 5
204 883
204 288
204 623
204 97
204 553
204 90
204 389
204 901
204 962
204 98
204 950
204 351
204 766
204 808
204 215
204 949
204 479
204 685
204 197
204 672
204 890
204 603
204 809
204 81
204 877
204 898
205 360
205 662
205 788
205 599
205 767
205 637
205 119
205 765
206 577
206 392
207 808
207 134
207 885
207 166
207 882
207 655
207 870
207 513
207 288
207 557
207 23
207 776
208 196
208 907
208 609
208 684
208 512
208 6
208 621
208 318
208 381
208 95
208 882
208 377
208 726
208 309
208 871
208 761
208 590
208 49
208 537
208 832
209 657
209 934
209 437
209 915
209 325
209 65
209 798
209 82
209 965
210 307
210 910
210 734
210 241
210 589
210 202
210 193
210 820
210 250
210 230
210 519
210 301
210 773
210 138
210 675
210 663
210 736
210 326
210 958
210 899
211 631
211 14
211 371
211 997
211 583
211 439
211 493
211 175
211 222
211 297
211 31
212 888
212 446
212 406
212 179
212 13
212 371
212 83
212 669
212 217
212 976
212 696
212 983
212 559
212 637
212 728
212 514
213 506
213 590
213 92
213 838
213 620
213 55
214 541
214 249
214 66
214 582
214 751
214 692
214 733
214 360
214 707
214 109
214 340
214 366
214 353
214 696
214 126
214 928
214 401
214 651
215 852
215 592
215 442
215 521
215 637
215 464
215 54
215 569
215 390
215 669
215 402
215 975
215 204
215 126
215 892
216 979
216 415
216 468
216 421
216 145
216 825
216 600
216 861
217 54
217 212
217 328
217 674
217 691
217 220
217 621
217 900
217 121
217 76
217 654
217 306
217 765
217 377
217 202
217 98
217 261
217 153
217 578
217 120
218 377
218 464
218 844
218 720
219 434
219 415
219 925
219 441
219 529
220 180
220 961
220 217
220 679
220 915
220 980
220 895
221 646
221 697
222 211
222 310
222 347
222 404
223 914
223 48
223 928
224 276
224 281
224 387
224 761
224 437
224 966
224 405
225 114
225 933
225 801
225 718
225 640
225 119
225 632
225 400
225 82
225 298
225 589
226 45
226 436
226 970
226 381
226 579
226 150
226 990
226 590
226 798
226 670
226 398
226 741
226 755
227 998
227 870
227 645
227 266
227 929
227 25
227 437
227 897
227 575
227 552
227 362
227 493
227 966
227 633
227 825
227 349
227 537
227 730
227 692
227 177
227 526
228 530
228 429
228 737
228 794
228 523
228 810
228 486
228 499
228 232
228 245
228 773
228 608
228 315
228 892
228 357
228 425
228 967
228 994
228 487
229 466
229 846
229 401
229 72
229 472
229 646
229 755
229 23
229 80
229 337
230 957
230 28
230 514
230 748
230 913
230 869
230 993
230 581
230 831
230 210
230 847
231 747
231 705
231 809
231 796
231 17
231 732
231 137
231 910
231 889
231 749
231 157
231 868
232 44
232 795
232 618
232 329
232 906
232 909
232 107
232 143
232 810
232 804
232 79
232 455
232 228
232 760
232 668
232 526
233 907
233 42
233 853
233 427
233 276
233 671
233 292
233 462
233 914
233 912
233 303
233 938
234 853
234 345
234 739
234 150
234 639
234 241
234 846
234 251
234 265
234 68
234 326
234 506
234 291
234 762
234 751
234 160
234 877
234 301
234 979
234 813
234 63
234 609
234 93
235 375
235 104
235 725
235 849
235 531
235 519
235 317
235 931
235 976
235 442
236 174
236 183
236 797
236 182
237 118
237 471
237 493
237 238
238 258
238 171
238 874
238 337
238 870
238 672
238 184
238 805
238 237
238 603
238 808
238 872
238 381
238 532
239 118
239 134
239 195
239 382
239 476
239 591
239 623
239 342
239 57
239 673
239 839
239 460
239 143
239 970
239 32
239 197
239 78
239 550
239 261
239 127
240 621
240 451
240 915
240 584
240 549
240 93
240 755
240 439
241 589
241 429
241 921
241 121
241 150
241 271
241 768
241 234
241 525
241 337
241 210
241 340
241 487
242 488
242 149
242 243
242 58
243 937
243 350
243 361
243 798
243 733
243 681
243 864
243 194
243 242
243 581
243 400
243 416
243 135
243 420
243 987
243 406
243 447
243 947
243 405
243 653
243 91
244 359
244 728
244 88
244 398
244 257
244 509
244 111
244 915
244 449
244 859
244 349
244 152
244 903
245 63
245 703
245 721
245 111
245 720
245 923
245 101
245 590
245 92
245 64
245 228
245 455
246 95
246 666
246 273
246 298
246 563
246 972
246 437
246 327
246 432
246 927
247 578
247 761
247 798
247 815
247 598
247 491
248 900
248 844
248 326
248 630
248 130
248 793
248 127
248 37
248 152
248 284
249 194
249 30
249 784
249 663
249 630
249 214
249 787
249 87
250 910
250 535
250 39
250 145
250 389
250 132
250 453
250 819
250 144
250 474
250 122
250 280
250 827
250 12
250 346
250 709
250 449
250 460
250 762
250 795
250 281
250 69
250 293
250 45
250 992
250 210
251 937
251 447
251 116
251 314
251 184
251 185
251 386
251 965
251 511
251 377
251 821
251 569
251 707
251 123
251 679
251 590
251 446
251 675
251 779
251 234
252 318
252 735
252 516
252 492
252 386
252 413
252 732
252 808
252 819
252 564
252 593
252 297
252 918
252 725
252 977
252 914
252 329
252 1
252 130
252 387
252 271
252 352
252 980
253 102
253 978
253 398
253 971
253 289
254 326
254 94
254 938
255 95
255 852
255 391
255 142
255 374
255 980
255 465
255 34
255 864
255 851
255 262
255 409
255 202
255 44
255 886
255 60
255 602
256 579
256 202
256 400
256 834
256 76
257 428
257 191
257 644
257 141
257 399
257 509
257 31
257 641
257 278
257 244
257 966
257 69
257 755
257 947
257 363
258 238
258 790
258 471
258 660
258 499
258 511
258 491
259 269
259 692
259 889
259 39
259 510
259 662
259 429
259 814
259 475
259 992
259 282
259 520
259 613
259 783
259 917
259 58
259 44
259 861
260 577
260 844
260 656
260 494
260 641
260 485
260 76
261 763
261 774
261 217
261 239
261 379
261 360
261 758
261 630
261 932
261 267
261 381
261 450
262 816
262 474
262 449
262 849
262 255
263 903
263 12
263 477
263 378
263 266
263 748
263 31
263 627
263 597
263 949
263 679
263 785
263 408
263 122
263 526
263 91
264 293
264 193
264 391
264 369
264 713
264 695
264 932
264 42
264 559
264 385
264 335
264 544
264 337
264 382
265 318
265 234
265 291
265 884
265 324
265 834
266 919
266 591
266 656
266 944
266 171
266 503
266 951
266 227
266 51
266 263
266 624
267 508
267 991
267 278
267 383
267 261
267 939
267 894
267 341
267 30
267 136
267 60
267 626
267 535
267 368
267 902
267 431
268 921
268 123
268 485
268 671
268 23
268 915
268 447
268 411
268 792
268 44
269 26
269 158
269 986
269 399
269 768
269 10
269 390
269 646
269 938
269 351
269 15
269 259
269 433
269 630
269 980
269 382
270 397
270 692
270 647
270 390
270 87
271 325
271 241
271 252
271 41
271 517
271 281
271 518
271 889
271 505
271 152
272 615
272 429
272 744
272 75
272 31
272 165
272 830
272 788
272 659
272 680
272 827
272 662
272 646
272 300
272 450
273 12
273 101
273 388
273 637
273 246
273 905
274 828
274 619
274 514
274 194
274 639
274 403
274 172
274 352
274 727
274 997
274 464
274 357
274 626
274 174
274 841
274 797
275 491
275 20
275 157
276 742
276 587
276 48
276 224
276 556
276 299
276 24
276 501
276 467
276 668
276 693
276 166
276 901
276 75
276 670
276 892
276 741
276 308
276 233
277 47
277 830
277 964
277 730
277 63
277 846
277 916
277 87
277 294
277 811
277 94
277 897
277 760
277 847
278 379
278 104
278 485
278 849
278 740
278 736
278 890
278 267
278 450
278 257
278 456
278 514
279 307
279 331
279 656
279 19
279 601
279 492
280 771
280 843
280 936
280 968
280 877
280 567
280 78
280 309
280 161
280 142
280 250
280 806
281 909
281 271
281 88
281 879
281 173
281 224
281 250
281 121
281 295
281 708
281 560
281 60
281 952
281 660
281 868
282 458
282 82
282 78
282 879
282 259
282 99
282 825
282 390
283 431
283 466
283 872
283 936
283 878
283 499
283 411
283 130
283 491
283 602
284 612
284 600
284 449
284 248
284 939
284 364
284 968
284 636
284 582
284 657
284 850
284 388
284 295
284 724
284 42
284 759
285 817
285 157
285 493
285 172
285 568
285 816
285 893
285 656
285 588
285 927
285 635
286 432
286 159
286 998
286 132
286 747
286 728
286 663
286 493
286 120
286 435
286 726
286 366
286 116
286 761
286 886
286 951
287 757
287 80
287 99
287 384
288 207
288 204
288 643
288 855
288 536
288 425
288 938
289 852
289 253
289 883
289 376
289 328
289 416
289 623
289 523
289 688
289 994
289 352
289 35
289 978
289 428
289 461
289 919
289 388
289 947
289 405
290 768
290 848
291 371
291 828
291 265
291 974
291 744
291 32
291 870
291 387
291 234
292 626
292 471
292 858
292 530
292 177
292 644
292 233
293 250
293 20
293 924
293 905
293 859
293 430
293 264
294 696
294 990
294 902
294 171
294 673
294 616
294 589
294 110
294 411
294 277
295 436
295 517
295 111
295 641
295 650
295 447
295 115
295 281
295 958
295 694
295 971
295 300
295 884
295 491
295 405
295 4
295 284
295 91
296 872
296 536
296 823
296 774
296 834
297 78
297 169
297 11
297 107
297 48
297 346
297 211
297 68
297 252
297 397
297 450
298 225
298 893
298 598
298 32
298 758
298 631
298 401
298 850
298 976
298 415
298 246
298 601
298 553
299 276
299 316
299 10
299 970
299 745
299 415
299 815
299 354
299 31
300 413
300 528
300 66
300 523
300 765
300 721
300 953
300 272
300 661
300 295
300 578
300 498
301 768
301 189
301 234
301 897
301 210
301 861
302 546
302 868
302 646
302 376
302 77
302 980
303 507
303 233
303 461
303 79
303 139
303 760
303 149
303 37
303 926
303 979
303 55
303 949
304 516
304 307
304 720
304 25
305 981
305 447
305 628
305 697
305 51
305 85
305 432
305 869
305 318
305 797
305 606
305 122
305 653
305 354
306 179
306 20
306 345
306 350
306 142
306 808
306 599
306 434
306 217
306 749
306 649
306 127
307 279
307 661
307 574
307 939
307 825
307 966
307 156
307 521
307 304
307 832
307 634
307 734
307 430
307 310
307 117
307 210
308 91
308 440
308 276
308 20
308 124
308 536
309 208
309 119
309 678
309 280
309 418
309 531
309 546
309 310
309 605
309 782
309 80
309 14
309 560
309 105
309 974
309 983
309 379
310 886
310 38
310 307
310 786
310 796
310 222
310 766
310 853
310 726
310 142
310 309
310 25
310 668
311 963
311 901
311 388
311 442
312 855
312 194
313 878
313 25
314 496
314 850
314 724
314 428
314 869
314 917
314 251
314 169
314 765
315 458
315 556
315 614
315 675
315 840
315 802
315 531
315 640
315 869
315 993
315 643
315 49
315 960
315 228
316 822
316 299
316 782
316 19
316 597
316 769
316 580
316 573
316 59
316 181
316 455
316 951
316 806
316 487
317 432
317 167
317 235
318 190
318 984
318 183
318 1000
318 265
318 723
318 62
318 592
318 305
318 795
318 842
318 696
318 618
318 252
318 630
318 208
318 537
318 709
319 963
319 199
319 388
319 549
320 10
320 186
320 539
320 553
321 466
321 385
321 97
321 971
321 740
322 878
322 412
322 114
323 875
323 842
323 388
323 908
323 983
323 25
324 547
324 812
324 265
324 607
324 19
324 564
324 613
324 365
324 966
324 197
325 271
325 870
325 584
325 797
325 899
325 209
325 37
326 404
326 937
326 254
326 403
326 656
326 210
326 11
326 368
326 248
326 476
326 605
326 754
326 942
326 234
327 924
327 198
327 527
327 246
327 187
327 872
327 149
327 636
327 739
328 827
328 141
328 874
328 217
328 391
328 387
328 618
328 961
328 289
329 948
329 672
329 662
329 531
329 608
329 731
329 678
329 557
329 232
329 252
329 75
329 559
329 116
329 434
329 137
329 405
330 886
330 86
330 111
330 438
330 68
330 769
330 381
330 929
330 98
330 832
330 558
330 841
330 792
331 392
331 874
331 442
331 954
331 842
331 888
331 543
331 279
331 607
331 496
331 856
331 790
331 620
331 970
331 14
331 27
331 597
331 921
331 867
331 13
331 749
332 679
332 106
333 767
333 694
333 877
333 575
333 847
334 104
334 628
334 124
334 754
334 444
334 466
334 372
334 734
334 901
334 936
334 890
334 542
335 138
335 264
335 614
335 991
335 686
335 373
335 675
335 343
335 486
335 604
335 38
335 994
335 951
335 432
335 412
336 909
336 395
336 63
336 110
337 32
337 781
337 229
337 264
337 193
337 241
337 938
337 133
337 238
337 395
338 199
338 559
338 630
338 905
338 537
338 94
339 726
339 975
339 441
339 774
339 549
340 241
340 143
340 193
340 514
340 831
340 81
340 849
340 389
340 431
340 461
340 214
340 384
340 152
341 393
341 678
341 118
341 361
341 918
341 920
341 923
341 67
341 793
341 346
341 267
341 609
341 347
342 98
342 239
342 92
342 752
342 169
343 919
343 804
343 186
343 620
343 335
343 87
343 114
344 979
344 901
344 428
344 958
345 531
345 934
345 779
345 77
345 461
345 796
345 995
345 61
345 915
345 179
345 202
345 926
345 306
345 234
346 982
346 823
346 919
346 297
346 890
346 58
346 250
346 11
346 341
347 484
347 948
347 817
347 843
347 705
347 222
347 869
347 783
347 643
347 899
347 794
347 417
347 341
347 499
347 970
347 891
347 938
348 430
348 813
348 990
349 5
349 227
349 96
349 900
349 201
349 828
349 525
349 126
349 121
349 738
349 687
349 244
349 519
349 75
349 963
349 395
349 857
349 741
350 202
350 879
350 306
350 243
350 976
350 87
351 744
351 387
351 204
351 269
351 765
351 542
352 252
352 786
352 713
352 992
352 876
352 878
352 942
352 853
352 174
352 461
352 77
352 274
352 289
353 479
353 214
353 787
353 547
353 155
353 974
353 952
353 170
353 599
353 758
353 162
353 64
353 615
353 703
353 616
353 144
353 430
353 804
353 107
353 809
353 400
353 4
354 421
354 49
354 420
354 679
354 378
354 369
354 299
354 941
354 305
354 823
354 506
354 156
354 697
354 122
355 888
355 814
356 734
356 990
356 835
356 556
356 64
356 548
356 442
356 157
356 861
357 972
357 966
357 936
357 449
357 228
357 58
357 824
357 485
357 187
357 713
357 274
357 785
357 5
357 886
357 894
358 688
358 741
358 468
358 835
358 419
358 879
358 553
358 901
358 449
358 903
359 244
359 391
359 615
359 468
359 803
359 450
359 770
359 127
359 760
360 381
360 387
360 626
360 839
360 855
360 917
360 639
360 781
360 205
360 850
360 447
360 134
360 15
360 214
360 104
360 908
360 261
361 62
361 615
361 902
361 243
361 172
361 341
362 911
362 663
362 227
362 816
362 60
362 849
362 108
362 391
362 62
362 629
362 433
362 503
362 559
362 892
362 112
362 992
362 202
362 87
363 257
363 93
363 100
363 12
363 539
363 721
363 537
363 841
364 479
364 657
364 186
364 968
364 498
364 925
364 883
364 725
364 409
364 960
364 284
365 784
365 41
365 615
365 525
365 48
365 648
365 835
365 149
365 505
365 637
365 460
365 892
365 406
365 51
365 740
365 324
366 582
366 286
366 214
366 517
366 579
366 477
366 123
367 610
367 177
367 980
367 787
367 986
367 602
368 940
368 560
368 779
368 267
368 372
368 420
368 18
368 326
369 468
369 354
369 946
369 264
369 127
370 84
370 779
370 971
370 601
370 491
370 803
371 635
371 805
371 446
371 791
371 627
371 429
371 783
371 517
371 430
371 211
371 768
371 967
371 291
371 826
371 548
371 600
371 212
372 626
372 368
372 334
372 926
372 132
373 498
373 471
373 431
373 335
373 548
374 607
374 255
374 384
375 420
375 235
375 615
375 431
376 302
376 38
376 895
376 542
376 688
376 884
376 83
376 823
376 749
376 126
376 289
377 218
377 845
377 208
377 576
377 510
377 442
377 916
377 890
377 579
377 471
377 436
377 449
377 633
377 217
377 251
377 129
378 354
378 921
378 765
378 4
378 263
379 703
379 86
379 809
379 758
379 309
379 721
379 981
379 174
379 278
379 499
379 398
379 435
379 261
379 946
380 982
380 804
380 925
380 556
380 988
381 997
381 969
381 226
381 893
381 238
381 721
381 261
381 360
381 743
381 208
381 177
381 330
382 696
382 269
382 850
382 566
382 264
382 198
382 590
382 186
382 239
383 972
383 590
383 798
383 540
383 267
383 635
384 287
384 387
384 128
384 145
384 113
384 555
384 374
384 587
384 340
384 5
384 970
384 743
384 722
384 544
385 439
385 979
385 264
385 321
385 428
385 989
385 851
385 387
385 885
385 842
385 649
385 636
385 497
386 874
386 252
386 251
386 52
386 37
386 624
387 934
387 351
387 865
387 508
387 224
387 252
387 328
387 385
387 105
387 714
387 655
387 291
387 456
387 360
387 587
387 384
388 715
388 678
388 319
388 311
388 772
388 273
388 824
388 289
388 780
388 323
388 18
388 603
388 284
388 898
389 180
389 698
389 11
389 406
389 172
389 798
389 144
389 630
389 457
389 407
389 17
389 744
389 955
389 15
389 204
389 559
389 878
389 825
389 250
389 130
389 31
389 340
390 868
390 982
390 282
390 460
390 406
390 789
390 270
390 554
390 820
390 57
390 77
390 215
390 269
390 499
390 673
390 926
390 702
391 673
391 328
391 8
391 359
391 150
391 687
391 255
391 187
391 362
391 545
391 790
391 264
392 713
392 888
392 206
392 544
392 122
392 83
392 703
392 331
393 942
393 672
393 909
393 774
393 341
393 765
393 752
393 168
394 398
394 922
394 737
394 424
394 581
394 620
394 166
394 104
394 149
395 914
395 336
395 775
395 586
395 201
395 713
395 733
395 104
395 851
395 349
395 337
395 15
395 123
395 806
396 103
396 683
396 54
396 136
396 973
396 12
396 967
396 166
396 460
396 123
396 720
396 925
396 26
396 81
396 11
397 991
397 462
397 920
397 270
397 521
397 297
397 705
397 818
397 40
397 66
397 102
397 987
397 577
397 647
397 600
397 974
397 442
398 379
398 562
398 253
398 643
398 226
398 609
398 78
398 244
398 563
398 667
398 394
398 177
399 68
399 559
399 781
399 813
399 436
399 269
399 900
399 505
399 257
399 432
400 861
400 877
400 620
400 645
400 353
400 923
400 105
400 256
400 493
400 643
400 788
400 243
400 603
400 728
400 668
400 225
400 588
400 624
401 654
401 881
401 143
401 853
401 903
401 214
401 748
401 83
401 872
401 703
401 842
401 983
401 15
401 460
401 298
401 229
401 806
401 863
402 215
402 486
402 616
402 869
402 961
402 92
402 971
402 765
403 626
403 736
403 326
403 274
404 105
404 875
404 514
404 455
404 15
404 587
404 222
404 591
404 153
404 561
404 545
404 326
404 730
404 117
404 533
405 243
405 447
405 983
405 753
405 874
405 32
405 183
405 549
405 860
405 329
405 289
405 614
405 125
405 295
405 122
405 939
405 449
405 856
405 31
405 224
405 643
405 936
405 949
405 460
405 675
406 609
406 156
406 365
406 686
406 243
406 555
406 883
406 893
406 745
406 915
406 389
406 119
406 951
406 212
406 390
407 389
407 50
407 92
407 20
407 799
407 644
408 185
408 920
408 30
408 263
408 863
408 104
408 129
408 203
408 666
408 436
408 917
408 949
408 79
408 19
408 894
409 579
409 684
409 48
409 754
409 364
409 15
409 812
409 773
409 29
409 705
409 65
409 255
410 875
410 525
410 51
410 807
411 790
411 760
411 135
411 935
411 283
411 268
411 124
411 294
411 548
411 127
412 873
412 834
412 583
412 322
412 335
412 773
412 759
412 60
412 441
412 463
412 653
412 903
412 114
413 919
413 982
413 455
413 252
413 44
413 300
414 545
414 131
414 81
414 994
414 703
414 497
415 298
415 530
415 762
415 586
415 499
415 712
415 151
415 299
415 216
415 941
415 578
415 692
415 962
415 514
415 984
415 883
415 486
415 838
415 219
415 552
415 556
416 963
416 804
416 243
416 289
417 186
417 192
417 475
417 609
417 677
417 194
417 808
417 65
417 633
417 156
417 347
418 309
418 700
418 86
418 425
419 844
419 197
419 518
419 505
419 894
419 702
419 358
420 513
420 200
420 243
420 109
420 149
420 375
420 538
420 176
420 552
420 512
420 891
420 150
420 368
420 901
420 940
420 354
420 958
420 110
420 974
420 755
420 442
420 765
421 48
421 3
421 652
421 949
421 593
421 216
421 204
421 879
421 354
422 557
423 736
423 130
423 609
423 971
424 706
424 394
424 990
424 177
425 661
425 624
425 950
425 418
425 288
425 531
425 944
425 228
425 640
425 56
425 545
425 431
425 814
426 926
426 450
426 122
427 149
427 233
427 709
428 344
428 24
428 149
428 314
428 289
428 762
428 630
428 536
428 116
428 68
428 187
428 385
428 257
429 10
429 259
429 241
429 446
429 228
429 272
429 772
429 726
429 556
429 589
429 609
429 137
429 371
430 293
430 777
430 795
430 191
430 615
430 54
430 348
430 971
430 865
430 691
430 923
430 307
430 371
430 353
430 662
430 156
430 614
430 834
431 110
431 589
431 283
431 798
431 340
431 904
431 88
431 267
431 425
431 878
431 200
431 373
431 519
431 375
431 744
431 598
432 317
432 980
432 94
432 246
432 335
432 24
432 63
432 399
432 5
432 670
432 203
432 286
432 893
432 705
432 305
432 825
432 847
433 732
433 362
433 67
433 269
433 793
433 574
433 871
433 989
433 844
433 18
433 511
433 450
433 598
433 760
434 219
434 955
434 612
434 475
434 550
434 329
434 793
434 306
434 656
434 999
434 823
434 980
434 686
434 160
435 853
435 33
435 803
435 379
435 500
435 437
435 865
435 972
435 667
435 84
435 286
435 726
435 740
436 493
436 980
436 226
436 161
436 777
436 751
436 25
436 399
436 665
436 377
436 202
436 295
436 590
436 408
436 127
437 650
437 476
437 962
437 676
437 465
437 224
437 246
437 88
437 934
437 619
437 682
437 111
437 582
437 47
437 823
437 599
437 798
437 63
437 435
437 227
437 209
437 868
438 788
438 455
438 991
438 809
438 647
438 330
438 911
438 87
438 114
439 240
439 211
439 667
439 979
439 385
439 983
439 841
439 3
440 199
440 721
440 900
440 308
441 219
441 559
441 505
441 535
441 412
441 500
441 616
441 339
441 512
441 964
441 48
441 82
441 197
441 809
441 841
442 356
442 631
442 73
442 311
442 235
442 397
442 420
442 377
442 38
442 80
442 331
442 215
443 159
443 126
444 718
444 542
444 801
444 195
444 954
444 488
444 45
444 334
444 449
444 899
444 563
445 653
446 429
446 15
446 587
446 561
446 952
446 251
446 959
446 99
446 708
446 169
446 772
446 371
446 637
446 156
446 926
446 130
446 814
446 212
447 898
447 541
447 243
447 360
447 268
447 138
447 849
447 776
447 9
447 961
447 295
447 808
447 305
447 101
447 251
447 826
447 405
447 799
448 872
448 79
448 186
448 806
449 809
449 358
449 881
449 244
449 377
449 843
449 444
449 984
449 454
449 198
449 262
449 70
449 667
449 83
449 357
449 919
449 250
449 477
449 405
449 284
450 461
450 630
450 892
450 426
450 433
450 13
450 595
450 278
450 923
450 297
450 272
450 359
450 261
450 823
450 912
450 813
450 548
451 42
451 930
451 817
451 641
451 694
451 646
451 991
451 726
451 696
451 536
451 721
451 697
451 240
451 114
452 161
452 1000
452 686
452 498
452 641
452 160
452 2
452 905
452 143
452 68
452 525
452 587
452 94
452 770
452 9
452 903
453 503
453 123
453 773
453 250
454 161
454 79
454 449
454 590
454 602
454 76
455 709
455 413
455 918
455 316
455 438
455 158
455 232
455 463
455 245
455 942
455 874
455 940
455 591
455 404
456 387
456 543
456 793
456 525
456 594
456 777
456 834
456 762
456 278
456 723
456 702
456 615
457 581
457 488
457 68
457 389
457 463
457 903
458 117
458 761
458 282
458 663
458 50
458 18
458 482
458 664
458 914
458 315
458 599
458 474
459 643
459 661
459 624
459 658
459 702
459 673
459 698
459 808
459 884
460 878
460 557
460 647
460 396
460 239
460 365
460 109
460 401
460 96
460 66
460 740
460 405
460 813
460 84
460 529
460 894
460 55
460 390
460 250
461 895
461 29
461 798
461 352
461 18
461 340
461 289
461 25
461 482
461 144
461 919
461 303
461 130
461 345
461 450
461 692
461 651
461 834
462 835
462 144
462 917
462 397
462 620
462 20
462 233
463 703
463 457
463 896
463 522
463 412
463 722
463 455
464 572
464 945
464 882
464 663
464 885
464 573
464 274
464 563
464 218
464 189
464 215
465 536
465 255
465 180
465 437
465 809
466 815
466 321
466 735
466 283
466 728
466 713
466 872
466 643
466 803
466 334
466 878
466 694
466 537
466 229
467 648
467 682
467 160
467 535
467 644
467 796
467 761
467 647
467 203
467 920
467 680
467 649
467 767
467 990
467 813
467 902
467 926
467 276
468 543
468 135
468 359
468 1
468 216
468 499
468 840
468 140
468 196
468 369
468 860
468 525
468 144
468 966
468 511
468 494
468 897
468 358
469 112
469 889
469 728
469 172
470 982
470 980
470 58
470 847
470 718
471 51
471 258
471 690
471 178
471 771
471 641
471 626
471 237
471 619
471 156
471 377
471 292
471 17
471 373
471 701
471 842
471 493
471 194
471 548
471 100
471 624
472 229
472 20
472 834
473 101
473 590
473 49
474 156
474 173
474 126
474 519
474 262
474 458
474 746
474 148
474 540
474 633
474 60
474 917
474 250
474 530
475 434
475 754
475 259
475 417
475 488
475 589
475 828
476 437
476 197
476 643
476 909
476 326
476 239
476 575
477 366
477 556
477 971
477 825
477 449
477 497
477 124
477 779
477 520
477 858
477 514
477 263
478 854
478 890
478 535
478 75
478 63
479 850
479 364
479 353
479 204
479 743
479 616
480 865
480 892
480 620
480 695
481 969
481 990
481 77
481 31
481 152
481 624
481 566
482 124
482 461
482 9
482 746
482 486
482 784
482 78
482 458
482 77
482 858
482 797
482 158
483 167
483 577
483 501
483 719
483 807
484 23
484 932
484 347
485 903
485 961
485 260
485 586
485 106
485 811
485 537
485 825
485 972
485 531
485 687
485 357
485 278
485 268
486 402
486 961
486 867
486 415
486 482
486 228
486 335
487 228
487 102
487 316
487 586
487 241
487 630
487 533
487 765
488 242
488 70
488 508
488 753
488 457
488 444
488 931
488 475
488 6
488 188
488 32
488 558
488 613
488 878
488 545
488 825
488 560
488 152
489 503
489 871
489 759
489 749
489 609
490 603
490 167
490 893
490 647
490 926
491 497
491 370
491 102
491 869
491 295
491 283
491 258
491 275
491 954
491 247
491 786
491 776
491 989
491 871
491 69
491 189
492 140
492 197
492 854
492 949
492 194
492 503
492 763
492 279
492 790
492 252
492 77
492 518
492 141
492 992
492 749
493 639
493 237
493 227
493 471
493 436
493 57
493 211
493 286
493 826
493 400
493 285
494 194
494 603
494 468
494 260
494 764
494 776
494 92
494 765
495 829
495 61
495 830
495 789
495 110
495 88
495 552
495 679
495 578
495 743
496 885
496 907
496 314
496 506
496 515
496 914
496 331
496 848
496 958
497 846
497 385
497 875
497 621
497 414
497 716
497 858
497 19
497 10
497 477
497 491
498 622
498 762
498 300
498 373
498 742
498 190
498 364
498 452
498 776
498 637
499 637
499 113
499 666
499 576
499 258
499 390
499 945
499 886
499 283
499 379
499 415
499 761
499 468
499 685
499 722
499 228
499 347
499 94
500 659
500 503
500 38
500 613
500 590
500 717
500 441
500 435
501 483
501 686
501 505
501 663
501 902
501 276
502 813
502 65
502 199
503 266
503 489
503 790
503 453
503 885
503 52
503 200
503 56
503 600
503 773
503 21
503 500
503 814
503 77
503 362
503 902
503 625
503 154
503 672
503 492
503 158
503 877
504 112
504 76
505 60
505 271
505 556
505 419
505 769
505 598
505 399
505 830
505 939
505 788
505 993
505 591
505 501
505 441
505 365
505 653
505 168
505 894
506 213
506 354
506 868
506 496
506 915
506 781
506 234
506 104
506 553
506 892
507 982
507 303
508 488
508 387
508 848
508 823
508 889
508 267
508 927
508 828
509 244
509 28
509 257
510 377
510 259
510 23
510 705
510 847
511 41
511 468
511 433
511 258
511 516
511 875
511 887
511 559
511 949
511 720
511 251
511 808
512 420
512 963
512 557
512 643
512 715
512 208
512 539
512 779
512 441
513 420
513 557
513 137
513 207
514 111
514 278
514 212
514 477
514 415
514 925
514 404
514 587
514 230
514 274
514 340
515 496
515 754
515 15
515 694
515 803
516 576
516 304
516 520
516 710
516 80
516 252
516 42
516 511
517 984
517 141
517 597
517 705
517 371
517 24
517 777
517 271
517 683
517 824
517 366
517 845
517 559
517 29
517 295
517 131
517 949
517 77
518 419
518 924
518 192
518 878
518 492
518 271
518 744
518 173
518 701
518 859
518 808
518 177
518 703
518 863
519 682
519 155
519 776
519 135
519 706
519 919
519 895
519 700
519 57
519 474
519 349
519 431
519 235
519 210
520 900
520 516
520 259
520 841
520 587
520 477
521 307
521 966
521 215
521 889
521 397
521 703
522 806
522 168
522 54
522 547
522 904
522 189
522 463
522 808
523 118
523 228
523 961
523 902
523 776
523 189
523 300
523 289
523 4
523 87
524 900
524 579
524 849
524 779
524 35
525 587
525 94
525 468
525 410
525 79
525 601
525 452
525 241
525 786
525 865
525 871
525 456
525 349
525 365
525 877
526 994
526 227
526 183
526 706
526 263
526 142
526 690
526 83
526 232
526 662
526 646
526 55
527 68
527 804
527 327
527 130
528 942
528 26
528 300
529 625
529 219
529 856
529 460
529 585
529 663
529 117
529 791
529 31
529 726
529 874
529 82
529 94
530 292
530 679
530 713
530 71
530 601
530 474
530 228
530 415
530 539
530 834
530 903
531 924
531 995
531 137
531 315
531 28
531 329
531 675
531 309
531 425
531 235
531 345
531 485
532 571
532 772
532 95
532 105
532 238
532 939
532 751
532 637
532 46
532 765
533 626
533 580
533 487
533 404
533 640
533 759
533 765
534 174
534 908
534 692
534 903
534 566
535 202
535 267
535 166
535 478
535 107
535 889
535 610
535 972
535 640
535 870
535 467
535 441
535 250
535 695
536 677
536 465
536 451
536 595
536 46
536 180
536 296
536 288
536 574
536 18
536 428
536 841
536 308
537 466
537 227
537 69
537 338
537 158
537 700
537 363
537 318
537 786
537 761
537 51
537 208
537 696
537 741
537 726
537 609
537 485
538 420
538 972
538 894
538 181
538 31
538 651
539 792
539 802
539 852
539 512
539 990
539 320
539 530
539 741
539 971
539 694
539 936
539 93
539 804
539 641
539 825
539 774
539 709
539 363
540 383
540 803
540 808
540 474
540 992
540 986
540 774
541 144
541 874
541 447
541 214
541 765
542 722
542 351
542 58
542 702
542 7
542 89
542 334
542 81
542 17
542 972
542 376
542 724
542 444
542 158
543 468
543 456
543 150
543 331
543 662
543 38
543 602
544 909
544 384
544 138
544 77
544 192
544 264
544 1000
544 588
544 392
544 949
545 657
545 157
545 605
545 762
545 404
545 488
545 730
545 639
545 425
545 414
545 391
545 829
545 170
545 189
545 696
546 781
546 161
546 10
546 23
546 302
546 92
546 309
547 353
547 99
547 150
547 522
547 814
547 324
548 562
548 411
548 44
548 471
548 716
548 356
548 568
548 169
548 371
548 450
548 373
548 633
549 991
549 186
549 710
549 339
549 319
549 84
549 405
549 240
550 239
550 56
550 854
550 566
550 949
550 24
550 434
550 975
550 640
551 150
551 979
551 129
552 415
552 940
552 926
552 762
552 150
552 420
552 955
552 62
552 495
552 18
552 815
552 227
553 121
553 670
553 604
553 320
553 201
553 506
553 857
553 298
553 53
553 849
553 808
553 204
553 33
553 579
553 858
553 60
553 358
554 947
554 614
554 390
555 831
555 406
555 105
555 384
555 668
556 185
556 659
556 429
556 880
556 356
556 2
556 380
556 783
556 973
556 415
556 276
556 62
556 106
556 477
556 315
556 505
556 960
556 807
557 572
557 948
557 645
557 207
557 963
557 972
557 513
557 640
557 329
557 646
557 512
557 665
557 422
557 189
557 460
557 834
558 778
558 669
558 98
558 763
558 488
558 727
558 853
558 330
558 112
559 919
559 140
559 362
559 33
559 840
559 511
559 959
559 774
559 329
559 264
559 37
559 389
559 212
559 88
559 338
559 643
559 948
559 694
559 657
559 399
559 45
559 745
559 517
559 441
560 7
560 890
560 42
560 884
560 31
560 488
560 574
560 309
560 368
560 281
560 706
560 171
560 60
560 76
561 915
561 42
561 446
561 404
562 18
562 19
562 398
562 105
562 548
562 792
563 398
563 751
563 22
563 973
563 444
563 80
563 464
563 618
563 804
563 869
563 13
563 246
564 38
564 252
564 613
564 635
564 695
564 324
564 627
565 123
565 849
565 787
565 94
565 55
565 834
565 868
566 534
566 664
566 939
566 481
566 550
566 134
566 382
567 82
567 280
567 141
568 810
568 776
568 589
568 548
568 285
569 38
569 62
569 215
569 950
569 251
570 118
570 150
570 643
570 116
570 753
570 39
570 992
571 876
571 574
571 133
571 104
571 648
571 741
571 771
571 744
571 91
571 700
571 532
571 25
572 464
572 557
572 809
572 787
572 930
573 464
573 316
573 761
573 26
573 3
573 848
574 307
574 433
574 989
574 871
574 571
574 902
574 536
574 560
574 967
574 921
575 991
575 18
575 917
575 476
575 818
575 333
575 57
575 815
575 227
576 377
576 516
576 186
576 98
576 499
577 46
577 780
577 260
577 483
577 885
577 797
577 397
577 656
577 721
577 960
577 206
577 662
577 177
577 703
577 773
577 808
578 495
578 247
578 128
578 712
578 62
578 93
578 84
578 737
578 217
578 685
578 415
578 867
578 879
578 849
578 300
578 847
579 524
579 366
579 786
579 256
579 226
579 913
579 377
579 553
579 759
579 107
579 613
579 409
580 867
580 316
580 672
580 905
580 159
580 533
581 820
581 457
581 612
581 786
581 818
581 708
581 77
581 230
581 394
581 656
581 79
581 761
581 243
582 366
582 724
582 62
582 859
582 672
582 919
582 773
582 761
582 214
582 284
582 437
583 211
583 657
583 412
583 903
584 159
584 910
584 325
584 603
584 919
584 50
584 825
584 81
584 810
584 240
584 158
585 529
585 1
586 667
586 121
586 415
586 395
586 905
586 485
586 487
586 158
587 845
587 185
587 666
587 514
587 452
587 520
587 645
587 387
587 525
587 276
587 142
587 905
587 446
587 717
587 52
587 384
587 404
587 31
587 644
588 31
588 618
588 544
588 636
588 850
588 285
588 400
588 939
588 662
588 82
588 831
589 760
589 888
589 225
589 475
589 568
589 294
589 429
589 48
589 878
589 431
589 45
589 241
589 210
590 65
590 251
590 473
590 913
590 208
590 14
590 454
590 29
590 383
590 500
590 382
590 226
590 245
590 213
590 436
590 816
590 144
590 618
590 601
590 740
590 668
591 597
591 505
591 13
591 704
591 26
591 191
591 44
591 846
591 639
591 455
591 844
591 266
591 239
591 404
591 644
592 318
592 215
592 749
592 614
593 900
593 679
593 252
593 421
593 119
593 94
594 44
594 456
594 776
594 94
594 938
594 653
595 38
595 143
595 853
595 536
595 450
596 123
596 599
596 11
597 316
597 517
597 331
597 591
597 263
598 431
598 762
598 911
598 604
598 86
598 247
598 433
598 636
598 865
598 197
598 505
598 298
598 787
598 653
599 885
599 458
599 649
599 7
599 306
599 912
599 437
599 596
599 29
599 985
599 205
599 955
599 353
599 844
600 652
600 7
600 197
600 733
600 397
600 371
600 216
600 503
600 65
600 92
600 988
600 284
600 651
601 877
601 985
601 105
601 822
601 590
601 687
601 298
601 141
601 370
601 790
601 74
601 682
601 279
601 603
601 772
601 39
601 530
601 525
602 812
602 644
602 454
602 255
602 732
602 543
602 86
602 283
602 72
602 906
602 769
602 50
602 127
602 367
603 733
603 601
603 490
603 388
603 893
603 400
603 204
603 640
603 238
603 189
603 584
603 104
603 494
603 106
604 705
604 639
604 335
604 598
604 553
604 624
605 643
605 661
605 932
605 734
605 116
605 202
605 197
605 545
605 326
605 28
605 309
605 31
605 168
606 680
606 727
606 833
606 47
606 960
606 758
606 305
606 19
606 708
606 172
606 69
606 966
607 763
607 374
607 897
607 331
607 25
607 324
607 627
608 329
608 228
609 944
609 423
609 341
609 70
609 201
609 734
609 537
609 489
609 746
609 429
609 806
609 21
609 234
609 775
609 406
609 788
609 417
609 208
609 797
609 398
609 938
610 367
610 82
610 648
610 3
610 162
610 716
610 535
610 841
610 974
610 831
611 41
611 32
611 130
611 974
611 644
611 899
612 581
612 434
612 745
612 126
612 781
612 770
612 284
613 775
613 119
613 668
613 731
613 488
613 500
613 564
613 42
613 919
613 936
613 579
613 638
613 259
613 324
614 92
614 618
614 592
614 125
614 430
614 116
614 914
614 111
614 554
614 315
614 838
614 335
614 110
614 405
615 456
615 361
615 953
615 359
615 375
615 65
615 174
615 804
615 873
615 353
615 430
615 144
615 272
615 171
615 365
616 717
616 660
616 402
616 764
616 618
616 353
616 30
616 784
616 294
616 479
616 886
616 441
616 770
616 806
617 65
618 318
618 590
618 825
618 563
618 328
618 118
618 232
618 616
618 936
618 588
618 97
618 908
618 614
619 887
619 121
619 471
619 685
619 889
619 437
619 274
620 138
620 213
620 49
620 5
620 739
620 480
620 462
620 727
620 965
620 948
620 343
620 96
620 394
620 331
620 400
620 692
621 217
621 734
621 169
621 705
621 892
621 208
621 983
621 815
621 240
621 497
622 498
622 186
622 60
622 172
623 73
623 204
623 870
623 239
623 289
624 481
624 191
624 156
624 20
624 386
624 791
624 471
624 400
624 604
624 266
624 425
624 673
624 459
625 503
625 529
625 680
625 686
625 930
625 828
626 372
626 403
626 996
626 292
626 879
626 817
626 267
626 274
626 132
626 921
626 77
626 471
626 360
626 533
627 564
627 840
627 607
627 145
627 371
627 263
627 903
628 334
628 305
628 770
628 847
629 983
629 870
629 362
629 65
629 156
629 891
629 182
629 25
629 938
630 338
630 249
630 261
630 487
630 703
630 688
630 760
630 676
630 248
630 269
630 318
630 428
630 389
630 38
630 450
630 647
631 211
631 975
631 781
631 298
631 119
631 797
631 3
631 126
631 37
631 442
632 679
632 850
632 972
632 63
632 64
632 749
632 765
632 225
632 60
633 417
633 681
633 186
633 180
633 548
633 377
633 227
633 950
633 849
633 82
633 474
633 722
633 4
634 75
634 809
634 307
634 730
634 31
635 898
635 564
635 738
635 28
635 383
635 160
635 680
635 285
635 371
635 150
635 93
636 757
636 385
636 327
636 692
636 740
636 657
636 588
636 971
636 598
636 928
636 284
636 877
637 446
637 827
637 651
637 821
637 696
637 984
637 205
637 498
637 273
637 532
637 724
637 726
637 212
637 10
637 706
637 909
637 84
637 215
637 499
637 365
637 93
637 938
637 174
638 172
638 64
638 893
638 676
638 59
638 613
638 750
638 863
638 899
638 32
638 30
638 846
638 951
638 28
638 889
638 37
638 4
639 941
639 164
639 736
639 63
639 889
639 604
639 47
639 859
639 773
639 86
639 545
639 493
639 360
639 591
639 156
639 234
639 274
640 786
640 788
640 535
640 533
640 668
640 41
640 830
640 550
640 857
640 9
640 720
640 315
640 603
640 977
640 557
640 892
640 101
640 425
640 749
640 225
641 729
641 185
641 794
641 134
641 819
641 539
641 260
641 295
641 471
641 675
641 672
641 452
641 451
641 58
641 257
642 842
642 950
642 983
643 910
643 889
643 512
643 288
643 570
643 115
643 907
643 769
643 476
643 40
643 466
643 405
643 400
643 112
643 988
643 315
643 668
643 559
643 605
643 398
643 347
643 459
644 132
644 192
644 587
644 292
644 591
644 407
644 611
644 804
644 43
644 69
644 467
644 257
644 602
645 557
645 754
645 161
645 169
645 936
645 92
645 587
645 400
645 894
645 227
645 886
646 302
646 272
646 917
646 998
646 3
646 762
646 526
646 221
646 653
646 734
646 557
646 808
646 269
646 451
646 675
646 229
646 4
647 832
647 490
647 438
647 270
647 397
647 760
647 853
647 735
647 875
647 630
647 460
647 467
648 610
648 720
648 467
648 571
648 365
649 70
649 385
649 949
649 908
649 903
649 306
649 690
649 764
649 100
649 972
649 599
649 14
649 467
649 46
650 202
650 295
650 437
650 20
651 31
651 160
651 883
651 538
651 951
651 911
651 214
651 690
651 47
651 600
651 994
651 461
651 637
651 741
651 174
652 600
652 421
652 718
653 445
653 598
653 505
653 594
653 176
653 761
653 706
653 412
653 757
653 723
653 243
653 903
653 305
653 646
653 152
654 401
654 875
654 217
654 668
655 187
655 387
655 207
656 952
656 581
656 285
656 202
656 260
656 279
656 663
656 146
656 763
656 203
656 577
656 434
656 326
656 63
656 266
657 203
657 911
657 583
657 947
657 738
657 7
657 636
657 726
657 163
657 364
657 559
657 545
657 160
657 209
657 157
657 284
658 459
659 500
659 963
659 121
659 272
659 69
659 556
659 841
659 692
659 740
659 168
660 880
660 258
660 848
660 954
660 941
660 281
660 676
660 794
660 971
660 20
660 200
660 764
660 994
660 616
661 307
661 705
661 917
661 605
661 425
661 105
661 300
661 459
662 430
662 759
662 990
662 543
662 144
662 183
662 588
662 526
662 272
662 205
662 726
662 329
662 259
662 893
662 577
662 702
662 861
663 27
663 501
663 249
663 210
663 142
663 687
663 464
663 458
663 57
663 362
663 656
663 286
663 106
663 69
663 529
663 700
663 126
664 458
664 32
664 940
664 825
664 680
664 137
664 566
665 987
665 557
665 436
665 989
665 891
665 946
666 917
666 499
666 408
666 246
666 587
666 172
666 877
667 586
667 398
667 943
667 449
667 18
667 685
667 435
667 439
667 15
667 150
667 730
667 709
668 877
668 590
668 835
668 232
668 912
668 654
668 917
668 862
668 555
668 400
668 182
668 684
668 310
668 80
668 640
668 613
668 276
668 892
668 643
668 702
669 696
669 558
669 144
669 215
669 212
670 672
670 226
670 754
670 276
670 199
670 118
670 174
670 553
670 432
671 745
671 268
671 35
671 233
672 681
672 968
672 174
672 893
672 204
672 704
672 503
672 580
672 641
672 724
672 393
672 67
672 876
672 582
672 329
672 98
672 961
672 238
672 670
672 946
673 915
673 746
673 390
673 5
673 976
673 766
673 78
673 919
673 624
673 159
673 294
673 391
673 239
673 158
673 459
674 217
674 979
674 9
675 641
675 173
675 82
675 813
675 210
675 531
675 251
675 746
675 646
675 918
675 19
675 770
675 405
675 315
675 194
675 335
676 736
676 437
676 660
676 872
676 773
676 630
676 638
677 536
677 150
677 788
677 417
677 932
677 137
677 957
678 153
678 309
678 131
678 329
678 388
678 891
678 341
679 220
679 632
679 495
679 919
679 332
679 593
679 263
679 203
679 251
679 120
679 808
679 530
679 354
680 664
680 625
680 101
680 272
680 919
680 467
680 606
680 635
681 672
681 919
681 633
681 243
682 969
682 519
682 917
682 940
682 966
682 467
682 841
682 601
682 437
683 396
683 517
684 769
684 45
684 688
684 991
684 917
684 409
684 41
684 92
684 208
684 928
684 755
684 668
685 619
685 122
685 893
685 499
685 667
685 204
685 578
685 741
686 625
686 879
686 434
686 695
686 106
686 864
686 976
686 406
686 452
686 149
686 501
686 335
686 897
687 485
687 758
687 663
687 349
687 391
687 601
688 376
688 118
688 630
688 684
688 289
688 695
688 358
689 83
689 726
689 787
689 806
690 859
690 471
690 810
690 946
690 649
690 928
690 526
690 651
691 217
691 915
691 430
691 971
691 60
692 986
692 173
692 16
692 941
692 620
692 980
692 270
692 227
692 107
692 534
692 659
692 976
692 461
692 259
692 415
692 214
692 636
693 159
693 878
693 167
693 39
693 276
693 58
693 749
693 965
694 515
694 970
694 94
694 333
694 919
694 466
694 295
694 56
694 816
694 559
694 79
694 768
694 539
694 451
694 760
695 480
695 857
695 688
695 564
695 535
695 686
695 951
695 264
696 785
696 537
696 451
696 669
696 294
696 214
696 34
696 318
696 212
696 545
696 723
696 181
696 637
696 382
696 828
697 892
697 958
697 451
697 843
697 221
697 354
697 799
697 15
697 305
697 983
698 389
698 720
698 761
698 889
698 32
698 459
699 153
700 127
700 418
700 959
700 663
700 571
700 519
700 772
700 537
701 150
701 961
701 471
701 518
702 662
702 668
702 711
702 934
702 419
702 112
702 946
702 390
702 926
702 966
702 815
702 456
702 459
702 542
703 353
703 401
703 895
703 577
703 788
703 63
703 518
703 201
703 728
703 521
703 414
703 835
703 245
703 761
703 630
703 392
703 463
703 379
704 672
704 591
704 825
704 73
704 182
705 108
705 863
705 409
705 727
705 432
705 604
705 881
705 987
705 661
705 621
705 510
705 757
705 772
705 517
705 174
705 189
705 153
705 397
705 347
705 911
705 231
705 828
705 718
706 149
706 424
706 637
706 192
706 771
706 805
706 560
706 519
706 653
706 526
707 871
707 189
707 970
707 874
707 251
707 214
708 48
708 281
708 761
708 810
708 581
708 950
708 446
708 884
708 606
709 427
709 30
709 539
709 120
709 318
709 908
709 831
709 667
709 455
709 912
709 250
709 863
710 516
710 809
710 86
710 743
710 971
710 35
710 792
710 549
710 938
711 792
711 12
711 702
712 790
712 578
712 415
712 46
712 11
713 70
713 466
713 41
713 357
713 77
713 530
713 395
713 966
713 352
713 779
713 392
713 264
714 387
714 902
714 877
715 135
715 512
715 93
715 767
715 744
715 143
715 42
715 388
715 58
716 610
716 835
716 38
716 197
716 69
716 548
716 497
717 909
717 190
717 925
717 587
717 500
717 148
717 616
717 127
717 740
717 739
718 470
718 942
718 652
718 705
718 957
718 444
718 225
719 483
719 730
720 304
720 805
720 218
720 396
720 698
720 84
720 511
720 969
720 648
720 864
720 839
720 823
720 245
720 640
720 950
720 73
721 363
721 440
721 451
721 991
721 577
721 745
721 245
721 381
721 961
721 300
721 379
722 108
722 384
722 633
722 463
722 499
722 199
722 843
722 958
722 942
722 997
722 542
723 825
723 941
723 986
723 905
723 22
723 994
723 955
723 318
723 696
723 957
723 456
723 653
724 138
724 996
724 16
724 314
724 582
724 166
724 284
724 542
724 163
724 790
724 672
724 186
724 637
725 202
725 364
725 235
725 252
725 168
726 208
726 662
726 787
726 310
726 286
726 657
726 451
726 969
726 339
726 8
726 529
726 435
726 870
726 429
726 689
726 900
726 75
726 537
726 754
726 972
726 637
726 130
726 741
727 137
727 558
727 705
727 171
727 620
727 81
727 1
727 274
727 606
728 193
728 212
728 148
728 990
728 469
728 61
728 133
728 400
728 887
728 244
728 466
728 106
728 23
728 286
728 703
728 930
729 641
729 925
730 634
730 869
730 719
730 866
730 404
730 227
730 667
730 882
730 32
730 545
730 734
730 897
730 277
730 799
730 152
730 903
731 329
731 613
731 971
732 433
732 252
732 84
732 930
732 602
732 231
733 603
733 5
733 395
733 243
733 214
733 600
733 927
734 646
734 621
734 356
734 203
734 883
734 307
734 128
734 890
734 49
734 730
734 854
734 14
734 605
734 334
734 609
734 210
735 96
735 466
735 865
735 252
735 35
735 647
736 676
736 820
736 210
736 133
736 403
736 805
736 886
736 423
736 816
736 639
736 38
736 278
736 126
736 974
737 23
737 150
737 394
737 123
737 228
737 578
738 102
738 657
738 349
738 908
738 635
738 152
739 717
739 327
739 854
739 795
739 234
739 620
740 811
740 47
740 773
740 590
740 435
740 365
740 659
740 770
740 321
740 717
740 984
740 197
740 776
740 460
740 278
740 928
740 636
740 752
741 349
741 226
741 188
741 276
741 954
741 985
741 726
741 537
741 87
741 651
741 685
741 48
741 12
741 144
741 539
741 23
741 571
741 358
742 276
742 498
743 950
743 479
743 867
743 381
743 903
743 495
743 710
743 384
743 910
743 118
744 351
744 291
744 962
744 431
744 389
744 715
744 200
744 41
744 272
744 518
744 132
744 571
745 299
745 406
745 721
745 559
745 671
745 86
745 775
745 850
745 612
745 908
745 835
745 897
746 823
746 482
746 474
746 673
746 675
746 609
746 809
746 847
747 102
747 286
747 772
747 976
747 231
747 965
748 230
748 401
748 263
749 640
749 693
749 306
749 376
749 489
749 772
749 331
749 969
749 930
749 632
749 492
749 231
749 592
749 790
749 912
749 983
749 92
749 755
750 809
750 926
750 107
750 638
750 105
750 182
750 834
751 563
751 436
751 234
751 214
751 532
752 393
752 64
752 34
752 740
752 761
752 342
752 158
752 898
753 835
753 116
753 570
753 488
753 936
753 405
754 515
754 726
754 925
754 85
754 475
754 121
754 645
754 326
754 890
754 334
754 409
754 670
755 684
755 749
755 941
755 226
755 420
755 257
755 240
755 106
755 229
756 857
756 120
757 705
757 287
757 128
757 201
757 146
757 193
757 88
757 79
757 890
757 636
757 653
758 687
758 353
758 298
758 921
758 117
758 884
758 606
758 379
758 261
759 284
759 489
759 23
759 533
759 412
759 579
759 662
760 786
760 771
760 694
760 433
760 232
760 942
760 277
760 810
760 359
760 921
760 804
760 303
760 630
760 589
760 411
760 647
761 286
761 581
761 708
761 208
761 582
761 224
761 499
761 573
761 703
761 247
761 698
761 878
761 458
761 75
761 467
761 537
761 884
761 790
761 9
761 752
761 653
761 895
762 498
762 915
762 456
762 415
762 646
762 428
762 552
762 545
762 768
762 234
762 598
762 157
762 250
763 607
763 558
763 656
763 261
763 932
763 492
764 73
764 893
764 616
764 919
764 494
764 660
764 649
765 487
765 874
765 314
765 28
765 932
765 494
765 10
765 541
765 632
765 420
765 402
765 393
765 533
765 351
765 205
765 532
765 378
765 902
765 217
765 26
765 300
766 204
766 874
766 26
766 310
766 673
766 891
767 205
767 818
767 467
767 835
767 333
767 715
767 46
767 810
768 290
768 694
768 762
768 241
768 371
768 876
768 301
768 100
768 269
768 847
769 316
769 86
769 643
769 505
769 684
769 330
769 602
770 628
770 612
770 452
770 61
770 930
770 359
770 616
770 49
770 44
770 740
770 675
771 985
771 280
771 471
771 79
771 99
771 65
771 706
771 571
771 760
771 807
772 747
772 148
772 2
772 987
772 705
772 601
772 700
772 889
772 181
772 429
772 446
772 59
772 388
772 749
772 774
772 532
772 129
773 676
773 806
773 412
773 582
773 577
773 92
773 639
773 453
773 77
773 121
773 865
773 503
773 409
773 141
773 210
773 740
773 228
774 393
774 802
774 772
774 339
774 153
774 296
774 539
774 540
774 994
774 559
774 261
774 797
774 120
775 613
775 745
775 395
775 609
775 91
776 568
776 34
776 740
776 498
776 494
776 523
776 594
776 207
776 813
776 519
776 940
776 447
776 957
776 491
776 949
776 832
777 436
777 517
777 456
777 430
777 199
777 134
777 898
778 915
778 558
778 835
778 126
778 960
779 192
779 512
779 251
779 713
779 524
779 131
779 169
779 135
779 370
779 867
779 816
779 368
779 345
779 477
780 577
780 388
780 849
780 894
781 546
781 360
781 194
781 984
781 506
781 399
781 631
781 787
781 47
781 612
781 337
782 316
782 917
782 859
782 309
783 556
783 347
783 259
783 371
784 249
784 159
784 616
784 482
784 365
784 861
785 900
785 50
785 986
785 263
785 91
785 696
785 357
785 903
786 70
786 579
786 640
786 581
786 352
786 310
786 537
786 525
786 491
786 760
786 55
787 935
787 598
787 834
787 572
787 971
787 689
787 102
787 367
787 12
787 565
787 249
787 41
787 726
787 353
787 835
787 781
787 107
788 897
788 438
788 176
788 609
788 400
788 505
788 190
788 158
788 846
788 677
788 86
788 205
788 955
788 272
788 640
788 703
788 134
788 35
788 169
789 73
789 919
789 495
789 899
789 390
789 868
790 831
790 51
790 933
790 38
790 749
790 724
790 817
790 258
790 492
790 712
790 65
790 934
790 761
790 836
790 391
790 503
790 331
790 81
790 411
790 601
791 851
791 865
791 870
791 371
791 529
791 974
791 624
792 103
792 711
792 710
792 330
792 268
792 562
792 539
792 966
792 69
792 35
793 67
793 847
793 248
793 40
793 75
793 168
793 93
793 898
793 163
793 433
793 456
793 434
793 341
794 641
794 131
794 197
794 660
794 228
794 44
794 49
794 347
794 152
795 430
795 232
795 318
795 84
795 989
795 3
795 847
795 739
795 250
796 145
796 310
796 467
796 345
796 231
797 305
797 609
797 325
797 85
797 175
797 631
797 878
797 236
797 801
797 133
797 774
797 137
797 482
797 274
797 577
797 104
797 117
797 129
798 934
798 226
798 209
798 247
798 383
798 437
798 431
798 461
798 869
798 389
798 243
798 971
798 828
799 407
799 809
799 447
799 123
799 730
799 101
799 60
799 697
800 890
800 859
800 806
801 444
801 797
801 225
802 38
802 539
802 189
802 28
802 315
802 774
802 884
802 877
803 540
803 149
803 892
803 466
803 515
803 359
803 370
803 435
804 232
804 855
804 862
804 527
804 563
804 380
804 353
804 416
804 539
804 974
804 891
804 124
804 343
804 893
804 160
804 38
804 75
804 615
804 20
804 760
804 644
804 37
805 736
805 720
805 238
805 706
805 371
805 81
805 158
805 828
806 280
806 401
806 689
806 616
806 448
806 395
806 194
806 146
806 800
806 316
806 142
806 773
806 522
806 609
807 171
807 483
807 771
807 977
807 556
807 987
807 31
807 10
807 410
807 169
807 993
807 834
808 306
808 447
808 679
808 540
808 417
808 646
808 879
808 459
808 518
808 577
808 511
808 522
808 204
808 912
808 252
808 238
808 553
808 207
808 25
809 112
809 572
809 750
809 710
809 441
809 438
809 634
809 204
809 353
809 465
809 746
809 449
809 379
809 799
809 231
810 818
810 104
810 966
810 568
810 232
810 690
810 708
810 584
810 767
810 57
810 228
810 888
810 908
810 760
811 940
811 485
811 277
811 740
812 19
812 409
812 23
812 324
812 602
813 978
813 147
813 234
813 348
813 450
813 902
813 399
813 460
813 502
813 953
813 467
813 823
813 675
813 914
813 776
814 39
814 425
814 889
814 117
814 547
814 355
814 446
814 72
814 45
814 867
814 259
814 917
814 503
815 702
815 552
815 25
815 980
815 13
815 247
815 575
815 299
815 178
815 912
815 621
815 72
815 466
815 858
815 94
816 101
816 779
816 47
816 285
816 262
816 885
816 694
816 590
816 173
816 867
816 362
816 736
816 938
817 626
817 790
817 914
817 892
817 451
817 347
817 974
817 122
817 285
818 878
818 767
818 810
818 581
818 397
818 120
818 575
819 641
819 252
819 45
819 250
819 938
820 581
820 736
820 895
820 210
820 390
821 62
821 77
821 13
821 637
821 251
822 316
822 917
822 197
822 601
823 346
823 354
823 376
823 870
823 450
823 180
823 47
823 813
823 746
823 858
823 508
823 437
823 166
823 296
823 720
823 434
823 971
823 914
823 9
824 517
824 357
824 159
824 388
824 197
825 282
825 227
825 539
825 664
825 389
825 584
825 704
825 488
825 216
825 432
825 991
825 307
825 618
825 723
825 477
825 485
826 447
826 835
826 941
826 371
826 493
826 85
826 10
826 844
826 77
826 989
826 91
827 328
827 167
827 902
827 989
827 637
827 250
827 272
827 847
828 72
828 625
828 805
828 705
828 696
828 508
828 475
828 798
828 61
828 349
828 291
828 35
828 274
829 495
829 545
829 110
830 272
830 640
830 495
830 505
830 277
831 555
831 841
831 142
831 230
831 610
831 588
831 790
831 33
831 340
831 709
832 71
832 208
832 162
832 776
832 138
832 307
832 647
832 330
833 955
833 844
833 606
834 132
834 256
834 430
834 296
834 201
834 472
834 807
834 933
834 839
834 960
834 186
834 565
834 938
834 750
834 530
834 557
834 265
834 461
834 893
834 456
834 787
834 1
834 412
835 356
835 745
835 778
835 160
835 462
835 716
835 88
835 703
835 934
835 854
835 955
835 787
835 767
835 753
835 365
835 826
835 930
835 668
835 358
836 988
836 790
837 38
837 893
837 872
837 930
838 858
838 7
838 104
838 213
838 614
838 23
838 415
838 844
838 4
839 199
839 101
839 720
839 360
839 239
839 834
840 559
840 468
840 315
840 627
841 129
841 363
841 610
841 90
841 536
841 659
841 330
841 23
841 520
841 441
841 682
841 439
841 274
841 33
841 831
841 177
842 910
842 385
842 401
842 471
842 67
842 83
842 323
842 642
842 331
842 318
842 894
843 280
843 919
843 449
843 722
843 347
843 697
844 901
844 419
844 838
844 433
844 599
844 591
844 833
844 63
844 826
844 218
844 260
844 248
844 946
844 132
845 377
845 517
845 858
845 159
845 587
845 911
846 160
846 788
846 591
846 234
846 126
846 638
846 229
846 277
846 911
846 497
847 166
847 768
847 60
847 746
847 510
847 333
847 628
847 795
847 470
847 867
847 277
847 997
847 827
847 432
847 230
847 578
847 105
847 863
847 921
847 793
847 861
848 887
848 508
848 496
848 147
848 290
848 34
848 573
848 23
848 660
848 997
848 153
849 633
849 862
849 780
849 578
849 262
849 524
849 565
849 878
849 362
849 447
849 278
849 235
849 553
849 884
849 340
850 479
850 360
850 985
850 314
850 298
850 632
850 745
850 588
850 284
850 382
851 385
851 36
851 929
851 53
851 791
851 145
851 32
851 859
851 395
851 255
851 967
852 539
852 255
852 972
852 936
852 215
852 289
852 152
853 78
853 595
853 352
853 40
853 33
853 558
853 401
853 310
853 234
853 435
853 647
853 233
854 478
854 159
854 835
854 14
854 79
854 550
854 126
854 80
854 734
854 137
854 492
854 739
855 907
855 70
855 944
855 312
855 288
855 885
855 804
855 360
856 331
856 902
856 529
856 921
856 405
857 118
857 963
857 104
857 756
857 125
857 349
857 640
857 553
857 695
858 166
858 963
858 51
858 482
858 815
858 845
858 292
858 553
858 477
858 497
858 823
858 838
858 127
859 690
859 800
859 518
859 948
859 997
859 293
859 582
859 851
859 782
859 108
859 244
859 991
859 876
859 639
860 80
860 174
860 468
860 1
860 405
861 847
861 259
861 301
861 216
861 784
861 662
861 356
861 60
861 400
861 903
862 849
862 804
862 180
862 668
863 709
863 518
863 401
863 44
863 705
863 408
863 638
863 847
864 982
864 720
864 255
864 243
864 69
864 686
864 37
865 480
865 773
865 735
865 435
865 791
865 387
865 32
865 430
865 174
865 525
865 598
865 868
866 83
866 730
866 94
866 37
867 814
867 84
867 580
867 486
867 578
867 331
867 139
867 27
867 890
867 816
867 14
867 869
867 743
867 950
867 779
867 847
868 281
868 565
868 437
868 231
868 173
868 865
868 101
868 128
868 148
868 789
868 302
868 506
868 390
869 157
869 798
869 959
869 867
869 192
869 314
869 402
869 42
869 305
869 563
869 230
869 315
869 144
869 972
869 186
869 347
869 730
869 491
870 291
870 923
870 791
870 186
870 325
870 623
870 535
870 895
870 629
870 96
870 823
870 238
870 726
870 227
870 207
871 707
871 574
871 895
871 208
871 72
871 145
871 52
871 525
871 489
871 491
871 123
871 878
871 433
872 401
872 238
872 327
872 283
872 466
872 448
872 296
872 79
872 972
872 676
872 837
872 993
873 615
873 902
873 199
873 412
874 529
874 386
874 707
874 766
874 541
874 171
874 455
874 78
874 184
874 238
874 48
874 328
874 83
874 331
874 31
874 405
874 765
875 511
875 410
875 323
875 20
875 654
875 404
875 80
875 647
875 158
875 497
876 571
876 942
876 672
876 768
876 352
876 859
876 980
876 894
877 936
877 503
877 666
877 802
877 333
877 525
877 204
877 714
877 636
877 280
877 83
877 234
877 400
877 601
877 20
877 668
878 43
878 761
878 693
878 818
878 141
878 849
878 322
878 466
878 389
878 313
878 283
878 118
878 488
878 871
878 197
878 460
878 149
878 352
878 518
878 431
878 183
878 797
878 589
878 100
878 172
879 578
879 350
879 983
879 75
879 175
879 48
879 906
879 282
879 991
879 107
879 421
879 83
879 626
879 281
879 68
879 808
879 686
879 358
880 660
880 556
881 401
881 705
881 449
881 28
881 26
881 120
882 464
882 13
882 208
882 960
882 730
882 207
883 364
883 734
883 204
883 415
883 406
883 925
883 927
883 289
883 651
884 459
884 265
884 886
884 849
884 758
884 761
884 802
884 708
884 295
884 376
884 560
885 151
885 15
885 385
885 855
885 130
885 496
885 464
885 577
885 503
885 816
885 901
885 599
885 908
885 986
885 207
886 616
886 357
886 29
886 255
886 183
886 286
886 645
886 736
886 145
886 499
886 310
886 884
886 20
886 330
886 903
887 728
887 619
887 511
887 950
887 936
887 926
887 848
887 42
887 69
888 355
888 810
888 114
888 331
888 99
888 392
888 589
888 212
888 157
889 638
889 271
889 53
889 521
889 940
889 698
889 508
889 619
889 469
889 259
889 982
889 150
889 643
889 535
889 772
889 639
889 966
889 15
889 814
889 122
889 231
890 30
890 278
890 754
890 377
890 69
890 867
890 757
890 800
890 478
890 992
890 346
890 204
890 334
890 182
890 734
890 942
890 560
891 678
891 629
891 665
891 189
891 766
891 347
891 85
891 420
891 804
892 640
892 365
892 4
892 950
892 228
892 621
892 362
892 817
892 276
892 480
892 215
892 668
892 506
892 803
892 63
892 450
892 697
893 804
893 935
893 29
893 834
893 32
893 993
893 837
893 432
893 490
893 406
893 764
893 285
893 163
893 662
893 381
893 672
893 905
893 925
893 603
893 685
893 298
893 638
893 182
894 1000
894 357
894 408
894 460
894 934
894 538
894 419
894 876
894 900
894 645
894 780
894 505
894 842
894 267
894 958
895 918
895 820
895 68
895 17
895 220
895 761
895 871
895 519
895 703
895 376
895 461
895 870
896 463
896 898
897 301
897 4
897 468
897 100
897 745
897 277
897 730
897 686
897 107
897 788
897 145
897 607
897 227
898 46
898 204
898 777
898 752
898 896
898 388
898 447
898 978
898 793
898 927
898 635
899 444
899 12
899 325
899 789
899 210
899 611
899 638
899 347
900 593
900 520
900 524
900 248
900 937
900 399
900 440
900 217
900 785
900 726
900 349
900 187
900 894
901 344
901 50
901 311
901 358
901 885
901 334
901 420
901 204
901 915
901 844
901 19
901 276
902 467
902 765
902 873
902 574
902 10
902 924
902 523
902 856
902 714
902 361
902 294
902 827
902 267
902 501
902 503
902 936
902 813
903 886
903 452
903 134
903 530
903 178
903 785
903 244
903 457
903 534
903 730
903 358
903 861
903 157
903 583
903 627
903 176
903 412
903 123
903 743
903 401
903 649
903 485
903 263
903 653
904 914
904 915
904 522
904 431
905 452
905 580
905 893
905 587
905 338
905 586
905 273
905 723
905 293
906 232
906 879
906 602
907 96
907 496
907 643
907 855
907 208
907 233
908 618
908 360
908 534
908 14
908 810
908 323
908 738
908 885
908 745
908 131
908 649
908 709
909 336
909 956
909 476
909 393
909 637
909 186
909 281
909 232
909 925
909 717
909 81
909 544
910 643
910 949
910 842
910 743
910 584
910 46
910 250
910 210
910 231
911 846
911 438
911 845
911 181
911 705
911 362
911 39
911 657
911 921
911 598
911 132
911 651
912 450
912 749
912 106
912 808
912 18
912 945
912 32
912 709
912 599
912 183
912 815
912 668
912 233
913 28
913 10
913 579
913 590
913 230
914 496
914 38
914 458
914 904
914 813
914 223
914 817
914 823
914 252
914 395
914 614
914 233
915 762
915 901
915 220
915 904
915 406
915 778
915 268
915 244
915 691
915 561
915 506
915 966
915 673
915 345
915 209
915 240
916 377
916 45
916 33
916 277
916 4
917 474
917 822
917 684
917 189
917 259
917 180
917 408
917 682
917 814
917 666
917 17
917 991
917 39
917 782
917 314
917 462
917 661
917 646
917 360
917 668
917 575
918 895
918 42
918 455
918 252
918 992
918 675
918 341
919 449
919 789
919 681
919 764
919 582
919 461
919 289
919 680
919 843
919 613
919 346
919 343
919 679
919 519
919 559
919 413
919 266
919 13
919 584
919 980
919 673
919 694
920 397
920 467
920 408
920 341
921 378
921 574
921 911
921 847
921 856
921 758
921 241
921 101
921 50
921 268
921 958
921 626
921 117
921 760
921 331
922 394
923 430
923 245
923 44
923 870
923 50
923 48
923 400
923 450
923 341
924 123
924 531
924 902
924 518
924 293
924 327
924 93
925 78
925 97
925 174
925 965
925 514
925 219
925 883
925 729
925 179
925 909
925 154
925 380
925 893
925 396
925 754
925 364
925 717
925 1
926 887
926 750
926 345
926 60
926 702
926 426
926 467
926 303
926 372
926 446
926 955
926 390
926 977
926 94
926 490
926 552
927 898
927 246
927 24
927 99
927 733
927 508
927 285
927 883
928 214
928 636
928 684
928 740
928 223
928 690
928 57
928 107
928 69
929 851
929 143
929 167
929 181
929 989
929 160
929 227
929 330
930 835
930 140
930 625
930 572
930 732
930 837
930 728
930 451
930 749
930 770
930 938
931 985
931 80
931 488
931 235
932 74
932 677
932 980
932 261
932 763
932 94
932 484
932 143
932 80
932 605
932 264
932 765
933 202
933 790
933 84
933 225
933 834
934 131
934 387
934 970
934 835
934 798
934 437
934 345
934 894
934 209
934 790
934 702
935 976
935 893
935 118
935 787
935 117
935 411
936 852
936 283
936 645
936 753
936 902
936 405
936 334
936 193
936 613
936 618
936 280
936 887
936 62
936 982
936 357
936 539
936 877
937 326
937 243
937 900
937 251
937 120
938 710
938 233
938 594
938 978
938 637
938 347
938 816
938 930
938 288
938 819
938 609
938 254
938 140
938 965
938 629
938 269
938 337
938 834
939 307
939 82
939 970
939 505
939 267
939 80
939 532
939 405
939 284
939 588
939 566
940 811
940 420
940 682
940 89
940 664
940 776
940 993
940 92
940 455
940 948
940 990
940 368
940 552
940 889
941 639
941 660
941 415
941 723
941 982
941 826
941 202
941 692
941 354
941 755
941 947
941 4
942 876
942 722
942 326
942 12
942 68
942 393
942 890
942 455
942 528
942 44
942 352
942 760
942 718
943 667
943 81
944 961
944 78
944 186
944 855
944 266
944 425
944 45
944 609
944 946
945 464
945 912
945 69
945 499
945 971
946 137
946 196
946 672
946 176
946 690
946 369
946 379
946 966
946 121
946 944
946 665
946 844
946 702
947 243
947 139
947 941
947 554
947 257
947 289
947 657
947 157
947 158
947 76
948 329
948 557
948 859
948 559
948 940
948 58
948 620
948 347
949 910
949 263
949 44
949 408
949 194
949 517
949 951
949 511
949 405
949 544
949 776
949 303
949 958
949 550
949 204
949 92
949 421
949 649
949 492
950 867
950 720
950 569
950 642
950 708
950 62
950 887
950 204
950 892
950 743
950 633
950 425
951 101
951 406
951 170
951 695
951 266
951 335
951 286
951 316
951 949
951 65
951 638
951 651
952 353
952 281
952 656
952 446
953 813
953 615
953 300
954 331
954 660
954 39
954 444
954 741
954 491
955 552
955 389
955 788
955 723
955 88
955 833
955 599
955 434
955 835
955 107
955 926
955 110
955 106
956 23
956 909
957 776
957 723
957 677
957 230
957 718
958 921
958 344
958 496
958 420
958 894
958 210
958 295
958 202
958 82
958 722
958 105
958 697
958 949
959 700
959 559
959 869
959 446
959 105
960 556
960 882
960 778
960 364
960 315
960 68
960 577
960 606
960 834
961 447
961 220
961 944
961 486
961 721
961 402
961 672
961 701
961 328
961 133
961 523
961 15
961 57
961 126
961 485
962 744
962 204
962 437
962 415
962 153
963 416
963 349
963 659
963 319
963 512
963 311
963 557
963 144
963 858
963 857
963 169
964 441
964 45
964 277
965 747
965 41
965 154
965 693
965 17
965 209
965 925
965 28
965 251
965 620
965 120
965 938
966 118
966 227
966 521
966 257
966 194
966 43
966 468
966 224
966 713
966 682
966 606
966 702
966 180
966 53
966 792
966 889
966 324
966 70
966 307
966 915
966 810
966 357
966 946
967 851
967 228
967 574
967 371
967 396
968 28
968 280
968 364
968 15
968 672
968 284
969 481
969 682
969 726
969 381
969 720
969 749
970 707
970 78
970 347
970 239
970 939
970 299
970 226
970 384
970 934
970 331
970 134
970 694
971 798
971 945
971 295
971 14
971 402
971 39
971 321
971 423
971 691
971 823
971 636
971 370
971 731
971 710
971 253
971 143
971 660
971 430
971 539
971 787
971 477
972 383
972 435
972 542
972 852
972 726
972 649
972 999
972 535
972 538
972 246
972 632
972 869
972 1000
972 357
972 557
972 872
972 997
972 485
973 41
973 556
973 396
973 563
974 420
974 736
974 309
974 8
974 611
974 201
974 817
974 791
974 610
974 397
974 353
974 804
974 291
975 73
975 631
975 215
975 550
975 339
975 66
975 149
975 122
976 137
976 686
976 747
976 298
976 935
976 212
976 133
976 235
976 350
976 197
976 673
976 692
977 45
977 10
977 640
977 252
977 926
977 807
978 289
978 101
978 115
978 63
978 253
978 898
978 86
978 71
978 813
978 938
978 81
979 344
979 216
979 234
979 303
979 551
979 439
979 674
979 32
979 385
979 94
980 367
980 919
980 876
980 302
980 434
980 470
980 220
980 144
980 252
980 269
980 432
980 436
980 255
980 932
980 202
980 815
980 3
980 692
981 305
981 145
981 379
982 346
982 936
982 507
982 413
982 380
982 889
982 470
982 992
982 864
982 941
982 390
983 629
983 987
983 697
983 212
983 140
983 401
983 749
983 621
983 642
983 439
983 134
983 323
983 309
983 879
983 51
983 405
984 517
984 118
984 415
984 781
984 449
984 318
984 637
984 740
985 771
985 931
985 998
985 850
985 599
985 741
985 601
986 67
986 198
986 44
986 367
986 540
986 74
986 885
986 93
986 785
986 269
986 723
986 692
987 243
987 397
987 665
987 31
987 772
987 983
987 705
987 132
987 157
987 807
988 123
988 836
988 600
988 380
988 89
988 195
988 643
989 491
989 574
989 827
989 795
989 665
989 929
989 826
989 433
989 39
989 385
989 9
990 226
990 356
990 191
990 481
990 467
990 88
990 424
990 294
990 112
990 348
990 203
990 662
990 940
990 539
990 728
990 152
991 825
991 684
991 451
991 721
991 438
991 39
991 86
991 131
991 917
991 879
991 859
991 267
991 397
991 335
991 549
991 575
992 250
992 108
992 918
992 570
992 116
992 492
992 540
992 362
992 982
992 259
992 890
992 352
993 872
993 191
993 230
993 807
993 505
993 148
993 315
993 60
993 893
993 940
994 774
994 723
994 228
994 335
994 414
994 104
994 660
994 289
994 526
994 651
995 181
995 531
995 44
995 345
996 626
996 724
997 158
997 848
997 972
997 722
997 89
997 381
997 859
997 68
997 211
997 274
997 847
998 985
998 286
998 646
998 227
998 20
999 972
999 434
1000 972
1000 452
1000 318
1000 544
1000 894
1000 174
