1 432
1 402
2 673
4 48
4 467
4 56
4 224
5 420
6 20
7 841
7 126
7 876
7 823
7 893
9 854
9 577
9 679
9 876
11 28
12 866
12 130
12 321
12 552
13 902
13 119
14 650
14 637
14 240
14 126
14 44
15 35
15 243
15 985
15 282
15 370
15 385
15 987
15 323
15 889
15 932
15 756
15 556
15 643
20 58
20 115
20 329
20 544
20 6
20 477
20 990
20 981
20 860
20 277
20 582
21 270
21 806
22 106
23 131
23 439
23 406
23 818
23 394
23 577
23 675
23 47
24 227
24 25
24 30
25 24
26 234
26 66
27 748
27 357
27 405
28 824
28 798
28 121
28 11
28 614
28 765
28 742
29 806
29 823
29 56
29 471
30 24
30 54
30 589
31 891
31 774
31 483
32 926
33 374
33 280
33 467
33 868
34 707
35 227
35 265
35 966
35 143
35 15
35 220
35 734
35 321
36 372
36 45
36 577
36 765
37 446
38 602
39 250
39 574
40 614
40 388
42 343
42 321
43 909
43 452
43 396
43 193
43 143
44 445
44 274
44 14
44 992
44 952
44 146
44 838
44 837
44 534
44 845
44 771
44 740
45 137
45 36
45 839
45 74
45 290
45 882
45 729
45 745
45 434
45 401
46 876
46 934
46 483
47 804
47 586
47 103
47 739
47 975
47 516
47 23
47 747
47 491
47 741
47 655
47 517
48 801
48 907
48 4
48 643
48 224
48 411
49 672
49 405
50 539
50 122
50 90
51 902
52 323
52 373
52 80
52 420
52 233
53 976
53 734
54 967
54 575
54 295
54 952
54 30
54 565
54 163
54 480
54 539
54 401
55 742
56 494
56 4
56 92
56 818
56 29
56 589
56 608
56 238
56 341
56 986
56 460
57 313
57 808
58 20
60 276
60 883
60 743
60 441
60 878
60 574
60 520
60 459
60 802
60 749
61 172
61 804
61 823
61 235
61 487
61 115
61 259
61 325
61 261
62 830
62 193
62 966
63 785
63 970
63 385
63 781
63 805
64 400
64 940
64 922
65 820
65 538
65 917
66 750
66 26
66 92
66 220
66 765
66 461
66 541
66 742
67 250
67 220
67 816
68 446
68 405
70 346
70 114
70 339
71 577
71 808
71 579
72 765
72 343
73 270
73 143
74 45
74 525
75 453
76 740
76 711
76 672
76 420
77 525
77 643
77 402
78 765
79 463
80 677
80 932
80 907
80 560
80 115
80 821
80 635
80 544
80 52
80 837
80 967
80 97
80 254
81 673
82 938
82 343
82 876
82 91
82 485
83 225
83 331
83 330
83 734
84 524
84 624
84 267
84 977
85 617
85 551
86 166
87 517
87 714
87 945
87 421
87 415
87 357
88 299
88 106
89 392
89 948
89 566
89 364
89 143
89 316
89 694
90 918
90 312
90 317
90 607
90 385
90 464
90 50
91 124
91 82
91 653
91 417
91 128
92 127
92 825
92 147
92 66
92 56
93 174
93 503
94 643
94 355
94 807
95 740
95 477
95 357
96 926
97 265
97 80
98 127
98 428
98 211
98 816
99 764
99 295
99 945
99 450
99 128
100 101
101 865
101 356
101 100
101 457
101 388
101 357
101 405
101 106
103 47
104 765
105 420
105 510
106 228
106 524
106 271
106 101
106 218
106 868
106 88
106 540
106 22
107 806
107 357
108 976
108 877
108 774
108 510
109 788
109 123
109 133
109 460
109 380
109 301
109 776
109 496
109 450
109 478
110 408
111 143
111 551
111 807
111 893
113 389
114 245
114 290
114 70
114 310
114 530
114 409
115 80
115 589
115 20
115 61
116 463
116 628
117 372
117 361
117 665
117 122
117 147
117 126
117 503
118 346
118 504
118 661
118 893
119 392
119 939
119 416
119 13
119 357
120 263
120 331
121 28
121 503
122 817
122 515
122 117
122 692
122 50
123 109
124 143
124 280
124 91
124 628
124 559
125 539
125 665
125 490
125 767
125 835
126 621
126 117
126 7
126 615
126 14
126 904
126 175
126 859
126 200
126 883
127 759
127 770
127 619
127 777
127 651
127 98
127 351
127 229
127 462
127 92
127 993
128 918
128 297
128 696
128 384
128 99
128 888
128 91
128 501
128 174
128 976
128 941
128 209
128 635
128 753
128 987
129 232
129 409
130 604
130 145
130 12
130 493
130 654
130 232
130 655
130 818
130 878
131 23
131 966
131 503
132 582
133 232
133 790
133 109
133 401
134 823
134 790
135 571
135 944
135 507
135 329
135 575
137 45
137 564
137 331
138 228
140 697
140 450
140 538
141 557
141 345
141 272
141 220
141 471
142 748
143 362
143 43
143 890
143 111
143 830
143 124
143 35
143 73
143 495
143 937
143 434
143 89
145 574
145 130
145 467
145 938
146 44
146 417
147 600
147 968
147 448
147 92
147 293
147 456
147 117
147 594
147 779
148 539
149 469
149 729
149 156
149 329
149 291
149 562
149 774
150 831
150 417
151 397
152 419
152 357
152 559
153 579
154 266
155 747
155 1000
155 271
155 894
155 236
156 529
156 290
156 304
156 860
156 163
156 149
157 589
158 970
158 981
158 405
158 219
158 351
158 659
158 215
158 212
159 643
159 399
159 425
160 884
160 504
160 174
160 420
160 816
161 804
162 927
163 54
163 156
163 234
163 343
164 889
166 720
166 334
166 210
166 403
166 86
166 433
166 436
166 805
166 382
166 522
166 189
166 572
166 808
166 628
168 266
168 938
169 751
169 391
169 605
172 711
172 428
172 841
172 61
174 678
174 268
174 869
174 291
174 699
174 319
174 497
174 93
174 851
174 716
174 160
174 317
174 808
174 128
175 665
175 126
176 314
176 712
177 837
177 993
178 940
178 934
178 742
179 593
179 825
179 927
180 902
180 387
181 331
181 797
181 742
182 902
182 892
183 287
183 348
183 331
184 401
185 227
188 392
189 166
189 790
190 628
191 589
192 797
192 471
193 253
193 396
193 787
193 888
193 442
193 43
193 62
193 388
193 402
194 790
195 808
195 934
197 244
197 922
197 503
198 388
199 283
199 875
199 876
199 446
199 552
200 748
200 126
200 388
200 675
202 206
202 807
202 749
205 868
205 709
206 202
209 302
209 128
210 835
210 166
210 503
211 752
211 451
211 449
211 356
211 348
211 625
211 912
211 629
211 98
212 158
213 232
213 331
214 450
215 244
215 765
215 425
215 158
217 806
217 539
217 485
218 951
218 106
219 714
219 409
219 477
219 938
219 589
219 158
220 557
220 921
220 997
220 576
220 416
220 696
220 1000
220 141
220 941
220 424
220 35
220 964
220 67
220 66
220 673
221 405
222 675
223 354
224 658
224 763
224 914
224 232
224 903
224 907
224 48
224 4
224 321
224 776
224 673
225 479
225 83
225 577
225 467
226 908
226 526
226 360
226 889
226 617
227 35
227 507
227 297
227 293
227 440
227 185
227 924
227 830
227 24
227 263
227 503
227 927
228 499
228 695
228 398
228 138
228 725
228 683
228 366
228 252
228 336
228 744
228 375
228 949
228 106
228 816
229 127
229 586
229 538
229 503
230 647
231 232
231 665
231 343
232 213
232 529
232 231
232 772
232 133
232 129
232 130
232 672
232 224
233 710
233 973
233 52
233 825
233 455
233 579
234 431
234 738
234 360
234 243
234 414
234 163
234 612
234 531
234 275
234 920
234 721
234 899
234 486
234 26
234 802
235 61
236 504
236 155
237 712
238 672
238 56
240 14
240 617
240 405
241 841
243 434
243 15
243 234
244 197
244 215
245 114
245 405
247 510
248 314
248 943
248 617
250 39
250 689
250 67
250 602
250 940
251 279
251 976
252 228
253 270
253 193
253 938
253 927
254 803
254 890
254 653
254 594
254 615
254 677
254 862
254 80
256 951
256 938
256 877
258 559
259 467
259 551
259 61
260 450
260 577
260 742
261 927
261 61
263 120
263 333
263 227
263 906
263 920
263 839
263 502
263 908
263 331
264 876
264 559
265 546
265 97
265 35
265 463
265 310
265 879
265 968
265 773
265 331
265 758
265 825
265 917
266 403
266 168
266 704
266 533
266 154
266 663
266 643
267 84
267 602
267 758
268 174
268 807
268 415
269 373
269 504
270 253
270 476
270 21
270 73
270 310
270 825
271 902
271 155
271 742
271 106
272 478
272 141
274 44
274 733
275 602
275 234
275 675
276 60
277 20
278 837
279 251
279 868
279 709
279 675
280 33
280 397
280 519
280 124
280 286
280 617
281 987
282 15
282 893
283 199
283 876
283 503
283 712
284 483
285 793
285 357
285 552
286 641
286 711
286 280
287 183
287 742
288 354
289 663
289 401
290 45
290 564
290 156
290 589
290 114
291 373
291 343
291 174
291 446
291 790
291 841
291 149
292 876
292 823
292 471
292 816
293 227
293 324
293 147
293 503
294 666
294 922
294 628
294 559
295 99
295 54
295 415
295 816
296 437
297 227
297 551
297 128
298 943
298 767
298 765
299 594
299 383
299 691
299 88
299 898
299 381
299 604
299 544
301 109
301 922
302 209
302 825
302 539
302 940
302 809
303 579
304 397
304 156
304 977
304 758
304 934
305 602
305 343
305 983
305 774
305 742
306 880
306 965
306 485
307 966
308 926
309 450
309 793
309 709
310 265
310 270
310 434
310 471
310 114
311 884
312 945
312 790
312 90
313 57
313 932
313 638
313 422
313 903
313 599
314 248
314 379
314 376
314 527
314 176
314 966
314 758
314 525
314 432
316 89
317 174
317 90
318 559
319 428
319 174
319 790
321 848
321 539
321 12
321 827
321 721
321 42
321 35
321 467
321 372
321 224
323 52
323 400
323 15
323 339
324 507
324 811
324 293
324 960
325 884
325 420
325 61
326 752
326 893
327 467
327 797
329 748
329 389
329 149
329 20
329 135
330 953
330 479
330 630
330 83
330 904
330 648
330 652
331 120
331 181
331 265
331 740
331 786
331 137
331 263
331 213
331 183
331 83
331 479
331 377
331 993
333 263
333 740
333 806
333 749
334 480
334 576
334 377
334 433
334 374
334 166
334 774
335 422
335 551
335 983
336 228
338 659
338 617
338 582
339 571
339 751
339 773
339 814
339 764
339 323
339 70
339 651
339 374
340 450
340 966
340 538
341 551
341 56
341 471
342 831
342 889
342 733
343 454
343 466
343 42
343 82
343 72
343 786
343 163
343 913
343 305
343 291
343 369
343 231
344 387
345 141
346 802
346 118
346 70
347 446
347 673
348 183
348 211
349 939
349 828
349 761
349 985
349 888
349 613
349 847
349 964
349 494
349 872
349 710
349 502
349 620
349 933
349 357
349 892
350 917
351 127
351 158
352 790
353 388
354 288
354 812
354 223
354 628
354 922
354 503
354 559
355 627
355 746
355 475
355 864
355 94
355 903
355 915
355 374
355 801
355 808
356 101
356 211
357 939
357 101
357 650
357 923
357 349
357 482
357 107
357 27
357 95
357 152
357 87
357 285
357 119
359 593
360 226
360 951
360 830
360 498
360 234
361 117
361 855
362 143
363 752
363 749
364 892
364 89
366 228
368 917
369 343
369 893
370 793
370 15
370 384
370 922
372 710
372 544
372 117
372 36
372 696
372 321
372 483
373 269
373 291
373 696
373 419
373 732
373 704
373 650
373 889
373 52
373 497
373 713
373 527
373 908
374 33
374 633
374 334
374 765
374 355
374 339
375 228
376 314
377 334
377 331
377 405
378 656
379 314
379 835
379 672
380 421
380 109
381 299
381 525
382 889
382 696
382 166
382 503
383 299
383 387
384 781
384 370
384 881
384 625
384 724
384 600
384 819
384 661
384 128
385 15
385 765
385 420
385 63
385 402
385 90
385 673
386 409
386 758
386 432
386 628
387 344
387 180
387 383
387 950
387 534
387 952
387 506
388 101
388 590
388 786
388 393
388 959
388 353
388 193
388 200
388 198
388 40
389 714
389 113
389 584
389 876
389 400
389 501
389 633
389 329
389 889
389 890
390 748
391 169
392 188
392 119
392 89
393 780
393 388
393 579
394 23
394 478
396 43
396 193
396 966
396 661
397 151
397 304
397 280
397 643
398 228
399 159
399 403
399 655
399 943
399 603
399 811
399 485
400 64
400 682
400 323
400 531
400 820
400 896
400 389
400 483
401 184
401 289
401 773
401 45
401 133
401 533
401 912
401 54
402 658
402 1
402 498
402 740
402 193
402 897
402 385
402 77
403 266
403 166
403 399
403 425
405 245
405 240
405 914
405 839
405 747
405 27
405 68
405 377
405 624
405 661
405 616
405 580
405 757
405 681
405 468
405 453
405 221
405 49
405 101
405 158
405 582
406 23
406 421
406 614
408 506
408 110
408 937
408 566
409 520
409 219
409 838
409 386
409 129
409 738
409 114
411 918
411 533
411 663
411 688
411 48
411 819
411 638
411 591
411 673
413 453
413 503
414 679
414 234
414 922
415 803
415 87
415 295
415 993
415 755
415 268
415 612
415 680
415 471
415 793
415 638
415 921
415 438
415 462
415 967
415 420
416 806
416 220
416 119
417 768
417 471
417 150
417 631
417 146
417 91
418 943
419 152
419 914
419 979
419 373
419 797
420 105
420 562
420 906
420 614
420 600
420 924
420 988
420 542
420 940
420 385
420 52
420 325
420 160
420 5
420 76
420 561
420 415
421 380
421 524
421 406
421 497
421 87
421 776
421 940
421 636
422 335
422 313
424 220
425 939
425 589
425 899
425 403
425 159
425 831
425 681
425 215
426 945
426 902
427 837
427 893
428 956
428 714
428 172
428 867
428 496
428 319
428 98
428 734
428 922
429 474
429 809
429 485
430 808
431 234
431 938
432 314
432 504
432 876
432 516
432 990
432 1
432 714
432 386
433 334
433 166
433 938
433 579
434 465
434 310
434 961
434 45
434 243
434 722
434 819
434 143
434 807
436 878
436 166
436 868
437 296
438 917
438 415
439 23
440 227
440 940
441 60
441 483
442 915
442 490
442 193
444 503
445 44
446 37
446 685
446 68
446 347
446 919
446 291
446 199
446 596
446 838
447 790
448 147
448 471
449 804
449 211
450 214
450 340
450 857
450 632
450 932
450 309
450 260
450 140
450 99
450 942
450 109
451 211
452 43
452 711
452 574
453 652
453 947
453 413
453 487
453 970
453 75
453 950
453 847
453 717
453 767
453 575
453 405
453 749
454 679
454 877
454 343
454 539
455 679
455 233
456 945
456 147
457 101
458 855
458 467
459 60
459 679
460 596
460 891
460 56
460 983
460 109
461 66
461 503
462 943
462 127
462 504
462 415
462 559
463 896
463 116
463 805
463 79
463 265
464 884
464 90
465 434
466 654
466 622
466 665
466 343
467 259
467 468
467 33
467 603
467 327
467 479
467 225
467 145
467 458
467 4
467 321
468 467
468 405
469 149
470 530
470 922
471 646
471 310
471 29
471 292
471 699
471 341
471 192
471 659
471 856
471 651
471 946
471 141
471 803
471 448
471 415
471 417
472 713
472 835
473 711
473 589
473 749
474 429
475 355
476 270
476 602
477 842
477 947
477 867
477 95
477 924
477 219
477 854
477 643
477 20
477 485
478 946
478 539
478 394
478 272
478 809
478 109
478 579
479 225
479 331
479 330
479 467
479 793
480 334
480 54
480 878
480 940
480 823
481 483
482 357
483 785
483 400
483 46
483 372
483 441
483 970
483 284
483 481
483 31
483 845
484 830
485 558
485 593
485 645
485 217
485 477
485 795
485 429
485 306
485 82
485 399
486 234
487 868
487 453
487 61
488 742
489 596
489 854
489 617
490 125
490 520
490 442
490 610
490 854
491 47
492 525
493 130
494 56
494 349
495 143
495 675
496 428
496 109
497 373
497 421
497 174
498 360
498 793
498 934
498 402
498 893
499 228
500 697
501 649
501 389
501 128
502 263
502 349
502 559
502 510
503 354
503 131
503 117
503 461
503 210
503 93
503 382
503 197
503 925
503 227
503 444
503 293
503 121
503 702
503 283
503 229
503 413
503 580
504 757
504 943
504 462
504 269
504 160
504 624
504 118
504 541
504 236
504 432
505 614
506 408
506 387
507 227
507 324
507 765
507 135
508 899
508 983
509 940
510 583
510 625
510 701
510 105
510 679
510 108
510 895
510 848
510 963
510 247
510 502
514 673
515 740
515 122
515 749
516 432
516 47
517 826
517 723
517 87
517 735
517 47
518 891
519 280
519 797
520 409
520 713
520 490
520 60
521 628
522 945
522 166
523 733
524 84
524 421
524 808
524 106
525 607
525 492
525 381
525 879
525 77
525 950
525 74
525 314
525 799
526 226
526 711
527 314
527 696
527 373
527 892
529 156
529 232
529 551
530 470
530 797
530 114
531 400
531 234
533 266
533 891
533 823
533 401
533 411
534 387
534 44
535 961
535 697
535 947
535 883
535 575
535 582
536 983
538 229
538 340
538 140
538 955
538 820
538 65
538 877
538 712
539 125
539 454
539 302
539 148
539 217
539 54
539 50
539 478
539 321
540 106
541 504
541 66
542 420
543 696
543 586
543 742
544 372
544 299
544 80
544 20
545 733
546 265
547 868
547 661
548 740
548 663
549 636
549 712
550 617
551 111
551 587
551 946
551 259
551 341
551 852
551 529
551 85
551 659
551 335
551 622
551 297
551 757
551 654
552 199
552 12
552 818
552 285
553 876
555 806
555 891
556 15
556 661
557 220
557 141
557 774
558 485
558 559
559 558
559 152
559 258
559 462
559 826
559 594
559 637
559 567
559 354
559 264
559 741
559 776
559 294
559 669
559 124
559 502
559 729
559 977
559 318
559 832
560 80
561 420
562 420
562 149
564 724
564 901
564 290
564 137
564 740
564 797
565 54
565 577
566 830
566 408
566 89
567 559
571 135
571 339
571 749
572 166
573 586
574 690
574 818
574 897
574 39
574 909
574 145
574 987
574 452
574 847
574 878
574 60
575 535
575 54
575 672
575 793
575 453
575 135
576 334
576 220
576 734
577 36
577 9
577 260
577 565
577 23
577 71
577 225
577 983
578 855
579 303
579 71
579 393
579 973
579 153
579 717
579 661
579 866
579 478
579 233
579 433
579 816
580 405
580 503
582 611
582 132
582 535
582 405
582 338
582 20
582 761
582 658
582 607
582 950
582 608
582 742
583 510
584 389
586 573
586 805
586 855
586 229
586 543
586 47
587 961
587 551
589 157
589 219
589 30
589 191
589 912
589 115
589 473
589 290
589 842
589 56
589 425
590 388
591 987
591 411
592 661
592 917
592 977
593 776
593 359
593 737
593 179
593 938
593 485
594 299
594 147
594 254
594 809
594 559
596 489
596 460
596 446
596 996
598 696
599 313
600 147
600 384
600 420
600 823
601 740
601 892
601 742
602 937
602 476
602 889
602 38
602 849
602 267
602 250
602 305
602 275
603 740
603 467
603 399
604 299
604 130
605 169
606 926
607 525
607 582
607 90
608 56
608 582
609 835
610 490
611 582
612 234
612 415
613 349
614 763
614 40
614 648
614 28
614 667
614 505
614 406
614 420
615 126
615 254
616 405
617 240
617 648
617 85
617 226
617 489
617 550
617 338
617 684
617 686
617 280
617 248
617 842
617 749
619 713
619 127
620 349
620 628
621 663
621 126
622 466
622 551
622 892
623 804
624 84
624 504
624 841
624 405
625 831
625 384
625 211
625 510
626 926
627 355
628 354
628 620
628 386
628 166
628 294
628 116
628 124
628 945
628 521
628 190
628 749
629 878
629 758
629 211
630 330
630 672
631 417
632 450
633 374
633 389
633 709
635 696
635 711
635 80
635 128
636 549
636 821
636 421
636 851
636 673
637 14
637 559
638 696
638 793
638 415
638 313
638 411
638 893
641 286
642 983
643 159
643 477
643 15
643 48
643 704
643 871
643 971
643 840
643 77
643 94
643 746
643 266
643 397
645 807
645 675
645 485
646 471
646 841
647 230
648 740
648 330
648 614
648 617
649 501
650 14
650 373
650 357
651 127
651 884
651 471
651 934
651 339
652 453
652 330
653 91
653 254
653 823
654 466
654 130
654 551
655 130
655 891
655 734
655 399
655 47
656 784
656 378
656 712
657 987
658 402
658 224
658 809
658 582
659 338
659 844
659 551
659 471
659 158
660 927
661 592
661 118
661 664
661 556
661 384
661 547
661 761
661 396
661 823
661 405
661 709
661 579
662 697
662 938
663 621
663 548
663 266
663 981
663 289
663 411
664 661
665 125
665 175
665 117
665 668
665 231
665 466
666 294
666 742
667 614
667 976
667 790
668 665
669 559
670 809
672 49
672 828
672 721
672 575
672 232
672 238
672 76
672 379
672 814
672 630
673 834
673 347
673 936
673 385
673 514
673 2
673 224
673 636
673 220
673 411
673 81
675 905
675 23
675 954
675 645
675 835
675 222
675 495
675 279
675 200
675 773
675 983
675 275
677 80
677 254
678 174
679 454
679 957
679 9
679 714
679 459
679 979
679 414
679 455
679 938
679 510
680 841
680 415
681 809
681 425
681 405
682 400
682 696
683 228
684 617
685 835
685 446
686 617
686 876
688 926
688 411
689 250
689 758
690 574
690 893
691 299
692 122
692 712
694 89
695 228
696 638
696 382
696 845
696 527
696 598
696 372
696 682
696 543
696 635
696 373
696 220
696 868
696 807
696 128
697 799
697 662
697 500
697 140
697 535
697 841
699 174
699 471
699 816
700 966
701 510
702 503
704 266
704 373
704 643
705 951
705 915
707 34
709 785
709 205
709 633
709 951
709 279
709 309
709 661
710 372
710 349
710 233
711 817
711 814
711 526
711 473
711 286
711 76
711 452
711 172
711 635
712 656
712 899
712 781
712 538
712 902
712 692
712 549
712 833
712 176
712 986
712 237
712 283
713 520
713 619
713 472
713 798
713 860
713 373
714 87
714 219
714 679
714 428
714 432
714 389
716 877
716 174
717 453
717 807
717 983
717 579
718 752
719 917
720 166
720 892
721 672
721 234
721 321
722 434
722 902
723 517
724 564
724 384
725 228
726 878
726 993
729 45
729 149
729 559
732 373
733 939
733 523
733 274
733 545
733 342
733 892
734 803
734 655
734 428
734 53
734 83
734 35
734 750
734 754
734 576
735 517
737 593
737 966
738 409
738 234
739 943
739 47
740 95
740 333
740 601
740 830
740 648
740 603
740 76
740 515
740 564
740 548
740 331
740 44
740 402
740 749
741 806
741 47
741 559
741 816
742 666
742 488
742 66
742 28
742 601
742 906
742 305
742 287
742 997
742 543
742 178
742 55
742 271
742 582
742 857
742 181
742 260
743 60
744 228
745 45
746 643
746 355
747 155
747 841
747 405
747 47
748 858
748 27
748 390
748 200
748 329
748 142
748 997
749 571
749 60
749 333
749 202
749 473
749 515
749 628
749 363
749 740
749 788
749 617
749 901
749 453
750 66
750 734
751 169
751 339
752 782
752 363
752 326
752 718
752 211
753 835
753 128
754 734
755 976
755 877
755 415
756 15
757 884
757 504
757 551
757 405
758 689
758 953
758 386
758 267
758 314
758 265
758 304
758 629
758 856
759 127
761 661
761 349
761 582
762 891
762 976
763 614
763 224
763 893
764 99
764 339
765 78
765 507
765 989
765 374
765 385
765 961
765 28
765 298
765 215
765 942
765 104
765 36
765 72
765 66
765 892
767 125
767 773
767 298
767 896
767 902
767 453
768 417
770 127
771 44
771 774
772 232
773 265
773 767
773 401
773 675
773 339
774 305
774 108
774 334
774 31
774 557
774 149
774 771
776 593
776 421
776 109
776 224
776 559
777 127
779 147
779 823
780 393
780 868
781 943
781 384
781 63
781 712
782 752
784 656
785 483
785 709
785 63
786 331
786 343
786 388
787 193
788 109
788 823
788 983
788 749
790 803
790 291
790 795
790 352
790 447
790 134
790 189
790 312
790 667
790 319
790 194
790 866
790 133
791 917
793 370
793 309
793 575
793 638
793 498
793 285
793 856
793 479
793 415
795 945
795 790
795 809
795 485
797 327
797 192
797 990
797 530
797 181
797 419
797 979
797 564
797 519
797 839
798 28
798 713
799 697
799 915
799 525
799 877
801 48
801 884
801 355
802 346
802 60
802 234
803 734
803 790
803 415
803 254
803 917
803 471
804 935
804 161
804 449
804 623
804 47
804 917
804 61
805 463
805 166
805 586
805 63
806 217
806 741
806 843
806 107
806 333
806 29
806 21
806 555
806 416
806 836
807 202
807 111
807 696
807 890
807 94
807 717
807 434
807 268
807 645
808 848
808 430
808 195
808 57
808 174
808 166
808 355
808 71
808 524
808 953
809 594
809 302
809 429
809 795
809 670
809 658
809 478
809 860
809 681
811 324
811 399
811 816
812 354
813 926
814 711
814 672
814 339
816 228
816 811
816 741
816 295
816 579
816 160
816 931
816 67
816 98
816 292
816 699
816 896
817 122
817 711
818 23
818 574
818 130
818 56
818 552
819 961
819 434
819 384
819 411
820 65
820 400
820 538
821 80
821 636
823 788
823 900
823 779
823 600
823 653
823 29
823 7
823 855
823 292
823 888
823 134
823 533
823 480
823 661
823 860
823 61
824 28
825 302
825 92
825 986
825 955
825 270
825 265
825 179
825 233
826 517
826 983
826 559
827 321
828 672
828 349
829 915
830 227
830 484
830 566
830 62
830 360
830 740
830 902
830 143
831 625
831 883
831 342
831 150
831 425
832 559
833 712
834 893
834 673
835 125
835 753
835 472
835 210
835 685
835 911
835 379
835 609
835 966
835 675
836 806
837 177
837 278
837 427
837 80
837 44
838 409
838 44
838 446
838 917
839 45
839 263
839 797
839 405
840 643
841 7
841 241
841 646
841 680
841 697
841 747
841 172
841 943
841 291
841 624
841 960
842 477
842 617
842 589
843 806
843 917
844 659
845 696
845 44
845 483
847 574
847 453
847 349
848 808
848 321
848 510
849 602
851 940
851 174
851 636
852 551
853 926
854 489
854 982
854 9
854 490
854 477
855 458
855 578
855 361
855 586
855 823
856 758
856 793
856 471
857 450
857 922
857 742
858 748
859 126
860 713
860 156
860 876
860 823
860 809
860 20
862 254
863 873
864 355
864 922
865 101
866 12
866 790
866 579
867 428
867 477
867 877
868 696
868 33
868 487
868 436
868 547
868 205
868 279
868 780
868 106
869 174
870 917
871 643
872 349
873 863
874 945
875 199
876 553
876 292
876 82
876 686
876 283
876 9
876 199
876 7
876 914
876 46
876 264
876 860
876 432
876 389
877 454
877 867
877 799
877 538
877 716
877 108
877 755
877 256
878 436
878 629
878 480
878 914
878 130
878 925
878 987
878 726
878 574
878 924
878 60
879 265
879 525
880 306
881 384
882 45
882 977
883 535
883 831
883 60
883 126
884 757
884 325
884 651
884 311
884 801
884 464
884 160
884 997
885 902
886 983
888 193
888 823
888 996
888 349
888 128
889 164
889 342
889 226
889 382
889 602
889 373
889 15
889 389
890 143
890 254
890 389
890 807
891 518
891 31
891 533
891 762
891 655
891 460
891 555
892 182
892 765
892 720
892 349
892 527
892 364
892 938
892 733
892 601
892 622
893 834
893 282
893 638
893 326
893 690
893 498
893 118
893 922
893 427
893 369
893 111
893 763
893 7
894 155
895 510
896 463
896 400
896 767
896 816
897 574
897 402
898 299
898 943
899 508
899 234
899 425
899 712
900 823
901 564
901 749
902 969
902 51
902 426
902 830
902 182
902 767
902 722
902 885
902 13
902 180
902 271
902 964
902 922
902 712
903 355
903 313
903 224
904 330
904 126
905 675
906 263
906 420
906 742
907 48
907 80
907 224
908 226
908 263
908 373
909 43
909 574
911 835
911 977
911 966
912 589
912 401
912 211
913 343
914 419
914 878
914 876
914 405
914 224
914 927
915 829
915 980
915 442
915 705
915 799
915 355
915 917
917 592
917 265
917 843
917 368
917 65
917 870
917 438
917 915
917 719
917 944
917 350
917 803
917 804
917 838
917 791
918 90
918 128
918 411
919 951
919 446
920 263
920 234
921 220
921 415
922 354
922 864
922 64
922 988
922 197
922 301
922 902
922 428
922 470
922 414
922 370
922 857
922 938
922 294
922 893
923 357
924 227
924 878
924 477
924 420
925 878
925 503
926 96
926 32
926 626
926 688
926 998
926 853
926 813
926 606
926 308
926 934
927 261
927 162
927 227
927 989
927 179
927 914
927 253
927 660
931 816
932 450
932 15
932 80
932 993
932 313
933 996
933 349
934 195
934 926
934 972
934 304
934 651
934 178
934 498
934 46
935 804
936 673
937 408
937 602
937 143
938 431
938 662
938 593
938 433
938 256
938 253
938 82
938 145
938 679
938 219
938 168
938 922
938 892
939 733
939 425
939 349
939 357
939 119
940 64
940 302
940 440
940 851
940 509
940 421
940 480
940 178
940 250
940 420
941 220
941 128
942 450
942 765
943 898
943 739
943 781
943 462
943 248
943 298
943 418
943 504
943 841
943 399
944 961
944 917
944 135
945 312
945 795
945 426
945 99
945 456
945 522
945 87
945 874
945 951
945 628
946 478
946 551
946 471
947 535
947 477
947 453
948 89
949 228
950 387
950 525
950 453
950 582
951 919
951 705
951 256
951 218
951 360
951 945
951 709
952 54
952 387
952 44
953 330
953 758
953 808
954 675
955 825
955 538
956 428
957 679
959 388
960 324
960 841
961 944
961 587
961 981
961 819
961 535
961 434
961 765
963 510
964 902
964 220
964 349
965 306
966 340
966 835
966 314
966 131
966 700
966 396
966 737
966 62
966 35
966 307
966 911
967 54
967 80
967 415
968 265
968 147
969 902
970 453
970 63
970 483
970 158
971 999
971 643
972 934
973 233
973 579
975 993
975 47
976 986
976 755
976 762
976 108
976 251
976 53
976 667
976 128
977 592
977 304
977 882
977 84
977 911
977 559
979 419
979 679
979 797
980 915
981 961
981 663
981 20
981 158
982 854
983 642
983 577
983 508
983 717
983 305
983 788
983 886
983 826
983 460
983 536
983 335
983 675
985 15
985 349
986 976
986 825
986 56
986 712
987 591
987 281
987 657
987 574
987 878
987 15
987 128
988 420
988 922
989 765
989 927
990 797
990 432
990 20
992 44
993 975
993 331
993 177
993 127
993 726
993 932
993 415
994 996
996 994
996 596
996 933
996 888
997 748
997 220
997 884
997 742
998 926
999 971
1000 220
1000 155
