1 432
1 402
1 788
1 253
1 992
2 673
2 399
2 86
3 636
3 193
3 811
4 48
4 467
4 56
4 224
4 210
4 592
4 889
5 420
5 892
5 294
6 20
6 68
6 449
6 581
7 253
7 377
7 971
7 286
7 603
7 25
7 691
7 503
7 82
7 607
7 555
7 983
7 128
7 855
7 338
7 841
7 876
7 823
7 893
7 237
7 202
7 952
8 485
8 369
8 390
8 694
8 127
8 249
8 38
8 946
8 784
8 776
8 301
8 273
8 488
8 932
8 373
9 471
9 692
9 141
9 764
9 135
9 854
9 577
9 679
9 375
10 908
11 28
11 89
11 853
12 866
12 130
12 321
12 552
12 347
12 209
12 249
13 902
13 119
13 498
13 479
14 650
14 637
14 240
14 339
14 41
14 218
14 516
14 832
14 822
14 126
14 334
14 188
14 813
15 35
15 243
15 985
15 282
15 385
15 987
15 323
15 889
15 932
15 756
15 556
15 803
15 830
15 910
15 643
15 388
15 86
16 353
17 501
17 918
17 517
17 226
18 997
18 234
18 312
18 818
18 429
18 210
19 785
19 926
19 752
19 340
19 67
20 115
20 329
20 6
20 477
20 990
20 981
20 860
20 586
20 52
20 606
20 582
21 270
21 806
21 624
21 718
21 336
22 106
22 250
22 466
22 788
22 688
23 131
23 439
23 406
23 818
23 394
23 577
23 675
23 47
23 219
24 227
24 25
24 30
24 183
24 40
24 443
25 24
25 193
25 7
26 234
26 66
26 750
26 40
26 32
27 676
27 225
27 69
27 151
27 913
27 570
27 723
27 648
27 700
27 351
27 357
27 405
27 815
28 824
28 798
28 121
28 11
28 869
28 302
28 708
28 158
28 322
28 132
28 765
28 742
28 150
28 294
28 202
28 277
28 154
28 69
29 806
29 823
29 56
29 471
29 655
30 24
30 54
30 589
30 649
30 553
30 499
31 891
31 774
31 483
31 353
32 73
32 76
32 819
32 26
32 879
32 835
32 406
32 386
32 734
32 181
32 384
32 852
32 546
32 794
32 84
32 178
32 539
32 359
32 956
33 374
33 280
33 467
33 868
33 652
33 268
33 972
34 171
34 336
34 172
34 689
34 213
34 204
34 43
34 317
34 54
34 773
34 228
34 356
35 227
35 265
35 966
35 143
35 15
35 220
35 734
35 321
36 372
36 45
36 577
36 765
36 210
36 446
36 450
36 287
36 375
37 446
37 335
38 602
38 234
38 603
38 375
38 8
39 993
39 309
39 736
39 622
39 988
39 563
39 332
39 574
39 405
39 998
39 640
39 138
40 26
40 999
40 685
40 509
40 919
40 949
40 78
40 24
40 950
40 837
40 346
40 410
40 199
40 277
40 697
40 614
40 926
40 734
40 494
40 219
40 287
40 744
41 14
42 343
42 321
42 498
42 335
42 568
43 909
43 452
43 396
43 193
43 143
43 673
43 646
43 34
44 146
44 838
44 607
44 311
44 554
44 441
44 824
44 672
44 128
44 436
44 654
44 258
44 652
45 137
45 36
45 839
45 74
45 290
45 882
45 729
45 745
45 434
45 401
45 279
45 237
45 544
46 600
46 76
46 366
46 266
46 883
46 534
46 876
46 498
46 688
46 734
46 375
47 586
47 103
47 739
47 975
47 516
47 23
47 747
47 491
47 741
47 655
47 517
47 611
47 159
48 801
48 4
48 340
48 109
48 435
48 409
48 643
48 224
48 159
48 750
48 455
48 959
49 672
49 405
49 731
49 863
50 539
50 122
50 90
51 902
51 254
51 652
51 720
51 167
51 388
52 323
52 373
52 80
52 420
52 233
52 757
52 20
52 972
52 161
52 198
53 805
53 774
53 396
53 306
53 630
53 683
53 589
53 627
53 976
53 972
54 967
54 575
54 295
54 952
54 30
54 565
54 163
54 480
54 818
54 183
54 840
54 539
54 656
54 34
55 742
55 477
55 530
55 291
55 712
55 226
55 809
55 204
56 4
56 92
56 818
56 29
56 589
56 608
56 238
56 341
56 986
56 460
56 581
56 123
56 369
56 234
56 718
57 313
57 808
57 834
57 568
58 923
58 116
58 443
58 636
58 830
58 137
58 481
58 243
58 669
58 862
58 658
58 527
58 274
58 252
59 149
59 621
59 274
59 767
59 234
59 524
59 347
59 466
59 507
59 219
59 602
60 883
60 743
60 878
60 574
60 520
60 459
60 802
60 714
60 176
60 320
60 383
60 902
60 749
61 804
61 823
61 235
61 487
61 115
61 259
61 261
61 320
61 639
61 435
61 908
61 106
61 972
61 631
62 830
62 193
62 966
62 899
62 210
62 845
63 785
63 970
63 385
63 781
63 805
63 914
63 525
64 400
64 940
64 922
64 952
64 813
65 820
65 538
65 917
65 603
65 364
65 992
66 750
66 26
66 92
66 220
66 765
66 461
66 541
66 742
66 631
67 485
67 584
67 717
67 345
67 874
67 825
67 222
67 19
67 258
67 220
67 816
67 199
67 815
68 106
68 591
68 305
68 619
68 182
68 6
68 165
68 455
68 437
68 244
68 405
69 833
69 469
69 654
69 728
69 494
69 307
69 186
69 461
69 247
69 28
69 685
69 568
69 411
69 834
69 27
69 907
69 496
70 346
70 114
70 339
70 652
70 388
71 585
71 783
71 491
71 284
71 238
71 857
71 577
71 579
71 939
71 445
72 765
72 343
72 845
72 752
72 992
73 270
73 143
73 773
73 32
74 321
74 118
74 624
74 666
74 633
74 45
74 276
75 453
75 167
76 740
76 711
76 672
76 420
76 46
76 765
76 675
76 601
76 32
77 525
77 643
77 402
77 126
77 994
77 510
77 202
77 504
77 592
77 138
78 765
78 740
78 582
78 40
78 934
79 463
79 914
80 677
80 932
80 907
80 560
80 115
80 821
80 635
80 544
80 52
80 837
80 967
80 97
80 254
81 673
81 649
81 732
81 382
81 505
81 154
82 938
82 343
82 876
82 91
82 485
82 7
82 867
82 266
82 277
82 196
83 225
83 331
83 330
83 734
83 947
83 479
83 168
83 918
83 626
84 524
84 267
84 664
84 282
84 115
84 830
84 790
84 995
84 885
84 32
84 429
84 534
84 408
84 428
85 119
85 218
85 594
85 923
85 907
85 822
85 953
85 551
85 454
85 250
86 93
86 372
86 1000
86 2
86 15
86 266
86 180
86 334
86 825
86 392
86 253
86 815
87 410
87 895
87 609
87 686
87 336
87 636
87 352
87 925
87 948
87 151
87 427
87 517
87 714
87 945
87 415
87 357
87 146
88 299
88 106
88 569
89 948
89 566
89 364
89 143
89 316
89 694
89 11
89 420
89 210
89 811
89 204
89 499
90 918
90 312
90 317
90 607
90 385
90 464
90 50
90 454
90 655
90 496
90 375
91 124
91 82
91 653
91 317
91 167
91 128
91 210
91 466
91 667
91 335
91 766
92 127
92 825
92 147
92 66
92 56
92 399
92 237
92 353
92 524
93 174
93 503
93 250
93 119
93 86
93 410
94 643
94 355
94 807
94 470
94 370
94 410
95 740
95 477
95 357
95 517
95 601
96 651
96 978
96 509
96 880
96 627
96 267
96 987
96 812
96 458
96 209
96 430
96 972
96 623
97 434
97 679
97 635
97 502
97 80
97 918
97 750
98 127
98 428
98 211
98 816
98 768
99 764
99 295
99 945
99 450
99 128
100 596
100 354
100 363
100 685
100 147
100 247
101 457
101 184
101 888
101 591
101 735
101 266
101 627
101 957
101 451
101 388
101 106
101 204
101 640
102 434
102 681
102 775
102 873
103 47
103 734
104 765
104 571
104 593
104 959
105 420
105 510
105 193
105 434
105 666
105 559
106 524
106 271
106 101
106 218
106 868
106 88
106 540
106 22
106 61
106 68
106 811
106 954
106 695
107 806
107 357
107 467
108 976
108 877
108 774
108 510
108 466
108 723
108 853
109 123
109 133
109 460
109 380
109 301
109 776
109 496
109 450
109 478
109 417
109 631
109 278
109 558
109 765
109 399
109 48
109 718
110 408
110 291
110 348
110 375
110 959
111 143
111 551
111 807
111 893
111 919
111 837
111 249
111 935
112 198
113 389
113 992
113 184
113 499
114 245
114 290
114 70
114 310
114 409
114 821
115 80
115 589
115 20
115 61
115 84
115 168
115 204
116 463
116 628
116 498
116 58
117 372
117 361
117 665
117 122
117 147
117 126
117 503
117 370
117 375
118 346
118 504
118 661
118 893
118 74
119 939
119 416
119 13
119 357
119 93
119 489
119 85
119 445
120 263
120 331
120 382
121 28
121 503
121 757
122 817
122 515
122 117
122 692
122 50
122 717
122 306
123 109
123 56
124 143
124 280
124 91
124 628
124 559
124 854
125 286
125 539
125 665
125 767
125 835
125 252
126 621
126 117
126 615
126 14
126 904
126 175
126 859
126 200
126 883
126 824
126 602
126 77
126 774
126 795
127 759
127 770
127 619
127 777
127 651
127 98
127 351
127 229
127 462
127 92
127 993
127 558
127 287
127 8
128 297
128 696
128 384
128 99
128 888
128 91
128 501
128 174
128 976
128 941
128 209
128 635
128 753
128 987
128 532
128 234
128 7
128 44
129 232
129 409
129 675
129 768
130 604
130 145
130 12
130 493
130 654
130 232
130 655
130 818
130 878
130 336
131 23
131 966
131 503
132 582
132 899
132 28
132 470
132 954
132 276
132 783
133 395
133 333
133 334
133 342
133 615
133 504
133 479
133 544
133 232
133 790
133 109
133 686
133 626
134 823
134 790
134 658
134 649
134 785
134 918
135 944
135 507
135 329
135 575
135 552
135 250
135 305
135 943
135 934
135 837
135 9
135 364
136 305
136 150
136 477
137 45
137 564
137 331
137 58
138 300
138 591
138 904
138 39
138 395
138 805
138 77
138 895
138 907
139 776
139 766
139 731
140 697
140 450
140 538
140 927
141 557
141 345
141 272
141 220
141 471
141 655
141 303
141 667
141 9
141 853
142 748
142 803
142 202
142 430
142 510
142 853
143 362
143 43
143 890
143 111
143 830
143 124
143 35
143 73
143 495
143 937
143 434
143 89
144 470
144 941
144 886
144 442
144 581
144 961
144 942
144 730
144 294
144 868
144 774
144 280
144 976
144 816
144 321
145 574
145 130
145 467
145 938
145 834
146 312
146 808
146 866
146 904
146 469
146 737
146 550
146 782
146 768
146 87
146 44
146 428
146 776
146 797
146 683
147 600
147 968
147 448
147 92
147 293
147 456
147 117
147 594
147 779
147 100
148 539
148 497
149 469
149 729
149 156
149 329
149 291
149 562
149 774
149 356
149 274
149 59
149 853
150 28
150 604
150 828
150 496
150 246
150 591
150 482
150 887
150 423
150 328
150 156
150 136
150 568
150 576
150 757
150 773
150 411
150 815
151 397
151 27
151 87
151 249
151 553
151 815
151 208
152 419
152 357
152 559
152 848
153 579
153 658
153 795
153 919
154 790
154 373
154 251
154 711
154 569
154 81
154 28
154 517
155 747
155 1000
155 271
155 894
155 236
155 334
155 359
155 656
156 529
156 290
156 304
156 860
156 163
156 149
156 150
157 336
157 754
157 514
157 429
157 168
157 217
157 550
157 422
157 176
158 970
158 981
158 405
158 219
158 351
158 659
158 215
158 212
158 934
158 28
158 768
158 926
159 558
159 309
159 359
159 48
159 47
159 888
159 180
159 178
159 643
159 425
159 199
160 884
160 504
160 174
160 420
160 816
160 364
160 907
160 370
161 515
161 277
161 805
161 301
161 52
161 385
161 297
161 449
162 717
162 802
162 837
162 640
162 474
162 285
162 604
163 54
163 156
163 234
163 343
163 517
164 889
164 489
164 908
164 375
165 68
166 334
166 403
166 433
166 436
166 805
166 382
166 522
166 189
166 572
166 941
166 891
166 791
166 777
166 994
166 808
166 628
166 347
166 172
166 558
166 725
167 694
167 675
167 51
167 429
167 697
167 964
167 75
167 299
167 210
167 91
167 443
168 83
168 642
168 115
168 457
168 480
168 938
168 655
168 157
169 605
169 281
169 724
169 240
169 725
169 753
169 911
169 321
169 918
169 776
169 750
169 449
169 505
170 826
171 34
172 583
172 790
172 412
172 343
172 166
172 711
172 841
172 720
172 34
173 232
174 678
174 869
174 291
174 699
174 319
174 497
174 93
174 851
174 716
174 160
174 317
174 213
174 255
174 657
174 808
174 128
174 722
174 353
175 665
175 126
175 441
175 224
176 314
176 712
176 60
176 157
177 837
177 993
177 614
177 204
177 445
177 581
177 640
178 444
178 229
178 507
178 710
178 183
178 964
178 451
178 516
178 32
178 919
178 481
178 508
178 940
178 742
178 347
178 159
178 348
179 277
179 693
179 713
179 592
179 882
179 362
179 593
179 825
179 782
180 902
180 387
180 624
180 159
180 797
180 86
181 331
181 797
181 742
181 32
182 485
182 439
182 229
182 442
182 407
182 712
182 902
182 68
183 468
183 24
183 219
183 390
183 331
183 845
183 54
183 178
183 365
184 326
184 113
184 411
184 187
184 974
184 197
184 905
184 807
184 101
184 908
185 227
185 901
185 199
185 593
185 246
186 69
186 237
187 184
188 766
188 845
188 327
188 745
188 763
188 561
188 14
188 877
188 676
188 252
189 166
189 790
189 917
189 446
190 628
190 564
191 589
191 656
192 797
192 471
193 253
193 396
193 787
193 888
193 442
193 43
193 62
193 3
193 942
193 840
193 25
193 105
193 571
193 402
194 790
194 947
194 569
194 707
195 808
195 934
195 834
195 997
195 972
195 315
196 394
196 418
196 449
196 269
196 633
196 82
196 825
196 563
197 244
197 922
197 503
197 335
197 908
197 524
197 184
198 514
198 816
198 112
198 382
198 744
198 52
198 433
198 958
198 936
198 636
198 276
199 283
199 875
199 214
199 185
199 358
199 396
199 159
199 856
199 909
199 606
199 67
199 313
199 876
199 552
199 370
199 354
199 40
199 410
199 853
200 735
200 677
200 487
200 584
200 746
200 627
200 748
200 126
200 675
200 972
200 623
201 528
201 308
201 998
201 306
201 760
201 217
201 939
201 628
201 337
201 732
201 270
201 741
201 667
201 232
201 363
202 206
202 708
202 7
202 888
202 142
202 520
202 867
202 392
202 548
202 77
202 961
202 549
202 212
202 28
202 983
202 615
202 645
202 749
202 544
202 977
202 863
203 219
204 850
204 762
204 408
204 321
204 460
204 530
204 115
204 401
204 55
204 713
204 177
204 451
204 916
204 101
204 629
204 89
204 276
204 585
204 564
204 790
204 803
204 34
205 868
205 709
205 825
206 202
206 977
207 602
207 640
208 281
208 151
208 787
208 585
208 370
208 661
208 801
208 885
208 393
208 559
208 602
209 902
209 961
209 96
209 810
209 12
209 128
209 614
209 443
210 486
210 167
210 18
210 645
210 62
210 364
210 493
210 36
210 91
210 560
210 760
210 89
210 718
210 4
210 835
210 503
211 451
211 449
211 356
211 348
211 625
211 912
211 629
211 98
211 389
211 807
211 470
211 430
211 732
211 873
212 158
212 202
212 919
212 388
213 890
213 559
213 905
213 331
213 477
213 392
213 174
213 277
213 337
213 813
213 34
214 450
214 914
214 199
214 838
214 730
215 244
215 765
215 425
215 158
215 649
215 845
215 393
215 430
216 337
216 853
217 806
217 539
217 485
217 157
217 201
218 951
218 106
218 425
218 665
218 14
218 85
218 732
218 401
219 804
219 396
219 934
219 23
219 642
219 252
219 40
219 639
219 644
219 203
219 930
219 227
219 419
219 714
219 409
219 938
219 589
219 158
219 183
219 59
220 557
220 921
220 997
220 576
220 416
220 696
220 1000
220 141
220 941
220 424
220 35
220 964
220 67
220 66
220 673
220 283
220 593
220 524
220 782
220 731
221 405
222 675
222 918
222 67
222 983
223 314
223 836
223 485
223 353
223 947
223 834
223 633
223 892
223 336
224 658
224 763
224 914
224 232
224 903
224 907
224 48
224 4
224 776
224 175
224 673
225 479
225 83
225 577
225 467
225 27
225 811
226 526
226 258
226 857
226 286
226 798
226 17
226 684
226 367
226 55
226 603
226 360
226 889
226 617
226 577
227 35
227 507
227 297
227 293
227 440
227 185
227 924
227 830
227 24
227 263
227 503
227 927
227 219
227 497
227 410
228 949
228 34
228 746
228 748
228 826
228 888
228 561
228 619
228 405
228 524
228 286
228 664
228 382
228 834
228 838
229 127
229 586
229 538
229 503
229 182
229 571
229 178
230 647
230 771
230 679
231 232
231 665
231 343
232 529
232 231
232 772
232 133
232 129
232 201
232 924
232 173
232 130
232 672
232 224
232 611
232 803
233 710
233 973
233 52
233 825
233 455
233 579
233 594
233 568
234 431
234 738
234 360
234 243
234 414
234 163
234 612
234 531
234 275
234 920
234 721
234 486
234 26
234 802
234 38
234 854
234 56
234 128
234 947
234 356
234 496
234 59
234 18
235 61
235 498
236 504
236 155
236 983
237 744
237 267
237 45
237 7
237 640
237 786
237 547
237 902
237 685
237 92
237 186
237 788
237 601
238 672
238 56
238 71
239 366
240 14
240 617
240 405
240 169
240 837
241 841
241 709
242 470
242 337
243 434
243 15
243 234
243 58
243 889
244 197
244 215
244 68
245 114
245 405
245 370
245 365
245 695
245 499
246 185
246 687
246 390
246 331
246 385
246 150
246 252
246 775
247 510
247 69
247 876
247 100
247 568
248 314
248 943
248 617
248 646
248 919
248 266
249 265
249 941
249 313
249 824
249 151
249 507
249 111
249 697
249 12
249 325
249 261
249 365
249 8
250 689
250 22
250 93
250 961
250 825
250 135
250 85
250 867
250 691
250 659
250 545
250 686
250 934
250 461
250 317
250 666
250 397
250 476
250 709
250 302
250 940
251 279
251 976
251 624
251 453
251 602
251 154
251 398
252 971
252 298
252 588
252 58
252 711
252 631
252 983
252 643
252 188
252 805
252 125
252 862
252 636
252 258
252 525
252 246
252 393
252 354
252 941
252 434
252 219
252 506
253 86
253 533
253 914
253 440
253 1
253 457
253 270
253 193
253 938
253 305
253 7
253 720
254 890
254 653
254 594
254 615
254 677
254 862
254 80
254 51
254 746
254 496
255 364
255 174
256 951
256 938
256 877
257 809
257 359
258 559
258 335
258 226
258 67
258 252
258 44
259 467
259 551
259 61
259 790
259 723
260 401
260 379
260 450
260 742
260 717
260 571
261 387
261 249
261 335
261 808
261 769
261 838
261 427
261 61
262 606
263 120
263 333
263 227
263 906
263 920
263 839
263 502
263 908
263 331
263 688
264 876
264 559
264 685
264 926
264 479
265 546
265 35
265 463
265 310
265 879
265 968
265 773
265 564
265 570
265 911
265 887
265 331
265 758
265 825
265 917
265 428
265 249
265 626
266 403
266 248
266 82
266 760
266 352
266 663
266 101
266 899
266 46
266 489
266 86
267 84
267 602
267 758
267 918
267 681
267 611
267 237
267 96
268 427
268 442
268 33
268 589
268 857
268 807
268 415
268 283
268 788
268 340
269 373
269 504
269 934
269 592
269 276
269 196
269 731
270 253
270 476
270 21
270 73
270 310
270 825
270 441
270 201
271 902
271 155
271 742
271 106
272 478
272 141
272 477
272 901
272 704
273 837
273 8
273 410
274 418
274 964
274 149
274 944
274 600
274 310
274 58
274 701
274 461
274 748
274 733
274 723
274 59
275 602
275 234
275 675
276 788
276 132
276 321
276 824
276 74
276 680
276 288
276 269
276 485
276 953
276 930
276 198
276 469
276 356
276 704
276 204
277 961
277 375
277 28
277 832
277 279
277 82
277 869
277 213
277 858
277 980
277 179
277 40
277 161
278 837
278 109
278 607
278 656
279 251
279 723
279 904
279 585
279 392
279 45
279 895
279 664
279 868
279 709
279 277
279 935
280 33
280 397
280 519
280 124
280 286
280 617
280 667
280 144
281 987
281 169
281 373
281 208
282 15
282 893
282 84
282 935
283 268
283 690
283 867
283 220
283 199
283 503
283 712
283 454
283 594
283 640
284 483
284 399
284 983
284 71
284 378
285 793
285 357
285 552
285 162
285 430
285 804
285 775
285 445
286 641
286 711
286 280
286 7
286 125
286 226
286 640
286 228
287 40
287 383
287 428
287 832
287 127
287 36
287 794
287 709
287 399
287 742
288 575
288 675
288 501
288 340
288 899
288 525
288 867
288 276
289 663
289 401
289 392
290 45
290 564
290 156
290 589
290 114
290 914
290 646
290 853
291 560
291 55
291 415
291 110
291 373
291 343
291 174
291 790
291 841
291 149
291 998
292 876
292 823
292 471
292 816
293 227
293 324
293 147
293 503
293 867
294 851
294 818
294 5
294 993
294 461
294 28
294 922
294 628
294 559
294 617
294 865
294 731
294 144
295 99
295 54
295 415
295 816
295 455
295 607
296 437
296 430
296 525
297 227
297 551
297 128
297 834
297 983
297 751
297 808
297 161
298 943
298 767
298 765
298 252
298 336
299 594
299 383
299 691
299 88
299 898
299 381
299 604
299 544
299 939
299 592
299 167
300 138
301 109
301 922
301 785
301 8
301 443
301 161
302 914
302 583
302 425
302 539
302 940
302 723
302 28
302 250
302 954
302 353
303 588
303 968
303 141
303 344
303 918
303 908
303 849
303 976
303 455
304 397
304 156
304 977
304 758
304 934
304 658
304 809
304 919
304 927
305 521
305 136
305 253
305 598
305 135
305 578
305 752
305 602
305 343
305 774
305 742
305 68
306 880
306 813
306 122
306 520
306 931
306 485
306 53
306 430
306 201
306 585
307 966
307 430
307 524
307 69
307 873
308 926
308 533
308 201
309 450
309 793
309 709
309 748
309 39
309 803
309 159
309 956
310 265
310 270
310 434
310 471
310 114
310 494
310 274
310 606
311 884
311 845
311 44
311 889
311 553
312 945
312 790
312 90
312 146
312 18
313 57
313 932
313 638
313 422
313 903
313 599
313 199
313 249
314 248
314 379
314 376
314 527
314 176
314 966
314 758
314 525
314 432
314 422
314 972
314 223
315 730
315 837
315 786
315 780
315 890
315 195
315 751
316 89
316 398
317 174
317 90
317 250
317 91
317 470
317 34
318 559
318 867
318 533
318 707
319 428
319 174
319 790
319 688
320 61
320 60
321 12
321 827
321 721
321 42
321 35
321 467
321 372
321 169
321 144
321 74
321 276
321 204
321 366
322 28
322 364
322 496
323 52
323 400
323 15
323 339
324 507
324 811
324 293
324 960
324 446
324 750
325 648
325 249
325 664
325 884
325 420
325 757
326 752
326 893
326 455
326 184
327 467
327 797
327 363
327 188
327 623
327 720
327 585
328 402
328 150
328 744
329 748
329 389
329 149
329 20
329 135
330 953
330 479
330 630
330 83
330 904
330 648
330 356
330 891
330 878
330 474
331 120
331 181
331 265
331 740
331 786
331 137
331 263
331 213
331 183
331 83
331 479
331 377
331 993
331 428
331 441
331 246
332 39
332 558
332 375
332 683
333 263
333 740
333 806
333 749
333 688
333 133
334 480
334 576
334 377
334 433
334 155
334 728
334 14
334 404
334 374
334 166
334 86
334 133
335 788
335 691
335 42
335 375
335 197
335 37
335 258
335 761
335 91
335 636
335 551
335 983
335 704
335 261
336 130
336 298
336 786
336 931
336 223
336 446
336 562
336 388
336 21
336 797
336 600
336 640
336 405
336 87
336 571
336 157
336 34
337 242
337 216
337 572
337 213
337 598
337 599
337 797
337 870
337 425
337 201
338 659
338 617
338 582
338 398
338 7
338 730
339 751
339 773
339 814
339 764
339 323
339 70
339 651
339 374
339 486
339 684
339 715
339 848
339 14
340 727
340 19
340 622
340 268
340 783
340 795
340 566
340 413
340 966
340 538
340 48
340 581
340 288
341 551
341 56
341 471
341 797
341 626
342 831
342 889
342 733
342 133
343 466
343 42
343 82
343 72
343 786
343 163
343 913
343 305
343 291
343 369
343 231
343 869
343 790
343 172
343 838
344 387
344 303
345 141
345 67
345 392
345 585
346 802
346 118
346 70
346 40
346 686
347 393
347 166
347 794
347 12
347 540
347 448
347 595
347 178
347 531
347 662
347 490
347 1000
347 891
347 643
347 673
347 59
348 526
348 916
348 110
348 472
348 178
348 211
348 494
348 356
349 939
349 828
349 761
349 985
349 888
349 613
349 847
349 964
349 494
349 872
349 710
349 502
349 620
349 933
349 357
349 892
349 353
349 606
350 917
350 943
350 544
350 809
350 865
350 410
350 730
351 127
351 158
351 27
351 558
351 675
352 790
352 87
352 959
352 766
352 266
353 16
353 551
353 349
353 416
353 720
353 364
353 302
353 611
353 976
353 933
353 92
353 464
353 31
353 798
353 174
353 402
353 743
353 630
353 892
353 223
354 812
354 433
354 717
354 199
354 774
354 478
354 781
354 894
354 716
354 628
354 503
354 559
354 757
354 252
354 100
355 627
355 746
355 475
355 864
355 94
355 903
355 915
355 374
355 801
355 733
355 503
355 467
356 234
356 34
356 429
356 652
356 696
356 276
356 832
356 756
356 768
356 149
356 348
356 541
356 211
356 330
356 952
356 524
357 939
357 650
357 923
357 349
357 482
357 107
357 27
357 95
357 152
357 87
357 285
357 804
357 119
357 563
358 199
359 658
359 379
359 718
359 810
359 155
359 898
359 548
359 614
359 32
359 257
359 159
360 226
360 951
360 830
360 498
360 234
360 649
360 815
361 117
361 855
361 399
361 681
361 886
362 143
362 655
362 483
362 179
362 907
362 889
362 959
362 731
363 327
363 523
363 699
363 927
363 201
363 749
363 100
363 499
364 135
364 987
364 968
364 255
364 160
364 322
364 65
364 432
364 511
364 469
364 634
364 831
364 89
364 210
364 353
365 631
365 816
365 992
365 818
365 751
365 967
365 417
365 249
365 183
365 245
366 537
366 321
366 449
366 807
366 714
366 478
366 646
366 665
366 614
366 239
366 46
366 773
366 813
367 226
368 917
368 782
368 626
369 343
369 893
369 56
369 408
369 8
369 956
370 199
370 782
370 245
370 591
370 721
370 801
370 741
370 474
370 784
370 117
370 660
370 459
370 94
370 160
370 793
370 384
370 922
370 939
370 568
370 208
372 710
372 544
372 117
372 36
372 696
372 321
372 483
372 86
372 606
373 269
373 291
373 696
373 419
373 704
373 650
373 889
373 52
373 497
373 713
373 527
373 908
373 8
373 281
373 453
373 808
373 957
373 154
373 998
373 732
374 33
374 633
374 334
374 765
374 355
374 339
374 908
375 464
375 920
375 492
375 635
375 46
375 449
375 110
375 9
375 36
375 164
375 90
375 993
375 117
375 332
375 38
375 624
375 335
375 277
376 314
376 776
377 334
377 331
377 405
377 7
377 666
377 800
377 813
378 284
379 314
379 835
379 672
379 260
379 359
379 732
380 421
380 109
380 834
380 665
380 795
381 299
381 525
381 640
382 695
382 738
382 81
382 992
382 120
382 866
382 696
382 166
382 503
382 198
382 228
383 299
383 387
383 876
383 60
383 287
383 720
384 781
384 370
384 881
384 625
384 724
384 600
384 819
384 661
384 128
384 534
384 32
385 15
385 765
385 420
385 63
385 402
385 90
385 673
385 498
385 786
385 927
385 797
385 246
385 161
386 409
386 758
386 432
386 628
386 601
386 32
386 626
387 344
387 180
387 383
387 950
387 534
387 952
387 506
387 261
388 101
388 590
388 485
388 618
388 15
388 70
388 409
388 876
388 212
388 51
388 527
388 800
388 336
389 714
389 113
389 584
389 876
389 400
389 501
389 633
389 329
389 889
389 890
389 211
390 748
390 183
390 954
390 775
390 246
390 8
391 564
391 835
391 968
391 417
391 470
391 885
392 86
392 957
392 289
392 972
392 565
392 213
392 345
392 279
392 202
393 819
393 692
393 215
393 780
393 579
393 347
393 252
393 208
394 23
394 478
394 196
395 133
395 138
396 43
396 193
396 966
396 661
396 53
396 901
396 199
396 219
396 725
396 417
396 563
397 151
397 304
397 280
397 643
397 250
397 954
398 823
398 770
398 338
398 316
398 251
398 848
398 719
398 646
398 919
398 496
399 403
399 2
399 361
399 284
399 92
399 109
399 439
399 485
399 466
399 287
400 64
400 682
400 323
400 531
400 820
400 896
400 389
400 483
401 289
401 45
401 533
401 912
401 489
401 218
401 873
401 470
401 722
401 260
401 204
402 1
402 498
402 740
402 193
402 897
402 385
402 77
402 328
402 434
402 825
402 353
402 569
403 266
403 166
403 399
403 425
403 688
403 601
403 766
404 786
404 334
404 421
405 245
405 240
405 914
405 839
405 747
405 27
405 68
405 377
405 624
405 661
405 616
405 580
405 757
405 681
405 468
405 453
405 221
405 49
405 727
405 39
405 158
405 582
405 336
405 228
406 23
406 421
406 614
406 854
406 32
407 182
407 505
408 110
408 937
408 566
408 977
408 717
408 450
408 84
408 438
408 973
408 369
408 571
408 204
409 520
409 219
409 838
409 386
409 129
409 738
409 114
409 939
409 48
409 388
410 199
410 478
410 273
410 672
410 227
410 93
410 619
410 350
410 94
410 972
410 87
410 40
411 533
411 663
411 688
411 819
411 638
411 591
411 150
411 490
411 673
411 848
411 831
411 69
411 184
412 172
413 453
413 503
413 340
413 421
414 679
414 234
414 922
415 803
415 87
415 295
415 993
415 755
415 268
415 612
415 680
415 471
415 793
415 638
415 921
415 438
415 462
415 967
415 420
415 681
415 291
416 806
416 220
416 119
416 926
416 353
416 992
417 889
417 937
417 451
417 907
417 954
417 396
417 109
417 391
417 365
418 943
418 892
418 494
418 274
418 196
419 152
419 914
419 979
419 373
419 797
419 854
419 219
419 643
420 105
420 562
420 906
420 614
420 600
420 924
420 988
420 542
420 940
420 385
420 52
420 325
420 160
420 5
420 76
420 561
420 415
420 89
421 380
421 406
421 404
421 602
421 550
421 413
421 940
421 617
422 464
422 314
422 649
422 682
422 949
422 313
422 750
422 631
422 157
423 150
423 768
423 455
424 220
424 593
424 606
425 589
425 403
425 159
425 831
425 681
425 215
425 451
425 497
425 218
425 337
425 918
425 302
425 695
426 945
426 902
426 884
427 837
427 893
427 87
427 268
427 261
428 714
428 319
428 98
428 820
428 331
428 146
428 265
428 84
428 593
428 734
428 922
428 649
428 602
428 287
429 474
429 809
429 485
429 84
429 785
429 157
429 356
429 167
429 18
430 534
430 703
430 96
430 285
430 296
430 307
430 306
430 833
430 830
430 215
430 850
430 211
430 603
430 142
430 996
430 901
431 234
431 938
431 441
431 954
431 783
432 314
432 504
432 876
432 516
432 990
432 1
432 714
432 386
432 655
432 594
432 364
432 656
432 553
433 334
433 166
433 938
433 579
433 354
433 198
434 465
434 310
434 961
434 45
434 243
434 819
434 252
434 533
434 102
434 105
434 402
434 143
434 807
434 788
434 97
435 61
435 907
435 48
436 878
436 166
436 868
436 892
436 44
436 720
437 296
437 68
437 731
438 917
438 415
438 757
438 408
439 23
439 399
439 182
439 640
440 227
440 940
440 253
440 631
441 270
441 541
441 331
441 545
441 515
441 885
441 932
441 431
441 750
441 563
441 175
441 483
441 44
442 915
442 490
442 193
442 786
442 182
442 268
442 449
442 144
443 24
443 699
443 167
443 732
443 809
443 811
443 301
443 209
443 922
443 58
443 606
444 503
444 178
444 544
445 891
445 980
445 528
445 285
445 177
445 933
445 982
445 71
445 956
445 119
445 789
445 866
446 37
446 596
446 324
446 722
446 36
446 822
446 189
446 782
446 578
446 594
446 667
446 865
446 585
446 336
447 790
447 750
448 147
448 471
448 347
448 483
449 169
449 688
449 442
449 161
449 6
449 679
449 652
449 903
449 637
449 498
449 730
449 211
449 375
449 196
449 366
450 214
450 857
450 632
450 932
450 309
450 260
450 140
450 99
450 942
450 738
450 36
450 828
450 660
450 109
450 408
451 211
451 425
451 417
451 571
451 178
451 666
451 204
451 101
452 43
452 711
452 574
452 470
453 947
453 413
453 487
453 970
453 75
453 950
453 847
453 717
453 767
453 575
453 251
453 373
453 483
453 405
453 749
453 720
454 771
454 554
454 283
454 85
454 646
454 659
454 980
454 513
454 90
454 595
454 679
454 877
454 539
454 517
454 455
455 326
455 745
455 48
455 454
455 460
455 295
455 303
455 736
455 423
455 233
455 68
456 945
456 147
456 681
457 101
457 253
457 168
458 855
458 467
458 685
458 886
458 96
459 60
459 679
459 370
460 596
460 891
460 56
460 983
460 109
460 790
460 652
460 455
460 204
460 606
461 66
461 503
461 250
461 294
461 274
461 69
462 943
462 127
462 504
462 415
462 559
462 681
463 896
463 116
463 805
463 79
463 265
463 947
463 811
464 884
464 90
464 649
464 422
464 353
464 375
465 434
466 654
466 622
466 91
466 399
466 994
466 108
466 553
466 777
466 22
466 343
466 59
467 259
467 468
467 33
467 603
467 327
467 225
467 145
467 458
467 4
467 809
467 355
467 107
467 321
468 467
468 405
468 183
468 553
469 149
469 364
469 146
469 276
469 69
470 635
470 526
470 211
470 242
470 802
470 317
470 783
470 835
470 452
470 951
470 620
470 94
470 132
470 950
470 922
470 603
470 679
470 391
470 401
470 144
471 646
471 310
471 29
471 292
471 699
471 341
471 192
471 659
471 856
471 651
471 946
471 141
471 803
471 448
471 543
471 415
471 9
472 713
472 835
472 348
473 711
473 589
473 749
474 429
474 370
474 670
474 330
474 504
474 162
475 355
475 744
476 270
476 602
476 250
477 842
477 867
477 95
477 924
477 272
477 55
477 213
477 907
477 136
477 643
477 20
477 485
477 606
478 946
478 539
478 394
478 272
478 833
478 109
478 579
478 748
478 354
478 564
478 907
478 410
478 366
479 264
479 972
479 977
479 13
479 83
479 225
479 331
479 330
479 793
479 918
479 133
480 334
480 54
480 878
480 940
480 823
480 168
481 483
481 178
481 577
481 58
481 815
482 357
482 845
482 150
483 785
483 400
483 372
483 441
483 970
483 284
483 481
483 31
483 845
483 448
483 362
483 453
484 830
485 593
485 645
485 217
485 477
485 795
485 429
485 306
485 82
485 399
485 878
485 388
485 717
485 182
485 67
485 223
485 276
485 8
486 234
486 997
486 210
486 339
486 927
486 626
487 868
487 453
487 61
487 200
487 686
487 935
488 742
488 498
488 965
488 959
488 8
488 926
489 119
489 164
489 687
489 889
489 863
489 266
489 860
489 854
489 401
490 520
490 442
490 610
490 839
490 510
490 841
490 659
490 854
490 347
490 665
490 773
490 411
490 725
491 47
491 71
491 865
492 525
492 972
492 375
492 720
492 768
493 130
493 210
493 534
493 952
493 867
493 533
494 348
494 310
494 789
494 418
494 40
494 349
494 775
494 69
495 143
495 675
495 803
496 90
496 636
496 254
496 69
496 322
496 945
496 234
496 398
496 591
496 109
496 834
496 150
497 948
497 936
497 738
497 148
497 666
497 227
497 373
497 174
497 425
498 925
498 13
498 46
498 651
498 385
498 235
498 116
498 899
498 42
498 488
498 636
498 360
498 793
498 402
498 893
498 834
498 646
498 449
498 686
499 985
499 363
499 30
499 637
499 113
499 967
499 89
499 950
499 683
499 245
499 577
500 697
501 17
501 732
501 613
501 389
501 128
501 558
501 288
502 263
502 349
502 559
502 510
502 97
502 952
503 354
503 131
503 117
503 461
503 210
503 93
503 382
503 197
503 925
503 227
503 444
503 293
503 121
503 702
503 283
503 229
503 413
503 580
503 7
503 355
504 943
504 462
504 269
504 160
504 624
504 118
504 541
504 236
504 474
504 77
504 432
504 977
504 133
505 826
505 407
505 169
505 975
505 832
505 81
505 970
505 977
505 517
506 622
506 532
506 252
506 387
507 227
507 324
507 765
507 135
507 178
507 249
507 614
507 59
508 899
508 983
508 685
508 178
508 683
509 940
509 534
509 40
509 96
509 873
509 991
510 583
510 625
510 701
510 105
510 679
510 108
510 963
510 247
510 502
510 77
510 142
510 918
510 490
511 364
512 757
512 826
512 867
512 640
513 454
514 673
514 157
514 815
514 198
515 740
515 122
515 749
515 441
515 589
515 161
516 432
516 47
516 178
516 14
517 826
517 87
517 735
517 688
517 758
517 163
517 929
517 95
517 570
517 454
517 154
517 638
517 991
517 17
517 47
517 505
518 891
518 983
519 280
519 797
519 834
519 788
519 815
520 409
520 713
520 490
520 60
520 765
520 202
520 306
520 626
521 628
521 305
522 945
522 166
522 926
522 934
523 733
523 363
524 846
524 307
524 806
524 888
524 92
524 356
524 220
524 197
524 84
524 808
524 106
524 732
524 59
524 228
525 492
525 381
525 879
525 77
525 950
525 314
525 799
525 905
525 63
525 296
525 774
525 252
525 288
526 226
526 711
526 527
526 470
526 530
526 348
527 58
527 915
527 708
527 526
527 584
527 314
527 696
527 373
527 607
527 388
528 782
528 201
528 445
529 156
529 232
529 551
529 901
529 732
530 689
530 55
530 964
530 751
530 526
530 780
530 765
530 204
531 400
531 234
531 347
531 656
532 128
532 506
533 318
533 542
533 493
533 308
533 891
533 823
533 401
533 411
533 434
533 253
534 493
534 787
534 928
534 84
534 509
534 562
534 384
534 387
534 46
534 430
535 961
535 697
535 947
535 883
535 575
535 582
536 983
537 366
538 229
538 340
538 140
538 955
538 820
538 65
538 877
538 712
539 125
539 454
539 302
539 148
539 217
539 54
539 50
539 550
539 952
539 630
539 32
539 872
539 478
540 106
540 347
540 631
541 504
541 66
541 441
541 356
542 420
542 533
543 696
543 586
543 742
543 471
544 350
544 686
544 725
544 976
544 202
544 45
544 444
544 372
544 299
544 80
544 133
545 733
545 250
545 441
545 718
545 783
545 815
546 265
546 32
547 868
547 661
547 237
547 939
547 768
548 740
548 663
548 359
548 202
549 636
549 712
549 622
549 202
549 808
550 617
550 539
550 157
550 146
550 421
551 111
551 587
551 946
551 259
551 341
551 852
551 529
551 85
551 659
551 335
551 622
551 297
551 757
551 654
551 353
551 563
552 199
552 12
552 818
552 285
552 135
553 151
553 432
553 844
553 707
553 924
553 311
553 900
553 791
553 30
553 795
553 468
553 466
554 454
554 44
554 815
555 806
555 891
555 7
555 679
556 15
556 661
556 646
557 220
557 141
557 774
557 914
557 652
557 594
558 351
558 929
558 883
558 942
558 501
558 166
558 332
558 127
558 159
558 825
558 109
559 152
559 258
559 462
559 826
559 594
559 637
559 567
559 354
559 264
559 741
559 776
559 294
559 669
559 124
559 502
559 729
559 977
559 318
559 832
559 105
559 927
559 213
559 569
559 208
560 80
560 210
560 776
560 838
560 291
561 420
561 188
561 959
561 744
561 228
562 420
562 149
562 534
562 336
563 396
563 196
563 357
563 551
563 725
563 39
563 441
563 865
564 724
564 290
564 137
564 478
564 190
564 660
564 778
564 740
564 797
564 265
564 391
564 204
565 54
565 577
565 392
565 965
565 935
566 830
566 408
566 89
566 340
567 559
567 624
567 926
567 901
567 752
568 247
568 593
568 370
568 646
568 834
568 663
568 665
568 928
568 906
568 42
568 233
568 57
568 150
568 69
569 559
569 402
569 88
569 930
569 194
569 667
569 697
569 670
569 889
569 734
569 154
570 27
570 517
570 265
570 918
571 632
571 229
571 408
571 451
571 260
571 859
571 104
571 840
571 336
571 193
571 592
571 686
572 166
572 655
572 826
572 337
573 586
573 848
574 690
574 818
574 897
574 39
574 909
574 145
574 987
574 452
574 847
574 878
574 60
575 535
575 54
575 672
575 793
575 453
575 135
575 996
575 972
575 288
576 334
576 220
576 734
576 150
577 36
577 9
577 565
577 23
577 71
577 225
577 499
577 605
577 481
577 988
577 873
577 721
577 226
577 983
577 731
578 855
578 305
578 446
579 71
579 393
579 973
579 153
579 717
579 661
579 866
579 478
579 233
579 433
579 696
579 816
580 405
580 503
580 683
581 983
581 769
581 340
581 6
581 589
581 177
581 874
581 624
581 56
581 873
581 144
582 132
582 535
582 405
582 338
582 20
582 761
582 658
582 607
582 950
582 608
582 78
582 742
582 592
583 510
583 172
583 302
583 826
584 389
584 934
584 200
584 527
584 67
584 954
585 345
585 858
585 446
585 327
585 306
585 782
585 693
585 974
585 598
585 904
585 696
585 279
585 71
585 766
585 204
585 208
586 573
586 805
586 855
586 229
586 543
586 47
586 776
586 20
587 961
587 551
587 811
588 303
588 252
589 219
589 30
589 191
589 912
589 115
589 473
589 290
589 842
589 515
589 56
589 425
589 53
589 268
589 581
590 388
590 997
591 987
591 411
591 370
591 101
591 68
591 150
591 496
591 138
592 269
592 695
592 77
592 571
592 582
592 4
592 299
592 917
592 908
592 179
592 730
593 776
593 737
593 179
593 424
593 220
593 756
593 104
593 185
593 938
593 485
593 428
593 568
594 753
594 233
594 432
594 717
594 283
594 557
594 995
594 299
594 147
594 254
594 559
594 917
594 85
594 601
594 446
595 347
595 454
595 782
596 460
596 617
596 446
596 996
596 776
596 100
597 683
598 696
598 305
598 908
598 337
598 585
599 313
599 914
599 337
600 147
600 384
600 420
600 823
600 46
600 274
600 336
601 837
601 594
601 867
601 620
601 237
601 76
601 386
601 951
601 403
601 769
601 731
601 708
601 95
601 740
601 742
601 617
602 937
602 476
602 889
602 38
602 849
602 267
602 305
602 275
602 865
602 428
602 874
602 59
602 207
602 251
602 934
602 126
602 421
602 208
603 470
603 754
603 65
603 721
603 38
603 617
603 961
603 740
603 467
603 7
603 226
603 430
603 683
604 299
604 130
604 150
604 162
604 631
605 169
605 577
606 844
606 477
606 310
606 443
606 460
606 349
606 262
606 372
606 937
606 424
606 920
606 652
606 199
606 20
606 730
607 527
607 295
607 278
607 582
607 90
607 44
607 7
607 804
608 56
608 582
608 991
609 835
609 87
610 490
610 834
610 688
610 686
610 853
611 232
611 663
611 926
611 267
611 631
611 47
611 750
611 353
612 234
612 415
613 349
613 501
614 763
614 40
614 648
614 406
614 774
614 209
614 177
614 769
614 507
614 420
614 359
614 366
615 126
615 254
615 202
615 133
616 405
616 867
616 782
617 240
617 648
617 226
617 550
617 338
617 684
617 686
617 280
617 248
617 842
617 601
617 962
617 421
617 294
617 749
617 603
617 665
617 596
617 959
618 388
618 786
619 713
619 127
619 655
619 68
619 410
619 228
620 349
620 628
620 470
620 601
621 663
621 126
621 59
622 879
622 989
622 549
622 466
622 551
622 39
622 340
622 506
623 200
623 847
623 327
623 96
624 251
624 375
624 567
624 822
624 948
624 895
624 911
624 180
624 21
624 992
624 504
624 841
624 405
624 74
624 666
624 581
625 831
625 384
625 211
625 510
626 368
626 341
626 950
626 265
626 907
626 133
626 486
626 83
626 977
626 386
626 520
627 355
627 200
627 53
627 101
627 96
627 693
628 354
628 620
628 386
628 166
628 294
628 116
628 124
628 945
628 521
628 190
628 749
628 720
628 201
629 878
629 758
629 211
629 204
630 330
630 672
630 53
630 539
630 353
631 66
631 604
631 422
631 61
631 440
631 827
631 859
631 540
631 611
631 109
631 252
631 365
632 450
632 571
632 873
632 918
633 374
633 389
633 709
633 74
633 223
633 196
634 364
634 683
635 696
635 711
635 80
635 128
635 97
635 470
635 750
635 375
636 549
636 821
636 851
636 3
636 198
636 673
636 498
636 87
636 989
636 335
636 58
636 496
636 252
637 14
637 559
637 804
637 646
637 449
637 499
638 696
638 793
638 415
638 313
638 411
638 893
638 997
638 517
638 954
639 61
639 837
639 219
640 439
640 381
640 721
640 817
640 948
640 283
640 177
640 512
640 101
640 955
640 897
640 286
640 207
640 39
640 237
640 162
640 783
640 336
641 286
641 901
642 983
642 219
642 168
643 159
643 477
643 15
643 48
643 704
643 871
643 971
643 840
643 77
643 94
643 746
643 397
643 419
643 744
643 728
643 695
643 787
643 347
643 788
643 252
643 957
643 720
644 219
645 807
645 675
645 485
645 210
645 202
645 959
646 290
646 248
646 556
646 829
646 398
646 739
646 637
646 43
646 498
646 471
646 454
646 568
646 366
647 230
648 740
648 330
648 614
648 617
648 325
648 27
649 81
649 134
649 360
649 911
649 215
649 464
649 30
649 838
649 428
649 748
649 918
649 422
650 14
650 373
650 357
650 848
650 952
651 127
651 884
651 471
651 934
651 339
651 498
651 96
652 460
652 557
652 717
652 33
652 835
652 70
652 606
652 949
652 51
652 44
652 746
652 952
652 356
652 449
653 91
653 254
653 823
653 992
654 466
654 130
654 551
654 44
654 69
655 432
655 168
655 619
655 141
655 29
655 362
655 572
655 695
655 729
655 90
655 130
655 891
655 734
655 47
655 771
656 784
656 719
656 432
656 776
656 278
656 155
656 191
656 980
656 531
656 54
656 712
657 987
657 174
658 134
658 807
658 153
658 690
658 865
658 304
658 914
658 224
658 809
658 582
658 359
658 58
659 338
659 844
659 551
659 471
659 158
659 454
659 250
659 490
659 809
660 927
660 370
660 564
660 450
661 118
661 664
661 556
661 384
661 547
661 761
661 396
661 973
661 823
661 405
661 709
661 579
661 834
661 865
661 918
661 683
661 208
662 697
662 938
662 347
663 621
663 548
663 266
663 981
663 289
663 411
663 611
663 889
663 886
663 568
664 661
664 325
664 84
664 786
664 681
664 279
664 228
665 125
665 175
665 117
665 668
665 231
665 490
665 218
665 971
665 380
665 617
665 989
665 568
665 366
666 624
666 963
666 105
666 377
666 451
666 742
666 250
666 74
666 838
666 497
667 446
667 879
667 783
667 91
667 280
667 201
667 141
667 802
667 976
667 790
667 569
668 665
669 559
669 983
669 58
670 696
670 792
670 474
670 895
670 682
670 722
670 750
670 569
671 788
671 783
672 49
672 828
672 721
672 575
672 232
672 238
672 76
672 379
672 814
672 630
672 44
672 410
673 347
673 936
673 385
673 514
673 2
673 224
673 636
673 220
673 411
673 81
673 43
675 905
675 23
675 645
675 835
675 222
675 495
675 200
675 773
675 983
675 275
675 129
675 76
675 351
675 167
675 288
676 27
676 837
676 188
677 80
677 254
677 200
678 174
679 454
679 9
679 714
679 459
679 979
679 414
679 470
679 933
679 230
679 555
679 938
679 510
679 97
679 449
679 731
680 841
680 415
680 276
681 462
681 267
681 733
681 664
681 415
681 962
681 852
681 361
681 969
681 102
681 857
681 456
681 425
681 405
681 748
682 400
682 696
682 670
682 422
682 730
683 597
683 580
683 603
683 661
683 146
683 508
683 969
683 332
683 634
683 846
683 53
683 731
683 499
684 617
684 339
684 804
684 226
685 458
685 508
685 880
685 264
685 835
685 237
685 40
685 69
685 100
686 498
686 487
686 571
686 133
686 346
686 610
686 617
686 250
686 786
686 87
686 544
686 919
687 489
687 246
688 333
688 22
688 757
688 263
688 319
688 46
688 403
688 610
688 802
688 411
688 722
688 517
688 449
688 998
689 250
689 758
689 530
689 34
690 574
690 893
690 658
690 283
691 299
691 250
691 7
691 335
692 122
692 712
692 918
692 393
692 9
692 934
692 704
693 627
693 900
693 887
693 179
693 809
693 585
694 89
694 704
694 8
694 167
695 106
695 425
695 764
695 245
695 932
695 655
695 592
695 643
695 382
696 638
696 382
696 845
696 527
696 598
696 372
696 682
696 543
696 635
696 373
696 220
696 868
696 807
696 128
696 579
696 670
696 356
696 732
696 585
697 799
697 662
697 500
697 140
697 535
697 841
697 40
697 249
697 167
697 569
698 998
699 174
699 471
699 816
699 989
699 954
699 363
699 443
699 725
700 966
700 27
700 952
701 510
701 274
702 503
702 972
703 790
703 811
703 430
704 692
704 335
704 694
704 727
704 912
704 276
704 272
704 373
704 643
704 867
705 951
705 915
705 876
705 757
707 318
707 803
707 817
707 852
707 858
707 194
707 804
707 553
708 28
708 527
708 202
708 601
709 205
709 633
709 951
709 279
709 309
709 661
709 819
709 241
709 250
709 287
710 372
710 349
710 233
710 178
710 725
711 817
711 814
711 526
711 473
711 286
711 76
711 452
711 172
711 635
711 252
711 927
711 154
711 744
712 656
712 899
712 781
712 538
712 902
712 692
712 549
712 833
712 176
712 986
712 283
712 55
712 788
712 182
713 520
713 619
713 472
713 798
713 860
713 373
713 179
713 204
713 935
714 87
714 219
714 679
714 428
714 432
714 389
714 60
714 744
714 366
715 339
716 877
716 174
716 841
716 354
717 122
717 260
717 965
717 883
717 775
717 485
717 453
717 807
717 579
717 354
717 652
717 594
717 67
717 162
717 408
718 109
718 56
718 545
718 842
718 21
718 210
718 359
719 917
719 752
719 656
719 398
720 849
720 51
720 172
720 643
720 383
720 436
720 327
720 253
720 628
720 453
720 492
720 892
720 353
721 672
721 234
721 321
721 370
721 603
721 854
721 577
721 640
722 810
722 174
722 401
722 964
722 670
722 857
722 688
722 824
722 902
722 446
722 947
723 108
723 259
723 302
723 774
723 274
723 27
723 279
724 564
724 384
724 934
724 809
724 169
724 935
725 710
725 396
725 699
725 490
725 964
725 986
725 166
725 966
725 989
725 169
725 544
725 563
726 878
726 993
727 405
727 340
727 704
728 997
728 334
728 643
728 69
729 45
729 149
729 559
729 655
729 991
730 350
730 606
730 682
730 912
730 592
730 758
730 214
730 338
730 449
730 315
730 768
730 144
731 769
731 683
731 220
731 437
731 362
731 49
731 577
731 679
731 139
731 269
731 294
731 601
731 876
731 813
732 81
732 982
732 923
732 529
732 927
732 930
732 379
732 218
732 524
732 696
732 211
732 373
732 501
732 201
732 443
733 939
733 523
733 274
733 545
733 342
733 681
733 355
734 803
734 655
734 428
734 83
734 35
734 754
734 576
734 46
734 103
734 40
734 569
734 32
734 873
735 517
735 101
735 200
735 992
735 926
736 39
736 455
737 593
737 966
737 146
737 926
738 409
738 234
738 926
738 450
738 382
738 497
739 943
739 47
739 646
739 873
740 95
740 333
740 601
740 830
740 648
740 603
740 76
740 515
740 564
740 548
740 78
740 331
740 402
740 749
741 806
741 47
741 559
741 816
741 370
741 795
741 201
742 666
742 488
742 66
742 28
742 601
742 906
742 305
742 287
742 997
742 543
742 178
742 55
742 271
742 582
742 857
742 181
742 260
742 773
743 60
743 353
743 853
744 561
744 711
744 475
744 776
744 922
744 328
744 714
744 40
744 237
744 643
744 957
744 198
745 45
745 848
745 455
745 188
746 643
746 355
746 200
746 254
746 652
746 228
747 155
747 841
747 405
747 47
748 858
748 390
748 200
748 329
748 142
748 478
748 309
748 681
748 649
748 274
748 228
749 60
749 333
749 202
749 473
749 515
749 628
749 363
749 740
749 788
749 617
749 901
749 453
749 762
749 773
749 917
750 447
750 635
750 169
750 422
750 26
750 611
750 48
750 324
750 670
750 97
750 66
750 441
751 297
751 978
751 913
751 315
751 923
751 339
751 989
751 530
751 365
752 326
752 72
752 567
752 19
752 805
752 719
752 969
752 305
753 835
753 128
753 169
753 594
754 734
754 603
754 157
755 976
755 877
755 415
756 15
756 593
756 356
757 325
757 705
757 512
757 438
757 52
757 856
757 150
757 121
757 354
757 551
757 405
757 688
757 771
758 689
758 953
758 386
758 267
758 314
758 265
758 304
758 629
758 856
758 517
758 892
758 730
759 127
760 210
760 266
760 201
761 661
761 349
761 582
761 335
761 813
762 891
762 976
762 749
762 204
763 614
763 224
763 893
763 188
764 99
764 339
764 9
764 695
765 78
765 507
765 374
765 385
765 961
765 28
765 298
765 215
765 942
765 104
765 36
765 72
765 861
765 767
765 520
765 76
765 530
765 66
765 892
765 109
765 815
766 352
766 585
766 91
766 139
766 403
766 188
767 125
767 773
767 298
767 896
767 902
767 453
767 765
767 59
768 423
768 129
768 98
768 840
768 547
768 730
768 158
768 492
768 356
768 146
768 782
769 601
769 614
769 261
769 581
769 731
770 127
770 398
771 655
771 230
771 855
771 757
771 918
771 825
771 774
771 454
771 991
772 232
773 366
773 490
773 916
773 34
773 742
773 150
773 749
773 73
773 870
773 265
773 767
773 675
773 339
774 305
774 108
774 31
774 557
774 149
774 771
774 525
774 126
774 354
774 723
774 614
774 53
774 992
774 144
775 102
775 822
775 494
775 285
775 390
775 246
775 717
775 919
776 999
776 586
776 376
776 169
776 869
776 139
776 146
776 560
776 596
776 593
776 109
776 224
776 559
776 656
776 8
776 744
777 127
777 466
777 166
777 952
778 564
778 804
779 147
779 823
780 393
780 868
780 811
780 315
780 530
781 943
781 384
781 63
781 712
781 354
782 528
782 595
782 768
782 220
782 616
782 368
782 179
782 370
782 446
782 146
782 585
783 431
783 671
783 132
783 545
783 920
783 640
783 667
783 340
783 71
783 470
784 656
784 370
784 8
785 905
785 19
785 429
785 134
785 301
785 483
785 63
786 404
786 618
786 829
786 385
786 686
786 847
786 442
786 930
786 664
786 946
786 331
786 343
786 237
786 926
786 315
786 336
787 193
787 534
787 643
787 208
788 671
788 434
788 712
788 22
788 519
788 849
788 237
788 643
788 268
788 862
788 1
788 823
788 749
788 989
788 335
788 972
788 276
789 494
789 445
790 291
790 795
790 352
790 447
790 134
790 189
790 312
790 667
790 319
790 194
790 866
790 133
790 460
790 703
790 259
790 834
790 343
790 84
790 172
790 154
790 204
791 917
791 166
791 892
791 808
791 553
792 670
793 370
793 309
793 575
793 638
793 498
793 285
793 856
793 479
793 415
793 943
794 834
794 347
794 287
794 32
794 873
795 380
795 931
795 126
795 741
795 995
795 153
795 945
795 790
795 485
795 340
795 959
795 553
797 327
797 192
797 990
797 181
797 419
797 979
797 564
797 519
797 839
797 146
797 875
797 180
797 385
797 341
797 876
797 337
797 336
798 28
798 713
798 226
798 353
798 959
799 697
799 915
799 525
799 877
799 807
800 388
800 807
800 934
800 377
801 48
801 884
801 355
801 370
801 208
802 346
802 60
802 234
802 667
802 688
802 470
802 162
803 872
803 142
803 807
803 309
803 204
803 495
803 232
803 734
803 415
803 471
803 15
803 989
803 826
803 707
804 637
804 607
804 842
804 919
804 903
804 824
804 867
804 684
804 822
804 285
804 707
804 778
804 924
804 917
804 61
804 357
804 219
805 463
805 166
805 586
805 63
805 53
805 752
805 252
805 161
805 138
806 217
806 741
806 843
806 107
806 333
806 29
806 21
806 555
806 416
806 836
806 524
807 111
807 696
807 890
807 94
807 717
807 434
807 268
807 645
807 799
807 211
807 834
807 658
807 803
807 184
807 800
807 366
808 848
808 195
808 57
808 174
808 166
808 524
808 953
808 791
808 373
808 860
808 549
808 297
808 261
808 146
809 429
809 658
809 860
809 724
809 304
809 257
809 867
809 659
809 693
809 350
809 55
809 467
809 443
810 722
810 209
810 359
811 703
811 106
811 820
811 463
811 870
811 3
811 89
811 916
811 587
811 225
811 843
811 780
811 324
811 816
811 443
812 354
812 96
812 873
813 876
813 377
813 761
813 903
813 848
813 14
813 731
813 213
813 64
813 912
813 366
813 914
813 306
814 711
814 672
814 339
814 895
815 481
815 151
815 545
815 27
815 554
815 519
815 86
815 360
815 514
815 67
815 150
815 765
816 811
816 741
816 295
816 579
816 160
816 931
816 67
816 98
816 292
816 699
816 896
816 144
816 365
816 198
817 122
817 711
817 886
817 640
817 707
818 23
818 574
818 130
818 56
818 552
818 845
818 54
818 294
818 365
818 18
819 961
819 434
819 384
819 411
819 709
819 393
819 32
820 65
820 400
820 538
820 428
820 811
821 80
821 636
821 114
822 624
822 918
822 804
822 446
822 14
822 85
822 775
823 788
823 900
823 779
823 600
823 653
823 29
823 7
823 855
823 292
823 888
823 134
823 533
823 480
823 661
823 860
823 61
823 895
823 398
824 28
824 899
824 722
824 126
824 804
824 44
824 276
824 249
825 92
825 986
825 955
825 270
825 265
825 179
825 205
825 558
825 196
825 402
825 233
825 250
825 771
825 86
825 67
826 872
826 512
826 583
826 572
826 803
826 170
826 517
826 559
826 505
826 228
827 321
827 631
828 672
828 349
828 150
828 450
829 915
829 786
829 646
830 227
830 484
830 566
830 62
830 360
830 740
830 902
830 143
830 15
830 84
830 841
830 58
830 430
831 625
831 883
831 342
831 901
831 926
831 411
831 425
831 364
831 853
832 559
832 14
832 356
832 287
832 505
832 277
833 712
833 478
833 430
833 69
834 228
834 807
834 906
834 841
834 519
834 498
834 57
834 496
834 610
834 297
834 145
834 790
834 195
834 794
834 925
834 380
834 661
834 959
834 893
834 223
834 69
834 568
835 125
835 753
835 472
835 210
835 685
835 911
835 379
835 609
835 966
835 675
835 652
835 470
835 391
835 32
835 865
836 806
836 223
837 177
837 278
837 427
837 111
837 273
837 240
837 676
837 850
837 918
837 135
837 639
837 80
837 601
837 162
837 40
837 315
838 868
838 560
838 214
838 228
838 666
838 343
838 409
838 44
838 917
838 649
838 261
839 45
839 263
839 797
839 405
839 490
840 643
840 193
840 899
840 54
840 571
840 939
840 768
841 7
841 241
841 680
841 697
841 747
841 172
841 943
841 291
841 624
841 960
841 830
841 1000
841 716
841 834
841 490
842 477
842 617
842 589
842 804
842 718
843 806
843 917
843 811
844 659
844 553
844 606
845 62
845 72
845 183
845 215
845 927
845 482
845 311
845 883
845 818
845 696
845 483
845 188
846 919
846 524
846 683
847 574
847 453
847 349
847 786
847 623
848 920
848 152
848 339
848 411
848 650
848 745
848 573
848 808
848 398
848 813
849 602
849 303
849 788
849 895
849 720
850 837
850 430
850 204
851 940
851 174
851 636
851 294
851 865
852 551
852 681
852 32
852 707
853 149
853 108
853 743
853 610
853 290
853 216
853 141
853 199
853 11
853 142
853 831
854 489
854 982
854 9
854 490
854 124
854 419
854 721
854 406
854 234
855 458
855 578
855 361
855 586
855 823
855 943
855 771
855 7
856 758
856 793
856 471
856 994
856 757
856 199
856 965
857 450
857 922
857 742
857 722
857 681
857 71
857 226
857 268
858 748
858 277
858 965
858 585
858 707
859 126
859 571
859 886
859 631
860 713
860 156
860 876
860 823
860 809
860 20
860 884
860 489
860 808
861 765
862 254
862 788
862 252
862 58
863 49
863 974
863 202
863 489
864 355
864 922
864 918
865 851
865 835
865 491
865 563
865 661
865 446
865 957
865 350
865 294
865 658
865 602
866 12
866 790
866 579
866 382
866 146
866 445
867 512
867 616
867 293
867 318
867 82
867 493
867 288
867 704
867 477
867 877
867 250
867 283
867 809
867 804
867 202
867 601
867 991
868 696
868 33
868 487
868 436
868 547
868 205
868 279
868 780
868 106
868 838
868 144
869 174
869 343
869 776
869 28
869 277
870 917
870 811
870 773
870 337
871 643
872 349
872 803
872 539
872 826
873 881
873 734
873 211
873 794
873 931
873 632
873 739
873 812
873 509
873 581
873 307
873 102
873 577
873 907
873 401
874 945
874 602
874 67
874 581
875 199
875 797
876 292
876 82
876 199
876 7
876 914
876 46
876 264
876 860
876 891
876 705
876 383
876 797
876 731
876 247
876 432
876 389
876 388
876 813
877 454
877 867
877 799
877 538
877 716
877 108
877 755
877 256
877 983
877 188
878 436
878 629
878 480
878 914
878 130
878 925
878 987
878 726
878 574
878 924
878 60
878 485
878 330
878 892
878 959
879 265
879 525
879 667
879 622
879 32
880 306
880 685
880 96
881 384
881 873
882 45
882 977
882 179
883 535
883 831
883 60
883 126
883 46
883 845
883 558
883 717
884 325
884 651
884 311
884 801
884 464
884 160
884 997
884 426
884 860
884 886
885 902
885 84
885 441
885 391
885 208
886 361
886 938
886 663
886 859
886 458
886 884
886 817
886 144
887 150
887 265
887 693
888 193
888 823
888 996
888 349
888 128
888 101
888 159
888 202
888 524
888 228
889 164
889 342
889 226
889 243
889 929
889 4
889 311
889 663
889 362
889 602
889 373
889 15
889 389
889 417
889 489
889 569
890 143
890 254
890 389
890 807
890 213
890 315
890 991
891 518
891 31
891 533
891 762
891 655
891 460
891 555
891 347
891 876
891 166
891 330
891 445
892 765
892 720
892 349
892 938
892 924
892 758
892 5
892 791
892 223
892 418
892 933
892 436
892 878
892 353
893 834
893 282
893 638
893 326
893 690
893 498
893 118
893 922
893 427
893 369
893 111
893 763
893 7
894 155
894 354
895 904
895 823
895 849
895 814
895 963
895 959
895 624
895 87
895 670
895 279
895 138
896 463
896 400
896 767
896 816
897 574
897 402
897 640
898 299
898 943
898 359
899 508
899 266
899 132
899 824
899 62
899 840
899 712
899 498
899 288
900 823
900 954
900 553
900 693
901 529
901 185
901 396
901 567
901 272
901 641
901 430
901 749
901 831
902 969
902 51
902 426
902 830
902 182
902 767
902 722
902 885
902 13
902 180
902 271
902 964
902 922
902 712
902 209
902 237
902 919
902 60
903 355
903 313
903 224
903 804
903 449
903 813
904 330
904 126
904 895
904 279
904 146
904 138
904 585
905 675
905 785
905 525
905 213
905 184
906 263
906 420
906 742
906 834
906 568
907 435
907 160
907 362
907 69
907 873
907 478
907 80
907 224
907 477
907 85
907 417
907 626
907 138
908 592
908 61
908 197
908 374
908 598
908 10
908 184
908 164
908 263
908 373
908 303
909 43
909 574
909 199
910 15
911 835
911 977
911 966
911 624
911 649
911 265
911 169
911 965
912 589
912 401
912 211
912 704
912 730
912 813
913 343
913 27
913 751
914 813
914 214
914 599
914 63
914 977
914 557
914 79
914 290
914 419
914 878
914 876
914 405
914 224
914 658
914 302
914 253
915 829
915 980
915 442
915 705
915 799
915 355
915 917
915 527
916 811
916 773
916 348
916 204
917 592
917 265
917 843
917 368
917 65
917 870
917 438
917 915
917 719
917 944
917 350
917 804
917 838
917 791
917 189
917 594
917 749
918 425
918 267
918 169
918 222
918 134
918 97
918 17
918 864
918 692
918 510
918 479
918 649
918 822
918 661
918 83
918 570
918 632
918 90
918 303
918 771
918 837
919 932
919 686
919 972
919 111
919 902
919 153
919 775
919 212
919 846
919 248
919 398
919 304
919 951
919 178
919 804
919 40
920 263
920 234
920 848
920 375
920 783
920 606
921 220
921 415
922 864
922 64
922 988
922 197
922 301
922 902
922 428
922 470
922 414
922 370
922 857
922 938
922 294
922 443
922 893
922 744
923 357
923 751
923 85
923 58
923 732
923 954
924 227
924 878
924 477
924 420
924 892
924 232
924 553
924 804
925 878
925 503
925 834
925 498
925 87
926 998
926 308
926 522
926 738
926 264
926 40
926 416
926 567
926 19
926 943
926 786
926 735
926 488
926 158
926 737
926 611
926 831
927 227
927 660
927 559
927 385
927 304
927 140
927 711
927 486
927 845
927 732
927 363
928 994
928 534
928 568
929 558
929 517
929 889
930 786
930 219
930 732
930 276
930 569
931 816
931 795
931 306
931 873
931 336
932 450
932 15
932 80
932 993
932 313
932 441
932 919
932 8
932 695
933 996
933 349
933 892
933 679
933 353
933 445
934 195
934 304
934 651
934 724
934 602
934 158
934 584
934 269
934 135
934 692
934 522
934 78
934 250
934 219
934 800
935 713
935 946
935 565
935 111
935 724
935 282
935 487
935 279
936 673
936 497
936 198
937 408
937 602
937 143
937 417
937 606
938 431
938 662
938 593
938 433
938 256
938 253
938 82
938 145
938 679
938 219
938 168
938 922
938 892
938 886
939 370
939 547
939 299
939 409
939 71
939 840
939 733
939 349
939 357
939 119
939 201
940 64
940 302
940 440
940 851
940 509
940 421
940 480
940 178
940 250
940 420
941 220
941 128
941 166
941 249
941 144
941 252
942 450
942 765
942 193
942 558
942 144
943 898
943 739
943 781
943 462
943 248
943 298
943 418
943 350
943 793
943 855
943 135
943 504
943 841
943 926
944 961
944 917
944 135
944 274
945 312
945 795
945 426
945 99
945 456
945 522
945 87
945 874
945 951
945 628
945 496
946 478
946 551
946 471
946 786
946 8
946 935
947 194
947 463
947 234
947 83
947 974
947 722
947 535
947 453
947 223
948 89
948 624
948 87
948 497
948 640
949 228
949 422
949 652
949 40
950 387
950 525
950 453
950 582
950 470
950 40
950 626
950 499
951 919
951 705
951 256
951 218
951 360
951 945
951 709
951 470
951 601
952 700
952 7
952 652
952 777
952 64
952 356
952 502
952 650
952 493
952 54
952 387
952 539
953 330
953 758
953 808
953 85
953 276
954 302
954 584
954 900
954 390
954 397
954 923
954 132
954 638
954 106
954 699
954 431
954 417
955 825
955 538
955 956
955 640
956 309
956 955
956 32
956 969
956 369
956 445
957 373
957 643
957 744
957 392
957 101
957 865
958 198
959 488
959 362
959 110
959 645
959 795
959 561
959 48
959 352
959 104
959 878
959 617
959 798
959 895
959 834
960 324
960 841
961 944
961 587
961 981
961 819
961 535
961 434
961 765
961 250
961 603
961 209
961 202
961 277
961 144
962 681
962 617
963 510
963 666
963 895
964 902
964 220
964 349
964 722
964 178
964 530
964 274
964 725
964 167
965 856
965 858
965 565
965 911
965 980
965 488
965 717
966 340
966 835
966 314
966 131
966 700
966 396
966 737
966 62
966 35
966 307
966 911
966 725
967 54
967 80
967 415
967 972
967 365
967 499
968 265
968 147
968 303
968 364
968 391
969 902
969 681
969 752
969 956
969 683
970 453
970 63
970 483
970 158
970 505
971 999
971 643
971 7
971 665
971 252
972 195
972 61
972 702
972 53
972 52
972 492
972 788
972 575
972 33
972 96
972 314
972 200
972 967
972 392
972 479
972 919
972 410
973 233
973 579
973 661
973 408
974 947
974 184
974 863
974 585
975 993
975 47
975 505
976 986
976 755
976 762
976 108
976 251
976 53
976 667
976 128
976 303
976 544
976 353
976 144
977 304
977 882
977 911
977 206
977 504
977 202
977 559
977 914
977 479
977 408
977 505
977 626
978 751
978 96
979 419
979 679
979 797
979 991
980 915
980 454
980 656
980 277
980 965
980 445
981 961
981 663
981 20
981 158
981 994
982 854
982 732
982 445
983 642
983 577
983 508
983 460
983 536
983 335
983 284
983 518
983 236
983 297
983 877
983 669
983 222
983 675
983 7
983 994
983 202
983 252
983 581
985 15
985 349
985 499
986 976
986 825
986 56
986 712
986 725
987 591
987 281
987 657
987 574
987 878
987 15
987 128
987 364
987 96
988 420
988 922
988 39
988 577
989 788
989 725
989 803
989 751
989 699
989 636
989 665
989 622
990 797
990 432
990 20
991 771
991 608
991 979
991 867
991 509
991 729
991 890
991 517
992 65
992 72
992 113
992 1
992 774
992 416
992 653
992 735
992 624
992 382
992 365
993 975
993 331
993 177
993 127
993 726
993 932
993 415
993 39
993 294
993 375
994 77
994 856
994 928
994 981
994 983
994 466
994 166
995 84
995 795
995 594
996 596
996 933
996 888
996 430
996 575
997 638
997 486
997 590
997 728
997 195
997 220
997 884
997 742
997 18
998 291
998 39
998 373
998 688
998 698
998 926
998 201
999 971
999 776
999 40
1000 220
1000 155
1000 347
1000 841
1000 86
