1 432
1 402
1 788
1 253
1 992
1 459
2 473
2 440
2 373
2 791
2 571
2 673
2 399
2 377
2 518
2 19
2 557
2 820
3 636
3 193
3 811
3 257
4 263
4 288
4 869
4 92
4 621
4 858
4 838
4 753
4 296
4 428
4 597
4 48
4 467
4 56
4 224
4 210
4 889
4 451
4 295
4 853
4 556
5 58
5 611
5 744
5 258
5 435
5 715
5 420
5 294
5 180
5 974
5 318
5 911
6 20
6 68
6 449
6 581
6 925
6 17
6 872
6 656
7 253
7 377
7 503
7 607
7 983
7 972
7 177
7 504
7 201
7 321
7 33
7 590
7 866
7 647
7 151
7 841
7 876
7 823
7 893
7 237
7 202
7 952
7 930
7 545
7 437
7 706
8 485
8 369
8 390
8 694
8 127
8 249
8 38
8 946
8 776
8 301
8 273
8 488
8 932
8 275
8 373
8 243
8 826
8 396
9 471
9 692
9 764
9 135
9 857
9 854
9 577
9 679
9 375
9 292
9 44
10 908
10 545
10 26
10 404
11 28
11 89
11 853
11 880
12 866
12 130
12 321
12 552
12 347
12 209
12 249
12 554
12 388
12 92
13 902
13 119
13 498
13 479
13 138
13 849
13 488
13 968
13 583
13 129
13 879
14 650
14 637
14 240
14 339
14 41
14 218
14 516
14 832
14 822
14 126
14 334
14 813
14 866
14 314
14 264
14 486
15 35
15 243
15 985
15 282
15 385
15 987
15 323
15 889
15 932
15 756
15 556
15 803
15 830
15 910
15 643
15 388
15 794
15 745
16 353
16 277
16 23
16 343
17 916
17 496
17 639
17 581
17 531
17 43
17 381
17 709
17 462
17 371
17 403
17 615
17 6
17 631
17 501
17 517
18 997
18 234
18 312
18 818
18 429
18 905
19 364
19 683
19 647
19 508
19 732
19 2
19 534
19 785
19 752
19 340
19 67
19 995
19 356
19 243
20 115
20 6
20 477
20 981
20 860
20 911
20 975
20 969
20 743
20 583
20 582
20 741
20 736
21 932
21 349
21 716
21 923
21 70
21 174
21 270
21 806
21 624
21 336
22 573
22 196
22 470
22 256
22 663
22 487
22 106
22 250
22 788
22 858
22 243
22 949
22 179
22 918
23 131
23 439
23 406
23 818
23 394
23 376
23 592
23 16
23 617
23 654
23 498
23 551
23 297
23 577
23 47
23 219
23 309
23 561
23 833
23 82
23 705
24 227
24 30
24 954
24 893
24 680
24 183
24 40
24 443
24 314
24 217
24 415
25 274
25 494
25 459
25 875
25 41
25 952
25 326
25 609
25 193
25 137
26 465
26 518
26 569
26 10
26 841
26 429
26 266
26 234
26 66
26 40
26 32
26 527
26 840
26 36
26 322
27 225
27 69
27 151
27 913
27 570
27 723
27 648
27 700
27 351
27 319
27 357
27 405
27 815
27 857
27 145
27 865
27 79
27 819
27 311
28 824
28 798
28 121
28 11
28 302
28 708
28 158
28 132
28 877
28 47
28 765
28 742
28 150
28 294
28 202
28 277
28 154
28 69
28 324
29 806
29 823
29 56
29 471
29 655
29 391
29 257
29 583
29 351
29 32
30 795
30 478
30 427
30 222
30 762
30 633
30 365
30 84
30 605
30 430
30 677
30 73
30 24
30 54
30 589
30 553
30 499
30 743
30 62
30 699
31 632
31 879
31 519
31 978
31 938
31 747
31 403
31 884
31 38
31 574
31 891
31 774
31 483
31 619
31 590
31 311
32 73
32 76
32 819
32 26
32 835
32 406
32 386
32 734
32 181
32 384
32 852
32 794
32 29
32 237
32 84
32 178
32 539
32 359
32 956
32 245
32 930
32 470
32 243
32 92
33 598
33 422
33 640
33 514
33 221
33 380
33 495
33 797
33 613
33 374
33 280
33 467
33 868
33 268
33 972
33 870
33 474
33 7
33 62
33 36
33 846
34 171
34 336
34 172
34 689
34 213
34 204
34 43
34 317
34 54
34 794
34 388
34 229
34 600
35 227
35 265
35 966
35 143
35 15
35 220
35 734
35 321
35 990
36 511
36 33
36 26
36 532
36 351
36 120
36 757
36 741
36 632
36 685
36 444
36 498
36 566
36 372
36 45
36 577
36 765
36 210
36 450
36 287
36 375
37 446
37 335
37 308
37 870
37 987
38 602
38 234
38 603
38 375
38 8
38 146
38 31
39 993
39 309
39 736
39 622
39 988
39 332
39 863
39 574
39 405
39 998
39 640
39 138
40 26
40 999
40 685
40 509
40 919
40 949
40 78
40 24
40 837
40 346
40 199
40 277
40 697
40 958
40 413
40 614
40 926
40 734
40 494
40 219
40 287
40 744
40 547
40 275
40 96
40 1000
41 14
41 840
41 949
41 25
41 446
41 879
42 457
42 83
42 566
42 360
42 213
42 402
42 448
42 45
42 707
42 343
42 321
42 498
42 568
42 962
42 890
42 903
42 822
42 189
43 909
43 452
43 396
43 496
43 205
43 738
43 551
43 193
43 143
43 673
43 34
43 58
43 309
43 17
43 651
43 96
43 146
44 838
44 607
44 441
44 824
44 128
44 436
44 654
44 258
44 695
44 145
44 252
44 9
44 652
44 972
44 228
45 137
45 36
45 839
45 74
45 290
45 882
45 729
45 745
45 145
45 260
45 655
45 664
45 620
45 434
45 401
45 279
45 544
45 83
45 42
45 519
45 223
45 814
45 176
46 266
46 142
46 743
46 827
46 797
46 800
46 688
46 734
46 707
47 586
47 103
47 739
47 975
47 516
47 23
47 747
47 491
47 741
47 655
47 517
47 611
47 159
47 228
47 773
47 250
47 486
47 28
47 139
48 801
48 4
48 340
48 109
48 435
48 409
48 643
48 224
48 159
48 750
48 455
48 959
48 969
48 739
48 217
48 716
48 212
49 565
49 804
49 144
49 218
49 422
49 409
49 672
49 405
49 731
49 142
50 539
50 122
50 90
50 903
50 218
50 716
51 622
51 779
51 427
51 755
51 993
51 902
51 254
51 720
51 167
51 388
51 281
51 329
51 570
51 92
52 323
52 525
52 87
52 373
52 80
52 420
52 233
52 757
52 972
52 161
52 198
52 711
52 732
52 870
52 886
53 805
53 774
53 396
53 306
53 630
53 589
53 627
53 344
53 976
53 972
53 101
54 967
54 575
54 295
54 952
54 30
54 565
54 163
54 480
54 818
54 183
54 840
54 539
54 34
54 286
54 829
54 407
54 318
54 396
54 495
55 647
55 801
55 918
55 468
55 271
55 727
55 451
55 742
55 477
55 291
55 712
55 226
55 809
55 204
55 575
55 295
55 233
55 987
55 600
56 4
56 92
56 818
56 29
56 589
56 238
56 341
56 986
56 460
56 123
56 369
56 135
56 158
56 234
56 718
56 630
56 689
56 892
57 465
57 893
57 681
57 747
57 847
57 417
57 808
57 834
57 568
57 301
57 344
58 636
58 669
58 862
58 658
58 43
58 777
58 118
58 704
58 173
58 870
58 351
58 252
58 83
58 5
58 791
59 149
59 621
59 274
59 767
59 234
59 524
59 347
59 466
59 507
59 219
59 602
59 962
59 938
60 883
60 878
60 520
60 459
60 714
60 176
60 320
60 383
60 902
60 136
60 177
60 390
60 749
60 178
60 83
60 407
61 804
61 823
61 235
61 115
61 259
61 261
61 320
61 639
61 435
61 476
61 908
61 106
61 972
61 631
61 269
62 294
62 495
62 628
62 546
62 187
62 150
62 671
62 33
62 891
62 30
62 830
62 193
62 966
62 210
62 845
62 834
62 222
63 785
63 970
63 385
63 781
63 805
63 914
63 525
63 618
63 105
64 400
64 940
64 922
64 952
64 813
64 281
64 822
65 820
65 538
65 917
65 603
65 364
65 992
65 961
66 26
66 92
66 220
66 765
66 461
66 541
66 575
66 190
66 742
66 631
66 293
66 72
66 480
66 877
66 95
67 485
67 584
67 717
67 345
67 874
67 825
67 19
67 258
67 558
67 220
67 816
67 199
67 815
68 106
68 591
68 305
68 619
68 182
68 6
68 165
68 455
68 244
68 915
68 405
68 974
68 656
68 469
69 833
69 469
69 654
69 728
69 494
69 307
69 186
69 461
69 247
69 28
69 685
69 568
69 411
69 779
69 27
69 907
70 767
70 648
70 399
70 440
70 108
70 526
70 943
70 618
70 346
70 114
70 339
70 388
70 270
70 21
70 391
70 474
70 115
71 783
71 491
71 284
71 238
71 857
71 201
71 577
71 579
71 939
71 445
71 247
71 338
71 570
71 791
71 469
72 110
72 66
72 620
72 335
72 765
72 343
72 845
72 992
72 840
72 942
72 937
73 270
73 143
73 773
73 32
73 802
73 714
73 480
73 546
73 30
74 321
74 118
74 624
74 633
74 964
74 45
74 276
74 509
75 453
75 167
75 326
75 971
75 869
75 743
75 322
75 614
76 543
76 514
76 261
76 935
76 162
76 688
76 663
76 729
76 879
76 740
76 711
76 672
76 420
76 765
76 675
76 601
76 32
76 286
76 567
76 781
76 937
77 551
77 824
77 541
77 290
77 298
77 500
77 788
77 746
77 377
77 475
77 815
77 525
77 643
77 402
77 126
77 994
77 510
77 202
77 504
77 138
77 230
77 689
77 318
77 984
78 165
78 484
78 617
78 831
78 510
78 765
78 740
78 582
78 40
78 422
78 94
78 191
79 243
79 501
79 465
79 311
79 360
79 790
79 750
79 565
79 27
79 914
79 298
79 780
80 677
80 932
80 907
80 560
80 115
80 821
80 635
80 544
80 52
80 837
80 967
80 97
80 254
80 377
80 689
80 145
80 903
80 258
80 723
80 379
81 895
81 704
81 937
81 495
81 881
81 981
81 798
81 494
81 325
81 463
81 496
81 492
81 238
81 919
81 673
81 649
81 382
81 505
81 154
81 926
81 570
82 481
82 770
82 149
82 367
82 850
82 356
82 125
82 231
82 808
82 988
82 318
82 690
82 286
82 23
82 95
82 579
82 466
82 938
82 343
82 876
82 91
82 485
82 867
82 266
82 277
82 196
82 305
82 736
82 923
83 60
83 486
83 105
83 58
83 114
83 45
83 797
83 331
83 330
83 734
83 947
83 479
83 168
83 626
83 903
83 42
83 598
84 524
84 267
84 664
84 282
84 830
84 790
84 995
84 885
84 32
84 429
84 259
84 534
84 408
84 428
84 734
84 240
84 30
85 119
85 218
85 594
85 923
85 907
85 822
85 953
85 551
85 454
85 481
85 186
86 266
86 825
86 161
86 812
86 331
86 340
86 307
86 109
86 644
86 253
86 815
86 878
86 530
86 859
86 404
87 410
87 895
87 609
87 686
87 636
87 352
87 925
87 948
87 151
87 427
87 771
87 517
87 714
87 945
87 415
87 357
87 146
87 52
88 299
88 106
88 569
88 925
88 180
88 623
88 590
89 948
89 566
89 364
89 143
89 316
89 694
89 11
89 420
89 210
89 811
89 204
89 499
89 326
90 312
90 317
90 607
90 385
90 464
90 50
90 829
90 454
90 655
90 496
90 375
90 565
90 950
90 222
90 750
90 1000
90 769
90 605
91 124
91 82
91 653
91 317
91 524
91 128
91 210
91 466
91 667
91 335
91 766
91 405
91 519
91 432
92 906
92 580
92 599
92 608
92 12
92 51
92 32
92 199
92 250
92 482
92 182
92 517
92 216
92 127
92 825
92 147
92 66
92 56
92 399
92 353
92 524
92 4
92 660
92 903
92 768
92 95
93 447
93 214
93 320
93 97
93 194
93 405
93 174
93 503
93 250
93 119
93 410
93 116
93 996
94 475
94 78
94 347
94 501
94 824
94 441
94 746
94 663
94 145
94 784
94 95
94 220
94 556
94 489
94 758
94 643
94 355
94 807
94 470
94 410
94 974
94 692
94 846
94 269
95 677
95 221
95 66
95 115
95 97
95 92
95 160
95 740
95 357
95 517
95 601
95 676
95 326
95 387
95 842
95 840
95 82
95 94
95 212
95 573
96 987
96 821
96 451
96 884
96 118
96 40
96 43
96 523
96 227
96 430
96 972
96 623
96 888
97 434
97 679
97 635
97 502
97 80
97 918
97 622
97 93
97 791
97 835
97 95
98 268
98 859
98 347
98 310
98 650
98 704
98 127
98 428
98 211
98 816
98 962
99 764
99 295
99 945
99 450
99 128
99 705
99 651
100 596
100 363
100 685
100 147
100 247
100 164
100 195
100 557
100 257
101 266
101 627
101 957
101 278
101 593
101 53
101 150
101 212
101 178
101 388
101 204
101 640
101 350
101 567
101 186
101 486
101 549
101 963
102 434
102 681
102 775
102 873
102 508
102 716
102 229
103 47
103 734
103 557
103 519
103 949
103 198
103 489
104 765
104 571
104 593
104 959
104 313
104 732
104 583
105 243
105 180
105 989
105 790
105 63
105 654
105 981
105 761
105 864
105 420
105 510
105 193
105 434
105 559
105 83
105 350
106 524
106 271
106 218
106 868
106 88
106 540
106 22
106 61
106 767
106 68
106 811
106 954
106 695
106 281
107 806
107 357
107 467
107 406
107 689
107 427
107 798
107 258
107 971
107 699
107 608
107 859
107 852
108 391
108 967
108 378
108 886
108 695
108 976
108 877
108 774
108 510
108 466
108 853
108 167
108 70
108 233
108 322
109 123
109 133
109 460
109 380
109 301
109 776
109 496
109 450
109 478
109 417
109 278
109 558
109 765
109 856
109 399
109 48
109 718
109 230
109 318
109 86
110 408
110 291
110 348
110 375
110 959
110 637
110 72
111 143
111 551
111 807
111 893
111 919
111 837
111 249
111 935
111 415
111 168
111 546
112 198
112 345
112 812
113 655
113 773
113 824
113 755
113 679
113 389
113 267
113 433
114 290
114 70
114 310
114 409
114 821
114 234
114 555
114 83
115 307
115 767
115 782
115 998
115 281
115 878
115 545
115 187
115 796
115 70
115 398
115 80
115 589
115 20
115 61
115 168
115 204
115 314
115 573
115 95
115 879
116 573
116 268
116 774
116 93
116 306
116 963
116 463
116 628
116 498
117 275
117 715
117 848
117 817
117 566
117 1000
117 974
117 362
117 284
117 372
117 361
117 665
117 122
117 147
117 126
117 503
117 375
117 750
117 870
118 346
118 504
118 661
118 893
118 74
118 911
118 660
118 58
118 96
118 433
118 344
119 416
119 13
119 357
119 93
119 866
119 489
119 85
119 445
119 370
120 263
120 331
120 382
120 270
120 36
121 28
121 503
121 757
121 297
121 908
121 690
122 817
122 515
122 117
122 692
122 50
122 499
122 548
122 894
122 717
122 865
122 834
122 769
123 109
123 56
123 274
124 143
124 280
124 91
124 628
124 559
124 854
124 222
124 311
125 286
125 539
125 665
125 767
125 835
125 252
125 82
125 803
125 611
126 621
126 117
126 615
126 14
126 904
126 175
126 859
126 200
126 883
126 824
126 602
126 77
126 774
126 795
126 428
126 257
127 759
127 770
127 619
127 777
127 651
127 98
127 351
127 229
127 462
127 92
127 993
127 558
127 287
127 8
127 460
127 890
127 284
128 297
128 696
128 384
128 99
128 888
128 91
128 501
128 174
128 976
128 941
128 209
128 635
128 753
128 987
128 532
128 234
128 44
128 890
128 487
128 584
129 299
129 13
129 304
129 312
129 475
129 232
129 409
129 675
130 604
130 145
130 12
130 493
130 654
130 232
130 655
130 818
130 878
130 336
130 549
130 365
130 669
131 23
131 966
131 503
131 925
131 968
132 455
132 222
132 686
132 952
132 295
132 231
132 582
132 28
132 470
132 954
132 276
132 783
132 810
132 359
133 395
133 333
133 334
133 342
133 615
133 504
133 479
133 544
133 232
133 790
133 109
133 686
133 626
133 952
133 784
133 288
133 446
134 874
134 373
134 231
134 937
134 321
134 458
134 823
134 790
134 649
134 785
134 918
134 572
134 1000
134 522
134 169
135 944
135 507
135 329
135 575
135 552
135 250
135 305
135 943
135 837
135 9
135 364
135 56
135 427
135 488
135 831
135 137
136 305
136 150
136 477
136 60
136 488
136 474
137 475
137 135
137 25
137 155
137 649
137 229
137 832
137 632
137 757
137 966
137 792
137 45
137 564
137 331
137 689
137 337
137 780
138 300
138 591
138 904
138 39
138 395
138 805
138 77
138 907
138 13
138 820
139 850
139 47
139 248
139 490
139 745
139 375
139 346
139 810
139 251
139 776
139 731
139 660
139 933
140 697
140 450
140 538
140 927
140 458
140 217
140 938
141 557
141 345
141 272
141 220
141 471
141 655
141 667
141 569
141 267
141 252
141 584
141 447
142 940
142 466
142 49
142 632
142 358
142 178
142 494
142 215
142 748
142 202
142 430
142 510
142 853
142 46
142 774
143 362
143 43
143 890
143 111
143 830
143 124
143 35
143 73
143 495
143 937
143 434
143 89
143 442
144 470
144 941
144 886
144 581
144 961
144 730
144 774
144 976
144 250
144 334
144 981
144 592
144 959
144 816
144 407
144 293
144 49
144 258
145 418
145 376
145 860
145 80
145 803
145 668
145 934
145 747
145 27
145 564
145 574
145 130
145 467
145 938
145 888
145 45
145 44
145 94
145 699
145 879
146 312
146 782
146 87
146 150
146 38
146 952
146 573
146 760
146 43
146 550
146 683
146 222
146 519
146 883
147 600
147 968
147 448
147 92
147 293
147 456
147 117
147 594
147 779
147 100
147 879
148 539
148 497
148 699
148 157
149 469
149 729
149 156
149 329
149 291
149 562
149 774
149 356
149 274
149 59
149 853
149 689
149 82
149 738
149 984
150 28
150 604
150 828
150 496
150 591
150 482
150 887
150 423
150 328
150 156
150 136
150 568
150 576
150 574
150 757
150 773
150 411
150 815
150 146
150 101
150 62
151 397
151 27
151 87
151 249
151 553
151 815
151 208
151 7
152 419
152 357
152 559
152 848
152 658
152 705
152 455
152 883
152 388
153 425
153 855
153 864
153 643
153 203
153 905
153 579
153 795
153 919
153 391
153 804
153 257
153 880
153 428
154 790
154 373
154 251
154 711
154 81
154 28
154 497
154 517
154 737
154 714
154 869
154 598
154 237
155 747
155 1000
155 271
155 894
155 236
155 334
155 359
155 442
155 387
155 137
155 578
156 529
156 290
156 304
156 860
156 163
156 149
156 150
156 598
157 514
157 429
157 168
157 550
157 422
157 962
157 892
157 938
157 148
157 869
158 970
158 981
158 405
158 219
158 351
158 659
158 215
158 212
158 913
158 423
158 209
158 934
158 28
158 926
158 823
158 394
158 56
158 750
159 558
159 309
159 359
159 48
159 47
159 888
159 180
159 178
159 643
159 425
159 199
159 743
159 690
159 724
159 984
160 884
160 504
160 174
160 420
160 816
160 364
160 907
160 370
160 790
160 311
160 937
160 95
161 515
161 277
161 805
161 301
161 52
161 385
161 297
161 449
161 482
161 86
162 717
162 802
162 837
162 285
162 604
162 618
162 403
162 905
162 387
162 188
162 669
162 732
162 76
163 54
163 156
163 234
163 343
163 517
163 950
164 889
164 489
164 908
164 375
164 100
164 656
164 370
165 68
165 454
165 418
165 78
165 573
165 189
166 334
166 403
166 433
166 436
166 805
166 382
166 522
166 189
166 572
166 941
166 891
166 791
166 777
166 994
166 808
166 628
166 347
166 172
166 558
166 725
166 565
166 758
166 983
166 590
166 610
166 447
166 351
167 694
167 51
167 429
167 697
167 964
167 75
167 299
167 108
167 210
167 443
167 982
167 934
168 83
168 642
168 115
168 182
168 111
168 938
168 655
168 157
168 286
168 933
168 859
169 430
169 285
169 240
169 977
169 638
169 702
169 134
169 321
169 918
169 776
169 750
169 449
169 866
169 703
169 802
169 184
169 212
170 826
170 526
170 864
170 745
171 34
171 776
171 733
172 583
172 790
172 412
172 343
172 166
172 711
172 841
172 720
172 34
172 526
172 738
172 961
172 486
173 232
173 58
173 852
174 678
174 869
174 291
174 699
174 319
174 497
174 93
174 851
174 716
174 160
174 317
174 213
174 255
174 657
174 808
174 128
174 722
174 353
174 21
175 665
175 126
175 441
175 224
175 309
175 804
175 583
176 45
176 222
176 555
176 627
176 314
176 712
176 60
176 741
177 522
177 794
177 438
177 885
177 245
177 540
177 911
177 191
177 675
177 837
177 993
177 204
177 445
177 581
177 640
177 7
177 965
177 60
178 444
178 229
178 507
178 710
178 183
178 964
178 451
178 516
178 32
178 919
178 481
178 60
178 940
178 742
178 347
178 159
178 348
178 890
178 142
178 791
178 101
179 277
179 713
179 592
179 882
179 362
179 22
179 593
179 825
179 782
179 925
180 242
180 631
180 5
180 88
180 204
180 854
180 902
180 387
180 624
180 159
180 797
180 741
180 637
180 949
180 105
180 266
181 331
181 797
181 742
181 32
182 485
182 439
182 229
182 442
182 712
182 989
182 902
182 68
182 92
182 168
183 468
183 24
183 219
183 390
183 331
183 845
183 54
183 178
183 365
183 788
183 628
183 281
183 327
184 326
184 411
184 187
184 974
184 197
184 905
184 807
184 169
184 318
184 474
184 578
185 227
185 901
185 199
185 593
185 246
185 691
185 769
185 379
185 937
186 820
186 101
186 376
186 300
186 457
186 85
186 828
186 694
186 727
186 852
186 188
186 69
186 377
186 974
186 550
187 184
187 329
187 62
187 664
187 115
187 261
187 469
188 327
188 676
188 266
188 461
188 514
188 162
188 834
188 213
188 595
188 252
188 505
188 652
188 186
188 647
189 485
189 42
189 835
189 520
189 988
189 165
189 687
189 621
189 542
189 969
189 514
189 166
189 790
189 917
189 741
189 264
189 768
190 628
190 564
190 990
190 754
190 66
190 869
190 963
191 269
191 972
191 265
191 944
191 78
191 589
191 797
191 177
191 879
192 797
192 471
192 217
192 570
192 322
192 550
193 253
193 396
193 787
193 888
193 442
193 43
193 62
193 3
193 942
193 840
193 25
193 105
193 895
193 402
193 664
193 732
194 291
194 500
194 410
194 415
194 790
194 947
194 569
194 93
194 903
194 793
194 872
195 857
195 543
195 352
195 280
195 100
195 612
195 304
195 797
195 420
195 808
195 934
195 834
195 997
195 591
195 745
196 418
196 449
196 269
196 633
196 82
196 967
196 563
196 22
196 830
196 560
196 869
196 769
197 244
197 922
197 503
197 335
197 908
197 524
197 184
197 437
197 273
198 816
198 112
198 382
198 744
198 52
198 433
198 958
198 936
198 103
198 636
198 758
198 903
198 284
198 610
199 283
199 875
199 214
199 185
199 358
199 396
199 159
199 856
199 909
199 67
199 313
199 540
199 876
199 552
199 370
199 354
199 40
199 410
199 853
199 92
199 257
199 269
200 735
200 677
200 487
200 584
200 746
200 627
200 748
200 126
200 675
200 972
200 474
200 264
200 971
200 690
201 528
201 308
201 998
201 306
201 760
201 217
201 939
201 628
201 732
201 270
201 741
201 434
201 667
201 232
201 71
201 7
202 206
202 708
202 7
202 888
202 142
202 520
202 867
202 392
202 548
202 77
202 961
202 549
202 212
202 28
202 615
202 645
202 421
202 749
202 544
202 977
202 863
202 225
202 982
202 415
202 922
202 879
203 219
203 153
203 557
203 754
204 850
204 762
204 408
204 321
204 460
204 530
204 115
204 401
204 55
204 713
204 177
204 451
204 916
204 101
204 629
204 89
204 276
204 585
204 564
204 790
204 34
204 285
204 180
205 868
205 709
205 825
205 43
205 822
205 354
205 588
206 202
206 977
206 737
206 598
206 322
207 602
207 640
208 281
208 151
208 787
208 585
208 661
208 801
208 885
208 393
208 559
208 602
208 298
208 561
209 902
209 961
209 810
209 12
209 256
209 128
209 614
209 443
209 354
209 225
209 158
209 275
209 556
209 750
210 486
210 167
210 645
210 62
210 364
210 493
210 36
210 91
210 560
210 760
210 89
210 718
210 4
210 899
210 835
210 503
210 407
210 963
211 451
211 449
211 356
211 348
211 625
211 912
211 629
211 98
211 389
211 807
211 470
211 430
211 873
211 849
211 505
211 573
212 169
212 242
212 95
212 48
212 691
212 654
212 382
212 498
212 158
212 202
212 919
212 352
212 247
212 101
212 803
212 769
213 890
213 559
213 730
213 331
213 477
213 392
213 174
213 277
213 813
213 34
213 42
213 519
213 664
213 760
213 766
213 188
214 450
214 914
214 199
214 838
214 730
214 93
214 326
214 872
215 244
215 765
215 425
215 158
215 649
215 845
215 393
215 430
215 268
215 427
215 464
215 142
216 337
216 853
216 285
216 350
216 531
216 92
216 780
217 415
217 287
217 140
217 192
217 479
217 48
217 566
217 471
217 498
217 759
217 675
217 961
217 24
217 849
217 806
217 539
217 485
217 201
217 753
217 940
218 692
218 527
218 964
218 648
218 50
218 951
218 106
218 425
218 665
218 14
218 85
218 401
218 49
218 840
218 233
218 354
219 804
219 396
219 934
219 23
219 642
219 252
219 40
219 639
219 644
219 203
219 227
219 419
219 618
219 714
219 409
219 938
219 589
219 158
219 183
219 59
220 557
220 921
220 997
220 576
220 416
220 696
220 1000
220 141
220 941
220 424
220 35
220 964
220 67
220 626
220 66
220 673
220 593
220 524
220 782
220 731
220 407
220 94
220 463
221 405
221 225
221 33
221 883
221 95
222 309
222 929
222 62
222 124
222 887
222 90
222 338
222 677
222 755
222 146
222 508
222 675
222 918
222 802
222 132
222 176
222 30
223 836
223 947
223 834
223 633
223 475
223 450
223 45
223 892
223 336
223 245
223 903
224 763
224 914
224 232
224 903
224 907
224 48
224 4
224 776
224 175
224 882
224 673
224 978
224 768
224 984
225 479
225 209
225 473
225 980
225 371
225 202
225 657
225 221
225 577
225 467
225 27
225 811
225 911
225 971
225 869
225 933
225 880
226 526
226 258
226 857
226 286
226 798
226 684
226 367
226 55
226 603
226 640
226 360
226 889
226 617
226 577
226 509
227 35
227 507
227 297
227 293
227 440
227 185
227 924
227 830
227 24
227 263
227 503
227 927
227 219
227 497
227 410
227 508
227 545
227 791
227 486
227 96
228 949
228 746
228 826
228 888
228 561
228 405
228 524
228 286
228 382
228 47
228 965
228 44
228 630
228 834
228 838
228 768
228 705
228 567
229 848
229 102
229 411
229 297
229 893
229 34
229 723
229 127
229 586
229 538
229 503
229 182
229 178
229 137
229 968
229 269
230 490
230 921
230 109
230 77
230 648
230 250
231 232
231 665
231 343
231 899
231 308
231 633
231 82
231 134
231 132
231 384
231 647
232 529
232 231
232 772
232 133
232 129
232 201
232 924
232 173
232 130
232 672
232 224
232 611
232 481
232 591
232 267
232 863
232 441
233 710
233 973
233 52
233 825
233 289
233 276
233 108
233 423
233 55
233 218
233 579
233 594
233 568
233 295
234 431
234 738
234 360
234 243
234 414
234 163
234 612
234 531
234 275
234 920
234 721
234 486
234 26
234 802
234 38
234 854
234 56
234 128
234 947
234 356
234 496
234 59
234 18
234 114
235 61
235 498
235 869
236 504
236 155
236 983
236 679
236 526
237 267
237 7
237 786
237 610
237 982
237 692
237 272
237 968
237 154
237 844
237 893
237 601
237 32
238 672
238 56
238 71
238 518
238 81
238 721
238 942
239 366
239 618
239 738
239 567
239 651
240 721
240 84
240 448
240 892
240 810
240 14
240 617
240 405
240 837
240 969
240 169
240 419
240 598
241 841
241 709
241 652
241 784
241 488
242 470
242 337
242 783
242 340
242 180
242 212
243 476
243 727
243 946
243 737
243 32
243 553
243 532
243 790
243 700
243 8
243 19
243 839
243 22
243 434
243 15
243 234
243 889
243 584
243 105
243 79
243 486
244 197
244 215
244 68
244 519
245 439
245 251
245 223
245 472
245 32
245 838
245 370
245 365
245 499
245 336
245 660
245 735
245 177
246 185
246 687
246 390
246 331
246 385
246 775
246 902
246 781
247 71
247 304
247 507
247 212
247 693
247 962
247 817
247 510
247 69
247 100
247 568
247 990
248 314
248 943
248 617
248 646
248 919
248 266
248 139
248 937
249 265
249 941
249 313
249 824
249 151
249 507
249 111
249 697
249 12
249 8
249 904
249 758
249 879
250 689
250 22
250 93
250 961
250 825
250 135
250 867
250 691
250 659
250 934
250 461
250 317
250 666
250 397
250 476
250 709
250 302
250 230
250 47
250 480
250 940
250 144
250 903
250 632
250 92
250 791
250 306
251 279
251 976
251 624
251 453
251 602
251 154
251 398
251 308
251 245
251 442
251 391
251 396
251 531
251 139
251 588
252 971
252 58
252 711
252 643
252 188
252 805
252 125
252 525
252 354
252 941
252 762
252 337
252 956
252 141
252 914
252 313
252 931
252 407
252 498
252 434
252 219
252 630
252 690
252 963
252 44
253 86
253 533
253 914
253 440
253 1
253 973
253 270
253 193
253 938
253 305
253 7
253 720
253 942
253 610
254 890
254 653
254 594
254 615
254 677
254 862
254 80
254 51
254 746
254 456
254 703
254 547
254 876
254 292
254 801
255 364
255 174
255 753
255 937
256 951
256 938
256 877
256 451
256 624
256 22
256 209
256 578
257 938
257 3
257 199
257 812
257 153
257 387
257 29
257 126
257 100
257 359
258 915
258 144
258 862
258 107
258 80
258 302
258 559
258 335
258 226
258 67
258 44
258 5
258 608
259 467
259 551
259 61
259 790
259 723
259 352
259 735
259 84
260 401
260 379
260 450
260 742
260 717
260 571
260 45
260 880
261 335
261 808
261 838
261 1000
261 266
261 901
261 187
261 61
261 76
262 606
262 732
263 120
263 333
263 227
263 906
263 920
263 839
263 502
263 908
263 331
263 688
263 4
263 732
264 14
264 200
264 320
264 189
264 508
264 653
264 578
264 876
264 559
264 685
264 479
264 737
264 495
265 546
265 35
265 463
265 310
265 879
265 968
265 773
265 564
265 570
265 911
265 887
265 331
265 758
265 825
265 917
265 249
265 626
265 660
265 191
266 248
266 82
266 373
266 180
266 510
266 663
266 101
266 899
266 46
266 489
266 86
266 188
266 800
266 261
266 633
266 754
266 26
267 232
267 141
267 871
267 113
267 859
267 523
267 926
267 747
267 275
267 460
267 596
267 84
267 602
267 758
267 918
267 681
267 611
267 237
268 427
268 442
268 33
268 589
268 215
268 807
268 415
268 283
268 788
268 340
268 116
268 98
268 590
268 761
268 814
269 452
269 94
269 819
269 542
269 199
269 328
269 891
269 61
269 735
269 229
269 373
269 504
269 934
269 276
269 196
269 731
269 324
269 971
269 401
269 191
270 253
270 21
270 73
270 310
270 583
270 70
270 439
270 120
270 728
270 778
270 825
270 441
270 201
270 978
270 432
270 392
271 902
271 155
271 742
271 106
271 55
272 478
272 141
272 477
272 901
272 704
272 518
272 237
272 919
272 761
272 302
272 753
273 197
273 295
273 837
273 8
273 982
274 418
274 964
274 149
274 944
274 600
274 310
274 701
274 461
274 748
274 123
274 723
274 59
274 496
274 25
274 872
275 903
275 40
275 209
275 525
275 289
275 602
275 234
275 817
275 309
275 267
275 8
275 117
275 763
276 788
276 132
276 321
276 824
276 74
276 680
276 288
276 269
276 485
276 953
276 930
276 469
276 773
276 356
276 204
276 233
277 961
277 28
277 832
277 279
277 82
277 869
277 213
277 858
277 980
277 16
277 179
277 40
277 161
277 923
278 846
278 616
278 484
278 943
278 755
278 770
278 837
278 109
278 607
278 101
278 286
279 251
279 723
279 904
279 585
279 392
279 45
279 664
279 988
279 868
279 709
279 277
279 935
279 457
279 926
279 570
279 598
279 556
279 820
280 33
280 397
280 519
280 124
280 286
280 388
280 495
280 617
280 667
280 195
280 301
281 506
281 359
281 793
281 592
281 998
281 51
281 106
281 183
281 808
281 355
281 843
281 920
281 64
281 373
281 208
281 842
281 950
281 722
281 115
282 15
282 893
282 84
282 935
282 904
282 707
282 703
282 509
282 822
283 268
283 690
283 867
283 442
283 199
283 503
283 712
283 454
283 594
283 640
283 721
283 812
284 621
284 981
284 784
284 198
284 769
284 638
284 668
284 880
284 127
284 672
284 322
284 794
284 514
284 483
284 399
284 71
284 378
284 660
284 846
284 117
285 204
285 843
285 362
285 216
285 359
285 793
285 357
285 552
285 162
285 430
285 775
285 445
285 169
285 514
285 345
285 971
286 971
286 737
286 168
286 355
286 787
286 76
286 935
286 54
286 736
286 278
286 641
286 711
286 280
286 125
286 226
286 640
286 228
286 82
286 705
286 394
287 40
287 383
287 428
287 832
287 127
287 36
287 709
287 399
287 779
287 742
287 324
287 840
287 761
287 217
288 501
288 340
288 899
288 525
288 133
288 451
288 276
288 4
288 544
288 781
289 663
289 401
289 392
289 732
289 275
289 233
289 404
290 45
290 564
290 156
290 589
290 114
290 914
290 646
290 853
290 77
290 610
290 862
291 55
291 415
291 110
291 988
291 373
291 343
291 174
291 790
291 841
291 149
291 998
291 876
291 829
291 194
292 254
292 927
292 489
292 806
292 546
292 850
292 728
292 9
292 401
292 759
292 823
292 471
292 816
292 667
292 584
293 144
293 969
293 66
293 765
293 227
293 324
293 147
293 503
293 842
293 488
293 492
293 637
293 739
294 851
294 818
294 5
294 993
294 461
294 28
294 922
294 628
294 559
294 617
294 865
294 731
294 457
294 990
294 721
294 62
295 338
295 872
295 578
295 690
295 4
295 454
295 233
295 647
295 773
295 399
295 442
295 55
295 99
295 54
295 415
295 816
295 455
295 273
295 132
296 437
296 430
296 525
296 4
296 737
297 631
297 304
297 366
297 338
297 121
297 912
297 925
297 227
297 551
297 128
297 834
297 751
297 808
297 161
297 591
297 739
297 23
297 229
297 546
298 593
298 79
298 622
298 748
298 942
298 738
298 594
298 943
298 767
298 765
298 336
298 545
298 208
298 77
298 660
299 594
299 383
299 691
299 88
299 898
299 381
299 604
299 544
299 510
299 400
299 939
299 167
299 591
299 732
299 983
299 129
300 138
300 925
300 495
300 186
301 519
301 280
301 919
301 623
301 632
301 814
301 57
301 648
301 109
301 785
301 8
301 443
301 161
301 703
301 684
301 934
302 914
302 425
302 272
302 539
302 940
302 28
302 250
302 353
302 258
302 556
303 968
303 918
303 908
303 849
303 976
303 600
303 987
303 312
303 455
303 460
303 851
304 397
304 156
304 977
304 758
304 934
304 658
304 809
304 919
304 927
304 195
304 247
304 297
304 1000
304 129
305 521
305 136
305 253
305 598
305 135
305 578
305 82
305 602
305 343
305 742
305 68
305 555
306 880
306 520
306 931
306 834
306 250
306 485
306 53
306 430
306 201
306 585
306 630
306 116
307 966
307 430
307 524
307 69
307 873
307 689
307 433
307 86
307 115
307 447
308 353
308 231
308 580
308 37
308 506
308 251
308 201
308 858
308 918
308 963
309 43
309 23
309 639
309 531
309 722
309 175
309 658
309 949
309 275
309 735
309 450
309 793
309 709
309 748
309 39
309 159
309 956
309 222
310 265
310 270
310 434
310 471
310 114
310 494
310 274
310 606
310 508
310 711
310 974
310 561
310 98
310 862
311 160
311 638
311 124
311 460
311 566
311 445
311 695
311 27
311 530
311 610
311 31
311 884
311 845
311 889
311 553
311 406
311 978
311 991
311 79
311 859
312 945
312 790
312 90
312 146
312 18
312 864
312 129
312 651
312 303
313 932
313 638
313 422
313 903
313 599
313 104
313 199
313 249
313 492
313 252
313 550
314 248
314 379
314 376
314 527
314 176
314 14
314 989
314 115
314 24
314 966
314 758
314 525
314 432
314 422
314 972
314 925
315 837
315 786
315 780
315 842
315 753
315 512
315 751
315 858
315 782
315 791
316 89
316 398
317 174
317 90
317 250
317 91
317 470
317 34
317 326
317 459
317 812
317 852
318 184
318 993
318 607
318 54
318 503
318 329
318 910
318 77
318 109
318 5
318 378
318 559
318 867
318 533
318 82
319 428
319 174
319 790
319 688
319 27
319 691
319 556
319 600
320 61
320 60
320 93
320 989
320 675
320 264
321 12
321 827
321 721
321 42
321 35
321 467
321 372
321 169
321 903
321 74
321 276
321 204
321 366
321 458
321 7
321 134
321 669
322 811
322 726
322 774
322 922
322 604
322 206
322 192
322 108
322 352
322 26
322 75
322 364
322 496
322 284
322 724
323 52
323 400
323 15
323 339
323 545
324 507
324 811
324 293
324 960
324 287
324 514
324 269
324 28
324 446
324 377
324 886
324 338
325 648
325 664
325 885
325 884
325 420
325 757
325 565
325 811
325 492
325 81
325 937
326 75
326 317
326 573
326 572
326 214
326 725
326 515
326 95
326 89
326 492
326 983
326 893
326 455
326 184
326 25
326 735
326 808
327 821
327 415
327 183
327 590
327 341
327 467
327 797
327 363
327 188
327 720
327 585
327 407
327 754
327 403
327 573
327 351
327 588
328 402
328 150
328 744
328 878
328 269
329 610
329 187
329 51
329 354
329 974
329 517
329 819
329 748
329 389
329 149
329 135
329 318
329 590
329 716
329 1000
330 953
330 479
330 630
330 83
330 904
330 648
330 356
330 891
330 878
330 474
330 741
330 363
331 120
331 181
331 265
331 740
331 786
331 137
331 263
331 213
331 183
331 83
331 479
331 377
331 993
331 428
331 441
331 246
331 810
331 86
331 862
332 39
332 558
332 375
332 683
333 263
333 740
333 806
333 749
333 688
333 133
333 736
333 578
334 480
334 576
334 377
334 433
334 155
334 728
334 14
334 404
334 374
334 166
334 133
334 144
335 788
335 691
335 375
335 197
335 37
335 258
335 91
335 636
335 607
335 1000
335 551
335 983
335 704
335 261
335 508
335 982
335 529
335 72
336 130
336 298
336 786
336 931
336 223
336 562
336 388
336 21
336 797
336 600
336 640
336 405
336 245
336 34
336 557
336 690
337 242
337 216
337 572
337 598
337 599
337 797
337 870
337 137
337 482
337 479
337 892
337 252
337 519
337 984
338 1000
338 71
338 652
338 460
338 324
338 560
338 541
338 785
338 608
338 394
338 659
338 617
338 582
338 398
338 730
338 666
338 222
338 295
338 297
338 590
339 751
339 773
339 814
339 764
339 323
339 70
339 651
339 374
339 486
339 684
339 715
339 14
340 727
340 19
340 622
340 268
340 795
340 566
340 413
340 242
340 966
340 538
340 48
340 581
340 288
340 561
340 86
340 769
340 578
341 551
341 56
341 471
341 797
341 626
341 327
342 831
342 889
342 733
342 133
342 352
342 530
342 961
343 466
343 42
343 82
343 72
343 786
343 163
343 913
343 305
343 291
343 369
343 231
343 790
343 16
343 172
343 838
343 980
343 1000
344 959
344 892
344 118
344 57
344 852
344 980
344 387
344 560
344 923
344 53
344 724
345 710
345 476
345 112
345 773
345 975
345 451
345 766
345 696
345 622
345 285
345 540
345 141
345 67
345 585
345 829
345 495
346 802
346 118
346 70
346 40
346 686
346 741
346 978
346 139
347 393
347 166
347 794
347 12
347 540
347 448
347 595
347 178
347 531
347 662
347 490
347 1000
347 891
347 643
347 673
347 59
347 482
347 98
347 94
348 526
348 916
348 110
348 472
348 178
348 211
348 356
348 460
348 904
348 578
349 939
349 828
349 761
349 985
349 888
349 613
349 847
349 964
349 494
349 872
349 710
349 502
349 620
349 933
349 357
349 353
349 606
349 21
350 895
350 216
350 101
350 105
350 421
350 611
350 991
350 431
350 825
350 917
350 943
350 544
350 809
350 410
350 730
350 545
351 166
351 327
351 587
351 29
351 655
351 127
351 158
351 27
351 558
351 866
351 703
351 58
351 36
352 974
352 461
352 259
352 956
352 941
352 342
352 212
352 790
352 87
352 959
352 766
352 195
352 798
352 691
352 480
352 1000
352 322
353 16
353 551
353 349
353 416
353 720
353 302
353 611
353 933
353 92
353 174
353 402
353 892
353 829
353 827
353 806
353 553
353 901
353 771
353 572
353 308
354 199
354 774
354 894
354 209
354 699
354 218
354 205
354 876
354 625
354 252
354 329
354 912
355 627
355 746
355 475
355 864
355 94
355 903
355 915
355 374
355 801
355 733
355 503
355 467
355 286
355 281
355 691
356 234
356 429
356 652
356 696
356 276
356 832
356 756
356 768
356 149
356 348
356 541
356 19
356 211
356 330
356 952
356 524
356 487
356 82
357 939
357 650
357 923
357 349
357 482
357 107
357 27
357 95
357 152
357 87
357 285
357 867
357 119
357 563
357 630
357 446
358 199
358 460
358 142
358 967
358 732
359 658
359 379
359 718
359 155
359 898
359 548
359 614
359 32
359 257
359 132
359 159
359 285
359 496
359 281
359 820
360 226
360 951
360 830
360 498
360 234
360 649
360 815
360 42
360 761
360 79
361 117
361 855
361 725
361 805
361 399
361 681
361 585
361 781
362 143
362 655
362 483
362 179
362 907
362 889
362 959
362 731
362 285
362 851
362 760
362 117
363 327
363 523
363 699
363 927
363 330
363 749
363 100
363 499
363 567
363 883
364 135
364 987
364 968
364 255
364 160
364 322
364 65
364 432
364 511
364 469
364 634
364 831
364 89
364 210
364 19
364 557
364 704
364 608
365 631
365 816
365 992
365 818
365 751
365 967
365 417
365 183
365 245
365 130
365 825
365 30
366 537
366 321
366 449
366 807
366 714
366 478
366 646
366 665
366 614
366 239
366 773
366 637
366 739
366 297
367 226
367 817
367 82
367 883
367 556
368 917
368 782
368 626
368 995
368 530
368 501
368 814
368 724
369 343
369 893
369 56
369 408
369 8
369 956
369 963
369 649
370 199
370 782
370 245
370 591
370 474
370 784
370 660
370 160
370 688
370 379
370 620
370 119
370 786
370 164
370 922
370 939
370 568
370 570
371 225
371 17
372 710
372 544
372 117
372 36
372 646
372 593
372 696
372 321
372 483
372 606
372 437
372 804
373 269
373 291
373 696
373 419
373 704
373 650
373 889
373 52
373 497
373 713
373 527
373 908
373 8
373 281
373 453
373 808
373 957
373 154
373 998
373 377
373 266
373 840
373 134
373 814
373 2
374 33
374 633
374 334
374 765
374 355
374 339
374 908
374 849
374 942
375 464
375 920
375 492
375 635
375 449
375 110
375 9
375 36
375 164
375 90
375 993
375 117
375 332
375 38
375 974
375 624
375 335
375 139
376 314
376 776
376 508
376 895
376 145
376 23
376 186
377 373
377 716
377 956
377 508
377 573
377 186
377 835
377 2
377 911
377 324
377 80
377 334
377 331
377 405
377 7
377 800
377 813
377 77
377 394
378 284
378 318
378 108
378 570
378 864
378 835
379 554
379 402
379 185
379 556
379 925
379 954
379 80
379 314
379 835
379 672
379 260
379 359
379 370
380 421
380 109
380 834
380 665
380 795
380 33
381 299
381 525
381 640
381 920
381 990
381 17
381 1000
382 738
382 81
382 992
382 120
382 866
382 914
382 696
382 166
382 503
382 198
382 228
382 691
382 212
383 299
383 387
383 876
383 60
383 287
383 720
383 567
384 781
384 881
384 625
384 724
384 600
384 819
384 765
384 870
384 948
384 231
384 661
384 128
384 534
384 32
384 969
384 810
384 565
384 846
385 15
385 765
385 420
385 63
385 402
385 90
385 673
385 498
385 786
385 927
385 797
385 246
385 161
385 741
386 409
386 758
386 432
386 628
386 601
386 32
386 626
386 499
386 859
387 344
387 180
387 383
387 950
387 534
387 952
387 506
387 95
387 155
387 471
387 856
387 162
387 492
387 675
387 801
387 257
388 101
388 485
388 15
388 70
388 876
388 51
388 527
388 34
388 12
388 152
388 906
388 336
388 637
388 280
389 714
389 113
389 584
389 876
389 400
389 501
389 633
389 329
389 889
389 890
389 211
389 681
390 748
390 183
390 954
390 775
390 246
390 8
390 849
390 632
390 699
390 769
390 60
391 470
391 153
391 70
391 251
391 29
391 800
391 911
391 646
391 633
391 833
391 108
392 957
392 289
392 972
392 213
392 270
392 875
392 535
392 279
392 202
392 547
393 819
393 692
393 215
393 780
393 579
393 347
393 208
393 949
394 642
394 286
394 755
394 158
394 377
394 759
394 807
394 733
394 23
394 478
394 707
394 338
395 133
395 138
395 503
395 938
396 931
396 54
396 973
396 484
396 932
396 408
396 8
396 251
396 43
396 193
396 966
396 661
396 53
396 901
396 199
396 219
396 725
396 563
396 804
397 151
397 304
397 280
397 643
397 250
397 954
397 458
397 488
397 637
398 823
398 770
398 338
398 316
398 251
398 848
398 719
398 496
398 855
398 115
399 403
399 2
399 361
399 284
399 92
399 109
399 439
399 485
399 466
399 287
399 458
399 295
399 70
400 64
400 682
400 323
400 531
400 820
400 896
400 389
400 483
400 299
400 892
400 546
401 289
401 45
401 533
401 489
401 218
401 470
401 269
401 527
401 722
401 260
401 204
401 292
401 919
402 1
402 498
402 740
402 193
402 897
402 385
402 77
402 328
402 434
402 825
402 353
402 569
402 42
402 646
402 379
403 624
403 909
403 764
403 327
403 777
403 166
403 399
403 425
403 688
403 601
403 766
403 840
403 31
403 17
403 162
403 769
403 651
404 978
404 10
404 289
404 561
404 884
404 829
404 86
404 648
404 690
404 545
404 786
404 334
404 922
405 240
405 914
405 839
405 747
405 27
405 68
405 377
405 624
405 661
405 616
405 580
405 757
405 681
405 468
405 453
405 221
405 49
405 727
405 39
405 91
405 158
405 582
405 336
405 228
405 93
405 840
405 745
406 311
406 910
406 483
406 431
406 828
406 458
406 107
406 23
406 614
406 854
406 32
406 903
407 60
407 54
407 577
407 824
407 986
407 220
407 210
407 327
407 809
407 144
407 505
407 252
408 110
408 937
408 566
408 977
408 717
408 450
408 84
408 438
408 973
408 369
408 204
408 995
408 822
408 396
408 984
409 520
409 219
409 838
409 386
409 129
409 738
409 919
409 762
409 725
409 114
409 939
409 48
409 49
409 761
410 199
410 478
410 672
410 227
410 93
410 619
410 350
410 94
410 972
410 587
410 87
410 194
410 949
410 801
410 1000
411 533
411 663
411 688
411 819
411 638
411 591
411 150
411 490
411 673
411 848
411 831
411 69
411 184
411 925
411 672
411 229
412 172
412 630
412 858
413 453
413 503
413 340
413 421
413 40
413 780
414 679
414 234
414 922
415 87
415 295
415 993
415 755
415 268
415 612
415 680
415 471
415 793
415 638
415 921
415 438
415 462
415 420
415 24
415 672
415 579
415 111
415 202
415 681
415 291
415 481
415 194
415 327
415 217
416 806
416 220
416 119
416 926
416 353
416 992
417 451
417 907
417 954
417 824
417 448
417 723
417 109
417 365
417 795
417 995
417 57
417 738
417 610
417 578
418 667
418 796
418 165
418 595
418 908
418 948
418 943
418 494
418 274
418 196
418 145
419 152
419 914
419 979
419 842
419 240
419 373
419 797
419 854
419 219
419 646
420 105
420 562
420 906
420 614
420 600
420 924
420 988
420 542
420 940
420 385
420 52
420 325
420 160
420 5
420 76
420 561
420 415
420 89
420 476
420 689
420 195
420 557
420 971
420 987
420 886
420 1000
421 380
421 602
421 550
421 413
421 649
421 844
421 617
421 202
421 350
421 963
422 464
422 314
422 649
422 682
422 78
422 313
422 750
422 631
422 157
422 33
422 49
423 150
423 768
423 455
423 158
423 920
423 557
423 233
423 592
424 220
424 593
424 606
424 765
425 589
425 403
425 159
425 831
425 681
425 215
425 451
425 497
425 218
425 874
425 918
425 302
425 695
425 980
425 741
425 153
426 945
426 902
426 884
426 870
426 851
427 537
427 107
427 135
427 527
427 215
427 837
427 893
427 87
427 268
427 555
427 659
427 437
427 51
427 760
427 30
428 319
428 98
428 331
428 84
428 126
428 688
428 613
428 769
428 153
428 734
428 922
428 649
428 602
428 287
428 4
428 903
428 870
428 590
428 459
428 588
429 474
429 809
429 485
429 84
429 785
429 157
429 356
429 167
429 18
429 437
429 26
430 534
430 96
430 285
430 296
430 307
430 306
430 833
430 830
430 215
430 850
430 211
430 603
430 142
430 623
430 901
430 857
430 688
430 169
430 780
430 30
431 234
431 938
431 441
431 954
431 783
431 406
431 350
432 314
432 504
432 876
432 516
432 990
432 1
432 714
432 386
432 91
432 952
432 270
432 655
432 594
432 364
432 553
432 803
432 982
433 118
433 951
433 532
433 307
433 539
433 598
433 590
433 113
433 334
433 166
433 938
433 579
433 198
433 904
433 474
433 469
434 465
434 310
434 961
434 45
434 243
434 819
434 252
434 533
434 102
434 105
434 402
434 143
434 807
434 788
434 97
434 201
434 724
435 61
435 907
435 48
435 5
435 561
435 745
435 834
436 878
436 166
436 868
436 892
436 44
436 720
436 492
437 296
437 608
437 710
437 887
437 601
437 427
437 197
437 372
437 638
437 591
437 7
437 890
437 429
437 935
437 731
437 526
437 549
438 917
438 415
438 757
438 408
438 630
438 745
438 177
439 23
439 399
439 182
439 640
439 270
439 245
439 840
439 690
439 643
440 227
440 940
440 253
440 631
440 70
440 2
441 270
441 541
441 331
441 545
441 515
441 885
441 932
441 431
441 750
441 175
441 232
441 483
441 44
441 656
441 457
441 660
441 94
441 760
442 143
442 889
442 251
442 155
442 870
442 940
442 552
442 915
442 490
442 193
442 786
442 182
442 268
442 449
442 283
442 741
442 295
442 918
443 24
443 699
443 167
443 732
443 809
443 811
443 301
443 209
443 606
443 920
443 830
443 883
444 503
444 178
444 544
444 565
444 36
445 891
445 980
445 528
445 285
445 177
445 933
445 982
445 71
445 119
445 789
445 866
445 938
445 311
445 651
445 852
446 37
446 596
446 324
446 722
446 822
446 782
446 960
446 133
446 41
446 357
446 667
446 508
447 307
447 141
447 885
447 166
447 972
447 658
447 809
447 749
447 648
447 790
447 93
447 633
447 464
448 147
448 471
448 347
448 483
448 870
448 42
448 240
448 865
448 736
448 417
449 169
449 688
449 442
449 161
449 6
449 679
449 652
449 903
449 637
449 498
449 472
449 211
449 375
449 196
449 366
449 809
449 968
449 646
450 214
450 857
450 632
450 932
450 309
450 260
450 140
450 99
450 942
450 738
450 36
450 828
450 940
450 109
450 408
450 689
450 223
451 760
451 491
451 4
451 256
451 670
451 521
451 211
451 425
451 417
451 571
451 178
451 666
451 204
451 711
451 96
451 345
451 288
451 55
452 43
452 711
452 574
452 470
452 457
452 781
452 269
453 947
453 413
453 487
453 970
453 75
453 950
453 847
453 767
453 575
453 251
453 373
453 483
453 692
453 405
453 749
453 720
453 817
453 545
453 785
453 954
454 771
454 554
454 283
454 85
454 659
454 980
454 513
454 90
454 595
454 165
454 679
454 877
454 539
454 517
454 455
454 575
454 295
454 883
454 912
455 326
455 745
455 48
455 454
455 460
455 295
455 303
455 423
455 152
455 68
455 754
455 738
455 132
456 665
456 254
456 723
456 981
456 962
456 746
456 561
456 861
456 566
456 843
456 786
456 945
456 147
456 460
457 279
457 452
457 294
457 441
457 989
457 42
457 627
457 186
458 860
458 399
458 397
458 721
458 321
458 542
458 978
458 140
458 967
458 855
458 467
458 685
458 886
458 406
458 497
458 842
458 134
459 578
459 747
459 1
459 808
459 317
459 875
459 428
459 60
459 679
459 25
460 520
460 816
460 348
460 934
460 612
460 358
460 456
460 998
460 729
460 696
460 127
460 303
460 596
460 891
460 56
460 983
460 109
460 790
460 455
460 204
460 606
460 267
460 876
460 338
460 672
460 311
461 66
461 503
461 250
461 294
461 274
461 69
461 817
461 352
461 630
461 188
461 851
462 943
462 127
462 504
462 415
462 559
462 681
462 503
462 17
462 967
462 801
463 896
463 116
463 805
463 220
463 930
463 265
463 947
463 811
463 81
463 607
463 743
463 769
464 803
464 851
464 656
464 465
464 788
464 447
464 736
464 516
464 215
464 884
464 90
464 649
464 422
464 375
464 480
465 434
465 703
465 57
465 714
465 464
465 26
465 79
466 654
466 622
466 91
466 399
466 994
466 108
466 553
466 777
466 645
466 343
466 59
466 142
466 82
466 987
466 940
467 259
467 468
467 33
467 603
467 327
467 225
467 145
467 458
467 4
467 809
467 355
467 107
467 321
467 842
467 937
468 467
468 405
468 183
468 553
468 55
469 473
469 433
469 836
469 68
469 612
469 629
469 71
469 187
469 149
469 364
469 276
469 69
469 905
469 990
469 695
469 560
470 635
470 526
470 211
470 242
470 802
470 317
470 835
470 452
470 951
470 620
470 94
470 132
470 950
470 32
470 922
470 603
470 679
470 391
470 401
470 144
470 22
470 632
470 550
470 984
471 646
471 310
471 29
471 292
471 699
471 341
471 192
471 659
471 856
471 651
471 946
471 141
471 448
471 543
471 804
471 415
471 9
471 508
471 817
471 387
471 217
472 713
472 835
472 348
472 245
472 449
472 529
473 711
473 589
473 749
473 225
473 2
473 469
474 429
474 497
474 200
474 33
474 560
474 961
474 184
474 136
474 70
474 433
474 370
474 670
474 330
474 651
475 355
475 744
475 77
475 223
475 137
475 94
475 129
476 818
476 420
476 602
476 250
476 61
476 243
476 345
476 917
477 842
477 867
477 924
477 272
477 55
477 213
477 907
477 136
477 855
477 643
477 20
477 485
477 606
477 802
477 547
478 946
478 539
478 394
478 272
478 525
478 109
478 579
478 748
478 564
478 907
478 410
478 366
478 30
479 264
479 977
479 13
479 83
479 337
479 225
479 331
479 330
479 793
479 918
479 133
479 554
479 217
479 892
479 1000
479 803
480 352
480 66
480 464
480 971
480 73
480 334
480 54
480 878
480 940
480 823
480 250
481 887
481 85
481 232
481 415
481 819
481 483
481 178
481 577
481 815
481 659
481 82
482 557
482 562
482 337
482 785
482 913
482 347
482 161
482 357
482 150
482 947
482 92
483 400
483 372
483 441
483 970
483 284
483 481
483 31
483 845
483 448
483 362
483 739
483 453
483 406
483 829
483 864
484 830
484 619
484 78
484 968
484 396
484 819
484 278
485 593
485 645
485 217
485 477
485 795
485 429
485 306
485 82
485 399
485 878
485 388
485 717
485 182
485 67
485 276
485 8
485 189
485 522
486 172
486 654
486 691
486 101
486 648
486 243
486 227
486 930
486 974
486 14
486 47
486 927
486 1000
486 759
486 814
486 234
486 997
486 210
486 339
486 626
486 555
486 83
486 892
486 801
486 963
487 901
487 356
487 128
487 823
487 582
487 868
487 453
487 200
487 686
487 935
487 810
487 22
488 135
488 659
488 136
488 552
488 241
488 554
488 293
488 13
488 765
488 397
488 936
488 742
488 498
488 965
488 959
488 8
489 119
489 164
489 687
489 889
489 266
489 860
489 103
489 854
489 401
489 575
489 292
489 94
489 691
489 567
489 937
490 520
490 442
490 610
490 839
490 510
490 841
490 659
490 854
490 347
490 665
490 773
490 411
490 725
490 230
490 904
490 139
491 47
491 71
491 865
491 451
491 591
491 743
492 387
492 293
492 325
492 543
492 899
492 924
492 313
492 436
492 525
492 972
492 375
492 720
492 326
492 995
492 81
493 130
493 210
493 534
493 952
493 867
493 533
493 508
493 866
493 822
493 796
494 310
494 789
494 418
494 40
494 866
494 349
494 69
494 81
494 142
494 25
495 54
495 345
495 717
495 264
495 300
495 651
495 714
495 143
495 675
495 930
495 33
495 81
495 62
495 280
496 90
496 636
496 322
496 945
496 234
496 398
496 591
496 359
496 274
496 109
496 834
496 150
496 926
496 81
496 627
496 754
496 17
496 43
497 948
497 936
497 738
497 148
497 227
497 458
497 373
497 174
497 425
497 154
497 474
498 925
498 13
498 651
498 385
498 235
498 116
498 899
498 42
498 488
498 636
498 797
498 360
498 793
498 402
498 893
498 834
498 646
498 449
498 686
498 618
498 23
498 217
498 36
498 212
498 252
499 985
499 363
499 30
499 637
499 967
499 89
499 950
499 683
499 245
499 386
499 968
499 122
500 697
500 905
500 77
500 890
500 194
500 761
501 17
501 613
501 368
501 389
501 128
501 558
501 288
501 848
501 94
501 79
502 263
502 349
502 559
502 510
502 97
502 952
502 878
503 131
503 117
503 461
503 210
503 93
503 382
503 197
503 925
503 227
503 444
503 293
503 121
503 702
503 283
503 229
503 413
503 580
503 789
503 462
503 395
503 7
503 355
503 318
503 664
504 943
504 462
504 269
504 160
504 624
504 118
504 541
504 236
504 77
504 917
504 432
504 977
504 133
504 646
504 741
504 7
505 826
505 407
505 975
505 81
505 970
505 517
505 734
505 188
505 211
505 980
506 622
506 532
506 927
506 387
506 308
506 281
506 557
506 550
507 227
507 324
507 765
507 135
507 178
507 249
507 614
507 59
507 247
507 780
508 493
508 335
508 471
508 648
508 102
508 679
508 446
508 376
508 310
508 227
508 983
508 685
508 683
508 377
508 829
508 19
508 222
508 264
508 705
509 831
509 921
509 541
509 906
509 740
509 74
509 226
509 548
509 282
509 940
509 534
509 40
509 873
509 991
510 583
510 625
510 701
510 105
510 679
510 108
510 963
510 247
510 502
510 77
510 142
510 918
510 490
510 920
510 78
510 299
510 266
510 852
511 364
511 703
511 36
511 859
512 757
512 826
512 867
512 640
512 618
512 315
513 454
514 929
514 285
514 924
514 983
514 673
514 157
514 815
514 33
514 324
514 188
514 284
514 76
514 189
515 740
515 122
515 749
515 441
515 589
515 161
515 326
515 619
515 859
516 432
516 47
516 178
516 14
516 464
516 834
517 826
517 87
517 735
517 688
517 758
517 163
517 929
517 95
517 570
517 454
517 154
517 638
517 17
517 987
517 47
517 505
517 810
517 329
517 942
517 801
517 92
518 878
518 272
518 238
518 525
518 591
518 951
518 2
518 559
518 781
518 891
518 995
518 26
519 337
519 213
519 963
519 146
519 793
519 689
519 45
519 244
519 91
519 103
519 280
519 797
519 788
519 815
519 301
519 31
520 409
520 713
520 490
520 60
520 765
520 202
520 306
520 626
520 460
520 189
521 628
521 305
521 451
521 651
522 759
522 899
522 485
522 707
522 134
522 945
522 166
522 926
522 737
522 627
522 832
522 177
523 733
523 363
523 267
523 590
523 96
524 846
524 307
524 806
524 888
524 92
524 356
524 220
524 197
524 84
524 808
524 106
524 59
524 228
524 91
525 492
525 381
525 879
525 77
525 950
525 314
525 799
525 63
525 296
525 835
525 774
525 252
525 288
525 962
525 518
525 478
525 275
525 52
525 763
526 437
526 645
526 655
526 985
526 236
526 170
526 625
526 172
526 837
526 226
526 711
526 527
526 470
526 348
526 637
526 70
526 570
526 716
526 556
527 915
527 708
527 526
527 584
527 26
527 314
527 696
527 373
527 607
527 388
527 427
527 218
527 691
527 401
528 782
528 201
528 445
529 598
529 640
529 740
529 335
529 821
529 857
529 748
529 785
529 472
529 156
529 232
529 551
529 901
529 754
529 976
530 964
530 751
530 342
530 368
530 86
530 732
530 204
530 311
531 216
531 915
531 755
531 251
531 400
531 234
531 347
531 309
531 17
531 666
532 128
532 506
532 243
532 433
532 36
532 699
533 318
533 542
533 493
533 706
533 891
533 823
533 401
533 411
533 434
533 253
533 660
533 801
534 493
534 787
534 928
534 84
534 509
534 562
534 384
534 387
534 430
534 768
534 19
534 888
534 549
534 588
535 961
535 697
535 947
535 883
535 575
535 582
535 392
536 983
536 935
537 366
537 427
537 912
538 229
538 340
538 140
538 955
538 820
538 65
538 877
538 712
538 872
539 125
539 454
539 302
539 148
539 217
539 54
539 50
539 550
539 952
539 630
539 32
539 872
539 478
539 433
540 106
540 347
540 631
540 892
540 703
540 345
540 199
540 963
540 177
541 504
541 66
541 441
541 356
541 77
541 892
541 619
541 509
541 338
541 754
541 837
541 963
541 556
542 420
542 533
542 890
542 867
542 458
542 269
542 189
543 696
543 586
543 742
543 471
543 195
543 492
543 76
544 350
544 686
544 976
544 202
544 45
544 444
544 288
544 372
544 299
544 80
544 133
544 664
545 949
545 731
545 7
545 947
545 840
545 10
545 453
545 323
545 227
545 785
545 350
545 688
545 298
545 851
545 733
545 441
545 718
545 783
545 815
545 883
545 115
545 404
546 649
546 558
546 297
546 111
546 400
546 73
546 265
546 292
546 62
546 610
547 392
547 477
547 886
547 964
547 254
547 710
547 40
547 868
547 661
547 939
547 768
547 705
548 740
548 663
548 359
548 202
548 803
548 509
548 122
548 550
548 937
549 437
549 809
549 130
549 534
549 101
549 636
549 712
549 622
549 202
549 754
549 738
549 933
550 548
550 470
550 192
550 186
550 313
550 506
550 617
550 539
550 157
550 421
550 630
550 146
551 111
551 587
551 946
551 259
551 341
551 852
551 529
551 85
551 659
551 335
551 622
551 297
551 757
551 654
551 353
551 563
551 77
551 990
551 23
551 43
552 199
552 12
552 818
552 285
552 135
552 980
552 442
552 488
552 632
552 994
552 820
552 912
553 151
553 432
553 844
553 924
553 311
553 900
553 791
553 30
553 795
553 468
553 585
553 466
553 243
553 353
554 479
554 12
554 974
554 454
554 815
554 962
554 488
554 379
555 486
555 427
555 837
555 305
555 859
555 114
555 898
555 622
555 806
555 891
555 679
555 773
555 872
555 176
556 657
556 585
556 302
556 367
556 4
556 319
556 526
556 209
556 541
556 279
556 15
556 661
556 94
556 379
556 796
557 420
557 103
557 336
557 665
557 739
557 100
557 423
557 913
557 506
557 855
557 2
557 860
557 203
557 364
557 220
557 141
557 774
557 914
557 594
557 482
557 933
557 880
558 351
558 929
558 883
558 942
558 501
558 166
558 332
558 127
558 159
558 825
558 109
558 67
558 546
559 152
559 258
559 462
559 826
559 594
559 637
559 567
559 264
559 741
559 776
559 294
559 669
559 124
559 502
559 729
559 977
559 318
559 832
559 105
559 659
559 927
559 213
559 569
559 208
559 518
560 831
560 469
560 977
560 196
560 739
560 984
560 344
560 956
560 80
560 210
560 776
560 838
560 474
560 338
561 340
561 643
561 889
561 310
561 925
561 208
561 435
561 626
561 23
561 670
561 420
561 959
561 744
561 228
561 456
561 404
562 420
562 149
562 534
562 336
562 482
562 907
562 858
562 684
562 862
563 396
563 196
563 357
563 551
563 725
563 608
564 724
564 290
564 137
564 478
564 190
564 660
564 778
564 740
564 797
564 265
564 204
564 145
564 933
565 883
565 573
565 854
565 384
565 325
565 90
565 166
565 444
565 54
565 577
565 49
565 690
565 79
565 608
566 830
566 408
566 89
566 340
566 904
566 456
566 592
566 42
566 217
566 36
566 311
566 820
566 934
566 117
567 363
567 846
567 489
567 101
567 383
567 228
567 239
567 683
567 785
567 76
567 559
567 624
567 901
567 752
567 840
567 658
568 247
568 593
568 370
568 646
568 663
568 665
568 928
568 906
568 42
568 233
568 57
568 813
568 150
568 69
568 848
569 559
569 402
569 88
569 194
569 667
569 697
569 670
569 889
569 141
569 949
569 967
569 26
569 927
570 378
570 370
570 51
570 279
570 584
570 951
570 192
570 71
570 582
570 81
570 526
570 27
570 517
570 265
570 813
570 984
571 632
571 451
571 260
571 859
571 104
571 840
571 643
571 978
571 753
571 592
571 686
571 2
572 134
572 593
572 166
572 337
572 326
572 353
573 651
573 115
573 603
573 786
573 832
573 95
573 729
573 165
573 211
573 770
573 700
573 928
573 327
573 799
573 586
573 377
573 22
573 326
573 565
573 116
573 146
574 690
574 818
574 897
574 39
574 909
574 145
574 987
574 452
574 847
574 911
574 878
574 150
574 31
575 454
575 55
575 681
575 651
575 974
575 695
575 489
575 535
575 54
575 672
575 793
575 453
575 135
575 996
575 972
575 66
575 865
576 334
576 220
576 734
576 150
576 870
577 36
577 9
577 565
577 23
577 71
577 225
577 605
577 481
577 988
577 873
577 721
577 226
577 840
577 983
577 731
577 407
577 619
577 846
578 333
578 256
578 184
578 348
578 673
578 340
578 923
578 155
578 613
578 417
578 855
578 305
578 995
578 295
578 264
578 961
578 459
578 724
578 937
579 71
579 393
579 973
579 153
579 717
579 661
579 866
579 478
579 233
579 433
579 696
579 816
579 82
579 415
579 862
580 405
580 503
580 683
580 308
580 982
580 92
581 769
581 340
581 6
581 589
581 177
581 874
581 624
581 721
581 873
581 144
581 751
581 17
582 132
582 535
582 405
582 338
582 20
582 761
582 607
582 950
582 608
582 78
582 872
582 742
582 592
582 487
582 570
582 724
583 834
583 873
583 13
583 688
583 808
583 651
583 175
583 852
583 29
583 104
583 510
583 172
583 826
583 270
583 895
583 20
584 243
584 141
584 292
584 802
584 128
584 389
584 934
584 200
584 527
584 67
584 962
584 637
584 570
584 602
585 345
585 858
585 327
585 306
585 782
585 693
585 904
585 696
585 361
585 775
585 621
585 279
585 204
585 208
585 553
585 556
585 750
585 820
585 647
586 573
586 805
586 855
586 229
586 543
586 700
586 47
586 776
586 775
587 961
587 551
587 811
587 410
587 883
587 351
588 251
588 917
588 670
588 974
588 327
588 428
588 205
588 534
588 810
588 927
588 632
588 664
589 219
589 30
589 191
589 912
589 115
589 473
589 290
589 842
589 515
589 56
589 425
589 53
589 268
589 581
590 329
590 705
590 721
590 428
590 848
590 88
590 268
590 338
590 713
590 523
590 985
590 717
590 918
590 166
590 31
590 830
590 737
590 327
590 7
590 433
590 600
591 195
591 297
591 934
591 983
591 232
591 491
591 985
591 801
591 836
591 299
591 987
591 411
591 370
591 68
591 150
591 496
591 138
591 518
591 437
592 571
592 582
592 802
592 566
592 845
592 673
592 423
592 917
592 908
592 179
592 730
592 281
592 23
592 144
593 776
593 737
593 179
593 424
593 220
593 756
593 104
593 185
593 938
593 485
593 568
593 101
593 298
593 572
593 372
593 876
594 753
594 233
594 432
594 717
594 283
594 557
594 995
594 299
594 147
594 254
594 559
594 917
594 85
594 601
594 298
595 347
595 454
595 782
595 418
595 188
596 460
596 617
596 446
596 996
596 776
596 100
596 752
596 659
596 267
597 683
597 4
597 942
598 865
598 827
598 279
598 240
598 83
598 877
598 156
598 206
598 792
598 154
598 696
598 305
598 908
598 337
598 33
598 433
598 529
599 313
599 914
599 337
599 754
599 92
600 963
600 819
600 901
600 590
600 55
600 34
600 319
600 147
600 384
600 420
600 823
600 274
600 336
600 903
600 982
600 983
600 303
601 837
601 594
601 867
601 620
601 237
601 76
601 386
601 951
601 403
601 769
601 708
601 95
601 846
601 740
601 742
601 617
601 437
601 763
602 937
602 476
602 889
602 38
602 849
602 267
602 305
602 275
602 428
602 874
602 59
602 207
602 251
602 584
602 934
602 126
602 421
602 208
602 930
602 885
602 933
603 470
603 754
603 65
603 721
603 38
603 617
603 961
603 740
603 467
603 226
603 430
603 683
603 842
603 633
603 573
603 605
604 299
604 130
604 150
604 162
604 631
604 798
604 322
604 879
605 90
605 603
605 672
605 695
605 577
605 950
605 30
606 844
606 477
606 310
606 443
606 460
606 349
606 262
606 372
606 937
606 424
606 920
606 730
606 978
607 527
607 278
607 463
607 582
607 90
607 44
607 7
607 804
607 681
607 318
607 335
608 565
608 258
608 107
608 563
608 364
608 711
608 582
608 991
608 437
608 338
608 92
609 835
609 87
609 25
609 691
609 912
610 546
610 290
610 253
610 417
610 198
610 792
610 166
610 490
610 688
610 686
610 853
610 237
610 329
610 311
611 232
611 663
611 926
611 267
611 125
611 47
611 353
611 969
611 707
611 633
611 5
611 350
612 234
612 415
612 460
612 195
612 840
612 469
613 349
613 501
613 33
613 428
613 578
614 763
614 40
614 648
614 406
614 774
614 209
614 769
614 507
614 75
614 420
614 359
614 366
614 832
615 126
615 254
615 202
615 133
615 17
616 405
616 867
616 782
616 278
616 876
617 240
617 648
617 226
617 550
617 338
617 684
617 686
617 280
617 248
617 842
617 601
617 962
617 421
617 294
617 749
617 603
617 665
617 596
617 959
617 23
617 78
617 803
618 63
618 512
618 498
618 239
618 692
618 830
618 786
618 219
618 162
618 70
619 577
619 793
619 484
619 723
619 541
619 515
619 977
619 31
619 998
619 713
619 127
619 655
619 68
619 410
620 349
620 628
620 470
620 601
620 45
620 370
620 72
621 663
621 126
621 59
621 4
621 752
621 284
621 736
621 585
621 189
622 879
622 549
622 97
622 466
622 551
622 39
622 340
622 506
622 555
622 298
622 949
622 345
622 51
623 847
623 96
623 649
623 88
623 802
623 301
623 430
623 705
624 251
624 375
624 567
624 822
624 948
624 895
624 911
624 180
624 21
624 256
624 504
624 841
624 405
624 74
624 666
624 581
624 933
624 403
625 831
625 384
625 211
625 510
625 526
625 798
625 354
626 368
626 341
626 950
626 265
626 907
626 133
626 486
626 83
626 977
626 386
626 520
626 220
626 561
626 745
626 766
627 457
627 522
627 496
627 355
627 200
627 53
627 101
627 920
627 652
627 760
627 820
627 176
628 620
628 386
628 166
628 294
628 116
628 124
628 945
628 521
628 190
628 183
628 749
628 720
628 201
628 62
628 699
629 878
629 758
629 211
629 204
629 469
629 712
630 794
630 56
630 908
630 898
630 550
630 461
630 252
630 438
630 412
630 357
630 306
630 330
630 672
630 53
630 539
630 992
630 692
630 228
631 66
631 604
631 422
631 61
631 440
631 827
631 859
631 540
631 365
631 180
631 802
631 297
631 17
632 552
632 588
632 470
632 390
632 927
632 910
632 965
632 917
632 966
632 886
632 900
632 250
632 450
632 571
632 873
632 142
632 301
632 31
632 137
632 36
633 852
633 266
633 611
633 391
633 603
633 870
633 231
633 447
633 374
633 389
633 709
633 74
633 223
633 196
633 982
633 30
634 364
634 683
634 842
634 840
634 833
635 696
635 711
635 80
635 128
635 97
635 470
635 750
635 375
636 549
636 821
636 851
636 3
636 198
636 673
636 498
636 87
636 989
636 335
636 58
636 496
636 692
637 397
637 694
637 788
637 887
637 526
637 293
637 180
637 110
637 667
637 366
637 665
637 388
637 584
637 14
637 559
637 646
637 449
637 499
637 692
637 814
637 690
638 696
638 793
638 415
638 313
638 411
638 893
638 997
638 517
638 954
638 848
638 437
638 284
638 169
638 311
639 61
639 837
639 219
639 309
639 17
640 439
640 381
640 721
640 817
640 948
640 283
640 177
640 512
640 101
640 955
640 897
640 286
640 207
640 39
640 336
640 980
640 33
640 868
640 754
640 226
640 529
641 286
641 901
641 754
642 983
642 219
642 168
642 842
642 394
642 814
643 159
643 477
643 15
643 48
643 704
643 871
643 971
643 840
643 77
643 94
643 746
643 397
643 744
643 728
643 787
643 939
643 439
643 347
643 788
643 252
643 957
643 720
643 571
643 153
643 561
644 219
644 86
645 807
645 675
645 485
645 210
645 202
645 959
645 466
645 526
645 880
646 290
646 248
646 637
646 498
646 504
646 391
646 419
646 402
646 449
646 471
646 568
646 366
646 372
647 696
647 231
647 188
647 585
647 771
647 837
647 921
647 922
647 935
647 791
647 19
647 295
647 7
647 55
648 740
648 330
648 614
648 617
648 325
648 27
648 508
648 230
648 218
648 865
648 301
648 70
648 832
648 486
648 447
648 404
649 81
649 134
649 360
649 911
649 215
649 464
649 838
649 428
649 369
649 748
649 918
649 422
649 421
649 920
649 623
649 137
649 546
650 14
650 373
650 357
650 848
650 952
650 98
651 312
651 695
651 755
651 962
651 403
651 99
651 239
651 474
651 445
651 878
651 43
651 521
651 127
651 884
651 471
651 934
651 339
651 498
651 575
651 495
651 583
651 724
651 573
651 780
652 717
652 835
652 949
652 44
652 241
652 838
652 627
652 702
652 810
652 188
652 706
652 356
652 449
652 338
652 864
652 879
653 91
653 254
653 823
653 992
653 264
653 835
654 466
654 130
654 551
654 44
654 69
654 23
654 105
654 486
654 212
655 432
655 168
655 619
655 141
655 29
655 362
655 695
655 729
655 90
655 764
655 130
655 891
655 734
655 47
655 771
655 526
655 113
655 45
655 351
656 784
656 719
656 776
656 441
656 872
656 68
656 940
656 6
656 164
656 875
656 464
657 987
657 174
657 225
657 556
657 864
657 780
657 835
657 763
658 807
658 865
658 304
658 791
658 152
658 567
658 752
658 809
658 359
658 58
658 309
658 802
658 899
658 745
658 447
659 338
659 844
659 596
659 427
659 481
659 663
659 551
659 471
659 158
659 454
659 250
659 490
659 488
659 559
659 971
660 790
660 703
660 441
660 298
660 92
660 773
660 118
660 284
660 265
660 533
660 139
660 683
660 245
660 927
660 370
660 564
660 690
660 859
661 118
661 664
661 556
661 384
661 547
661 761
661 396
661 973
661 823
661 405
661 709
661 579
661 834
661 918
661 683
661 208
661 864
662 697
662 938
662 347
662 879
663 621
663 548
663 266
663 981
663 289
663 411
663 611
663 889
663 568
663 969
663 22
663 659
663 94
663 76
664 213
664 748
664 544
664 193
664 980
664 187
664 503
664 588
664 661
664 325
664 84
664 786
664 681
664 279
664 45
664 791
665 125
665 175
665 117
665 668
665 231
665 490
665 218
665 971
665 380
665 617
665 989
665 568
665 366
665 689
665 456
665 637
665 557
665 937
666 624
666 963
666 451
666 338
666 531
666 250
666 838
666 971
667 446
667 879
667 91
667 280
667 201
667 141
667 802
667 292
667 976
667 790
667 569
667 737
667 418
667 637
668 665
668 974
668 145
668 284
669 130
669 771
669 847
669 162
669 765
669 321
669 559
669 58
669 895
670 696
670 792
670 474
670 682
670 862
670 722
670 750
670 569
670 451
670 561
670 798
670 761
670 588
671 788
671 783
671 920
671 62
671 938
671 832
672 49
672 828
672 721
672 575
672 232
672 238
672 76
672 379
672 814
672 630
672 411
672 711
672 882
672 460
672 410
672 415
672 284
672 736
672 605
673 347
673 936
673 385
673 514
673 2
673 224
673 636
673 220
673 411
673 81
673 43
673 802
673 592
673 578
674 852
675 905
675 645
675 835
675 222
675 495
675 200
675 773
675 983
675 129
675 76
675 320
675 387
675 884
675 217
675 177
676 807
676 95
676 188
677 80
677 254
677 200
677 222
677 30
677 95
678 174
678 962
678 872
678 781
679 454
679 9
679 714
679 459
679 979
679 414
679 470
679 933
679 555
679 236
679 938
679 510
679 97
679 449
679 731
679 508
679 113
679 858
679 883
680 841
680 415
680 276
680 24
681 462
681 267
681 733
681 664
681 415
681 852
681 361
681 969
681 102
681 607
681 389
681 970
681 425
681 405
681 748
681 57
681 575
682 400
682 696
682 670
682 422
682 730
682 867
683 597
683 580
683 603
683 661
683 146
683 508
683 969
683 332
683 634
683 846
683 731
683 499
683 974
683 19
683 660
683 737
683 567
683 820
684 301
684 562
684 732
684 617
684 339
684 226
685 458
685 508
685 880
685 264
685 835
685 40
685 69
685 100
685 869
685 36
686 498
686 487
686 571
686 133
686 346
686 610
686 617
686 786
686 87
686 544
686 919
686 132
687 489
687 246
687 791
687 189
688 333
688 757
688 263
688 319
688 46
688 403
688 610
688 802
688 430
688 411
688 722
688 517
688 449
688 998
688 545
688 370
688 428
688 583
688 76
689 964
689 450
689 80
689 137
689 307
689 665
689 77
689 420
689 56
689 149
689 797
689 107
689 250
689 758
689 34
689 905
689 925
689 519
689 834
690 749
690 660
690 159
690 200
690 781
690 439
690 637
690 336
690 807
690 121
690 252
690 565
690 989
690 574
690 893
690 283
690 295
690 82
690 963
690 820
690 404
691 319
691 489
691 834
691 527
691 382
691 609
691 185
691 808
691 352
691 906
691 355
691 299
691 250
691 335
691 486
691 212
692 836
692 94
692 956
692 637
692 719
692 908
692 949
692 839
692 861
692 988
692 636
692 630
692 917
692 122
692 712
692 918
692 393
692 9
692 704
692 995
692 618
692 237
692 218
692 803
692 453
692 736
692 769
693 900
693 887
693 785
693 809
693 585
693 247
693 942
694 89
694 704
694 8
694 167
694 637
694 186
695 106
695 425
695 764
695 932
695 469
695 655
695 44
695 575
695 108
695 311
695 651
695 605
696 638
696 382
696 845
696 527
696 598
696 372
696 682
696 543
696 635
696 897
696 945
696 373
696 220
696 868
696 807
696 128
696 579
696 670
696 356
696 585
696 460
696 345
696 647
697 799
697 662
697 500
697 140
697 535
697 841
697 40
697 249
697 167
697 569
697 883
697 963
697 820
698 998
698 980
698 930
699 706
699 145
699 532
699 821
699 390
699 148
699 30
699 107
699 628
699 174
699 471
699 816
699 954
699 363
699 443
699 725
699 354
700 966
700 27
700 952
700 834
700 243
700 586
700 573
700 707
701 510
701 274
701 950
701 918
702 503
702 972
702 652
702 169
703 966
703 351
703 254
703 511
703 465
703 282
703 800
703 540
703 169
703 943
703 301
703 660
704 692
704 335
704 694
704 727
704 912
704 272
704 364
704 373
704 643
704 867
704 81
704 58
704 98
704 796
705 23
705 623
705 152
705 828
705 286
705 936
705 228
705 798
705 508
705 99
705 547
705 951
705 915
705 757
705 742
705 590
706 964
706 896
706 951
706 7
706 897
706 929
706 932
706 533
706 971
706 926
706 699
706 880
706 652
707 741
707 282
707 394
707 611
707 700
707 46
707 804
707 962
707 42
707 522
708 28
708 527
708 202
708 601
708 743
708 736
709 205
709 633
709 951
709 279
709 309
709 661
709 819
709 241
709 250
709 287
709 890
709 17
709 832
710 372
710 349
710 233
710 178
710 725
710 547
710 437
710 345
711 817
711 814
711 526
711 473
711 286
711 76
711 452
711 172
711 635
711 451
711 310
711 788
711 52
711 789
711 903
711 252
711 154
711 744
711 845
711 672
711 608
712 899
712 781
712 538
712 902
712 692
712 549
712 833
712 176
712 986
712 283
712 55
712 629
712 788
712 182
713 520
713 619
713 472
713 798
713 860
713 373
713 179
713 204
713 935
713 590
713 781
714 87
714 219
714 73
714 154
714 465
714 679
714 432
714 389
714 60
714 744
714 366
714 723
714 495
715 339
715 903
715 5
715 117
716 952
716 329
716 102
716 50
716 48
716 887
716 526
716 877
716 174
716 841
716 21
716 377
716 995
716 990
717 122
717 260
717 965
717 883
717 775
717 485
717 807
717 579
717 652
717 594
717 67
717 162
717 408
717 590
717 872
717 495
718 109
718 56
718 545
718 842
718 879
718 210
718 359
718 741
718 804
719 917
719 752
719 656
719 398
719 692
720 849
720 51
720 172
720 643
720 383
720 436
720 327
720 253
720 628
720 453
720 492
720 353
720 978
721 294
721 283
721 238
721 672
721 234
721 321
721 603
721 854
721 577
721 640
721 458
721 240
721 590
721 581
722 174
722 401
722 964
722 670
722 857
722 688
722 824
722 281
722 902
722 446
722 947
722 309
722 925
722 869
723 259
723 774
723 274
723 714
723 80
723 27
723 279
723 456
723 619
723 761
723 781
723 417
723 229
724 159
724 434
724 578
724 582
724 368
724 322
724 789
724 651
724 344
724 564
724 384
724 934
724 809
724 935
725 710
725 396
725 699
725 490
725 964
725 986
725 166
725 966
725 563
725 326
725 409
725 791
725 361
726 878
726 993
726 322
727 405
727 340
727 704
727 925
727 243
727 838
727 55
727 186
728 997
728 334
728 643
728 69
728 270
728 292
728 899
729 45
729 149
729 559
729 655
729 991
729 460
729 904
729 573
729 76
730 350
730 606
730 682
730 912
730 592
730 758
730 214
730 338
730 144
730 213
731 769
731 683
731 220
731 437
731 362
731 49
731 577
731 679
731 139
731 269
731 294
731 813
731 545
731 865
732 923
732 262
732 52
732 299
732 289
732 951
732 263
732 104
732 742
732 358
732 162
732 193
732 201
732 443
732 817
732 905
732 19
732 684
732 769
732 530
733 939
733 523
733 545
733 342
733 171
733 681
733 355
733 394
733 814
734 803
734 655
734 428
734 83
734 35
734 754
734 576
734 46
734 103
734 40
734 84
734 32
734 873
734 505
735 245
735 326
735 259
735 517
735 200
735 992
735 926
735 309
735 743
735 760
735 269
736 333
736 708
736 20
736 621
736 448
736 672
736 692
736 82
736 980
736 39
736 286
736 464
736 971
736 801
737 154
737 206
737 902
737 522
737 667
737 296
737 876
737 793
737 590
737 264
737 683
737 593
737 966
737 926
737 286
737 870
737 243
738 417
738 549
738 172
738 149
738 455
738 239
738 840
738 783
738 409
738 234
738 450
738 382
738 497
738 298
738 43
739 366
739 48
739 297
739 293
739 943
739 47
739 873
739 557
739 560
739 483
739 814
740 95
740 333
740 601
740 830
740 648
740 603
740 76
740 515
740 564
740 548
740 78
740 331
740 402
740 749
740 949
740 509
740 529
741 20
741 718
741 425
741 330
741 346
741 189
741 504
741 180
741 385
741 442
741 176
741 806
741 47
741 559
741 816
741 795
741 201
741 707
741 918
741 36
742 488
742 66
742 28
742 601
742 906
742 305
742 287
742 997
742 543
742 178
742 55
742 271
742 582
742 857
742 181
742 260
742 705
742 818
742 773
742 732
743 708
743 953
743 735
743 933
743 463
743 30
743 159
743 491
743 75
743 853
743 46
743 20
743 869
744 561
744 711
744 475
744 776
744 922
744 328
744 714
744 40
744 643
744 957
744 198
744 904
744 870
744 5
745 438
745 887
745 788
745 170
745 195
745 626
745 15
745 658
745 435
745 405
745 45
745 848
745 455
745 139
746 994
746 779
746 828
746 937
746 643
746 355
746 200
746 254
746 228
746 456
746 77
746 94
746 933
746 791
747 155
747 841
747 405
747 47
747 849
747 267
747 145
747 57
747 31
747 459
748 858
748 390
748 200
748 329
748 142
748 478
748 309
748 681
748 649
748 274
748 298
748 529
748 664
749 60
749 333
749 202
749 473
749 515
749 628
749 363
749 740
749 788
749 617
749 901
749 453
749 762
749 917
749 690
749 447
750 635
750 169
750 422
750 48
750 670
750 117
750 90
750 585
750 158
750 209
750 441
750 858
750 79
750 883
751 297
751 913
751 315
751 923
751 581
751 339
751 989
751 530
751 365
751 954
752 567
752 19
752 805
752 719
752 596
752 621
752 940
752 658
753 272
753 217
753 255
753 835
753 128
753 594
753 4
753 315
753 761
753 571
754 541
754 203
754 599
754 496
754 529
754 190
754 266
754 327
754 549
754 641
754 455
754 640
754 734
754 603
755 976
755 877
755 415
755 810
755 113
755 222
755 51
755 394
755 822
755 531
755 278
755 651
756 15
756 593
756 356
757 325
757 705
757 512
757 438
757 52
757 856
757 150
757 121
757 977
757 551
757 405
757 688
757 771
757 137
757 36
758 689
758 953
758 386
758 267
758 314
758 265
758 304
758 629
758 856
758 166
758 198
758 249
758 963
758 517
758 730
758 980
758 94
759 127
759 292
759 217
759 394
759 486
759 522
759 852
760 886
760 873
760 213
760 627
760 841
760 362
760 890
760 735
760 441
760 981
760 427
760 210
760 201
760 451
760 146
761 287
761 272
761 670
761 409
761 268
761 723
761 879
761 360
761 773
761 500
761 753
761 661
761 349
761 582
761 813
761 105
761 781
762 891
762 976
762 749
762 204
762 252
762 409
762 859
762 30
763 525
763 275
763 601
763 657
763 800
763 614
763 224
763 893
764 99
764 339
764 9
764 695
764 655
764 862
764 403
765 78
765 507
765 374
765 385
765 961
765 28
765 298
765 215
765 942
765 104
765 36
765 72
765 861
765 767
765 520
765 76
765 424
765 66
765 892
765 109
765 815
765 866
765 293
765 488
765 669
765 384
766 352
766 91
766 403
766 213
766 626
766 345
766 933
767 125
767 773
767 298
767 896
767 902
767 453
767 765
767 59
767 829
767 858
767 70
767 115
767 106
768 423
768 547
768 534
768 224
768 228
768 92
768 923
768 189
768 356
768 864
769 463
769 122
769 90
769 692
769 732
769 340
769 826
769 212
769 403
769 185
769 390
769 806
769 804
769 196
769 601
769 614
769 581
769 731
769 284
769 428
770 127
770 398
770 834
770 982
770 942
770 82
770 278
770 573
771 655
771 855
771 757
771 918
771 825
771 886
771 774
771 454
771 87
771 353
771 669
771 647
772 232
772 817
773 366
773 490
773 916
773 742
773 150
773 73
773 870
773 47
773 555
773 265
773 767
773 675
773 339
773 660
773 113
773 295
773 345
773 761
773 276
774 108
774 31
774 557
774 149
774 771
774 525
774 126
774 142
774 354
774 723
774 614
774 53
774 992
774 144
774 892
774 116
774 322
775 102
775 822
775 285
775 390
775 246
775 586
775 717
775 919
775 585
775 862
776 999
776 586
776 376
776 169
776 869
776 139
776 560
776 596
776 171
776 593
776 109
776 224
776 559
776 656
776 8
776 744
776 862
777 127
777 466
777 166
777 952
777 58
777 403
778 564
778 804
778 270
778 791
778 864
779 147
779 823
779 857
779 287
779 69
779 746
779 51
779 926
780 393
780 137
780 651
780 79
780 413
780 971
780 657
780 430
780 507
780 216
780 868
780 811
780 315
781 761
781 76
781 361
781 678
781 288
781 873
781 723
781 713
781 246
781 452
781 943
781 384
781 63
781 712
781 830
781 518
781 690
782 528
782 595
782 220
782 616
782 368
782 179
782 315
782 370
782 446
782 146
782 585
782 857
782 115
783 431
783 671
783 132
783 545
783 920
783 242
783 71
783 738
784 241
784 133
784 656
784 370
784 284
784 94
785 19
785 429
785 134
785 301
785 453
785 63
785 482
785 545
785 693
785 338
785 529
785 567
786 404
786 618
786 829
786 385
786 686
786 847
786 442
786 664
786 946
786 945
786 331
786 343
786 237
786 926
786 315
786 336
786 456
786 370
786 573
787 193
787 534
787 643
787 208
787 286
787 997
788 671
788 434
788 712
788 22
788 519
788 849
788 643
788 268
788 862
788 1
788 183
788 823
788 749
788 989
788 335
788 972
788 276
788 711
788 77
788 637
788 464
788 745
789 494
789 445
789 503
789 711
789 724
790 291
790 795
790 352
790 447
790 134
790 189
790 312
790 667
790 319
790 194
790 866
790 133
790 460
790 259
790 160
790 834
790 343
790 84
790 172
790 154
790 204
790 810
790 660
790 243
790 105
790 79
790 862
791 687
791 97
791 746
791 778
791 58
791 664
791 725
791 315
791 250
791 71
791 227
791 178
791 972
791 816
791 917
791 166
791 808
791 553
791 658
791 968
791 1000
791 2
791 647
792 670
792 137
792 598
792 610
793 309
793 575
793 638
793 498
793 285
793 856
793 479
793 194
793 415
793 943
793 737
793 281
793 519
793 619
793 883
793 912
794 15
794 34
794 347
794 32
794 873
794 630
794 284
794 177
795 380
795 931
795 126
795 741
795 153
795 417
795 945
795 790
795 485
795 340
795 959
795 553
795 812
795 30
796 493
796 556
796 704
796 418
796 942
796 949
796 115
797 327
797 192
797 990
797 181
797 419
797 979
797 564
797 519
797 839
797 875
797 180
797 385
797 341
797 191
797 876
797 337
797 336
797 83
797 33
797 689
797 195
797 498
797 851
797 1000
797 46
798 894
798 625
798 604
798 352
798 107
798 670
798 28
798 713
798 226
798 959
798 81
798 705
799 697
799 915
799 525
799 877
799 807
799 573
800 807
800 934
800 377
800 266
800 703
800 391
800 763
800 46
801 387
801 517
801 462
801 533
801 736
801 486
801 254
801 410
801 48
801 884
801 355
801 208
801 591
801 55
801 984
802 983
802 222
802 477
802 939
802 73
802 631
802 623
802 658
802 808
802 169
802 673
802 346
802 234
802 667
802 688
802 470
802 162
802 592
802 584
802 859
803 432
803 548
803 692
803 125
803 617
803 212
803 479
803 734
803 15
803 989
803 826
803 145
803 464
804 607
804 919
804 824
804 867
804 707
804 778
804 924
804 396
804 153
804 175
804 372
804 718
804 908
804 61
804 219
804 49
804 769
804 471
805 463
805 166
805 586
805 63
805 53
805 752
805 252
805 161
805 138
805 361
806 217
806 741
806 843
806 107
806 333
806 29
806 21
806 555
806 416
806 836
806 524
806 353
806 292
806 769
807 111
807 696
807 890
807 94
807 717
807 434
807 268
807 645
807 799
807 211
807 834
807 658
807 184
807 800
807 366
807 810
807 676
807 849
807 990
807 394
807 690
807 883
808 848
808 195
808 57
808 174
808 166
808 524
808 953
808 791
808 373
808 860
808 297
808 326
808 261
808 893
808 802
808 281
808 82
808 691
808 459
808 583
808 812
809 429
809 658
809 860
809 724
809 304
809 867
809 693
809 350
809 55
809 449
809 821
809 467
809 443
809 407
809 549
809 447
809 937
810 988
810 132
810 790
810 517
810 807
810 331
810 487
810 588
810 384
810 755
810 209
810 240
810 652
810 139
811 106
811 820
811 463
811 870
811 3
811 89
811 916
811 587
811 225
811 843
811 780
811 325
811 324
811 816
811 443
811 322
812 944
812 795
812 808
812 112
812 317
812 283
812 873
812 86
812 934
812 257
813 876
813 377
813 761
813 903
813 848
813 14
813 731
813 213
813 64
813 912
813 570
813 914
813 568
814 637
814 642
814 45
814 373
814 739
814 733
814 268
814 368
814 711
814 672
814 339
814 911
814 301
814 872
814 486
815 481
815 151
815 545
815 27
815 554
815 519
815 86
815 360
815 514
815 67
815 150
815 765
815 77
816 811
816 741
816 295
816 579
816 160
816 931
816 67
816 98
816 292
816 699
816 896
816 144
816 365
816 198
816 460
816 855
816 791
816 864
817 868
817 461
817 275
817 471
817 453
817 732
817 367
817 772
817 122
817 711
817 886
817 640
817 980
817 247
817 117
818 23
818 574
818 130
818 56
818 552
818 845
818 54
818 294
818 365
818 18
818 476
818 742
818 968
818 933
819 27
819 484
819 434
819 384
819 411
819 709
819 393
819 32
819 481
819 329
819 269
819 600
820 697
820 552
820 627
820 138
820 683
820 279
820 585
820 690
820 359
820 566
820 2
820 65
820 400
820 538
820 811
820 186
821 80
821 636
821 114
821 96
821 327
821 840
821 529
821 809
821 699
822 42
822 282
822 975
822 64
822 493
822 408
822 959
822 205
822 755
822 624
822 918
822 446
822 14
822 85
822 775
822 905
823 788
823 900
823 779
823 600
823 653
823 29
823 7
823 855
823 292
823 888
823 134
823 533
823 480
823 661
823 860
823 908
823 158
823 61
823 398
823 487
823 840
824 28
824 899
824 722
824 126
824 804
824 44
824 276
824 249
824 407
824 77
824 113
824 417
824 94
825 92
825 986
825 955
825 270
825 265
825 179
825 205
825 558
825 402
825 365
825 233
825 250
825 771
825 86
825 67
825 350
826 872
826 512
826 583
826 803
826 170
826 8
826 517
826 559
826 505
826 228
826 769
827 321
827 631
827 920
827 878
827 353
827 598
827 46
828 672
828 349
828 150
828 450
828 406
828 746
828 705
828 186
829 508
829 922
829 54
829 345
829 767
829 291
829 483
829 915
829 786
829 353
829 849
829 949
829 90
829 404
829 984
830 227
830 484
830 566
830 62
830 981
830 590
830 443
830 196
830 781
830 360
830 740
830 902
830 143
830 15
830 84
830 841
830 430
830 618
831 625
831 883
831 342
831 901
831 411
831 135
831 425
831 364
831 853
831 560
831 509
831 78
832 709
832 522
832 671
832 648
832 614
832 559
832 14
832 356
832 287
832 277
832 137
832 573
833 999
833 634
833 1000
833 884
833 23
833 391
833 712
833 430
833 69
833 904
833 852
834 228
834 807
834 906
834 498
834 57
834 496
834 297
834 790
834 195
834 380
834 661
834 700
834 62
834 770
834 516
834 689
834 122
834 435
834 223
834 306
834 691
834 583
834 188
835 125
835 753
835 472
835 210
835 685
835 911
835 379
835 609
835 653
835 657
835 97
835 378
835 883
835 966
835 675
835 652
835 470
835 32
835 865
835 930
835 377
835 525
835 189
836 806
836 223
836 591
836 692
836 469
837 177
837 278
837 427
837 111
837 273
837 240
837 850
837 918
837 135
837 639
837 541
837 80
837 601
837 162
837 40
837 315
837 555
837 526
837 647
838 560
838 214
838 228
838 666
838 343
838 727
838 409
838 44
838 917
838 649
838 261
838 4
838 245
838 652
839 45
839 263
839 797
839 405
839 490
839 243
839 692
840 373
840 439
840 943
840 982
840 567
840 612
840 821
840 405
840 866
840 72
840 634
840 287
840 403
840 26
840 41
840 218
840 823
840 95
840 643
840 193
840 54
840 571
840 939
840 577
840 545
840 738
840 895
841 7
841 241
841 680
841 697
841 747
841 172
841 943
841 291
841 624
841 960
841 830
841 1000
841 716
841 490
841 26
841 760
842 634
842 293
842 642
842 603
842 95
842 281
842 458
842 467
842 477
842 617
842 589
842 718
842 315
842 419
842 872
842 859
843 806
843 917
843 811
843 285
843 456
843 281
843 950
844 659
844 553
844 606
844 971
844 237
844 421
845 62
845 72
845 183
845 215
845 927
845 311
845 883
845 818
845 711
845 696
845 483
845 592
845 859
846 384
846 577
846 33
846 284
846 94
846 978
846 524
846 683
846 601
846 971
846 567
846 278
847 574
847 453
847 349
847 786
847 623
847 885
847 57
847 669
848 152
848 411
848 650
848 745
848 638
848 501
848 568
848 808
848 398
848 813
848 590
848 886
848 229
848 117
849 390
849 374
849 13
849 211
849 747
849 807
849 829
849 602
849 303
849 788
849 720
849 217
850 837
850 430
850 204
850 292
850 82
850 139
851 956
851 461
851 426
851 886
851 362
851 303
851 797
851 940
851 174
851 636
851 294
851 545
851 464
852 862
852 173
852 759
852 880
852 510
852 890
852 107
852 445
852 674
852 317
852 833
852 551
852 681
852 32
852 633
852 186
852 583
852 344
853 149
853 108
853 743
853 610
853 290
853 216
853 199
853 11
853 142
853 831
853 4
853 980
853 903
854 489
854 982
854 9
854 490
854 124
854 419
854 721
854 406
854 234
854 180
854 565
855 458
855 578
855 816
855 398
855 958
855 361
855 586
855 823
855 943
855 771
855 153
855 557
855 477
856 758
856 793
856 471
856 994
856 757
856 199
856 965
856 109
856 387
856 903
857 779
857 430
857 990
857 27
857 956
857 782
857 450
857 922
857 742
857 722
857 71
857 226
857 9
857 195
857 529
858 767
858 315
858 308
858 22
858 679
858 750
858 949
858 562
858 412
858 987
858 748
858 277
858 965
858 585
858 4
859 845
859 970
859 842
859 762
859 311
859 86
859 107
859 660
859 168
859 386
859 511
859 802
859 515
859 126
859 571
859 631
859 555
859 890
859 267
859 98
860 713
860 156
860 876
860 823
860 809
860 20
860 884
860 489
860 808
860 145
860 458
860 557
861 765
861 904
861 925
861 456
861 692
862 764
862 579
862 953
862 562
862 775
862 290
862 790
862 920
862 310
862 912
862 776
862 331
862 254
862 788
862 58
862 670
862 258
862 933
862 852
863 974
863 202
863 232
863 39
863 866
864 661
864 312
864 652
864 778
864 816
864 378
864 483
864 768
864 170
864 657
864 355
864 922
864 153
864 968
864 105
865 835
865 491
865 294
865 27
865 648
865 731
865 448
865 122
865 575
865 658
865 598
866 12
866 765
866 351
866 493
866 169
866 14
866 863
866 790
866 579
866 382
866 445
866 119
866 840
866 494
866 7
867 512
867 616
867 318
867 82
867 493
867 704
867 542
867 682
867 477
867 877
867 250
867 283
867 809
867 804
867 202
867 601
867 991
867 969
867 357
868 696
868 33
868 487
868 436
868 547
868 205
868 279
868 780
868 640
868 874
868 106
868 817
869 196
869 235
869 685
869 950
869 75
869 154
869 190
869 225
869 722
869 914
869 157
869 743
869 174
869 776
869 277
869 4
870 448
870 737
870 426
870 52
870 117
870 37
870 744
870 576
870 428
870 33
870 917
870 811
870 773
870 337
870 442
870 633
870 58
870 384
871 643
871 267
872 6
872 194
872 274
872 214
872 814
872 538
872 842
872 717
872 985
872 555
872 678
872 349
872 539
872 826
872 656
872 582
872 295
872 971
872 899
873 881
873 734
873 211
873 794
873 931
873 632
873 739
873 812
873 509
873 581
873 307
873 102
873 577
873 983
873 760
873 583
873 781
874 945
874 602
874 67
874 581
874 868
874 425
874 134
875 199
875 797
875 890
875 25
875 459
875 392
875 656
876 82
876 199
876 7
876 914
876 264
876 860
876 383
876 797
876 291
876 254
876 460
876 936
876 593
876 616
876 432
876 389
876 388
876 813
876 737
876 354
877 454
877 867
877 799
877 538
877 716
877 108
877 755
877 256
877 66
877 983
877 28
877 598
878 436
878 629
878 480
878 914
878 130
878 925
878 987
878 726
878 574
878 924
878 827
878 86
878 328
878 502
878 885
878 60
878 485
878 330
878 959
878 518
878 115
878 651
878 880
879 249
879 13
879 932
879 652
879 662
879 147
879 41
879 115
879 202
879 191
879 145
879 604
879 265
879 525
879 667
879 622
879 718
879 31
879 761
879 76
880 1000
880 645
880 920
880 902
880 966
880 11
880 706
880 557
880 225
880 878
880 153
880 260
880 306
880 685
880 284
880 852
881 384
881 873
881 81
881 886
882 45
882 977
882 179
882 224
882 672
883 367
883 152
883 807
883 363
883 679
883 146
883 221
883 545
883 443
883 793
883 750
883 697
883 587
883 454
883 535
883 831
883 60
883 126
883 845
883 558
883 717
883 565
883 835
884 325
884 651
884 311
884 801
884 464
884 160
884 997
884 426
884 860
884 96
884 833
884 31
884 675
884 404
885 602
885 847
885 962
885 956
885 987
885 902
885 84
885 441
885 208
885 878
885 325
885 447
885 177
886 458
886 817
886 324
886 881
886 52
886 420
886 848
886 144
886 771
886 547
886 949
886 851
886 632
886 108
886 760
887 150
887 265
887 693
887 481
887 437
887 222
887 637
887 716
887 745
888 145
888 534
888 96
888 193
888 823
888 996
888 349
888 128
888 159
888 202
888 524
888 228
888 969
889 164
889 342
889 226
889 243
889 929
889 4
889 311
889 663
889 362
889 602
889 373
889 15
889 389
889 489
889 569
889 442
889 561
890 875
890 127
890 128
890 178
890 42
890 924
890 913
890 859
890 957
890 933
890 942
890 500
890 542
890 709
890 143
890 254
890 389
890 807
890 213
890 991
890 437
890 760
890 852
891 518
891 31
891 533
891 762
891 655
891 460
891 555
891 347
891 166
891 330
891 445
891 62
891 269
891 912
892 765
892 938
892 924
892 223
892 436
892 540
892 337
892 486
892 774
892 541
892 56
892 479
892 400
892 353
892 240
892 157
892 344
893 282
893 638
893 326
893 690
893 498
893 118
893 922
893 427
893 369
893 111
893 763
893 7
893 808
893 979
893 57
893 24
893 237
893 229
894 155
894 354
894 798
894 122
895 904
895 376
895 583
895 669
895 840
895 960
895 624
895 87
895 193
895 81
895 949
895 350
896 463
896 400
896 767
896 816
896 706
897 574
897 402
897 640
897 696
897 706
898 299
898 943
898 359
898 555
898 630
899 266
899 824
899 231
899 658
899 728
899 872
899 712
899 498
899 288
899 210
899 492
899 976
899 522
900 823
900 954
900 553
900 693
900 632
901 529
901 185
901 396
901 567
901 272
901 641
901 430
901 749
901 831
901 261
901 487
901 353
901 600
902 969
902 51
902 426
902 830
902 182
902 767
902 722
902 885
902 13
902 180
902 271
902 964
902 961
902 246
902 922
902 712
902 209
902 919
902 60
902 737
902 880
903 250
903 223
903 909
903 42
903 428
903 406
903 83
903 600
903 80
903 715
903 50
903 194
903 853
903 92
903 919
903 198
903 856
903 999
903 355
903 313
903 224
903 449
903 813
903 711
903 321
903 967
903 275
904 916
904 744
904 282
904 566
904 348
904 490
904 729
904 433
904 249
904 833
904 861
904 330
904 126
904 895
904 279
904 138
904 585
905 689
905 469
905 822
905 732
905 162
905 500
905 18
905 675
905 184
905 153
906 263
906 420
906 742
906 834
906 568
906 509
906 691
906 92
906 388
907 435
907 160
907 362
907 69
907 478
907 562
907 80
907 224
907 477
907 85
907 417
907 626
907 138
908 592
908 61
908 197
908 374
908 598
908 10
908 164
908 121
908 263
908 373
908 303
908 630
908 823
908 418
908 692
908 804
909 43
909 574
909 199
909 903
909 403
910 15
910 406
910 318
910 632
911 225
911 118
911 391
911 5
911 814
911 835
911 977
911 966
911 624
911 649
911 265
911 965
911 969
911 20
911 377
911 574
911 177
912 552
912 609
912 891
912 968
912 537
912 354
912 793
912 454
912 589
912 211
912 704
912 730
912 813
912 297
912 862
913 343
913 27
913 751
913 482
913 158
913 890
913 990
913 557
914 813
914 214
914 599
914 63
914 977
914 557
914 79
914 290
914 419
914 878
914 876
914 405
914 224
914 302
914 253
914 252
914 869
914 382
914 940
915 829
915 980
915 442
915 705
915 799
915 355
915 917
915 527
915 68
915 258
915 971
915 531
916 811
916 773
916 348
916 204
916 904
916 974
916 17
917 592
917 265
917 843
917 368
917 65
917 870
917 438
917 915
917 719
917 944
917 350
917 838
917 791
917 189
917 594
917 749
917 476
917 692
917 504
917 632
917 963
917 588
918 425
918 267
918 169
918 222
918 134
918 97
918 692
918 510
918 479
918 649
918 822
918 661
918 741
918 308
918 701
918 22
918 442
918 303
918 771
918 837
918 978
918 590
918 55
919 932
919 686
919 972
919 111
919 902
919 153
919 775
919 212
919 248
919 304
919 272
919 401
919 951
919 178
919 804
919 40
919 903
919 81
919 409
919 301
920 510
920 381
920 827
920 423
920 443
920 649
920 671
920 627
920 986
920 263
920 234
920 375
920 783
920 606
920 281
920 862
920 880
921 220
921 415
921 230
921 509
921 647
922 864
922 64
922 988
922 197
922 902
922 428
922 470
922 414
922 370
922 857
922 938
922 294
922 404
922 202
922 893
922 744
922 829
922 322
922 647
923 82
923 344
923 959
923 966
923 277
923 357
923 751
923 85
923 732
923 954
923 21
923 768
923 578
924 227
924 878
924 477
924 420
924 892
924 232
924 553
924 804
924 925
924 890
924 492
924 514
925 411
925 722
925 179
925 88
925 976
925 973
925 689
925 727
925 300
925 314
925 861
925 6
925 131
925 924
925 878
925 503
925 498
925 87
925 561
925 297
925 379
926 522
926 40
926 416
926 786
926 735
926 158
926 737
926 939
926 81
926 950
926 496
926 279
926 706
926 953
926 779
926 611
926 267
927 227
927 660
927 559
927 385
927 304
927 140
927 588
927 569
927 845
927 363
927 292
927 632
927 506
927 486
928 994
928 534
928 568
928 983
928 573
929 558
929 517
929 889
929 222
929 514
929 706
930 950
930 7
930 32
930 698
930 495
930 602
930 835
930 276
930 463
930 486
931 816
931 795
931 306
931 873
931 336
931 396
931 252
932 450
932 15
932 80
932 993
932 313
932 441
932 919
932 8
932 695
932 21
932 396
932 879
932 706
933 557
933 862
933 139
933 624
933 818
933 564
933 602
933 766
933 746
933 225
933 549
933 168
933 996
933 349
933 679
933 353
933 445
933 890
933 743
934 195
934 304
934 651
934 724
934 602
934 158
934 584
934 269
934 812
934 167
934 566
934 301
934 250
934 219
934 800
934 460
934 591
934 145
935 713
935 946
935 111
935 724
935 282
935 487
935 279
935 536
935 286
935 437
935 76
935 647
936 673
936 497
936 198
936 488
936 705
936 876
937 185
937 548
937 160
937 467
937 974
937 809
937 578
937 665
937 325
937 489
937 255
937 76
937 72
937 248
937 408
937 602
937 143
937 606
937 81
937 746
937 134
938 431
938 662
938 593
938 433
938 256
938 253
938 82
938 145
938 679
938 219
938 168
938 59
938 671
938 140
938 395
938 922
938 892
938 445
938 31
938 961
938 257
938 157
939 370
939 547
939 299
939 409
939 71
939 840
939 733
939 349
939 357
939 201
939 926
939 802
939 643
940 64
940 302
940 440
940 851
940 509
940 480
940 178
940 250
940 466
940 217
940 914
940 420
940 442
940 450
940 142
940 656
940 752
941 220
941 128
941 166
941 249
941 144
941 252
941 352
941 961
941 984
942 693
942 597
942 770
942 374
942 517
942 238
942 796
942 253
942 72
942 450
942 765
942 193
942 558
942 890
942 298
943 898
943 739
943 781
943 462
943 248
943 298
943 418
943 350
943 793
943 855
943 135
943 504
943 841
943 703
943 840
943 70
943 278
944 961
944 917
944 135
944 274
944 812
944 191
945 312
945 795
945 426
945 99
945 456
945 522
945 87
945 874
945 951
945 628
945 496
945 786
945 974
945 696
946 478
946 551
946 471
946 786
946 8
946 935
946 243
947 194
947 463
947 234
947 83
947 722
947 482
947 535
947 453
947 223
947 545
947 978
948 89
948 624
948 87
948 497
948 640
948 990
948 418
948 384
949 622
949 410
949 829
949 103
949 180
949 569
949 41
949 22
949 393
949 895
949 740
949 796
949 886
949 228
949 652
949 40
949 309
949 545
949 858
949 692
950 701
950 843
950 90
950 281
950 605
950 163
950 387
950 525
950 453
950 582
950 470
950 626
950 499
950 930
950 926
950 869
951 919
951 705
951 256
951 218
951 360
951 945
951 709
951 470
951 601
951 518
951 732
951 433
951 570
951 706
952 700
952 7
952 777
952 64
952 356
952 502
952 650
952 493
952 133
952 54
952 387
952 539
952 146
952 432
952 25
952 132
952 716
953 330
953 758
953 808
953 85
953 276
953 743
953 926
953 862
954 900
954 390
954 397
954 923
954 132
954 638
954 106
954 699
954 431
954 751
954 453
954 417
954 24
954 379
955 825
955 538
955 956
955 640
956 309
956 955
956 32
956 969
956 369
956 857
956 377
956 885
956 352
956 252
956 692
956 560
956 851
956 989
957 373
957 643
957 744
957 392
957 101
957 890
958 198
958 40
958 855
959 488
959 362
959 110
959 645
959 795
959 561
959 48
959 352
959 104
959 878
959 617
959 798
959 923
959 822
959 144
959 344
960 324
960 841
960 446
960 961
960 895
961 944
961 587
961 981
961 65
961 342
961 941
961 578
961 938
961 960
961 172
961 986
961 535
961 434
961 765
961 250
961 603
961 209
961 202
961 277
961 144
961 902
961 474
961 217
962 707
962 98
962 42
962 554
962 525
962 59
962 584
962 678
962 617
962 885
962 456
962 247
962 157
962 651
963 101
963 690
963 486
963 210
963 308
963 190
963 540
963 369
963 541
963 421
963 917
963 252
963 697
963 510
963 666
963 758
963 116
963 519
963 600
964 902
964 220
964 349
964 722
964 178
964 530
964 274
964 725
964 167
964 689
964 547
964 218
964 74
964 706
965 856
965 858
965 911
965 980
965 488
965 177
965 717
965 228
965 632
966 340
966 835
966 314
966 131
966 700
966 396
966 737
966 62
966 35
966 307
966 911
966 725
966 703
966 632
966 137
966 923
966 880
967 358
967 462
967 903
967 569
967 54
967 80
967 972
967 365
967 499
967 458
967 108
967 196
968 13
968 499
968 449
968 484
968 818
968 791
968 864
968 131
968 229
968 265
968 147
968 303
968 364
968 237
968 912
969 611
969 663
969 240
969 911
969 867
969 48
969 888
969 384
969 902
969 681
969 956
969 683
969 293
969 20
969 189
970 453
970 63
970 483
970 158
970 505
970 980
970 681
970 859
971 846
971 225
971 200
971 915
971 269
971 285
971 659
971 75
971 107
971 844
971 736
971 666
971 872
971 420
971 706
971 999
971 643
971 665
971 252
971 286
971 480
971 780
972 61
972 702
972 53
972 52
972 492
972 788
972 575
972 33
972 96
972 314
972 200
972 967
972 44
972 392
972 919
972 410
972 7
972 791
972 447
972 191
973 233
973 579
973 661
973 408
973 925
973 253
973 396
974 668
974 945
974 310
974 186
974 998
974 68
974 683
974 916
974 5
974 94
974 184
974 863
974 554
974 352
974 375
974 575
974 329
974 486
974 937
974 117
974 588
975 993
975 47
975 505
975 20
975 345
975 822
976 986
976 755
976 762
976 108
976 251
976 53
976 667
976 899
976 529
976 128
976 303
976 544
976 144
976 925
977 304
977 882
977 911
977 206
977 504
977 202
977 559
977 914
977 479
977 408
977 626
977 757
977 619
977 560
977 169
978 270
978 947
978 346
978 720
978 311
978 606
978 224
978 918
978 458
978 31
978 846
978 571
978 404
979 419
979 679
979 797
979 991
979 893
980 640
980 425
980 817
980 343
980 853
980 552
980 970
980 505
980 698
980 758
980 915
980 454
980 277
980 965
980 445
980 225
980 736
980 664
980 344
981 961
981 663
981 20
981 158
981 994
981 456
981 830
981 81
981 144
981 284
981 105
981 760
982 335
982 770
982 432
982 986
982 273
982 167
982 633
982 202
982 580
982 600
982 854
982 445
982 237
982 840
983 642
983 577
983 508
983 460
983 536
983 335
983 236
983 877
983 873
983 166
983 600
983 928
983 299
983 675
983 7
983 591
983 326
983 802
983 514
984 470
984 829
984 77
984 408
984 337
984 224
984 941
984 159
984 570
984 149
984 801
984 560
985 15
985 349
985 499
985 591
985 526
985 590
985 872
986 976
986 825
986 56
986 712
986 725
986 920
986 407
986 982
986 961
987 591
987 657
987 37
987 55
987 420
987 466
987 574
987 878
987 15
987 128
987 364
987 96
987 885
987 858
987 303
987 517
988 420
988 922
988 39
988 577
988 810
988 692
988 291
988 82
988 279
988 189
989 788
989 803
989 751
989 636
989 665
989 320
989 956
989 457
989 182
989 314
989 105
989 690
990 190
990 381
990 807
990 294
990 35
990 913
990 469
990 551
990 247
990 948
990 716
990 797
990 432
990 857
991 608
991 979
991 867
991 509
991 729
991 890
991 311
991 350
992 65
992 72
992 1
992 774
992 416
992 653
992 735
992 630
992 382
992 365
993 975
993 331
993 177
993 127
993 726
993 932
993 415
993 39
993 294
993 375
993 318
993 51
994 77
994 856
994 928
994 981
994 552
994 466
994 166
994 746
995 368
995 19
995 408
995 518
995 492
995 417
995 716
995 692
995 578
995 84
995 594
996 596
996 933
996 888
996 575
996 93
997 638
997 486
997 728
997 195
997 787
997 220
997 884
997 742
997 18
998 291
998 39
998 373
998 688
998 698
998 201
998 460
998 974
998 281
998 619
998 115
999 971
999 776
999 40
999 903
999 833
1000 791
1000 304
1000 797
1000 420
1000 329
1000 134
1000 479
1000 343
1000 90
1000 381
1000 40
1000 410
1000 352
1000 220
1000 155
1000 347
1000 841
1000 261
1000 833
1000 338
1000 335
1000 486
1000 117
1000 880
