1 280
1 548
1 797
2 335
3 238
3 252
3 534
4 233
5 382
5 770
5 690
6 225
6 617
8 826
8 630
9 456
9 870
10 749
10 734
10 617
11 527
11 871
11 878
11 534
12 184
13 355
14 81
14 934
14 334
15 133
15 521
15 397
15 535
15 140
15 236
15 582
15 757
15 578
16 661
16 432
16 480
16 294
16 215
16 143
16 857
16 773
16 719
16 168
16 327
16 981
16 69
17 870
17 768
17 373
19 809
20 924
21 475
21 233
22 81
23 870
23 626
23 345
24 537
25 917
26 465
26 193
26 481
26 890
26 572
26 821
26 827
26 932
27 46
27 922
28 335
29 991
30 995
30 990
30 626
31 577
32 934
33 645
33 855
33 1000
33 41
33 669
33 44
33 182
33 241
33 744
33 691
34 400
34 264
34 893
35 296
35 687
36 563
37 370
37 197
38 40
38 271
38 916
38 561
38 954
38 716
38 402
38 782
38 419
38 878
38 899
38 696
39 918
39 703
40 519
40 38
40 862
40 940
40 922
41 869
41 966
41 33
42 927
43 191
43 808
43 431
44 878
44 33
44 640
45 867
45 987
45 318
45 415
46 27
46 128
46 745
46 356
46 175
47 697
47 415
47 323
47 797
49 968
49 456
49 582
49 415
50 101
51 1000
51 346
51 703
53 683
54 296
54 697
54 579
54 170
55 809
56 255
56 306
56 881
56 161
56 121
56 921
56 592
56 299
56 633
56 857
56 756
56 1000
57 704
57 823
57 991
57 826
57 518
58 474
58 387
59 966
60 184
60 175
60 426
60 922
60 961
61 582
61 570
62 254
63 621
63 243
63 264
63 430
65 276
65 705
65 797
66 865
66 739
66 308
66 502
66 778
66 117
66 260
66 749
66 389
66 387
67 809
69 983
69 16
69 915
69 360
69 96
69 632
69 939
69 326
69 705
69 722
69 359
69 239
69 147
69 775
70 582
71 551
72 620
72 516
72 370
72 705
72 924
73 894
73 917
73 934
74 637
74 880
75 968
75 395
75 758
75 696
75 675
76 647
76 878
77 157
77 170
77 734
78 445
79 437
79 617
80 774
80 239
80 583
80 966
80 883
80 687
81 22
81 262
81 367
81 749
81 263
81 14
81 842
81 388
81 283
81 434
81 355
82 445
83 858
83 519
83 681
84 941
84 170
84 691
85 312
85 279
85 842
85 753
85 107
85 619
85 991
86 331
86 246
86 503
86 917
86 356
86 274
87 886
89 274
90 989
90 690
93 250
93 823
94 894
94 430
95 149
96 961
96 189
96 69
97 252
98 708
99 574
99 168
99 252
99 922
100 1000
101 273
101 354
101 50
101 369
102 389
103 415
103 373
103 797
103 626
104 574
104 744
105 785
105 932
105 533
105 339
105 736
105 928
105 379
105 883
105 139
105 237
106 400
106 157
106 353
106 244
107 85
107 157
108 305
109 931
109 622
109 919
109 401
109 288
109 408
109 970
109 289
109 115
109 673
109 489
110 552
110 431
111 156
111 183
111 991
112 690
113 945
113 392
113 934
114 927
115 251
115 109
116 296
117 66
118 257
118 460
118 788
118 239
118 246
118 586
118 209
118 199
119 478
119 917
119 892
120 647
120 922
120 175
120 387
121 56
121 734
122 808
122 880
124 496
124 663
124 154
124 367
124 532
124 358
124 141
125 656
126 274
126 941
127 310
128 46
129 858
129 353
130 579
130 934
131 400
131 720
131 619
131 917
131 370
132 720
132 687
133 15
133 758
133 617
134 918
134 431
135 571
135 608
135 490
135 904
136 551
136 157
136 353
137 474
138 252
138 431
139 435
139 995
139 722
139 251
139 235
139 105
140 15
140 893
141 318
141 124
141 355
143 217
143 727
143 382
143 248
143 817
143 795
143 436
143 400
143 902
143 814
143 433
143 16
144 175
145 583
145 966
145 730
146 809
146 259
147 415
147 69
149 95
149 204
150 869
150 990
151 918
152 646
153 780
153 296
154 124
155 335
156 214
156 912
156 111
156 805
156 663
156 917
156 922
157 767
157 350
157 136
157 106
157 107
157 77
157 962
157 313
158 574
158 742
158 426
158 570
159 484
159 431
161 226
161 56
162 679
162 314
162 704
162 569
162 675
163 250
163 773
163 356
163 945
163 204
164 943
164 184
165 913
165 797
166 204
167 709
167 826
168 818
168 317
168 99
168 16
168 556
169 519
169 353
170 84
170 366
170 687
170 808
170 54
170 77
170 364
170 591
170 883
170 901
170 628
170 815
171 758
172 446
173 659
173 276
173 858
173 739
173 385
173 644
173 260
173 353
174 972
175 60
175 144
175 566
175 120
175 46
175 944
175 391
175 801
175 683
175 762
175 539
176 593
176 504
177 687
178 640
179 542
179 612
180 437
180 430
180 426
181 252
182 701
182 33
183 776
183 111
183 410
184 60
184 209
184 375
184 528
184 12
184 281
184 608
184 164
186 282
186 224
186 941
186 922
187 883
188 189
188 744
188 274
189 188
189 990
189 934
189 947
189 289
189 754
189 96
189 404
189 881
189 432
189 802
190 239
190 431
191 43
191 724
191 239
191 942
191 612
192 266
192 320
193 26
193 569
194 294
194 907
194 872
194 730
195 788
195 275
195 746
195 343
195 733
195 681
195 691
196 335
197 398
197 310
197 658
197 823
197 818
197 528
197 203
197 686
197 731
197 779
197 790
197 536
197 835
197 931
197 723
197 37
197 814
197 515
197 617
198 272
199 118
199 244
199 504
200 858
200 578
200 590
201 593
202 640
202 356
203 862
203 353
203 197
204 245
204 149
204 516
204 166
204 341
204 248
204 834
204 533
204 404
204 594
204 806
204 578
204 771
204 962
204 468
204 163
204 730
204 357
204 500
204 683
205 869
205 816
206 918
206 703
207 893
207 924
208 769
209 611
209 118
209 353
209 184
211 646
211 626
213 816
213 484
213 261
214 156
214 913
214 542
215 425
215 250
215 16
216 244
217 143
217 823
217 640
217 355
217 880
217 518
219 310
219 475
219 296
222 251
222 808
222 773
223 335
224 764
224 886
224 469
224 549
224 550
224 186
224 774
224 259
225 455
225 787
225 515
225 6
225 726
225 846
225 848
225 495
226 161
226 305
226 673
226 347
226 547
226 241
226 598
226 823
226 758
226 259
227 583
227 356
228 768
229 701
230 251
230 252
231 598
231 578
231 687
232 780
232 577
233 417
233 779
233 4
233 695
233 296
233 419
233 21
233 521
233 361
234 823
234 261
235 255
235 625
235 497
235 139
235 535
235 772
235 259
235 703
236 15
236 519
237 398
237 857
237 438
237 878
237 105
237 867
237 668
237 441
237 661
237 659
237 650
237 387
238 735
238 729
238 654
238 806
238 3
238 862
239 80
239 190
239 357
239 965
239 458
239 984
239 191
239 765
239 445
239 118
239 612
239 626
239 69
240 891
240 504
241 33
241 226
241 252
243 784
243 812
243 63
243 796
243 603
243 878
244 848
244 624
244 106
244 981
244 960
244 903
244 747
244 796
244 216
244 963
244 199
245 204
245 606
246 86
246 118
247 437
248 582
248 143
248 204
249 276
250 794
250 560
250 93
250 931
250 163
250 975
250 583
250 718
250 215
250 278
250 889
250 343
250 790
250 971
250 517
250 880
250 373
251 230
251 115
251 222
251 278
251 308
251 362
251 820
251 139
251 726
251 760
251 687
251 797
252 181
252 378
252 949
252 99
252 966
252 739
252 372
252 230
252 558
252 97
252 598
252 138
252 241
252 723
252 3
253 318
254 315
254 847
254 840
254 62
254 916
254 547
254 653
254 353
255 235
255 56
255 318
255 484
255 878
257 118
258 734
259 226
259 235
259 716
259 633
259 732
259 861
259 955
259 305
259 146
259 224
259 833
260 66
260 173
260 570
261 752
261 213
261 263
261 234
261 342
262 81
262 941
263 896
263 829
263 731
263 844
263 81
263 261
264 721
264 63
264 712
264 423
264 34
264 420
264 554
264 870
264 267
265 886
265 292
265 454
265 508
265 866
265 280
265 587
265 640
265 758
265 945
266 192
266 475
267 291
267 716
267 904
267 865
267 823
267 844
267 264
267 836
267 999
269 304
270 886
270 773
271 862
271 38
271 320
272 983
272 405
272 521
272 791
272 789
272 999
272 198
272 935
272 743
272 693
272 448
273 101
274 188
274 86
274 331
274 343
274 89
274 908
274 589
274 388
274 280
274 126
275 195
275 701
275 387
276 65
276 574
276 290
276 249
276 520
276 742
276 173
278 251
278 250
278 675
279 621
279 85
280 1
280 265
280 773
280 274
281 184
282 861
282 186
282 922
283 81
283 474
284 891
284 637
284 816
284 932
284 556
285 646
286 518
286 626
288 109
289 109
289 189
289 431
290 276
291 758
291 267
291 969
292 966
292 395
292 265
293 977
294 194
294 16
295 578
296 455
296 116
296 706
296 737
296 153
296 845
296 54
296 35
296 786
296 874
296 704
296 487
296 219
296 738
296 787
296 628
296 877
296 897
296 989
296 233
297 437
297 356
298 304
299 56
300 918
300 556
301 990
301 757
302 880
302 892
303 705
304 298
304 838
304 269
304 475
304 730
304 334
304 606
305 564
305 461
305 108
305 788
305 864
305 226
305 687
305 259
306 683
306 590
306 56
306 941
307 816
307 961
307 691
308 251
308 66
308 883
310 413
310 501
310 667
310 219
310 420
310 127
310 334
310 197
311 888
311 689
311 963
311 408
312 85
312 990
313 157
314 365
314 162
314 342
315 254
315 893
316 785
317 168
318 141
318 255
318 897
318 253
318 823
318 439
318 45
318 441
318 436
318 512
318 356
320 673
320 491
320 192
320 271
320 426
321 664
321 883
321 345
322 335
323 417
323 545
323 575
323 726
323 602
323 525
323 47
323 326
323 748
323 616
323 426
324 446
326 437
326 519
326 430
326 323
326 703
326 69
327 578
327 16
328 826
328 392
329 537
330 703
330 556
331 86
331 274
333 644
333 808
333 697
333 934
334 978
334 14
334 304
334 310
334 352
334 936
334 616
335 322
335 28
335 155
335 196
335 541
335 2
335 223
335 849
335 466
335 387
335 606
337 886
338 883
339 551
339 583
339 105
340 918
341 681
341 504
341 204
342 314
342 261
343 195
343 250
343 989
343 274
343 945
344 627
344 346
344 924
345 398
345 23
345 923
345 813
345 321
345 884
345 995
345 704
345 440
346 876
346 444
346 878
346 344
346 801
346 406
346 51
347 226
347 924
349 769
349 422
350 157
351 637
351 934
352 1000
352 334
352 892
353 809
353 203
353 994
353 209
353 254
353 641
353 594
353 524
353 173
353 943
353 129
353 650
353 361
353 169
353 685
353 106
353 748
353 136
354 101
355 399
355 81
355 461
355 217
355 902
355 13
355 771
355 141
355 629
355 445
355 997
355 687
356 46
356 760
356 227
356 739
356 163
356 864
356 202
356 86
356 297
356 418
356 318
356 628
357 239
357 204
358 124
359 616
359 392
359 69
360 646
360 69
361 577
361 353
361 233
362 943
362 251
364 437
364 410
364 170
365 314
365 722
366 170
366 696
367 454
367 575
367 604
367 81
367 124
368 501
368 415
369 101
370 37
370 629
370 72
370 659
370 918
370 856
370 131
370 526
370 917
370 502
371 603
371 447
372 868
372 252
372 606
373 646
373 815
373 871
373 741
373 17
373 732
373 792
373 647
373 250
373 762
373 103
373 493
374 582
375 184
375 961
376 703
377 556
378 252
378 883
379 966
379 899
379 105
380 612
381 687
382 5
382 968
382 143
384 551
384 598
384 612
385 173
385 426
386 922
387 335
387 120
387 58
387 66
387 275
387 564
387 691
387 517
387 237
387 635
387 390
387 713
388 393
388 482
388 992
388 845
388 652
388 81
388 274
389 604
389 567
389 448
389 782
389 833
389 560
389 66
389 647
389 102
389 883
390 447
390 387
391 640
391 922
391 175
392 113
392 359
392 328
392 544
392 641
392 506
393 388
394 598
395 960
395 717
395 292
395 420
395 443
395 75
396 619
396 870
397 15
398 237
398 197
398 734
398 345
399 355
400 525
400 131
400 975
400 548
400 34
400 106
400 644
400 816
400 143
401 109
402 38
403 664
404 691
404 556
404 189
404 204
405 456
405 272
406 808
406 346
407 768
408 311
408 109
410 455
410 183
410 913
410 796
410 531
410 582
410 761
410 364
410 734
411 621
412 684
413 310
413 606
414 456
414 474
415 656
415 918
415 147
415 536
415 469
415 482
415 45
415 917
415 635
415 368
415 815
415 103
415 49
415 919
415 47
415 450
415 855
416 858
416 422
417 518
417 323
417 705
417 233
418 356
419 38
419 233
420 310
420 447
420 395
420 264
421 582
421 612
422 732
422 416
422 920
422 957
422 349
422 675
423 264
423 687
424 563
425 215
425 593
425 437
426 60
426 180
426 434
426 385
426 158
426 320
426 443
426 583
426 323
426 461
427 809
428 773
428 945
428 675
429 616
430 764
430 862
430 792
430 63
430 94
430 647
430 180
430 326
430 975
430 957
430 667
430 964
430 773
431 600
431 662
431 550
431 514
431 289
431 159
431 190
431 138
431 134
431 110
431 43
431 934
431 564
432 913
432 16
432 189
432 606
433 737
433 593
433 143
434 727
434 724
434 869
434 81
434 426
435 139
436 143
436 757
436 991
436 318
437 594
437 741
437 180
437 326
437 933
437 425
437 727
437 679
437 247
437 79
437 297
437 364
437 816
438 237
439 701
439 940
439 318
440 894
440 899
440 696
440 345
441 318
441 237
442 757
443 395
443 426
444 758
444 346
445 789
445 78
445 82
445 902
445 729
445 562
445 239
445 516
445 355
445 945
446 324
446 172
446 952
446 630
447 716
447 564
447 371
447 552
447 420
447 390
447 678
447 449
447 961
448 823
448 389
448 272
449 722
449 913
449 447
450 537
450 415
450 880
451 841
451 519
453 577
454 367
454 265
455 410
455 296
455 883
455 225
456 9
456 948
456 414
456 889
456 405
456 631
456 49
456 525
456 913
456 972
456 705
456 504
457 513
458 239
460 118
461 305
461 355
461 426
461 924
464 696
465 26
465 934
466 335
468 769
468 878
468 687
468 612
468 204
469 867
469 224
469 415
469 744
471 570
472 886
473 640
474 871
474 58
474 562
474 283
474 791
474 710
474 564
474 137
474 414
475 886
475 21
475 219
475 550
475 304
475 540
475 726
475 721
475 266
475 687
475 626
476 878
476 945
476 556
478 946
478 119
478 570
479 690
480 655
480 867
480 16
481 26
482 388
482 415
483 757
483 932
484 659
484 529
484 213
484 159
484 255
484 687
485 583
486 590
487 780
487 296
487 797
487 703
489 623
489 109
490 135
491 932
491 697
491 320
492 637
492 924
493 918
493 373
494 846
495 656
495 225
496 124
496 537
496 945
497 598
497 816
497 235
498 815
498 701
498 862
498 892
498 617
499 934
499 612
499 892
500 870
500 744
500 922
500 204
501 368
501 995
501 310
501 598
501 675
502 867
502 66
502 773
502 370
502 969
503 86
503 892
504 927
504 240
504 176
504 199
504 878
504 549
504 699
504 341
504 808
504 456
505 878
505 892
506 392
507 583
507 749
507 773
507 893
508 265
508 924
512 913
512 318
512 922
513 694
513 1000
513 563
513 699
513 790
513 457
513 576
514 431
515 630
515 225
515 197
516 72
516 966
516 445
516 204
517 250
517 387
518 417
518 217
518 57
518 964
518 536
518 562
518 286
518 779
519 40
519 326
519 236
519 83
519 451
519 699
519 169
519 675
520 276
520 969
521 15
521 272
521 233
522 757
523 880
524 353
525 400
525 456
525 823
525 323
526 370
527 11
527 542
528 184
528 197
529 746
529 484
531 410
531 730
532 894
532 124
533 966
533 942
533 105
533 204
534 895
534 932
534 629
534 11
534 809
534 573
534 3
535 15
535 235
536 654
536 990
536 720
536 415
536 518
536 197
537 559
537 868
537 329
537 977
537 496
537 450
537 543
537 24
537 989
538 687
539 742
539 175
540 972
540 475
540 808
541 335
542 179
542 527
542 214
542 550
542 906
542 654
543 720
543 537
544 683
544 392
545 323
547 226
547 254
548 1
548 400
548 582
549 224
549 504
550 542
550 475
550 224
550 917
550 431
551 339
551 136
551 806
551 746
551 726
551 729
551 71
551 384
551 640
551 961
552 110
552 772
552 972
552 447
553 900
554 264
555 942
556 404
556 377
556 592
556 300
556 330
556 652
556 168
556 284
556 576
556 476
558 940
558 252
559 537
559 734
560 250
560 389
560 681
561 38
562 445
562 681
562 474
562 687
562 518
563 770
563 36
563 424
563 513
563 823
564 305
564 447
564 474
564 431
564 387
566 175
567 862
567 389
569 895
569 852
569 957
569 719
569 698
569 193
569 901
569 162
570 927
570 61
570 478
570 260
570 860
570 655
570 640
570 751
570 158
570 778
570 471
571 135
571 590
572 26
573 913
573 757
573 534
574 104
574 99
574 977
574 158
574 959
574 709
574 276
574 862
574 893
575 367
575 323
576 943
576 871
576 513
576 883
576 556
577 894
577 634
577 986
577 771
577 453
577 704
577 232
577 361
577 31
577 905
577 757
578 839
578 611
578 200
578 15
578 719
578 327
578 231
578 593
578 295
578 917
578 892
578 204
579 750
579 54
579 611
579 651
579 827
579 794
579 826
579 985
579 130
580 995
582 15
582 548
582 61
582 49
582 804
582 248
582 855
582 374
582 421
582 70
582 410
582 934
583 80
583 507
583 145
583 227
583 339
583 841
583 485
583 680
583 250
583 426
585 940
586 749
586 118
586 691
587 265
587 606
588 989
589 942
589 274
590 306
590 951
590 987
590 486
590 765
590 867
590 798
590 868
590 666
590 571
590 637
590 903
590 746
590 200
590 945
591 769
591 170
592 56
592 556
593 201
593 176
593 610
593 738
593 425
593 433
593 578
594 437
594 917
594 353
594 204
595 783
596 637
597 969
598 497
598 754
598 501
598 859
598 384
598 231
598 394
598 226
598 252
600 431
601 995
602 323
603 371
603 243
603 758
604 367
604 389
606 245
606 335
606 587
606 432
606 304
606 665
606 763
606 372
606 413
606 927
606 689
608 940
608 135
608 184
608 691
609 922
610 593
610 891
611 209
611 619
611 578
611 579
612 876
612 968
612 930
612 886
612 239
612 989
612 709
612 701
612 384
612 380
612 692
612 179
612 468
612 191
612 499
612 421
613 892
616 865
616 429
616 628
616 359
616 771
616 749
616 323
616 334
617 649
617 10
617 133
617 197
617 855
617 79
617 6
617 498
617 948
617 886
617 717
617 878
617 914
617 829
619 611
619 85
619 771
619 396
619 131
619 736
619 717
619 681
620 72
620 880
621 766
621 279
621 411
621 63
621 697
622 109
622 991
623 847
623 489
623 967
624 749
624 244
624 683
625 894
625 235
626 475
626 239
626 103
626 211
626 705
626 286
626 23
626 717
626 30
627 344
628 616
628 942
628 296
628 356
628 170
629 644
629 858
629 355
629 370
629 534
630 446
630 884
630 8
630 642
630 977
630 515
630 755
630 823
630 943
631 456
632 679
632 913
632 69
633 768
633 56
633 259
634 577
635 415
635 387
637 791
637 492
637 596
637 776
637 351
637 284
637 718
637 699
637 74
637 701
637 590
638 647
638 675
640 659
640 217
640 44
640 265
640 914
640 551
640 391
640 202
640 178
640 473
640 961
640 570
641 353
641 392
642 630
642 691
644 400
644 838
644 333
644 629
644 173
645 33
646 211
646 285
646 360
646 152
646 373
647 951
647 76
647 120
647 638
647 920
647 824
647 430
647 389
647 373
648 941
648 696
649 617
650 701
650 940
650 353
650 237
651 579
652 388
652 893
652 556
653 254
653 681
654 536
654 238
654 542
655 480
655 758
655 570
656 958
656 125
656 953
656 495
656 415
657 941
658 899
658 744
658 197
659 484
659 173
659 640
659 370
659 237
660 927
661 16
661 237
662 431
663 156
663 684
663 124
664 321
664 403
664 987
664 878
665 606
666 893
666 590
667 310
667 430
668 705
668 237
669 33
671 868
673 109
673 226
673 320
674 881
674 893
675 800
675 428
675 721
675 825
675 501
675 519
675 771
675 278
675 162
675 638
675 422
675 75
675 857
676 758
678 447
678 878
679 162
679 842
679 632
679 977
679 437
679 917
680 583
680 823
681 839
681 856
681 619
681 560
681 653
681 341
681 195
681 83
681 562
681 969
682 690
683 306
683 793
683 940
683 855
683 544
683 53
683 766
683 624
683 175
683 204
684 412
684 663
685 987
685 353
686 197
687 707
687 468
687 355
687 803
687 35
687 80
687 381
687 231
687 484
687 475
687 177
687 305
687 423
687 251
687 538
687 562
687 132
687 979
687 966
687 170
689 311
689 606
690 994
690 479
690 90
690 933
690 832
690 699
690 112
690 5
690 682
691 404
691 642
691 33
691 586
691 955
691 961
691 84
691 307
691 608
691 195
691 387
692 612
693 272
694 513
695 797
695 233
696 767
696 440
696 464
696 648
696 38
696 821
696 856
696 763
696 75
696 366
697 47
697 491
697 621
697 54
697 333
697 974
697 735
698 980
698 569
699 637
699 690
699 519
699 513
699 504
701 778
701 275
701 852
701 650
701 498
701 980
701 182
701 637
701 229
701 439
701 612
703 376
703 206
703 39
703 947
703 330
703 51
703 326
703 862
703 235
703 850
703 487
704 57
704 162
704 782
704 577
704 296
704 345
705 303
705 919
705 65
705 993
705 72
705 977
705 417
705 456
705 769
705 668
705 626
705 69
706 867
706 737
706 920
706 296
707 687
708 98
709 167
709 574
709 780
709 972
709 612
710 474
711 886
711 808
712 846
712 264
713 387
715 927
716 447
716 742
716 38
716 267
716 259
717 395
717 619
717 626
717 617
718 780
718 637
718 250
719 742
719 578
719 16
719 569
720 830
720 131
720 948
720 132
720 536
720 543
720 782
720 730
721 264
721 475
721 675
722 365
722 139
722 726
722 988
722 725
722 449
722 823
722 69
723 252
723 197
724 434
724 191
725 722
726 722
726 551
726 966
726 251
726 475
726 225
726 323
727 434
727 437
727 143
729 238
729 551
729 445
730 905
730 531
730 992
730 194
730 145
730 720
730 304
730 969
730 204
731 263
731 197
732 422
732 373
732 259
733 990
733 195
734 398
734 559
734 258
734 410
734 121
734 77
734 842
734 775
734 10
734 864
734 957
735 238
735 697
736 619
736 880
736 105
737 433
737 706
737 296
738 593
738 296
738 924
739 742
739 66
739 173
739 252
739 356
741 869
741 437
741 940
741 373
742 716
742 844
742 976
742 985
742 158
742 539
742 719
742 276
742 739
743 272
744 188
744 104
744 658
744 469
744 33
744 877
744 500
745 46
746 996
746 529
746 551
746 195
746 590
747 244
748 353
748 323
749 894
749 507
749 586
749 616
749 10
749 624
749 66
749 81
749 924
750 579
751 570
752 261
753 85
753 989
754 598
754 189
755 858
755 816
755 630
756 56
757 442
757 522
757 301
757 15
757 483
757 573
757 436
757 577
758 291
758 814
758 444
758 265
758 133
758 676
758 171
758 655
758 603
758 226
758 75
758 935
758 959
759 878
759 797
760 251
760 356
761 966
761 410
762 373
762 175
763 696
763 606
764 224
764 430
765 239
765 590
766 621
766 683
767 769
767 157
767 696
768 228
768 894
768 17
768 407
768 633
768 960
769 208
769 767
769 468
769 349
769 591
769 790
769 705
770 5
770 563
770 823
771 616
771 577
771 619
771 899
771 355
771 204
771 675
772 552
772 235
773 428
773 430
773 270
773 280
773 502
773 507
773 163
773 222
773 16
774 80
774 224
774 892
775 69
775 734
776 637
776 183
778 66
778 701
778 570
779 518
779 969
779 233
779 197
780 153
780 487
780 709
780 718
780 232
781 858
781 924
782 720
782 38
782 704
782 389
783 595
783 957
784 243
785 316
785 819
785 105
786 296
786 797
787 296
787 225
788 995
788 195
788 305
788 118
788 922
788 924
789 445
789 272
790 769
790 990
790 250
790 513
790 197
791 637
791 474
791 797
791 272
792 430
792 373
793 942
793 683
794 250
794 579
795 143
796 243
796 410
796 244
797 759
797 165
797 988
797 695
797 1
797 791
797 487
797 786
797 103
797 65
797 47
797 251
798 940
798 590
800 675
801 942
801 346
801 175
802 189
803 687
804 582
805 156
806 238
806 551
806 204
808 406
808 939
808 814
808 976
808 333
808 850
808 711
808 991
808 222
808 540
808 43
808 122
808 170
808 504
809 860
809 146
809 19
809 936
809 67
809 898
809 55
809 427
809 353
809 534
810 942
811 917
812 243
812 878
813 345
814 972
814 143
814 808
814 758
814 197
815 498
815 415
815 373
815 170
816 497
816 307
816 755
816 437
816 400
816 205
816 284
816 897
816 213
816 944
817 143
818 168
818 197
819 785
820 251
821 26
821 696
823 57
823 217
823 722
823 234
823 680
823 93
823 448
823 770
823 226
823 894
823 563
823 525
823 975
823 977
823 318
823 267
823 630
823 197
824 647
825 675
826 8
826 167
826 835
826 852
826 57
826 328
826 579
827 26
827 579
828 942
829 263
829 869
829 617
830 1000
830 720
832 690
832 880
832 892
833 894
833 389
833 259
834 918
834 204
835 826
835 197
836 267
838 304
838 644
839 578
839 681
839 880
840 254
841 451
841 583
842 679
842 85
842 81
842 734
843 868
843 990
844 263
844 742
844 267
845 388
845 296
846 712
846 494
846 932
846 225
847 623
847 254
848 244
848 225
848 961
849 335
850 808
850 703
852 966
852 701
852 826
852 917
852 569
853 918
855 33
855 582
855 415
855 683
855 617
856 681
856 370
856 696
857 16
857 56
857 675
857 237
858 200
858 629
858 129
858 83
858 781
858 755
858 416
858 173
859 968
859 598
860 809
860 570
861 282
861 259
862 40
862 238
862 567
862 498
862 271
862 203
862 574
862 430
862 703
864 305
864 356
864 734
865 616
865 66
865 267
866 265
867 469
867 502
867 480
867 45
867 706
867 590
867 237
868 372
868 843
868 985
868 671
868 537
868 590
869 741
869 41
869 205
869 829
869 434
869 150
870 264
870 913
870 17
870 23
870 500
870 9
870 396
871 11
871 576
871 474
871 373
872 194
872 945
874 296
874 961
876 612
876 346
877 296
877 744
878 44
878 11
878 38
878 759
878 812
878 678
878 664
878 76
878 243
878 476
878 468
878 505
878 255
878 346
878 504
878 617
878 237
879 892
880 523
880 901
880 450
880 839
880 620
880 302
880 217
880 74
880 736
880 250
880 122
880 832
881 674
881 56
881 189
883 455
883 308
883 389
883 80
883 978
883 576
883 378
883 338
883 321
883 187
883 914
883 170
883 105
884 630
884 345
886 337
886 711
886 270
886 472
886 87
886 265
886 475
886 224
886 612
886 617
887 894
888 311
889 456
889 250
890 26
891 284
891 610
891 240
891 914
892 613
892 774
892 879
892 832
892 498
892 499
892 302
892 119
892 578
892 977
892 503
892 352
892 505
893 666
893 574
893 140
893 652
893 977
893 207
893 674
893 315
893 507
893 34
894 833
894 532
894 94
894 440
894 887
894 625
894 73
894 577
894 749
894 823
894 768
895 534
895 569
895 934
896 263
897 816
897 318
897 296
898 809
899 658
899 379
899 900
899 38
899 771
899 440
900 553
900 899
901 880
901 569
901 170
902 445
902 143
902 355
903 590
903 244
904 267
904 135
905 730
905 577
906 542
906 940
907 194
908 274
912 995
912 156
913 432
913 997
913 214
913 512
913 449
913 456
913 573
913 965
913 165
913 632
913 870
913 410
914 891
914 640
914 883
914 924
914 617
915 69
916 38
916 254
917 86
917 73
917 811
917 550
917 578
917 594
917 852
917 131
917 119
917 156
917 25
917 679
917 415
917 370
918 134
918 834
918 300
918 340
918 938
918 151
918 39
918 493
918 206
918 853
918 415
918 370
919 109
919 415
919 705
920 647
920 706
920 422
921 56
921 941
922 60
922 156
922 391
922 386
922 609
922 40
922 99
922 27
922 500
922 512
922 120
922 788
922 282
922 186
923 345
924 20
924 781
924 344
924 749
924 914
924 928
924 461
924 207
924 492
924 788
924 72
924 347
924 508
924 738
927 660
927 42
927 715
927 114
927 504
927 570
927 606
928 989
928 105
928 924
930 612
931 109
931 250
931 197
932 26
932 846
932 483
932 491
932 284
932 534
932 105
933 437
933 690
934 113
934 975
934 582
934 333
934 465
934 73
934 32
934 351
934 130
934 499
934 895
934 14
934 189
934 431
935 758
935 272
936 809
936 334
937 961
938 918
939 808
939 69
940 40
940 585
940 558
940 650
940 906
940 608
940 741
940 798
940 439
940 683
941 84
941 648
941 921
941 262
941 186
941 306
941 657
941 126
942 810
942 628
942 533
942 793
942 555
942 589
942 801
942 191
942 828
943 576
943 164
943 362
943 630
943 353
943 945
944 816
944 175
945 113
945 943
945 476
945 445
945 590
945 265
945 496
945 872
945 163
945 428
945 343
945 998
946 478
947 961
947 189
947 703
948 720
948 456
948 617
949 252
951 647
951 590
952 446
953 656
954 38
955 259
955 691
957 783
957 422
957 430
957 569
957 734
958 656
959 574
959 968
959 758
960 395
960 768
960 244
961 60
961 848
961 447
961 96
961 551
961 307
961 874
961 640
961 375
961 937
961 947
961 691
962 157
962 204
963 311
963 244
964 430
964 518
965 913
965 239
966 80
966 145
966 516
966 379
966 41
966 59
966 726
966 761
966 852
966 292
966 533
966 252
966 687
967 623
968 859
968 75
968 382
968 959
968 49
968 612
969 502
969 779
969 730
969 597
969 291
969 520
969 681
970 109
971 250
972 540
972 552
972 814
972 174
972 709
972 456
974 697
975 400
975 250
975 823
975 430
975 934
976 742
976 808
977 293
977 574
977 679
977 823
977 537
977 630
977 893
977 705
977 892
978 334
978 883
979 687
980 698
980 701
981 16
981 244
983 272
983 69
984 239
985 868
985 742
985 579
986 577
987 664
987 45
987 685
987 590
988 722
988 797
989 588
989 753
989 90
989 343
989 928
989 537
989 296
989 612
990 30
990 301
990 843
990 312
990 733
990 536
990 150
990 790
990 189
991 57
991 85
991 622
991 29
991 436
991 111
991 808
992 388
992 730
993 705
994 690
994 353
995 601
995 139
995 501
995 30
995 912
995 788
995 580
995 345
996 746
997 913
997 355
998 945
999 267
999 272
1000 51
1000 352
1000 100
1000 830
1000 33
1000 513
1000 56
