1 104
1 352
1 493
1 413
1 375
1 281
1 85
1 19
1 61
1 187
1 188
1 280
1 298
1 305
1 318
1 591
2 226
2 343
2 27
2 96
2 333
2 528
2 61
2 3
2 313
2 362
2 379
3 270
3 435
3 301
3 273
3 587
3 39
3 372
3 2
3 101
3 142
3 162
3 212
3 453
3 464
3 548
4 509
4 177
4 305
4 52
4 320
4 398
4 498
4 569
5 157
5 315
5 9
5 148
5 333
5 458
5 11
5 69
5 140
5 274
5 370
5 513
5 572
6 463
6 455
6 376
6 570
6 581
6 459
6 412
6 36
6 103
6 133
6 229
6 312
6 325
6 333
6 387
6 404
6 427
7 146
7 224
7 268
7 25
7 9
7 178
7 216
7 59
7 78
7 372
8 9
8 506
8 441
8 321
8 437
8 236
8 459
8 597
9 207
9 521
9 555
9 275
9 552
9 340
9 563
9 5
9 7
9 26
9 93
9 167
9 198
9 334
9 350
9 355
9 370
9 406
9 445
9 522
9 593
9 8
10 114
10 452
10 311
10 473
10 132
10 213
10 222
10 232
10 289
10 313
10 561
11 231
11 74
11 5
11 72
11 503
11 27
11 420
11 38
11 176
11 256
11 421
12 594
12 387
12 245
12 243
12 101
12 234
12 515
12 94
12 122
12 209
12 331
12 437
12 452
13 27
13 536
13 486
13 336
13 214
13 265
13 223
13 161
13 165
13 331
13 456
14 255
14 44
14 232
14 558
14 239
14 67
14 229
14 309
15 512
15 572
15 574
15 276
15 127
15 141
15 73
15 462
16 562
16 355
16 527
16 268
16 246
16 353
16 555
16 334
16 30
16 178
16 240
16 302
16 379
16 553
16 599
17 70
17 563
17 382
17 547
17 298
17 426
17 66
17 95
17 218
17 241
17 368
18 405
18 439
18 142
18 428
18 198
18 19
18 189
18 355
18 456
18 481
18 535
18 553
19 280
19 65
19 512
19 1
19 18
19 38
19 546
19 196
19 150
19 301
19 336
19 377
19 398
19 432
19 443
19 551
19 593
20 62
20 69
20 175
20 495
20 518
20 413
20 406
20 48
20 350
20 356
20 389
20 440
20 458
20 579
20 530
21 237
21 345
21 444
21 110
21 578
21 39
21 74
21 103
21 257
21 281
21 292
21 361
21 432
22 306
22 230
22 146
22 131
22 420
22 448
22 293
22 115
22 535
23 503
23 468
23 111
23 143
23 156
23 323
23 588
24 407
24 255
24 477
24 569
24 272
24 482
24 469
24 144
24 62
24 312
24 314
24 527
24 578
24 436
25 507
25 235
25 256
25 128
25 560
25 7
25 43
25 71
25 244
25 418
25 447
25 559
26 332
26 312
26 581
26 576
26 584
26 9
26 516
26 27
26 74
26 380
26 383
26 452
27 249
27 428
27 71
27 26
27 2
27 11
27 13
27 73
27 127
27 403
28 80
28 89
28 343
28 397
28 50
28 143
28 250
28 255
28 266
28 414
29 584
29 324
29 197
29 251
29 514
29 113
29 224
29 39
29 119
29 179
29 247
29 263
29 279
29 376
29 551
30 545
30 327
30 520
30 16
30 93
30 476
30 584
30 252
30 213
30 352
30 475
30 521
30 531
30 582
31 176
31 566
31 82
31 302
31 554
31 240
31 208
31 241
32 202
32 405
32 324
32 181
32 200
32 347
32 134
32 376
32 418
32 469
33 175
33 288
33 355
33 229
33 154
33 475
33 469
33 486
33 78
33 337
33 506
34 570
34 600
34 355
34 121
34 384
34 508
34 166
34 71
34 76
34 218
34 261
34 317
34 393
34 423
34 463
35 61
35 568
35 476
35 268
35 63
35 74
35 98
35 188
35 419
35 499
36 205
36 304
36 194
36 6
36 105
36 584
36 63
36 174
36 247
36 321
36 348
36 393
36 413
36 421
36 477
36 510
37 168
37 118
37 364
37 592
37 116
37 361
37 463
37 225
37 236
37 418
37 453
37 520
37 557
38 115
38 257
38 430
38 542
38 509
38 11
38 19
38 85
38 143
38 203
38 293
38 306
38 317
38 378
38 414
38 487
38 537
39 194
39 29
39 267
39 242
39 3
39 21
39 205
39 273
39 361
39 517
39 431
40 578
40 471
40 143
40 286
40 413
40 586
40 96
40 99
40 102
40 201
40 278
40 285
40 292
41 370
41 511
41 387
41 78
41 153
41 290
41 556
41 275
41 334
41 376
42 383
42 44
42 201
42 476
42 95
42 202
42 175
42 54
42 454
42 575
43 473
43 520
43 230
43 553
43 221
43 25
43 83
43 44
43 391
44 168
44 573
44 146
44 43
44 42
44 51
44 77
44 108
44 212
44 265
44 270
44 293
44 338
44 480
44 14
45 438
45 527
45 51
45 53
45 96
45 168
45 240
45 455
45 525
45 136
46 428
46 419
46 56
46 282
46 186
46 334
46 213
46 267
46 285
46 324
46 366
46 385
47 230
47 265
47 112
47 149
47 371
47 349
47 88
47 529
47 98
47 135
47 233
47 267
47 394
47 396
47 545
47 577
47 338
48 549
48 318
48 416
48 220
48 545
48 20
48 383
48 452
48 60
48 65
48 107
48 330
49 137
49 558
49 546
49 119
49 264
49 307
49 164
49 391
49 434
49 469
50 600
50 285
50 210
50 84
50 335
50 537
50 528
50 28
50 64
50 278
50 392
50 529
51 170
51 210
51 114
51 485
51 44
51 45
51 584
51 453
51 159
51 279
51 299
51 330
51 378
51 387
51 483
51 591
52 522
52 526
52 333
52 233
52 544
52 256
52 311
52 475
52 4
53 586
53 450
53 45
53 220
53 311
53 357
53 119
53 95
53 118
53 155
53 219
53 358
53 363
53 428
54 596
54 580
54 509
54 42
54 493
54 470
54 81
54 82
54 210
54 222
55 457
55 168
55 193
55 86
55 286
55 356
55 419
55 421
55 547
55 565
55 586
56 385
56 321
56 579
56 88
56 198
56 109
56 211
56 46
56 68
56 152
56 220
56 262
56 510
56 515
56 539
57 421
57 92
57 367
57 257
57 548
57 243
57 225
57 66
57 108
57 240
57 249
57 341
57 392
57 467
57 486
57 487
57 575
58 134
58 239
58 268
58 465
58 214
58 352
58 468
58 554
59 194
59 101
59 161
59 7
59 316
59 141
59 459
59 277
59 164
59 230
59 305
59 351
59 357
59 463
59 466
59 505
59 533
60 48
60 382
60 491
60 125
60 473
60 304
60 569
60 251
60 410
60 437
60 470
60 568
61 506
61 80
61 445
61 534
61 341
61 1
61 255
61 90
61 2
61 35
61 336
61 346
61 393
61 449
61 464
62 274
62 452
62 232
62 539
62 78
62 424
62 24
62 20
62 68
62 275
62 287
62 568
63 35
63 130
63 306
63 483
63 131
63 164
63 515
63 36
63 494
63 504
63 546
63 586
64 69
64 123
64 50
64 373
64 574
64 89
64 586
64 437
64 101
64 160
64 182
64 263
64 281
64 413
64 414
64 507
65 532
65 464
65 179
65 564
65 48
65 599
65 568
65 19
65 103
65 151
65 171
65 560
66 466
66 480
66 145
66 237
66 154
66 191
66 422
66 57
66 17
66 104
66 111
66 129
66 363
66 470
66 509
66 555
67 309
67 391
67 270
67 427
67 546
67 237
67 481
67 14
67 239
67 266
67 333
67 356
67 382
67 438
67 443
67 507
67 516
67 590
68 193
68 287
68 62
68 197
68 316
68 589
68 212
68 56
68 311
68 432
68 495
68 547
68 548
68 550
68 590
69 284
69 184
69 598
69 78
69 412
69 5
69 118
69 529
69 20
69 64
69 90
69 193
69 339
69 383
69 512
69 535
69 543
70 345
70 210
70 598
70 201
70 577
70 353
70 82
70 347
70 17
70 222
70 223
70 298
70 405
70 308
70 243
71 326
71 34
71 583
71 125
71 132
71 499
71 128
71 25
71 27
71 153
71 161
71 166
71 266
71 301
71 332
71 343
71 473
72 163
72 396
72 415
72 329
72 158
72 140
72 495
72 303
72 11
72 162
72 166
72 203
72 380
72 391
72 532
73 505
73 27
73 285
73 429
73 495
73 583
73 509
73 547
73 15
73 96
73 125
73 236
74 487
74 193
74 365
74 35
74 238
74 26
74 413
74 323
74 11
74 21
74 367
74 372
74 376
74 409
74 545
74 559
75 325
75 444
75 432
75 360
75 107
75 261
75 120
75 220
75 429
75 457
75 578
76 284
76 559
76 253
76 34
76 489
76 463
76 483
76 324
76 219
76 228
76 293
76 322
76 397
76 562
76 565
76 593
77 512
77 141
77 395
77 99
77 278
77 44
77 245
77 335
77 548
78 188
78 381
78 109
78 87
78 405
78 33
78 7
78 41
78 62
78 69
78 119
78 148
78 164
78 170
78 230
78 334
78 378
78 457
78 469
78 508
78 598
78 338
79 205
79 218
79 395
79 302
79 352
79 197
79 299
79 201
79 233
79 362
79 467
80 430
80 495
80 28
80 61
80 94
80 265
80 347
80 363
80 426
80 445
80 471
80 575
80 115
81 92
81 121
81 54
81 265
81 491
81 245
81 303
81 471
81 91
81 102
81 335
81 425
82 364
82 222
82 149
82 560
82 400
82 54
82 31
82 70
82 126
82 143
82 249
82 280
82 296
82 346
82 467
82 552
82 565
82 570
82 587
83 254
83 118
83 140
83 185
83 117
83 349
83 43
83 154
83 247
83 268
83 416
83 437
83 481
83 492
83 554
84 417
84 439
84 348
84 172
84 442
84 550
84 567
84 50
84 140
84 162
84 228
84 367
84 424
84 541
85 159
85 182
85 228
85 340
85 238
85 38
85 554
85 1
85 89
85 129
85 364
85 388
85 513
86 438
86 237
86 147
86 396
86 495
86 101
86 116
86 55
86 444
86 204
87 376
87 480
87 294
87 208
87 361
87 104
87 218
87 196
87 78
87 95
87 269
87 302
87 390
87 546
87 559
88 272
88 128
88 103
88 150
88 47
88 56
88 134
88 428
89 584
89 480
89 155
89 85
89 284
89 585
89 428
89 28
89 64
89 251
89 288
89 312
89 403
89 530
90 486
90 93
90 164
90 276
90 295
90 69
90 292
90 321
90 61
90 99
90 124
90 148
90 216
90 314
91 290
91 287
91 236
91 278
91 81
91 165
91 463
91 519
92 404
92 214
92 275
92 103
92 291
92 57
92 81
92 310
92 313
92 403
92 426
92 432
93 345
93 591
93 186
93 271
93 9
93 540
93 369
93 294
93 30
93 90
93 94
93 243
93 270
93 368
93 450
93 563
94 458
94 108
94 389
94 80
94 93
94 209
94 12
94 536
94 137
94 159
94 226
94 372
94 452
94 502
95 226
95 53
95 17
95 367
95 87
95 402
95 42
95 148
95 232
95 321
96 498
96 570
96 502
96 73
96 466
96 414
96 45
96 40
96 2
96 216
96 240
96 283
96 555
96 590
97 449
97 336
97 352
97 307
97 361
97 360
97 261
97 209
97 217
97 308
97 341
97 483
97 533
97 494
98 514
98 47
98 422
98 221
98 139
98 35
98 433
98 112
98 417
98 521
98 525
98 558
98 597
99 40
99 579
99 308
99 173
99 90
99 595
99 485
99 77
99 157
99 182
99 362
99 370
99 379
99 439
99 500
99 541
99 589
99 408
100 250
100 558
100 347
100 280
100 155
100 570
100 123
100 135
100 174
100 224
100 242
100 273
100 284
100 292
101 374
101 269
101 64
101 522
101 244
101 128
101 3
101 379
101 12
101 59
101 86
101 109
101 192
101 197
102 40
102 251
102 168
102 253
102 243
102 573
102 81
102 264
102 392
102 552
102 578
103 65
103 472
103 21
103 330
103 6
103 92
103 205
103 380
103 411
103 88
104 289
104 531
104 314
104 391
104 66
104 553
104 1
104 87
104 122
104 159
104 164
104 176
104 205
104 520
104 577
105 569
105 140
105 566
105 383
105 562
105 36
105 155
105 207
105 266
105 319
105 374
105 476
105 589
106 502
106 587
106 113
106 151
106 283
106 424
106 471
106 598
107 280
107 48
107 152
107 231
107 496
107 173
107 211
107 75
107 120
107 164
108 57
108 44
108 425
108 250
108 514
108 287
108 302
108 94
108 175
108 310
108 363
109 583
109 226
109 591
109 257
109 101
109 176
109 363
109 474
109 56
109 78
109 252
109 450
109 528
109 539
109 540
109 592
110 570
110 599
110 462
110 311
110 277
110 330
110 183
110 21
110 116
110 200
110 287
110 377
110 402
110 546
111 176
111 66
111 23
111 143
111 493
111 309
111 433
111 482
112 421
112 240
112 187
112 191
112 562
112 98
112 244
112 47
112 119
112 172
113 106
113 160
113 29
113 165
113 193
113 231
113 327
113 402
113 410
113 437
113 528
113 536
114 319
114 209
114 483
114 353
114 289
114 10
114 51
114 135
114 226
114 278
114 421
114 594
115 525
115 22
115 449
115 80
115 38
115 256
115 368
115 530
116 377
116 121
116 110
116 224
116 411
116 324
116 517
116 382
116 37
116 86
116 149
116 258
116 309
116 333
116 533
117 461
117 208
117 592
117 163
117 119
117 578
117 585
117 196
117 83
117 156
117 221
117 278
117 281
117 308
117 481
117 488
117 549
117 582
118 508
118 380
118 53
118 520
118 207
118 375
118 377
118 37
118 69
118 83
118 342
118 358
118 408
118 428
119 221
119 134
119 528
119 112
119 78
119 466
119 29
119 49
119 53
119 117
119 168
119 171
119 253
119 271
119 330
119 423
119 439
119 457
120 553
120 107
120 406
120 336
120 288
120 221
120 75
120 310
120 459
120 509
120 594
121 471
121 590
121 392
121 448
121 599
121 272
121 34
121 81
121 116
121 213
122 390
122 348
122 133
122 481
122 104
122 273
122 12
122 252
122 175
122 271
122 555
122 556
123 363
123 457
123 318
123 439
123 171
123 212
123 100
123 64
123 484
123 487
124 585
124 286
124 151
124 90
124 284
124 542
124 599
124 385
125 486
125 73
125 284
125 526
125 205
125 498
125 291
125 60
125 71
125 184
125 289
125 302
125 343
125 363
125 376
125 488
125 560
126 488
126 435
126 195
126 484
126 82
126 557
126 343
126 398
126 404
127 287
127 556
127 27
127 590
127 587
127 276
127 180
127 281
127 15
127 306
127 339
127 503
128 489
128 546
128 538
128 553
128 196
128 573
128 476
128 376
128 25
128 71
128 88
128 101
128 323
128 422
128 440
128 441
128 450
128 507
128 568
128 591
129 144
129 170
129 516
129 333
129 332
129 145
129 66
129 85
129 151
129 262
129 265
129 320
129 359
129 404
129 543
130 558
130 474
130 319
130 138
130 251
130 173
130 339
130 63
130 220
130 279
130 464
130 473
130 531
131 489
131 529
131 425
131 479
131 149
131 315
131 395
131 22
131 63
131 162
131 284
131 295
131 321
131 323
131 556
131 562
131 234
132 542
132 573
132 10
132 272
132 545
132 584
132 71
132 160
132 173
132 224
132 314
132 354
132 370
132 536
133 570
133 181
133 315
133 480
133 226
133 6
133 134
133 122
133 282
133 341
133 389
133 475
133 563
134 324
134 588
134 32
134 190
134 88
134 270
134 58
134 119
134 133
134 191
134 236
134 472
134 517
135 345
135 47
135 496
135 100
135 343
135 114
135 597
135 488
135 176
135 221
135 393
135 526
135 553
136 184
136 524
136 365
136 591
136 423
136 264
136 45
136 463
137 389
137 245
137 436
137 94
137 328
137 197
137 527
137 233
137 49
137 267
137 275
137 415
137 431
137 451
137 571
138 413
138 600
138 419
138 578
138 165
138 249
138 130
138 149
138 577
139 144
139 523
139 142
139 231
139 297
139 395
139 98
139 244
139 417
140 504
140 84
140 488
140 173
140 500
140 5
140 427
140 383
140 72
140 83
140 105
140 160
140 248
140 295
140 310
140 340
140 366
140 501
141 389
141 425
141 575
141 596
141 518
141 15
141 59
141 77
141 295
141 445
141 483
141 583
142 3
142 570
142 18
142 139
142 166
142 347
142 495
142 573
143 384
143 82
143 23
143 38
143 436
143 599
143 28
143 40
143 180
143 461
143 111
144 439
144 375
144 594
144 576
144 539
144 477
144 24
144 129
144 139
144 153
144 181
144 226
144 377
144 448
144 552
144 587
145 468
145 557
145 347
145 456
145 301
145 345
145 480
145 227
145 66
145 129
145 233
145 271
145 320
145 352
145 504
145 586
145 592
146 361
146 245
146 402
146 488
146 507
146 7
146 22
146 44
146 186
146 207
146 283
146 429
147 357
147 296
147 455
147 570
147 566
147 339
147 86
147 151
147 460
147 493
147 504
147 529
148 300
148 95
148 78
148 260
148 335
148 90
148 461
148 5
148 225
148 277
148 374
148 428
149 537
149 357
149 387
149 116
149 138
149 540
149 296
149 270
149 47
149 82
149 131
149 159
149 213
149 432
149 433
149 439
149 509
150 320
150 324
150 577
150 19
150 419
150 176
150 424
150 153
150 269
150 505
150 88
151 106
151 564
151 147
151 166
151 586
151 129
151 65
151 124
151 163
151 272
151 454
152 354
152 542
152 562
152 508
152 503
152 56
152 487
152 404
152 107
152 166
152 252
152 388
152 524
152 528
153 194
153 71
153 379
153 144
153 310
153 551
153 582
153 150
153 41
153 212
153 218
153 257
154 83
154 196
154 466
154 254
154 559
154 506
154 382
154 157
154 33
154 66
154 180
154 216
154 375
154 585
154 586
155 310
155 53
155 322
155 357
155 105
155 371
155 409
155 89
155 100
155 193
155 299
155 469
155 536
156 117
156 527
156 200
156 565
156 493
156 23
156 337
156 296
156 310
156 333
156 339
156 461
156 516
157 99
157 305
157 336
157 193
157 515
157 588
157 5
157 154
157 382
157 386
157 407
157 587
157 597
158 177
158 199
158 315
158 195
158 538
158 306
158 497
158 290
158 72
158 291
158 312
158 351
158 364
158 502
159 149
159 94
159 272
159 104
159 544
159 479
159 51
159 85
159 171
159 179
159 218
159 248
159 353
159 442
160 210
160 132
160 140
160 64
160 113
160 280
160 302
160 379
160 434
160 453
160 468
160 470
160 572
161 71
161 480
161 571
161 13
161 326
161 464
161 512
161 59
161 244
161 407
161 418
161 449
162 3
162 503
162 84
162 546
162 72
162 266
162 131
162 450
162 168
162 195
162 297
162 334
162 396
162 410
162 452
162 446
163 151
163 338
163 219
163 468
163 378
163 241
163 280
163 72
163 117
163 166
163 186
163 298
163 307
163 341
163 390
163 405
163 535
163 565
164 107
164 49
164 104
164 322
164 78
164 59
164 63
164 90
164 187
164 328
164 479
164 495
164 560
165 13
165 113
165 173
165 91
165 138
165 551
166 72
166 290
166 152
166 163
166 142
166 71
166 365
166 34
166 151
166 205
166 374
166 387
166 433
166 553
167 461
167 387
167 280
167 9
167 292
167 236
167 384
167 439
168 303
168 45
168 119
168 433
168 162
168 37
168 44
168 55
168 102
168 396
168 464
168 537
168 546
168 373
169 537
169 472
169 259
169 561
169 536
169 460
169 446
169 314
169 331
169 417
169 486
170 370
170 491
170 267
170 174
170 78
170 574
170 525
170 51
170 129
170 180
170 208
170 312
170 365
170 387
170 484
170 515
170 571
170 594
171 65
171 119
171 404
171 506
171 159
171 123
171 241
171 257
171 270
171 529
171 563
171 585
172 237
172 226
172 582
172 276
172 197
172 263
172 374
172 112
172 84
172 192
172 223
172 333
172 357
172 520
172 523
173 272
173 132
173 265
173 412
173 579
173 404
173 99
173 107
173 130
173 140
173 165
173 268
173 376
173 422
174 259
174 417
174 385
174 551
174 36
174 100
174 189
174 170
174 251
174 331
174 441
174 482
174 493
174 565
175 122
175 108
175 263
175 237
175 20
175 33
175 42
175 187
175 314
175 316
175 384
175 426
175 457
175 520
175 569
176 104
176 296
176 11
176 135
176 180
176 301
176 556
176 31
176 109
176 111
176 150
176 240
176 348
176 588
177 500
177 535
177 158
177 182
177 211
177 273
177 301
177 4
178 316
178 16
178 288
178 528
178 256
178 7
178 211
178 215
178 394
178 430
178 493
179 219
179 465
179 29
179 457
179 553
179 159
179 212
179 321
179 65
179 490
180 513
180 143
180 272
180 315
180 170
180 154
180 198
180 127
180 176
180 305
180 347
180 424
180 401
180 416
181 144
181 557
181 213
181 249
181 207
181 549
181 32
181 133
181 570
182 99
182 231
182 64
182 524
182 295
182 459
182 177
182 204
182 85
182 188
182 244
182 300
182 378
182 463
182 499
182 504
182 520
183 599
183 307
183 535
183 110
183 268
183 326
183 494
183 436
184 125
184 69
184 136
184 362
185 316
185 511
185 227
185 396
185 83
185 332
185 375
185 388
186 163
186 380
186 441
186 404
186 146
186 490
186 586
186 46
186 93
186 257
186 312
186 362
186 450
187 518
187 1
187 190
187 571
187 256
187 164
187 175
187 420
187 112
187 276
187 374
187 442
187 282
188 360
188 182
188 1
188 35
188 531
188 78
188 349
188 404
188 409
188 458
188 546
189 265
189 197
189 511
189 418
189 18
189 174
189 201
189 454
189 476
189 486
189 509
189 586
190 283
190 410
190 369
190 495
190 215
190 469
190 208
190 543
190 134
190 187
190 200
190 271
190 335
190 381
190 427
190 490
190 595
191 442
191 202
191 277
191 134
191 66
191 112
191 259
191 321
191 589
192 213
192 539
192 237
192 265
192 101
192 553
192 172
192 476
193 69
193 293
193 272
193 435
193 382
193 155
193 113
193 55
193 68
193 74
193 157
193 318
193 455
193 518
194 206
194 229
194 343
194 36
194 39
194 59
194 153
194 435
195 474
195 162
195 477
195 126
195 158
195 271
195 357
195 364
195 529
195 591
196 556
196 197
196 398
196 396
196 581
196 19
196 87
196 117
196 128
196 154
196 255
196 370
196 442
196 522
197 515
197 422
197 248
197 101
197 552
197 369
197 535
197 487
197 29
197 68
197 79
197 137
197 172
197 189
197 196
197 207
197 318
197 367
197 522
197 527
198 9
198 18
198 56
198 180
198 210
198 214
198 221
198 278
198 280
198 307
198 314
198 347
198 576
198 446
199 458
199 562
199 578
199 573
199 569
199 442
199 158
199 219
199 455
199 492
199 254
200 583
200 190
200 299
200 524
200 110
200 429
200 283
200 32
200 156
200 600
201 268
201 443
201 79
201 189
201 481
201 305
201 40
201 484
201 42
201 70
201 463
201 503
201 584
202 442
202 249
202 329
202 531
202 295
202 492
202 569
202 32
202 42
202 191
202 337
202 465
202 476
202 549
203 236
203 487
203 38
203 547
203 326
203 72
203 524
203 255
203 257
203 534
204 535
204 453
204 526
204 326
204 86
204 182
204 524
204 570
205 382
205 166
205 104
205 261
205 103
205 39
205 540
205 356
205 36
205 79
205 125
205 353
205 457
205 471
205 505
205 506
205 551
206 424
206 442
206 582
206 576
206 194
206 326
206 439
206 599
206 600
207 292
207 398
207 146
207 197
207 105
207 360
207 297
207 9
207 118
207 181
207 274
207 317
207 335
207 423
207 470
207 534
208 31
208 467
208 414
208 341
208 170
208 288
208 588
208 87
208 117
208 190
208 235
208 371
208 477
208 542
208 583
209 12
209 470
209 455
209 356
209 568
209 482
209 556
209 97
209 94
209 114
209 218
209 228
209 306
209 414
209 499
209 511
209 558
209 597
210 198
210 317
210 54
210 280
210 231
210 279
210 254
210 241
210 50
210 51
210 70
210 160
210 282
210 396
210 529
210 569
211 177
211 178
211 484
211 519
211 329
211 319
211 56
211 107
211 251
211 409
211 234
212 3
212 553
212 304
212 44
212 285
212 153
212 214
212 406
212 68
212 123
212 179
212 242
212 480
212 577
212 588
213 30
213 46
213 595
213 249
213 10
213 149
213 121
213 260
213 181
213 192
213 227
213 280
213 415
213 488
214 349
214 393
214 198
214 496
214 357
214 58
214 359
214 514
214 13
214 92
214 212
214 488
214 497
214 551
214 600
215 229
215 483
215 525
215 296
215 178
215 532
215 190
215 252
215 325
215 335
215 416
216 90
216 154
216 388
216 96
216 357
216 557
216 335
216 269
216 7
216 234
217 442
217 97
217 542
217 262
217 305
217 430
217 588
217 597
218 209
218 17
218 159
218 478
218 153
218 377
218 34
218 79
218 87
218 275
218 294
218 359
218 406
218 497
218 504
218 518
218 583
218 282
219 53
219 546
219 598
219 404
219 222
219 199
219 76
219 163
219 179
219 284
219 370
219 517
219 547
220 444
220 284
220 56
220 247
220 75
220 380
220 254
220 130
220 48
220 53
220 312
220 352
220 430
220 459
220 540
220 594
221 135
221 117
221 564
221 198
221 43
221 98
221 119
221 120
221 242
221 382
221 557
221 579
222 576
222 70
222 377
222 54
222 448
222 312
222 10
222 82
222 219
222 380
222 424
222 435
222 491
223 172
223 301
223 539
223 359
223 263
223 519
223 70
223 13
223 341
223 479
223 561
224 100
224 491
224 132
224 452
224 502
224 265
224 7
224 29
224 116
224 225
225 496
225 598
225 524
225 509
225 148
225 37
225 224
225 57
225 377
225 483
226 144
226 527
226 563
226 285
226 114
226 379
226 94
226 2
226 95
226 109
226 133
226 172
226 230
226 278
226 310
226 398
226 512
226 523
227 213
227 270
227 542
227 311
227 480
227 582
227 327
227 145
227 185
227 244
227 356
227 397
227 442
228 348
228 209
228 502
228 76
228 558
228 439
228 557
228 84
228 85
228 422
228 580
229 237
229 323
229 14
229 375
229 6
229 412
229 493
229 361
229 33
229 194
229 215
229 251
229 301
229 431
229 482
229 498
229 581
230 226
230 78
230 509
230 59
230 336
230 22
230 43
230 47
230 265
230 271
230 515
230 532
231 591
231 113
231 395
231 11
231 107
231 139
231 182
231 210
231 233
231 285
231 383
231 416
232 10
232 510
232 95
232 322
232 467
232 62
232 253
232 323
232 339
232 353
232 399
232 447
232 498
232 540
232 14
233 79
233 231
233 47
233 417
233 145
233 52
233 137
233 284
233 296
233 432
233 447
233 494
234 216
234 532
234 131
234 211
234 576
234 573
234 12
234 248
235 555
235 588
235 528
235 208
235 309
235 25
235 249
235 317
235 468
235 476
235 543
236 134
236 513
236 242
236 257
236 37
236 73
236 91
236 203
236 350
236 380
236 394
236 410
236 167
236 8
237 587
237 600
237 473
237 483
237 238
237 591
237 21
237 66
237 67
237 86
237 172
237 175
237 192
237 229
237 253
237 305
237 448
237 480
237 593
238 532
238 473
238 296
238 423
238 74
238 85
238 237
238 348
239 462
239 268
239 470
239 297
239 67
239 547
239 247
239 58
239 377
239 395
239 467
239 503
239 505
239 574
239 14
240 378
240 96
240 45
240 547
240 531
240 57
240 16
240 176
240 112
240 294
240 324
240 386
240 579
240 31
241 17
241 591
241 383
241 171
241 378
241 31
241 163
241 210
241 257
241 457
241 592
241 596
242 221
242 277
242 298
242 486
242 100
242 507
242 212
242 39
242 236
242 289
242 372
242 413
242 526
243 93
243 70
243 12
243 57
243 102
243 352
243 438
243 499
244 350
244 459
244 161
244 182
244 25
244 321
244 139
244 227
244 101
244 112
244 328
244 374
244 379
244 568
244 246
244 303
245 77
245 444
245 278
245 391
245 357
245 12
245 81
245 137
245 146
245 470
245 517
245 558
245 564
245 431
246 399
246 522
246 386
246 244
246 16
246 345
246 421
246 531
247 496
247 309
247 36
247 279
247 472
247 29
247 83
247 280
247 220
247 239
247 516
247 524
247 549
247 556
247 559
248 234
248 571
248 322
248 159
248 395
248 140
248 551
248 197
249 357
249 235
249 580
249 434
249 82
249 57
249 27
249 138
249 181
249 202
249 213
249 262
249 471
249 505
249 542
249 596
250 298
250 28
250 468
250 100
250 108
250 364
250 514
250 518
250 555
250 567
251 174
251 60
251 255
251 89
251 506
251 229
251 211
251 29
251 102
251 130
251 483
252 548
252 290
252 309
252 364
252 215
252 152
252 109
252 600
252 30
252 122
252 350
252 503
252 543
252 547
253 587
253 237
253 232
253 528
253 501
253 119
253 76
253 102
253 292
253 440
253 445
253 470
253 540
254 405
254 199
254 506
254 83
254 154
254 210
254 220
254 410
255 468
255 203
255 28
255 373
255 196
255 546
255 275
255 441
255 14
255 24
255 61
255 251
255 350
255 435
256 402
256 550
256 115
256 352
256 523
256 52
256 11
256 424
256 25
256 178
256 187
256 518
257 153
257 186
257 422
257 171
257 241
257 203
257 21
257 38
257 57
257 109
257 236
257 377
257 444
257 466
257 505
257 524
258 435
258 588
258 449
258 517
258 116
258 457
258 535
258 558
258 574
259 272
259 349
259 191
259 563
259 169
259 174
259 342
259 401
259 437
259 497
259 506
259 572
260 475
260 481
260 427
260 148
260 213
260 291
260 315
260 327
260 336
260 351
260 513
261 512
261 338
261 329
261 415
261 428
261 34
261 279
261 75
261 97
261 205
261 344
262 288
262 249
262 217
262 453
262 129
262 519
262 334
262 56
262 322
262 359
262 493
262 497
262 527
263 29
263 404
263 370
263 64
263 172
263 175
263 223
263 461
263 462
263 465
263 530
263 581
264 382
264 449
264 391
264 511
264 102
264 49
264 273
264 319
264 369
264 383
264 415
264 447
264 510
264 582
264 136
265 409
265 44
265 515
265 80
265 384
265 129
265 230
265 13
265 47
265 81
265 173
265 189
265 192
265 224
265 304
265 342
265 417
265 471
265 481
265 559
266 67
266 523
266 105
266 71
266 460
266 28
266 477
266 162
266 276
266 349
267 404
267 318
267 46
267 47
267 473
267 137
267 39
267 170
267 274
267 284
267 390
268 382
268 492
268 83
268 173
268 183
268 514
268 397
268 493
268 7
268 16
268 35
268 58
268 201
268 239
268 327
268 363
268 427
269 531
269 598
269 87
269 535
269 589
269 150
269 407
269 101
269 216
269 330
269 435
269 473
269 538
269 555
270 367
270 355
270 363
270 339
270 171
270 93
270 44
270 3
270 67
270 134
270 149
270 227
270 377
271 190
271 145
271 122
271 119
271 417
271 230
271 512
271 195
271 93
271 276
271 362
271 364
271 367
271 544
271 556
272 380
272 322
272 352
272 485
272 151
272 277
272 311
272 24
272 88
272 121
272 132
272 159
272 173
272 180
272 193
272 259
272 281
272 304
272 510
272 521
272 579
273 100
273 536
273 264
273 39
273 531
273 580
273 177
273 340
273 3
273 122
273 316
273 450
273 463
273 521
273 542
273 587
274 5
274 444
274 267
274 355
274 488
274 375
274 448
274 207
274 62
274 290
274 295
274 318
274 429
274 556
274 574
274 593
275 41
275 502
275 218
275 290
275 137
275 62
275 9
275 92
275 255
275 382
275 446
276 566
276 309
276 266
276 187
276 485
276 271
276 353
276 432
276 15
276 90
276 127
276 172
276 277
276 318
276 445
276 460
276 594
277 479
277 517
277 148
277 276
277 59
277 110
277 191
277 242
277 272
277 289
277 407
277 495
278 40
278 114
278 226
278 364
278 50
278 198
278 117
278 283
278 77
278 91
278 245
278 576
279 130
279 51
279 492
279 29
279 483
279 382
279 478
279 210
279 247
279 261
279 448
279 452
279 517
280 198
280 588
280 82
280 213
280 1
280 160
280 506
280 401
280 19
280 100
280 107
280 163
280 167
280 210
280 247
280 394
280 509
281 64
281 117
281 344
281 272
281 542
281 21
281 310
281 1
281 127
281 324
281 325
281 412
281 417
281 441
281 449
282 592
282 210
282 133
282 296
282 218
282 187
282 46
282 431
283 96
283 559
283 146
283 366
283 336
283 106
283 190
283 200
283 278
283 321
283 468
283 481
283 557
284 131
284 219
284 100
284 438
284 570
284 267
284 233
284 69
284 76
284 89
284 124
284 125
284 220
284 316
284 365
284 515
284 569
284 591
284 600
285 465
285 482
285 231
285 46
285 331
285 40
285 50
285 73
285 212
285 226
285 476
285 539
285 590
286 400
286 560
286 442
286 341
286 40
286 55
286 124
286 322
286 368
287 62
287 319
287 110
287 575
287 554
287 471
287 297
287 68
287 91
287 108
287 127
287 291
287 355
287 493
287 564
288 89
288 598
288 458
288 500
288 588
288 33
288 120
288 178
288 208
288 262
288 297
288 307
288 348
288 482
288 566
289 242
289 301
289 482
289 277
289 125
289 10
289 104
289 114
289 369
289 549
290 583
290 429
290 483
290 343
290 338
290 274
290 423
290 41
290 91
290 158
290 166
290 252
290 275
290 417
290 462
291 158
291 404
291 518
291 520
291 287
291 403
291 260
291 92
291 125
291 410
291 525
292 366
292 100
292 253
292 338
292 307
292 40
292 396
292 21
292 90
292 167
292 207
292 405
292 463
292 557
293 44
293 305
293 76
293 38
293 587
293 22
293 193
293 418
294 240
294 525
294 417
294 218
294 87
294 93
294 300
294 367
294 540
295 406
295 426
295 140
295 131
295 141
295 389
295 274
295 329
295 90
295 182
295 202
295 404
295 440
295 492
295 506
295 557
296 156
296 233
296 82
296 147
296 149
296 176
296 215
296 238
296 282
296 535
296 558
297 162
297 288
297 139
297 207
297 239
297 287
297 419
297 449
298 595
298 1
298 573
298 302
298 565
298 163
298 70
298 17
298 242
298 250
298 391
298 406
299 418
299 377
299 51
299 483
299 560
299 482
299 155
299 79
299 200
299 361
299 381
299 487
300 182
300 504
300 563
300 496
300 591
300 294
300 382
300 148
300 366
300 398
300 519
300 547
301 346
301 229
301 499
301 177
301 575
301 19
301 71
301 3
301 145
301 176
301 223
301 289
301 365
302 125
302 341
302 419
302 591
302 16
302 160
302 87
302 31
302 79
302 108
302 298
302 315
303 529
303 506
303 244
303 72
303 81
303 168
303 478
303 592
304 265
304 272
304 315
304 555
304 36
304 60
304 212
304 385
305 237
305 59
305 566
305 358
305 217
305 180
305 1
305 157
305 201
305 293
305 411
305 433
305 451
305 488
305 4
306 356
306 334
306 127
306 567
306 311
306 38
306 209
306 22
306 63
306 158
306 361
306 376
306 531
307 440
307 198
307 442
307 540
307 562
307 288
307 163
307 49
307 97
307 292
307 351
307 461
307 495
307 536
307 569
307 571
307 183
308 117
308 589
308 97
308 70
308 99
308 315
308 424
308 507
309 354
309 323
309 111
309 555
309 116
309 14
309 414
309 67
309 235
309 247
309 252
309 276
309 478
310 108
310 120
310 226
310 567
310 140
310 156
310 92
310 153
310 155
310 281
310 358
310 553
310 575
310 591
311 52
311 68
311 572
311 10
311 53
311 110
311 227
311 272
311 306
311 324
311 394
311 426
312 220
312 89
312 170
312 6
312 186
312 158
312 24
312 26
312 222
312 539
312 446
312 533
313 2
313 425
313 10
313 536
313 92
313 403
313 396
313 566
314 369
314 24
314 198
314 132
314 90
314 169
314 175
314 401
314 104
314 343
314 413
314 596
315 409
315 260
315 362
315 302
315 308
315 455
315 371
315 5
315 131
315 133
315 158
315 180
315 304
315 423
315 465
315 503
315 527
315 530
315 597
315 446
316 325
316 284
316 175
316 369
316 273
316 422
316 59
316 68
316 178
316 185
316 320
316 394
317 38
317 579
317 207
317 235
317 389
317 34
317 442
317 210
317 318
317 340
317 425
317 449
318 1
318 317
318 276
318 323
318 447
318 193
318 197
318 274
318 48
318 123
318 267
318 356
318 513
319 264
319 462
319 105
319 387
319 493
319 114
319 130
319 211
319 287
319 367
319 460
320 316
320 4
320 430
320 145
320 364
320 512
320 129
320 580
320 150
320 524
321 95
321 382
321 283
321 191
321 360
321 36
321 131
321 56
321 90
321 179
321 244
321 403
321 433
321 492
321 512
321 8
322 324
322 76
322 346
322 588
322 286
322 504
322 564
322 262
322 155
322 164
322 232
322 248
322 272
322 464
322 500
322 515
322 599
323 507
323 23
323 128
323 232
323 131
323 567
323 74
323 229
323 309
323 318
323 521
323 532
324 46
324 364
324 240
324 589
324 311
324 545
324 281
324 29
324 32
324 76
324 116
324 134
324 150
324 322
324 337
324 372
324 568
325 493
325 391
325 451
325 374
325 281
325 6
325 215
325 75
325 316
325 400
325 524
325 542
325 570
326 183
326 206
326 429
326 71
326 161
326 203
326 204
326 329
326 410
326 500
326 526
327 113
327 260
327 332
327 551
327 532
327 433
327 268
327 30
327 227
327 330
327 374
327 381
327 388
327 400
327 426
328 375
328 376
328 164
328 368
328 244
328 458
328 474
328 137
328 484
328 566
329 442
329 326
329 72
329 202
329 211
329 261
329 295
330 466
330 534
330 269
330 327
330 51
330 48
330 119
330 103
330 110
330 456
330 515
331 482
331 174
331 169
331 13
331 560
331 384
331 12
331 285
331 419
331 458
331 496
331 559
331 373
332 596
332 185
332 495
332 71
332 597
332 405
332 337
332 26
332 129
332 327
332 460
332 572
333 380
333 67
333 389
333 581
333 156
333 172
333 6
333 116
333 2
333 5
333 52
333 129
333 444
333 556
333 576
333 586
334 9
334 78
334 438
334 513
334 162
334 413
334 41
334 547
334 16
334 46
334 262
334 306
334 412
334 465
334 539
335 207
335 81
335 215
335 190
335 77
335 50
335 148
335 216
335 379
335 527
335 538
335 575
336 474
336 456
336 411
336 577
336 260
336 19
336 61
336 13
336 97
336 120
336 157
336 230
336 283
336 418
336 419
336 430
336 431
336 486
336 510
336 436
337 202
337 33
337 341
337 324
337 156
337 332
337 479
337 525
338 44
338 575
338 47
338 78
338 163
338 261
338 290
338 292
339 127
339 538
339 69
339 543
339 455
339 156
339 232
339 130
339 147
339 270
339 417
339 424
339 532
339 562
340 317
340 140
340 371
340 428
340 9
340 85
340 273
340 456
341 555
341 223
341 163
341 372
341 133
341 57
341 97
341 61
341 208
341 286
341 302
341 337
341 412
341 503
342 528
342 118
342 259
342 560
342 454
342 265
342 385
342 411
342 415
342 555
343 424
343 314
343 126
343 358
343 71
343 373
343 125
343 2
343 28
343 135
343 194
343 290
343 392
343 516
343 593
344 366
344 485
344 261
344 590
344 550
344 281
344 383
344 492
345 490
345 570
345 246
345 555
345 21
345 70
345 93
345 135
345 145
345 391
345 535
345 541
345 589
345 598
346 599
346 529
346 82
346 61
346 301
346 322
346 349
346 390
346 458
346 485
346 572
347 364
347 390
347 180
347 433
347 142
347 80
347 366
347 198
347 32
347 70
347 100
347 145
347 357
348 36
348 409
348 590
348 288
348 176
348 238
348 530
348 585
348 84
348 122
348 228
348 413
348 451
349 383
349 372
349 346
349 188
349 363
349 266
349 47
349 83
349 214
349 259
349 448
349 525
350 9
350 393
350 236
350 20
350 255
350 252
350 443
350 244
350 365
350 424
351 437
351 260
351 307
351 59
351 566
351 575
351 158
351 379
352 580
352 571
352 145
352 30
352 220
352 58
352 393
352 243
352 1
352 79
352 97
352 256
352 272
352 365
352 590
353 503
353 205
353 419
353 159
353 232
353 16
353 70
353 114
353 276
353 440
354 600
354 569
354 599
354 132
354 407
354 152
354 309
354 499
354 557
355 588
355 9
355 418
355 18
355 287
355 359
355 437
355 16
355 33
355 34
355 270
355 274
355 523
356 20
356 67
356 227
356 600
356 552
356 318
356 55
356 205
356 209
356 306
356 363
356 369
356 392
356 457
356 479
356 493
356 559
357 387
357 466
357 470
357 347
357 59
357 195
357 513
357 172
357 53
357 147
357 149
357 155
357 214
357 216
357 245
357 249
357 364
357 408
357 434
357 540
358 310
358 118
358 439
358 404
358 451
358 420
358 53
358 305
358 343
358 487
358 592
359 373
359 464
359 262
359 218
359 129
359 214
359 223
359 355
359 361
359 400
360 75
360 97
360 188
360 207
360 321
360 406
360 434
360 482
360 582
360 585
360 408
361 21
361 39
361 306
361 438
361 299
361 359
361 37
361 87
361 97
361 146
361 229
361 407
361 559
362 99
362 79
362 186
362 271
362 184
362 2
362 315
362 371
362 516
362 554
363 66
363 80
363 53
363 365
363 356
363 268
363 108
363 125
363 109
363 123
363 270
363 349
363 479
363 498
363 513
364 158
364 407
364 271
364 195
364 85
364 250
364 357
364 37
364 82
364 252
364 278
364 320
364 324
364 347
364 502
364 558
364 564
364 599
365 350
365 569
365 352
365 284
365 301
365 170
365 473
365 74
365 136
365 166
365 363
365 369
365 434
365 443
365 511
365 515
365 594
366 563
366 300
366 46
366 450
366 140
366 283
366 292
366 344
366 347
366 378
366 412
366 513
367 74
367 294
367 319
367 590
367 390
367 197
367 271
367 84
367 57
367 95
367 270
367 369
367 510
367 521
367 595
368 286
368 437
368 17
368 456
368 93
368 587
368 115
368 328
368 378
368 425
368 571
368 585
369 367
369 449
369 264
369 465
369 569
369 365
369 289
369 356
369 93
369 190
369 197
369 314
369 316
369 545
370 132
370 196
370 5
370 591
370 99
370 9
370 219
370 545
370 41
370 170
370 263
370 399
370 400
370 428
370 478
370 533
371 208
371 426
371 362
371 47
371 155
371 315
371 340
371 402
371 480
371 514
371 563
372 469
372 579
372 7
372 324
372 94
372 242
372 74
372 3
372 341
372 349
372 516
372 519
373 331
373 168
373 64
373 255
373 343
373 359
373 388
373 421
374 166
374 327
374 540
374 105
374 187
374 148
374 244
374 524
374 101
374 172
374 325
374 378
374 444
374 500
375 185
375 599
375 548
375 154
375 1
375 118
375 144
375 229
375 274
375 328
375 391
375 487
376 125
376 32
376 413
376 74
376 173
376 41
376 306
376 29
376 6
376 87
376 128
376 328
376 403
376 486
376 501
376 512
376 514
376 550
376 570
376 416
377 270
377 257
377 585
377 144
377 110
377 239
377 19
377 225
377 116
377 118
377 218
377 222
377 299
377 402
377 483
377 490
378 368
378 51
378 366
378 374
378 78
378 38
378 182
378 511
378 163
378 240
378 241
378 402
378 548
378 494
379 244
379 2
379 335
379 16
379 160
379 434
379 99
379 101
379 153
379 226
379 351
380 26
380 103
380 460
380 222
380 72
380 438
380 236
380 118
380 186
380 220
380 272
380 333
380 532
380 542
380 581
381 190
381 299
381 327
381 386
381 78
381 387
381 421
381 422
381 441
381 522
382 275
382 157
382 525
382 67
382 508
382 221
382 474
382 394
382 17
382 60
382 116
382 154
382 193
382 205
382 264
382 268
382 279
382 300
382 321
382 464
382 523
382 533
383 264
383 26
383 231
383 69
383 344
383 42
383 48
383 105
383 140
383 241
383 349
383 437
383 495
383 529
384 520
384 418
384 546
384 555
384 175
384 167
384 543
384 445
384 34
384 143
384 265
384 331
384 403
384 569
384 574
385 304
385 342
385 46
385 514
385 124
385 56
385 174
385 405
385 578
385 599
386 539
386 240
386 157
386 526
386 426
386 447
386 594
386 381
386 246
387 381
387 166
387 6
387 51
387 170
387 12
387 41
387 149
387 167
387 319
387 357
387 478
387 481
387 543
387 585
388 85
388 518
388 373
388 327
388 152
388 565
388 185
388 465
388 216
388 442
388 478
389 20
389 403
389 550
389 133
389 94
389 137
389 141
389 295
389 317
389 333
389 412
389 483
389 511
389 583
390 460
390 163
390 267
390 415
390 87
390 437
390 346
390 512
390 122
390 347
390 367
391 298
391 540
391 345
391 43
391 72
391 420
391 375
391 49
391 67
391 104
391 245
391 264
391 325
391 455
392 356
392 556
392 398
392 455
392 50
392 343
392 102
392 57
392 121
392 561
393 34
393 61
393 36
393 135
393 411
393 480
393 587
393 214
393 350
393 352
393 441
393 524
393 581
393 530
394 316
394 47
394 311
394 178
394 280
394 236
394 480
394 382
395 239
395 77
395 79
395 131
395 139
395 231
395 248
395 407
395 435
395 455
395 543
395 573
396 567
396 47
396 162
396 168
396 547
396 210
396 72
396 86
396 196
396 292
396 313
396 419
396 439
396 523
396 570
396 185
397 437
397 539
397 227
397 596
397 76
397 28
397 268
397 402
397 523
398 4
398 126
398 415
398 19
398 300
398 226
398 196
398 207
398 392
398 425
398 518
398 566
399 232
399 461
399 471
399 404
399 370
399 422
399 246
399 447
400 327
400 569
400 457
400 480
400 359
400 370
400 325
400 82
400 286
400 491
400 560
401 566
401 259
401 180
401 280
401 314
401 423
401 443
401 507
402 397
402 110
402 371
402 378
402 113
402 527
402 432
402 377
402 95
402 146
402 256
402 409
402 489
402 517
402 574
403 27
403 321
403 89
403 376
403 464
403 480
403 92
403 384
403 291
403 313
403 389
403 515
404 454
404 188
404 129
404 6
404 295
404 126
404 92
404 152
404 171
404 173
404 186
404 219
404 263
404 267
404 291
404 358
404 399
404 519
404 587
405 163
405 292
405 385
405 557
405 421
405 506
405 70
405 18
405 32
405 78
405 254
405 332
405 412
405 426
405 553
406 218
406 298
406 554
406 418
406 521
406 360
406 9
406 20
406 120
406 212
406 295
407 161
407 395
407 361
407 157
407 277
407 24
407 269
407 354
407 364
407 444
408 357
408 516
408 419
408 118
408 537
408 99
408 360
408 431
409 211
409 402
409 188
409 74
409 411
409 155
409 265
409 315
409 348
409 511
409 528
409 553
409 595
410 60
410 113
410 291
410 236
410 162
410 543
410 326
410 254
410 190
410 459
410 495
410 548
411 103
411 534
411 584
411 471
411 342
411 305
411 460
411 116
411 336
411 393
411 409
411 432
411 519
411 533
412 366
412 281
412 341
412 389
412 459
412 334
412 405
412 6
412 69
412 173
412 229
412 509
413 591
413 426
413 242
413 64
413 36
413 348
413 314
413 1
413 20
413 40
413 74
413 138
413 334
413 376
413 514
414 38
414 453
414 563
414 28
414 64
414 209
414 590
414 96
414 208
414 309
414 537
415 584
415 264
415 137
415 481
415 427
415 342
415 213
415 72
415 261
415 390
415 398
415 454
415 500
415 578
416 83
416 572
416 231
416 376
416 180
416 215
416 48
416 549
417 339
417 265
417 98
417 290
417 139
417 169
417 281
417 84
417 174
417 233
417 271
417 294
417 421
417 513
418 457
418 161
418 540
418 37
418 293
418 25
418 336
418 32
418 189
418 299
418 355
418 384
418 406
418 550
418 577
419 462
419 396
419 297
419 336
419 331
419 55
419 35
419 46
419 138
419 150
419 302
419 353
419 408
420 11
420 22
420 187
420 358
420 391
420 438
420 464
420 547
420 572
421 381
421 55
421 246
421 417
421 114
421 36
421 373
421 11
421 57
421 112
421 405
421 592
421 494
422 535
422 228
422 381
422 173
422 128
422 66
422 98
422 197
422 257
422 316
422 508
422 550
422 399
423 518
423 207
423 401
423 34
423 119
423 524
423 315
423 290
423 458
423 512
423 553
423 136
423 238
424 339
424 350
424 180
424 106
424 222
424 84
424 308
424 517
424 62
424 150
424 206
424 256
424 343
424 425
424 473
425 398
425 600
425 446
425 560
425 368
425 317
425 424
425 81
425 108
425 131
425 141
425 313
425 506
425 523
425 564
425 575
426 311
426 513
426 92
426 80
426 521
426 327
426 175
426 405
426 17
426 295
426 371
426 386
426 413
426 438
426 444
427 190
427 268
427 6
427 524
427 581
427 67
427 140
427 260
427 415
427 447
428 586
428 88
428 118
428 370
428 543
428 53
428 148
428 18
428 27
428 46
428 89
428 261
428 340
429 504
429 274
429 75
429 146
429 73
429 200
429 290
429 326
429 481
429 502
429 532
429 576
430 336
430 220
430 476
430 217
430 178
430 478
430 477
430 536
430 38
430 80
430 320
430 501
431 137
431 336
431 408
431 229
431 282
431 39
431 451
431 245
432 233
432 68
432 504
432 21
432 19
432 411
432 149
432 92
432 75
432 276
432 402
432 520
432 544
433 149
433 321
433 305
433 495
433 166
433 111
433 98
433 168
433 327
433 347
433 480
433 514
434 357
434 360
434 160
434 49
434 589
434 503
434 365
434 569
434 249
434 379
434 542
434 599
435 395
435 580
435 466
435 194
435 255
435 222
435 269
435 3
435 126
435 193
435 258
435 486
435 488
436 594
436 183
436 336
436 461
436 24
436 137
436 143
436 561
437 259
437 383
437 579
437 113
437 60
437 12
437 524
437 83
437 64
437 351
437 355
437 368
437 390
437 397
437 453
437 465
437 484
437 510
437 8
438 67
438 527
438 426
438 243
438 420
438 441
438 45
438 86
438 284
438 334
438 361
438 380
438 456
438 481
438 523
438 585
439 167
439 206
439 496
439 99
439 149
439 119
439 396
439 18
439 84
439 123
439 144
439 228
439 358
439 459
440 505
440 253
440 20
440 594
440 295
440 353
440 128
440 470
440 307
440 477
441 128
441 480
441 174
441 381
441 393
441 281
441 463
441 186
441 255
441 438
441 568
441 581
441 596
441 8
442 187
442 196
442 227
442 488
442 159
442 388
442 508
442 460
442 84
442 191
442 199
442 202
442 206
442 217
442 286
442 307
442 317
442 329
442 444
442 472
442 475
442 528
442 587
443 19
443 492
443 401
443 67
443 365
443 201
443 350
443 500
443 512
444 374
444 442
444 333
444 257
444 451
444 426
444 86
444 407
444 21
444 75
444 220
444 245
444 274
445 575
445 80
445 276
445 253
445 141
445 9
445 61
445 384
445 490
446 198
446 315
446 162
446 312
446 275
446 169
446 425
446 596
447 399
447 25
447 264
447 427
447 233
447 536
447 232
447 318
447 386
447 472
447 541
448 478
448 279
448 490
448 144
448 457
448 349
448 237
448 22
448 121
448 222
448 274
448 451
448 458
448 465
448 573
449 161
449 297
449 547
449 281
449 317
449 562
449 61
449 97
449 258
449 264
449 369
449 538
449 579
449 115
450 468
450 273
450 109
450 186
450 93
450 485
450 581
450 128
450 53
450 162
450 366
451 448
451 526
451 137
451 348
451 569
451 305
451 538
451 325
451 358
451 444
451 482
451 431
452 559
452 162
452 279
452 12
452 26
452 94
452 495
452 10
452 48
452 62
452 224
453 37
453 3
453 437
453 160
453 51
453 204
453 262
453 414
454 415
454 151
454 42
454 573
454 526
454 543
454 189
454 342
454 404
455 573
455 193
455 199
455 45
455 395
455 391
455 6
455 147
455 209
455 315
455 339
455 392
455 544
455 592
456 467
456 18
456 13
456 330
456 489
456 518
456 438
456 340
456 145
456 336
456 368
456 541
457 175
457 75
457 119
457 241
457 356
457 205
457 78
457 258
457 55
457 123
457 179
457 400
457 418
457 448
457 477
457 520
457 562
458 581
458 423
458 331
458 188
458 20
458 346
458 448
458 5
458 94
458 199
458 288
458 328
458 462
459 120
459 439
459 8
459 220
459 587
459 410
459 551
459 6
459 59
459 182
459 244
459 412
460 531
460 147
460 332
460 521
460 319
460 276
460 169
460 266
460 380
460 390
460 411
460 442
460 545
461 535
461 520
461 496
461 263
461 307
461 470
461 143
461 156
461 117
461 148
461 167
461 399
461 436
462 263
462 290
462 498
462 458
462 585
462 110
462 239
462 319
462 419
462 557
462 15
463 136
463 273
463 182
463 34
463 292
463 59
463 201
463 6
463 37
463 76
463 91
463 441
464 168
464 382
464 3
464 61
464 322
464 420
464 521
464 130
464 65
464 161
464 359
464 403
465 437
465 568
465 263
465 315
465 534
465 334
465 448
465 202
465 58
465 179
465 285
465 369
465 388
465 593
466 257
466 59
466 66
466 96
466 119
466 154
466 330
466 357
466 435
467 548
467 57
467 82
467 79
467 523
467 239
467 475
467 208
467 232
467 456
468 235
468 58
468 283
468 160
468 23
468 145
468 163
468 250
468 255
468 450
468 511
468 529
468 538
469 32
469 519
469 49
469 155
469 559
469 78
469 24
469 33
469 190
469 372
469 583
470 60
470 160
470 245
470 542
470 524
470 66
470 253
470 207
470 54
470 209
470 239
470 357
470 440
470 461
470 527
470 560
471 249
471 80
471 265
471 472
471 583
471 205
471 106
471 40
471 81
471 121
471 287
471 399
471 411
471 484
472 543
472 442
472 134
472 447
472 478
472 103
472 169
472 247
472 471
472 487
472 564
473 424
473 71
473 507
473 491
473 269
473 493
473 130
473 10
473 43
473 60
473 237
473 238
473 267
473 365
473 534
473 538
474 552
474 109
474 130
474 195
474 328
474 336
474 382
474 528
474 562
475 539
475 30
475 52
475 531
475 133
475 442
475 33
475 260
475 467
475 480
476 105
476 202
476 189
476 235
476 285
476 557
476 30
476 35
476 42
476 128
476 430
476 575
476 192
477 457
477 36
477 536
477 503
477 440
477 500
477 208
477 24
477 144
477 195
477 266
477 430
477 490
478 514
478 309
478 487
478 370
478 387
478 388
478 303
478 218
478 279
478 430
478 448
478 472
478 532
479 531
479 488
479 223
479 356
479 164
479 363
479 337
479 131
479 159
479 277
479 500
479 587
480 212
480 433
480 475
480 536
480 237
480 572
480 44
480 371
480 66
480 87
480 89
480 133
480 145
480 161
480 227
480 393
480 394
480 400
480 403
480 441
480 528
481 117
481 18
481 438
481 429
481 265
481 283
481 387
481 83
481 67
481 122
481 201
481 260
481 415
481 512
481 595
482 229
482 538
482 451
482 111
482 360
482 288
482 174
482 24
482 209
482 285
482 289
482 299
482 331
482 548
483 377
483 97
483 562
483 225
483 251
483 51
483 141
483 389
483 63
483 76
483 114
483 215
483 237
483 279
483 290
483 299
484 594
484 487
484 328
484 123
484 471
484 437
484 170
484 126
484 201
484 211
484 583
485 535
485 559
485 346
485 51
485 99
485 272
485 276
485 344
485 450
485 498
485 589
486 189
486 435
486 586
486 376
486 495
486 57
486 336
486 169
486 13
486 33
486 90
486 125
486 242
486 561
487 534
487 38
487 358
487 123
487 57
487 472
487 375
487 299
487 74
487 152
487 197
487 203
487 478
487 484
487 536
487 540
487 596
488 548
488 213
488 435
488 214
488 305
488 117
488 125
488 525
488 126
488 135
488 140
488 146
488 274
488 442
488 479
488 501
489 402
489 76
489 128
489 131
489 456
490 179
490 477
490 445
490 550
490 521
490 190
490 377
490 186
490 345
490 448
490 566
491 222
491 400
491 567
491 564
491 60
491 81
491 170
491 224
491 473
492 321
492 537
492 295
492 199
492 83
492 344
492 202
492 268
492 279
492 443
493 147
493 356
493 178
493 174
493 262
493 287
493 600
493 1
493 54
493 156
493 229
493 268
493 319
493 325
493 473
493 538
493 111
494 567
494 63
494 421
494 505
494 378
494 233
494 183
494 97
495 164
495 410
495 277
495 307
495 142
495 383
495 68
495 20
495 72
495 73
495 80
495 86
495 190
495 332
495 433
495 452
495 486
495 501
495 504
496 331
496 498
496 107
496 135
496 214
496 225
496 247
496 300
496 439
496 461
496 507
496 548
496 567
497 262
497 507
497 214
497 218
497 259
497 539
497 158
497 586
498 485
498 363
498 4
498 547
498 232
498 229
498 597
498 96
498 125
498 462
498 496
499 209
499 35
499 502
499 504
499 182
499 576
499 243
499 354
499 71
499 301
499 550
499 582
499 596
500 326
500 443
500 374
500 322
500 479
500 99
500 415
500 140
500 177
500 288
500 477
500 504
500 526
500 538
501 488
501 140
501 430
501 529
501 376
501 495
501 253
501 508
501 525
502 364
502 94
502 158
502 429
502 96
502 106
502 224
502 228
502 275
502 499
502 506
502 564
502 574
503 201
503 127
503 585
503 315
503 252
503 341
503 239
503 11
503 23
503 152
503 162
503 353
503 434
503 477
503 584
504 63
504 516
504 500
504 182
504 495
504 218
504 145
504 147
504 140
504 300
504 322
504 429
504 432
504 499
504 508
505 597
505 150
505 249
505 59
505 239
505 257
505 205
505 73
505 440
505 549
505 494
506 548
506 425
506 33
506 259
506 295
506 502
506 537
506 205
506 61
506 154
506 171
506 251
506 280
506 303
506 405
506 589
506 8
506 254
507 128
507 543
507 64
507 67
507 496
507 401
507 308
507 25
507 146
507 242
507 323
507 473
507 497
508 504
508 572
508 501
508 422
508 78
508 34
508 118
508 152
508 382
508 442
508 584
508 585
509 412
509 548
509 120
509 189
509 280
509 66
509 149
509 38
509 54
509 73
509 225
509 230
509 4
510 264
510 272
510 36
510 56
510 336
510 367
510 437
510 232
511 209
511 409
511 365
511 512
511 468
511 389
511 41
511 185
511 189
511 264
511 378
512 69
512 443
512 226
512 481
512 376
512 423
512 321
512 540
512 15
512 19
512 77
512 161
512 261
512 271
512 320
512 390
512 511
512 544
512 546
513 417
513 5
513 85
513 260
513 363
513 318
513 366
513 180
513 236
513 334
513 357
513 426
514 433
514 413
514 579
514 371
514 376
514 250
514 29
514 98
514 108
514 214
514 268
514 385
514 478
515 170
515 403
515 330
515 284
515 322
515 230
515 365
515 56
515 12
515 63
515 157
515 197
515 265
516 343
516 247
516 156
516 362
516 372
516 67
516 26
516 129
516 408
516 504
517 134
517 39
517 245
517 562
517 219
517 402
517 279
517 116
517 258
517 277
517 424
518 552
518 256
518 560
518 398
518 193
518 218
518 250
518 20
518 141
518 187
518 291
518 388
518 423
518 456
519 404
519 372
519 563
519 581
519 300
519 411
519 211
519 223
519 262
519 469
519 597
519 91
520 104
520 37
520 172
520 457
520 432
520 175
520 182
520 30
520 43
520 118
520 291
520 384
520 461
521 98
521 30
521 583
521 323
521 273
521 367
521 272
521 9
521 406
521 426
521 460
521 464
521 490
522 9
522 381
522 547
522 196
522 197
522 560
522 52
522 101
522 246
523 355
523 172
523 425
523 438
523 397
523 396
523 226
523 382
523 139
523 256
523 266
523 467
523 526
523 574
524 257
524 204
524 152
524 541
524 247
524 320
524 393
524 325
524 136
524 182
524 200
524 203
524 225
524 374
524 423
524 427
524 437
524 470
525 582
525 98
525 337
525 291
525 595
525 349
525 45
525 501
525 115
525 170
525 215
525 294
525 382
525 488
526 523
526 326
526 500
526 135
526 585
526 242
526 52
526 125
526 204
526 386
526 451
526 454
527 262
527 24
527 470
527 315
527 335
527 594
527 197
527 16
527 45
527 137
527 156
527 226
527 402
527 438
527 552
528 409
528 480
528 113
528 474
528 152
528 442
528 109
528 2
528 50
528 119
528 178
528 235
528 253
528 342
528 562
528 582
529 468
529 171
529 147
529 195
529 50
529 383
529 210
529 47
529 69
529 131
529 303
529 346
529 501
529 568
529 590
530 315
530 89
530 263
530 549
530 115
530 393
530 20
530 348
531 130
531 30
531 246
531 593
531 306
531 104
531 188
531 202
531 240
531 269
531 273
531 460
531 475
531 479
531 563
532 323
532 478
532 339
532 230
532 72
532 429
532 380
532 65
532 215
532 238
532 327
532 564
532 234
533 116
533 382
533 370
533 59
533 97
533 411
533 590
533 312
534 473
534 207
534 594
534 203
534 61
534 330
534 411
534 465
534 487
535 258
535 163
535 18
535 296
535 22
535 345
535 597
535 69
535 197
535 204
535 269
535 422
535 461
535 485
535 550
535 183
535 177
536 155
536 487
536 307
536 113
536 580
536 132
536 13
536 94
536 169
536 273
536 313
536 430
536 447
536 477
536 480
536 558
537 38
537 168
537 414
537 50
537 149
537 169
537 408
537 492
537 506
538 269
538 335
538 500
538 449
538 473
538 468
538 493
538 128
538 158
538 339
538 451
538 482
538 579
538 561
539 334
539 285
539 109
539 312
539 56
539 62
539 144
539 192
539 223
539 386
539 397
539 475
539 497
540 253
540 109
540 294
540 232
540 487
540 220
540 357
540 93
540 149
540 205
540 307
540 374
540 391
540 418
540 512
540 562
541 447
541 345
541 456
541 99
541 578
541 84
541 524
541 549
542 434
542 273
542 380
542 586
542 249
542 208
542 325
542 38
542 132
542 152
542 217
542 227
542 281
542 470
542 124
542 554
543 69
543 129
543 387
543 395
543 235
543 579
543 252
543 190
543 339
543 384
543 410
543 428
543 454
543 472
543 507
543 571
544 600
544 432
544 546
544 271
544 569
544 455
544 512
544 52
544 159
545 47
545 369
545 74
545 460
545 30
545 48
545 132
545 324
545 370
546 188
546 168
546 547
546 63
546 87
546 110
546 512
546 19
546 49
546 67
546 128
546 162
546 219
546 255
546 384
546 544
547 68
547 252
547 300
547 55
547 219
547 589
547 420
547 17
547 73
547 203
547 239
547 240
547 334
547 396
547 449
547 498
547 522
547 546
548 482
548 496
548 378
548 3
548 410
548 77
548 68
548 57
548 252
548 375
548 467
548 488
548 506
548 509
548 551
549 505
549 247
549 117
549 541
549 202
549 289
549 416
549 48
549 181
549 530
550 376
550 68
550 535
550 422
550 418
550 597
550 499
550 84
550 256
550 344
550 389
550 490
551 205
551 548
551 165
551 19
551 29
551 214
551 153
551 174
551 327
551 459
551 248
552 586
552 102
552 82
552 144
552 576
552 527
552 569
552 9
552 197
552 356
552 474
552 518
553 405
553 18
553 16
553 409
553 423
553 166
553 135
553 310
553 43
553 104
553 120
553 128
553 179
553 192
553 212
554 83
554 58
554 542
554 362
554 85
554 287
554 406
554 31
555 250
555 342
555 96
555 66
555 122
555 557
555 269
555 9
555 16
555 235
555 304
555 309
555 341
555 345
555 384
555 572
556 333
556 271
556 247
556 274
556 122
556 131
556 41
556 127
556 176
556 196
556 209
556 392
556 594
557 37
557 221
557 295
557 283
557 292
557 354
557 462
557 126
557 145
557 181
557 216
557 228
557 405
557 476
557 555
557 566
558 536
558 98
558 364
558 245
558 296
558 258
558 209
558 49
558 100
558 130
558 228
558 565
558 14
559 74
559 25
559 265
559 331
559 87
559 247
559 356
559 361
559 76
559 154
559 283
559 452
559 469
559 485
560 164
560 400
560 65
560 470
560 125
560 25
560 82
560 286
560 299
560 331
560 342
560 425
560 518
560 522
561 10
561 486
561 392
561 223
561 436
561 538
561 169
561 565
562 457
562 540
562 131
562 595
562 474
562 76
562 528
562 339
562 16
562 105
562 112
562 152
562 199
562 307
562 449
562 483
562 517
562 572
563 171
563 93
563 133
563 371
563 568
563 531
563 9
563 17
563 226
563 259
563 300
563 366
563 414
563 519
564 364
564 287
564 425
564 472
564 245
564 502
564 532
564 65
564 151
564 221
564 322
564 491
564 579
565 55
565 82
565 163
565 558
565 561
565 174
565 76
565 156
565 298
565 388
565 587
566 288
566 490
566 328
566 398
566 313
566 557
566 31
566 105
566 147
566 276
566 305
566 351
566 401
566 577
567 250
567 496
567 84
567 306
567 310
567 323
567 396
567 491
567 494
568 62
568 324
568 60
568 441
568 128
568 529
568 244
568 35
568 65
568 209
568 465
568 563
569 284
569 210
569 384
569 4
569 175
569 307
569 589
569 24
569 60
569 105
569 199
569 202
569 354
569 365
569 369
569 400
569 434
569 451
569 544
569 552
570 396
570 325
570 82
570 204
570 574
570 181
570 376
570 6
570 34
570 96
570 100
570 110
570 133
570 142
570 147
570 284
570 345
571 599
571 137
571 543
571 368
571 170
571 307
571 161
571 187
571 248
571 352
572 346
572 420
572 259
572 332
572 562
572 5
572 160
572 555
572 15
572 311
572 416
572 480
572 508
572 573
573 395
573 448
573 142
573 572
573 44
573 102
573 128
573 132
573 199
573 298
573 454
573 455
573 234
574 523
574 274
574 502
574 384
574 239
574 258
574 402
574 15
574 64
574 170
574 570
575 310
575 42
575 425
575 476
575 80
575 57
575 335
575 141
575 287
575 301
575 351
575 445
575 338
576 333
576 198
576 278
576 429
576 26
576 144
576 206
576 222
576 499
576 552
576 234
577 566
577 582
577 138
577 212
577 104
577 418
577 47
577 70
577 150
577 336
578 75
578 102
578 415
578 24
578 385
578 21
578 40
578 117
578 138
578 199
578 541
579 240
579 564
579 272
579 221
579 20
579 449
579 538
579 56
579 99
579 173
579 317
579 372
579 437
579 514
579 543
580 228
580 54
580 249
580 273
580 320
580 352
580 435
580 536
581 393
581 263
581 441
581 380
581 229
581 6
581 26
581 196
581 333
581 427
581 450
581 458
581 519
582 499
582 528
582 360
582 117
582 30
582 264
582 153
582 172
582 206
582 227
582 525
582 577
583 591
583 141
583 469
583 484
583 218
583 389
583 208
583 71
583 73
583 109
583 200
583 290
583 471
583 521
584 503
584 201
584 508
584 26
584 29
584 30
584 36
584 51
584 89
584 132
584 411
584 415
585 438
585 171
585 154
585 368
585 360
585 508
585 387
585 89
585 117
585 124
585 348
585 377
585 462
585 503
585 526
586 189
586 55
586 497
586 333
586 154
586 145
586 63
586 40
586 53
586 64
586 151
586 186
586 428
586 486
586 542
586 552
587 273
587 82
587 157
587 565
587 479
587 144
587 442
587 404
587 3
587 106
587 127
587 237
587 253
587 293
587 368
587 393
587 459
588 212
588 217
588 23
588 176
588 134
588 157
588 208
588 235
588 258
588 280
588 288
588 322
588 355
589 345
589 99
589 105
589 506
589 191
589 485
589 68
589 269
589 308
589 324
589 434
589 547
589 569
590 285
590 352
590 68
590 96
590 529
590 67
590 121
590 127
590 344
590 348
590 367
590 414
590 533
591 195
591 310
591 1
591 284
591 128
591 51
591 93
591 109
591 231
591 237
591 241
591 300
591 302
591 370
591 413
591 583
591 136
592 109
592 421
592 455
592 241
592 145
592 303
592 358
592 37
592 117
592 282
593 274
593 9
593 19
593 237
593 465
593 343
593 76
593 531
594 120
594 365
594 276
594 556
594 170
594 220
594 114
594 12
594 144
594 386
594 440
594 484
594 527
594 534
594 436
595 367
595 190
595 481
595 409
595 99
595 213
595 298
595 525
595 562
596 487
596 314
596 446
596 499
596 241
596 249
596 441
596 54
596 141
596 332
596 397
597 209
597 157
597 217
597 8
597 315
597 519
597 98
597 135
597 332
597 498
597 505
597 535
597 550
598 345
598 78
598 106
598 69
598 70
598 219
598 225
598 269
598 288
599 206
599 364
599 16
599 385
599 322
599 434
599 65
599 110
599 121
599 143
599 183
599 346
599 354
599 375
599 571
599 124
600 284
600 206
600 214
600 200
600 34
600 50
600 138
600 237
600 252
600 354
600 356
600 425
600 493
600 544
