1 737
2 82
2 134
2 784
2 632
2 151
3 515
3 404
4 732
4 220
4 348
4 821
4 304
4 612
4 495
4 373
4 47
4 147
4 145
5 370
5 130
5 672
6 867
6 890
7 513
7 859
7 919
7 596
7 706
7 211
7 487
7 529
7 901
7 791
7 686
8 392
8 564
8 484
8 376
8 948
8 366
8 800
8 607
8 179
8 956
8 143
8 250
8 869
10 370
11 237
11 741
12 481
13 503
15 304
15 262
15 544
15 227
16 84
16 806
17 228
18 28
18 193
18 656
19 658
19 673
19 340
19 804
19 261
19 805
19 986
20 38
21 359
21 660
22 339
22 776
22 386
22 929
22 32
22 175
22 109
24 31
24 88
26 175
26 869
26 228
28 449
28 698
28 259
28 979
28 18
28 129
28 774
28 687
30 202
30 837
30 178
30 79
30 406
30 928
30 721
30 855
30 602
30 490
30 48
31 273
31 637
31 24
31 829
31 207
31 854
31 402
31 536
31 711
32 326
32 419
32 171
32 805
32 22
32 141
32 300
32 122
32 135
33 807
33 635
33 864
34 722
34 469
34 440
34 38
35 673
36 228
37 745
37 925
37 50
37 893
37 568
37 537
38 20
38 103
38 845
38 393
38 956
38 34
38 876
38 136
38 374
38 753
38 873
38 395
38 347
39 437
40 785
40 952
40 567
40 410
40 682
40 386
40 55
40 753
40 425
40 374
40 82
40 439
40 163
40 991
40 596
40 921
41 903
42 933
43 781
43 228
44 641
44 58
45 609
46 188
46 892
46 694
46 315
46 486
46 579
46 238
47 4
47 186
48 208
48 55
48 807
48 731
48 30
49 460
50 37
52 303
53 286
53 202
53 237
54 878
55 132
55 805
55 243
55 682
55 48
55 370
55 40
55 404
55 601
56 481
56 988
56 503
57 656
58 44
58 526
58 473
58 449
58 100
58 822
58 993
58 445
58 535
58 978
58 166
59 186
60 648
60 573
60 808
60 345
60 507
60 317
60 577
61 447
61 499
61 576
61 792
61 859
61 81
61 520
61 965
61 331
61 101
62 768
62 893
63 609
63 124
64 804
66 988
66 94
66 803
67 864
70 807
70 471
72 390
72 170
73 502
73 441
73 563
73 227
74 816
76 858
76 995
77 400
78 286
78 567
79 307
79 30
80 752
81 61
82 2
82 40
83 535
83 519
83 128
84 600
84 653
84 574
84 744
84 900
84 146
84 819
84 16
84 365
84 130
85 321
85 965
85 673
85 130
86 445
86 904
86 264
86 864
87 498
87 671
88 169
88 657
88 256
88 234
88 152
88 815
88 845
88 401
88 238
88 24
88 276
88 926
89 365
90 660
91 334
92 331
92 292
93 809
94 721
94 714
94 883
94 280
94 102
94 659
94 991
94 66
94 805
94 990
94 929
94 969
94 903
94 292
95 474
95 937
95 271
95 293
95 761
95 117
95 435
95 590
95 687
96 501
97 135
97 542
97 665
98 133
98 890
99 341
100 58
100 926
101 895
101 791
101 790
101 828
101 277
101 436
101 841
101 61
101 306
102 485
102 94
103 640
103 581
103 174
103 38
104 464
105 733
106 183
106 681
106 338
106 765
106 248
106 329
107 752
107 646
107 751
107 356
107 609
107 632
108 867
108 145
109 899
109 728
109 939
109 854
109 476
109 721
109 377
109 173
109 711
109 947
109 22
109 493
110 743
110 660
110 151
111 903
111 867
112 672
113 264
113 878
114 507
114 637
114 715
114 490
114 250
114 145
115 878
116 441
117 95
117 816
118 730
118 763
119 671
119 926
119 816
120 422
120 450
121 441
122 32
124 652
124 431
124 877
124 216
124 560
124 63
124 135
124 600
124 687
125 892
126 810
127 128
127 903
128 465
128 191
128 215
128 394
128 483
128 127
128 714
128 424
128 83
128 219
128 783
128 362
128 660
128 632
129 370
129 497
129 28
129 415
130 427
130 490
130 85
130 718
130 717
130 148
130 733
130 849
130 880
130 472
130 5
130 84
131 578
131 558
131 276
131 221
131 590
132 55
132 143
132 903
132 471
133 344
133 207
133 98
133 740
133 611
133 905
133 593
134 2
134 432
135 32
135 97
135 644
135 928
135 124
135 471
136 495
136 38
136 503
137 168
137 696
137 203
137 956
137 257
137 888
137 804
138 252
138 867
138 921
139 367
139 566
139 489
139 674
139 879
139 494
139 471
140 892
141 468
141 906
141 32
141 762
141 601
142 882
143 774
143 132
143 695
143 272
143 913
143 549
143 724
143 868
143 342
143 595
143 636
143 639
143 172
143 539
143 8
145 417
145 930
145 159
145 761
145 668
145 453
145 4
145 558
145 114
145 108
146 597
146 84
146 989
147 334
147 472
147 4
147 227
148 564
148 130
148 741
148 984
149 250
151 703
151 110
151 817
151 948
151 2
151 283
152 933
152 88
153 806
154 208
154 404
155 390
156 598
156 528
156 196
156 745
156 761
156 224
156 464
157 409
157 577
158 955
159 781
159 174
159 887
159 145
161 417
161 663
161 863
161 668
161 517
161 498
161 731
162 427
162 672
163 40
164 491
164 497
164 404
164 656
165 906
165 803
165 471
166 58
167 906
168 137
169 88
170 261
170 451
170 72
170 759
170 934
170 952
170 796
170 733
170 171
170 371
170 372
170 504
170 186
170 997
171 32
171 250
171 989
171 170
172 143
172 887
173 903
173 109
173 471
174 651
174 633
174 718
174 103
174 668
174 549
174 284
174 766
174 159
174 331
175 996
175 22
175 534
175 26
175 248
175 295
175 339
175 331
175 867
176 569
178 519
178 493
178 815
178 522
178 260
178 873
178 30
178 568
179 8
179 656
180 547
180 458
180 531
181 568
182 985
182 292
183 106
184 829
184 259
184 390
185 331
186 785
186 827
186 243
186 587
186 764
186 988
186 874
186 59
186 955
186 47
186 531
186 170
187 450
187 778
188 46
188 568
189 250
190 718
191 242
191 128
193 895
193 605
193 621
193 658
193 430
193 591
193 18
193 393
193 297
193 829
193 488
193 537
193 893
194 371
195 436
196 418
196 908
196 316
196 540
196 822
196 959
196 893
196 156
197 287
198 331
198 672
199 671
200 969
201 472
201 665
201 590
202 755
202 843
202 865
202 247
202 725
202 274
202 422
202 53
202 511
202 871
202 30
203 137
203 743
204 791
205 652
206 266
206 990
206 521
206 215
206 352
207 944
207 133
207 31
208 154
208 229
208 48
208 946
208 294
208 711
208 225
209 706
209 601
210 713
210 567
211 597
211 7
212 675
213 437
214 502
214 415
215 819
215 128
215 804
215 206
215 292
215 816
216 124
216 390
216 806
217 491
217 359
217 250
218 984
218 225
218 896
219 370
219 371
219 128
219 903
219 262
220 304
220 804
220 4
221 426
221 915
221 776
221 304
221 487
221 625
221 985
221 365
221 350
221 403
221 131
222 686
222 537
222 227
224 955
224 563
224 156
225 909
225 232
225 927
225 483
225 639
225 208
225 218
225 445
225 446
227 451
227 575
227 222
227 710
227 238
227 527
227 147
227 15
227 73
227 885
227 922
228 614
228 555
228 36
228 719
228 562
228 26
228 588
228 751
228 43
228 504
228 573
228 625
228 17
229 208
229 527
230 634
231 601
232 225
234 485
234 88
235 686
236 809
236 984
237 530
237 53
237 240
237 407
237 576
237 351
237 11
237 252
237 586
238 273
238 996
238 956
238 876
238 46
238 954
238 793
238 633
238 429
238 891
238 255
238 227
238 922
238 88
239 481
240 462
240 237
241 527
241 450
242 191
242 461
242 502
242 568
243 55
243 529
243 555
243 186
244 926
245 592
247 713
247 202
247 609
248 334
248 106
248 175
248 887
248 641
248 415
249 781
249 687
250 793
250 295
250 114
250 826
250 372
250 217
250 905
250 626
250 189
250 578
250 419
250 388
250 171
250 647
250 655
250 912
250 257
250 8
250 149
251 262
252 905
252 138
252 829
252 716
252 518
252 855
252 832
252 506
252 773
252 444
252 259
252 237
252 659
252 405
253 906
254 370
254 539
255 503
255 331
255 238
256 331
256 88
257 515
257 137
257 250
257 503
258 679
258 590
259 184
259 28
259 252
259 878
259 816
260 178
260 286
260 409
261 170
261 19
261 409
262 609
262 251
262 219
262 15
262 718
262 489
262 660
262 901
262 415
263 665
264 86
264 700
264 113
264 483
264 518
264 910
264 609
265 563
266 206
267 686
267 922
268 498
268 965
268 609
270 803
270 441
271 95
271 816
272 143
272 968
273 31
273 238
273 292
274 202
274 571
275 417
276 131
276 88
277 718
277 101
278 922
280 94
280 778
280 803
282 673
282 609
283 597
283 151
284 801
284 559
284 681
284 397
284 640
284 807
284 343
284 668
284 174
284 571
286 691
286 844
286 78
286 53
286 260
286 595
287 484
287 607
287 942
287 336
287 197
287 584
287 768
287 472
289 567
289 890
289 590
291 768
291 590
292 273
292 182
292 94
292 738
292 215
292 418
292 682
292 92
292 520
292 296
292 590
293 95
294 208
294 890
294 926
295 906
295 175
295 250
295 878
296 906
296 307
296 292
297 737
297 193
298 858
300 32
301 400
301 471
302 577
302 878
302 671
303 52
303 791
304 220
304 15
304 221
304 893
304 4
305 491
306 984
306 101
307 452
307 889
307 296
307 79
307 461
307 537
308 837
308 452
308 457
308 948
308 561
308 671
308 437
311 497
312 730
312 539
312 432
312 741
313 623
313 422
313 543
313 432
315 46
316 196
316 672
317 716
317 693
317 731
317 945
317 826
317 436
317 60
317 476
317 671
318 680
318 555
319 737
320 763
321 85
321 489
321 564
321 568
322 743
323 919
323 462
323 949
323 724
323 543
324 497
324 446
325 984
325 968
326 32
326 887
326 543
326 446
327 810
328 497
328 922
329 106
330 623
331 658
331 92
331 523
331 61
331 174
331 175
331 434
331 712
331 198
331 856
331 493
331 255
331 894
331 857
331 256
331 185
331 863
331 867
332 985
333 816
334 248
334 508
334 676
334 939
334 147
334 91
334 687
335 995
335 985
335 687
336 287
336 601
337 365
338 106
338 673
338 804
339 22
339 370
339 175
339 450
339 926
340 19
341 99
341 591
341 999
341 792
341 654
341 442
341 422
342 143
342 743
342 632
343 682
343 284
344 351
344 468
344 133
344 922
345 60
345 878
347 38
347 590
348 4
348 471
350 869
350 221
351 344
351 443
351 237
352 941
352 882
352 864
352 206
352 791
353 933
353 869
354 432
355 427
356 733
356 807
356 462
356 107
357 731
357 537
358 404
359 465
359 21
359 608
359 644
359 217
359 520
359 955
359 460
359 393
359 931
362 128
362 498
362 571
364 687
365 655
365 462
365 337
365 501
365 465
365 897
365 969
365 743
365 89
365 84
365 221
366 8
366 890
366 961
367 139
367 968
368 632
369 590
370 822
370 945
370 129
370 5
370 254
370 10
370 55
370 339
370 219
370 766
370 976
371 777
371 194
371 219
371 856
371 170
372 941
372 250
372 961
372 170
372 446
373 409
373 4
374 511
374 38
374 40
375 656
376 8
377 109
378 890
379 743
380 436
380 903
381 436
381 741
382 994
384 415
386 22
386 40
387 511
388 423
388 516
388 683
388 555
388 883
388 967
388 440
388 395
388 250
388 741
389 409
389 922
390 155
390 871
390 184
390 72
390 216
390 434
390 558
390 613
392 8
392 890
392 568
393 481
393 359
393 38
393 970
393 193
394 128
395 38
395 388
395 995
396 892
396 471
397 529
397 284
397 468
397 887
398 970
399 660
400 923
400 301
400 885
400 698
400 823
400 77
400 833
401 922
401 590
401 88
402 31
403 221
404 428
404 957
404 535
404 55
404 154
404 164
404 358
404 3
404 994
404 763
405 252
406 30
407 237
408 577
409 157
409 373
409 260
409 606
409 653
409 261
409 759
409 389
410 40
411 472
411 432
412 537
412 687
413 415
415 834
415 413
415 704
415 860
415 710
415 262
415 384
415 972
415 854
415 914
415 248
415 738
415 631
415 439
415 627
415 867
415 615
415 129
415 214
416 620
416 502
416 965
416 803
417 275
417 161
417 145
418 196
418 544
418 292
419 32
419 250
421 663
421 498
421 437
421 687
422 488
422 313
422 341
422 120
422 202
423 388
424 128
425 462
425 665
425 40
426 221
427 162
427 575
427 355
427 861
427 464
427 130
427 437
427 970
428 404
429 600
429 890
429 238
430 737
430 193
431 124
432 354
432 811
432 865
432 312
432 313
432 411
432 862
432 134
432 684
432 493
433 875
433 695
433 882
434 331
434 390
435 95
436 780
436 195
436 381
436 574
436 735
436 948
436 380
436 581
436 635
436 317
436 101
437 427
437 213
437 39
437 698
437 773
437 927
437 739
437 795
437 593
437 308
437 421
437 877
437 519
437 544
437 893
438 539
439 713
439 40
439 415
440 34
440 388
441 116
441 270
441 121
441 511
441 714
441 73
441 469
442 341
443 351
443 590
444 511
444 252
444 741
444 537
445 86
445 472
445 869
445 58
445 225
446 643
446 372
446 996
446 225
446 324
446 326
446 754
446 523
446 971
446 580
447 61
448 871
449 555
449 28
449 58
450 187
450 919
450 992
450 494
450 769
450 654
450 120
450 655
450 339
450 241
451 227
451 170
452 307
452 308
453 878
453 543
453 145
454 576
455 542
455 858
455 464
457 308
458 180
460 49
460 718
460 359
461 242
461 307
462 240
462 725
462 356
462 617
462 425
462 910
462 323
462 365
464 427
464 455
464 857
464 939
464 534
464 696
464 104
464 878
464 156
465 667
465 128
465 731
465 597
465 359
465 365
466 670
467 858
467 543
467 503
468 344
468 141
468 645
468 397
468 680
468 945
468 923
468 644
468 885
468 673
468 933
469 34
469 995
469 441
470 671
471 1000
471 132
471 173
471 518
471 348
471 70
471 903
471 914
471 543
471 942
471 396
471 301
471 139
471 165
471 135
472 521
472 445
472 411
472 767
472 857
472 287
472 773
472 874
472 147
472 201
472 130
473 58
474 95
476 505
476 803
476 317
476 109
477 542
480 903
481 56
481 12
481 945
481 239
481 393
481 665
481 922
483 128
483 264
483 225
484 287
484 8
485 234
485 102
485 779
485 532
485 896
486 46
487 7
487 221
488 422
488 193
489 321
489 139
489 262
490 114
490 130
490 30
490 671
490 686
491 217
491 508
491 164
491 529
491 559
491 305
491 884
492 539
493 178
493 331
493 432
493 109
493 601
494 139
494 567
494 450
495 136
495 821
495 696
495 4
496 497
496 926
497 311
497 129
497 324
497 164
497 328
497 496
498 268
498 757
498 547
498 362
498 421
498 993
498 87
498 819
498 686
498 161
499 61
499 969
499 555
499 571
499 590
500 542
501 674
501 96
501 365
501 571
502 242
502 214
502 73
502 676
502 919
502 631
502 416
502 569
503 255
503 767
503 873
503 56
503 678
503 597
503 13
503 790
503 799
503 523
503 953
503 793
503 947
503 136
503 467
503 257
503 600
503 949
504 675
504 170
504 228
505 755
505 476
505 515
505 846
506 985
506 252
507 60
507 114
508 334
508 491
509 623
509 656
510 713
510 665
511 444
511 523
511 387
511 374
511 202
511 441
513 7
513 601
514 892
515 683
515 3
515 602
515 257
515 948
515 700
515 505
515 825
515 632
516 388
516 537
517 161
518 564
518 264
518 252
518 471
519 764
519 973
519 689
519 83
519 628
519 854
519 178
519 437
520 61
520 359
520 292
521 472
521 903
521 206
522 529
522 178
523 511
523 331
523 503
523 446
524 768
524 922
525 532
525 609
525 577
525 762
526 532
526 58
527 760
527 241
527 229
527 791
527 227
528 156
529 522
529 243
529 845
529 397
529 638
529 682
529 491
529 7
530 237
531 180
531 186
532 525
532 779
532 526
532 485
533 660
534 778
534 175
534 903
534 464
534 571
535 83
535 539
535 58
535 404
536 31
537 37
537 357
537 193
537 222
537 444
537 516
537 412
537 629
537 307
537 663
537 660
538 567
539 565
539 576
539 254
539 556
539 535
539 438
539 312
539 492
539 757
539 612
539 143
539 672
540 196
542 455
542 97
542 879
542 500
542 477
542 926
543 954
543 453
543 326
543 313
543 817
543 971
543 659
543 467
543 323
543 965
543 471
544 418
544 15
544 695
544 847
544 437
544 816
545 600
545 970
545 741
547 180
547 781
547 906
547 498
548 906
548 737
549 174
549 143
550 600
550 893
551 675
554 609
555 449
555 835
555 949
555 499
555 923
555 318
555 243
555 388
555 228
556 539
557 672
557 762
558 131
558 577
558 390
558 145
559 284
559 491
560 124
561 308
562 731
562 228
563 265
563 73
563 224
563 622
563 812
564 518
564 321
564 148
564 824
564 8
565 858
565 539
566 923
566 139
567 289
567 494
567 210
567 587
567 78
567 844
567 644
567 538
567 40
568 37
568 242
568 181
568 178
568 881
568 392
568 699
568 188
568 711
568 321
568 847
569 614
569 995
569 718
569 996
569 928
569 502
569 176
569 589
569 729
571 983
571 499
571 501
571 284
571 362
571 534
571 840
571 274
571 844
573 60
573 228
574 436
574 84
575 427
575 227
576 454
576 955
576 61
576 539
576 237
576 601
577 302
577 959
577 60
577 736
577 525
577 934
577 680
577 157
577 558
577 822
577 408
577 669
578 131
578 995
578 250
578 609
579 46
580 446
581 103
581 436
583 892
584 287
586 701
586 790
586 597
586 237
586 913
586 961
587 567
587 887
587 186
588 989
588 806
588 228
589 893
589 762
589 569
590 95
590 347
590 289
590 131
590 292
590 765
590 401
590 201
590 291
590 369
590 499
590 258
590 443
590 883
590 737
591 341
591 741
591 193
592 245
593 133
593 437
595 286
595 143
596 7
596 40
596 922
596 806
597 465
597 719
597 283
597 211
597 795
597 146
597 503
597 922
597 586
598 896
598 156
599 778
600 957
600 545
600 550
600 935
600 429
600 84
600 124
600 503
600 968
601 750
601 55
601 231
601 141
601 513
601 744
601 209
601 952
601 493
601 576
601 773
601 902
601 336
602 515
602 30
604 906
604 961
605 768
605 193
606 970
606 409
607 287
607 8
608 359
609 578
609 45
609 264
609 268
609 554
609 908
609 525
609 856
609 282
609 63
609 247
609 262
609 107
611 133
611 741
611 984
611 656
612 539
612 4
613 390
613 961
614 569
614 228
615 665
615 415
616 733
617 462
618 718
618 869
620 966
620 854
620 416
621 193
622 563
623 330
623 313
623 509
623 893
624 810
625 825
625 221
625 228
626 250
627 772
627 415
628 519
628 995
629 537
631 682
631 502
631 415
632 954
632 792
632 858
632 368
632 128
632 872
632 887
632 342
632 2
632 812
632 515
632 107
632 961
633 858
633 174
633 762
633 238
634 230
634 671
635 742
635 898
635 436
635 695
635 698
635 33
636 143
637 661
637 114
637 31
638 529
639 143
639 225
640 103
640 284
641 44
641 703
641 647
641 700
641 745
641 248
643 446
644 468
644 359
644 135
644 567
644 985
644 970
645 468
646 107
646 656
647 906
647 933
647 250
647 641
648 60
649 737
650 989
651 174
652 205
652 124
652 741
652 890
653 84
653 409
654 341
654 450
654 989
654 921
655 450
655 250
655 365
656 1000
656 509
656 164
656 179
656 611
656 375
656 646
656 57
656 815
656 18
657 88
658 984
658 19
658 331
658 193
659 94
659 252
659 543
660 399
660 790
660 956
660 128
660 669
660 962
660 533
660 21
660 90
660 776
660 110
660 262
660 537
661 637
661 872
661 955
661 825
662 804
662 864
663 421
663 537
663 161
664 921
665 263
665 615
665 510
665 201
665 97
665 481
665 425
665 918
666 892
667 465
667 730
667 700
668 807
668 284
668 174
668 882
668 878
668 161
668 145
669 660
669 577
670 466
670 804
671 470
671 709
671 199
671 676
671 490
671 677
671 302
671 308
671 933
671 317
671 634
671 119
671 87
672 162
672 916
672 539
672 868
672 316
672 5
672 861
672 813
672 961
672 198
672 557
672 112
673 953
673 85
673 338
673 282
673 35
673 468
673 933
673 19
674 501
674 139
674 965
675 930
675 748
675 212
675 827
675 964
675 551
675 504
675 818
675 802
676 334
676 502
676 906
676 671
677 671
677 896
678 503
679 258
679 806
680 738
680 318
680 468
680 577
681 988
681 106
681 284
681 961
682 631
682 343
682 55
682 529
682 292
682 40
683 812
683 515
683 388
684 432
685 687
686 222
686 498
686 7
686 235
686 490
686 267
687 95
687 28
687 803
687 334
687 912
687 762
687 335
687 249
687 412
687 124
687 421
687 685
687 910
687 861
687 962
687 364
687 747
689 519
691 286
691 926
693 317
693 984
694 46
695 433
695 635
695 143
695 864
695 544
696 495
696 137
696 464
698 635
698 400
698 858
698 28
698 437
698 893
699 568
700 515
700 667
700 264
700 804
700 641
700 926
701 586
701 816
702 988
702 903
703 151
703 968
703 641
704 415
705 731
706 209
706 7
709 671
710 810
710 791
710 227
710 415
711 208
711 568
711 109
711 31
712 331
713 439
713 910
713 210
713 247
713 510
713 950
713 753
713 740
713 890
714 94
714 128
714 441
715 114
716 733
716 252
716 317
716 922
717 995
717 130
718 796
718 460
718 277
718 190
718 618
718 174
718 130
718 262
718 569
719 597
719 228
721 94
721 30
721 109
722 34
724 323
724 858
724 143
725 462
725 202
726 923
727 806
728 109
729 569
730 312
730 118
730 969
730 667
731 465
731 705
731 48
731 562
731 744
731 850
731 357
731 847
731 317
731 161
732 4
733 356
733 105
733 616
733 716
733 130
733 170
733 896
734 763
734 970
735 436
736 864
736 577
737 319
737 788
737 430
737 749
737 807
737 649
737 297
737 945
737 1
737 548
737 590
738 680
738 984
738 292
738 926
738 415
739 437
740 713
740 133
741 652
741 444
741 388
741 381
741 312
741 545
741 591
741 611
741 148
741 11
741 764
742 635
743 110
743 322
743 203
743 342
743 807
743 833
743 379
743 365
744 731
744 84
744 601
745 37
745 641
745 156
747 878
747 687
748 675
749 737
750 921
750 601
751 809
751 107
751 228
752 80
752 107
753 713
753 38
753 40
754 933
754 446
755 505
755 202
757 498
757 539
759 409
759 170
760 527
761 95
761 156
761 145
762 927
762 141
762 589
762 872
762 633
762 557
762 525
762 986
762 855
762 902
762 687
763 320
763 118
763 933
763 734
763 854
763 404
764 519
764 741
764 186
765 106
765 590
766 370
766 174
767 882
767 472
767 503
768 524
768 291
768 605
768 62
768 287
769 450
771 804
771 890
772 627
773 252
773 472
773 437
773 601
774 143
774 28
774 878
776 22
776 221
776 660
777 371
778 187
778 599
778 280
778 910
778 992
778 883
778 781
778 534
779 485
779 532
779 816
780 436
781 249
781 43
781 159
781 547
781 778
783 128
783 864
783 968
784 2
785 40
785 186
788 941
788 737
790 660
790 101
790 503
790 586
791 527
791 7
791 951
791 352
791 710
791 303
791 204
791 828
791 940
791 101
791 926
792 955
792 807
792 61
792 341
792 632
793 250
793 503
793 238
795 597
795 933
795 437
796 718
796 170
798 903
799 503
799 893
800 8
801 284
802 675
803 270
803 165
803 66
803 416
803 476
803 280
803 687
804 64
804 220
804 137
804 662
804 338
804 670
804 771
804 215
804 700
804 19
805 55
805 94
805 32
805 19
806 588
806 16
806 858
806 932
806 727
806 908
806 153
806 925
806 679
806 596
806 216
807 356
807 792
807 70
807 850
807 668
807 33
807 48
807 284
807 743
807 737
808 60
809 852
809 236
809 751
809 93
810 327
810 126
810 624
810 710
811 887
811 432
812 683
812 563
812 632
813 672
814 892
815 178
815 88
815 656
816 701
816 259
816 117
816 544
816 333
816 74
816 779
816 873
816 271
816 215
816 119
816 963
817 543
817 151
818 675
819 215
819 498
819 84
821 495
821 4
822 370
822 577
822 196
822 890
822 58
822 989
823 400
824 564
825 953
825 625
825 916
825 515
825 975
825 661
826 250
826 317
826 968
827 675
827 186
827 968
828 791
828 101
829 184
829 985
829 252
829 193
829 31
830 903
832 252
833 400
833 743
834 415
835 555
836 989
837 308
837 30
840 571
841 858
841 101
841 926
843 955
843 969
843 202
844 286
844 567
844 571
845 529
845 38
845 88
846 505
847 731
847 544
847 568
849 985
849 130
850 807
850 731
850 878
852 809
854 620
854 519
854 763
854 109
854 31
854 415
855 252
855 30
855 762
856 371
856 609
856 331
857 472
857 464
857 970
857 331
858 565
858 633
858 76
858 841
858 455
858 298
858 698
858 467
858 724
858 632
858 806
859 61
859 7
860 415
861 427
861 672
861 687
862 432
863 331
863 161
864 86
864 33
864 662
864 695
864 783
864 736
864 67
864 949
864 352
865 202
865 867
865 432
867 6
867 992
867 331
867 865
867 111
867 175
867 138
867 108
867 415
868 143
868 672
869 350
869 902
869 353
869 445
869 26
869 8
869 618
869 936
871 448
871 202
871 390
872 661
872 632
872 762
873 178
873 38
873 503
873 816
874 472
874 186
875 433
875 896
875 921
876 38
876 238
877 437
877 124
878 54
878 113
878 774
878 453
878 259
878 302
878 668
878 464
878 295
878 115
878 345
878 850
878 747
879 139
879 542
879 887
879 984
880 903
880 130
881 568
882 999
882 352
882 767
882 433
882 668
882 142
883 94
883 778
883 388
883 961
883 893
883 590
884 491
884 887
885 400
885 468
885 227
887 884
887 159
887 248
887 397
887 326
887 172
887 587
887 913
887 811
887 879
887 632
888 137
889 307
889 896
890 652
890 6
890 771
890 972
890 98
890 289
890 713
890 429
890 822
890 366
890 378
890 392
890 294
890 961
891 238
892 140
892 666
892 396
892 514
892 952
892 583
892 125
892 814
892 46
893 37
893 799
893 304
893 883
893 589
893 196
893 965
893 550
893 623
893 967
893 62
893 437
893 698
893 193
894 331
895 101
895 193
895 961
895 926
896 598
896 485
896 875
896 218
896 889
896 733
896 677
897 365
898 635
899 109
900 84
901 7
901 262
902 869
902 762
902 601
903 880
903 219
903 94
903 41
903 702
903 173
903 111
903 380
903 132
903 798
903 127
903 521
903 480
903 830
903 534
903 471
904 86
905 252
905 250
905 133
906 647
906 547
906 167
906 548
906 296
906 253
906 141
906 604
906 295
906 165
906 676
908 609
908 196
908 806
909 225
909 926
910 462
910 713
910 778
910 264
910 687
912 250
912 687
913 143
913 887
913 586
914 471
914 415
915 221
916 941
916 825
916 672
918 665
919 323
919 502
919 7
919 450
921 750
921 138
921 875
921 664
921 654
921 40
922 401
922 328
922 278
922 227
922 716
922 596
922 481
922 344
922 597
922 952
922 238
922 524
922 267
922 389
923 726
923 566
923 400
923 468
923 555
925 37
925 806
926 909
926 339
926 791
926 244
926 895
926 496
926 294
926 119
926 841
926 100
926 738
926 542
926 700
926 88
926 691
927 762
927 437
927 225
928 135
928 30
928 569
929 94
929 22
929 969
930 675
930 145
931 359
932 806
933 754
933 996
933 647
933 42
933 353
933 468
933 673
933 795
933 152
933 671
933 763
934 577
934 170
935 600
936 869
937 95
939 334
939 464
939 109
940 791
941 916
941 788
941 372
941 352
942 287
942 471
944 207
945 481
945 468
945 370
945 317
945 737
946 208
947 994
947 109
947 503
948 515
948 436
948 308
948 8
948 151
949 323
949 555
949 864
949 503
950 713
951 791
952 892
952 40
952 170
952 922
952 601
953 825
953 673
953 970
953 503
954 632
954 970
954 543
954 238
955 576
955 158
955 843
955 792
955 661
955 224
955 359
955 186
956 137
956 969
956 8
956 38
956 660
956 238
957 600
957 404
959 577
959 196
961 895
961 632
961 890
961 366
961 883
961 613
961 604
961 372
961 681
961 672
961 586
962 660
962 687
963 816
964 675
965 268
965 416
965 85
965 674
965 61
965 543
965 893
966 620
967 388
967 893
968 703
968 600
968 826
968 367
968 272
968 827
968 783
968 325
969 730
969 499
969 929
969 200
969 956
969 843
969 94
969 365
970 954
970 953
970 398
970 734
970 644
970 545
970 393
970 857
970 427
970 606
971 543
971 446
972 890
972 415
973 519
975 825
976 370
978 995
978 58
979 28
983 571
984 658
984 693
984 325
984 879
984 236
984 738
984 218
984 148
984 306
984 611
985 506
985 182
985 829
985 849
985 335
985 332
985 644
985 221
986 19
986 762
988 66
988 681
988 702
988 56
988 186
989 588
989 654
989 822
989 836
989 650
989 171
989 146
990 94
990 206
991 94
991 40
992 778
992 450
992 867
993 498
993 58
994 947
994 382
994 404
995 335
995 717
995 76
995 978
995 395
995 628
995 578
995 469
995 569
996 175
996 933
996 238
996 569
996 446
997 170
999 341
999 882
1000 656
1000 471
