1 737
1 128
1 322
1 335
1 174
1 395
2 134
2 784
2 342
2 621
2 316
2 632
2 151
2 206
2 854
2 531
2 594
3 746
3 804
3 244
3 223
3 835
3 515
3 574
3 803
3 492
4 220
4 348
4 821
4 304
4 612
4 495
4 373
4 47
4 147
4 493
4 404
4 145
4 174
4 615
4 119
4 157
4 126
5 602
5 691
5 137
5 648
5 965
5 19
5 130
5 672
5 668
5 892
6 90
6 185
6 326
6 870
6 535
6 890
6 658
6 761
6 249
6 979
6 10
6 482
7 513
7 596
7 211
7 645
7 828
7 920
7 863
7 811
7 123
7 174
7 364
7 818
7 295
7 10
7 187
7 791
8 392
8 564
8 484
8 376
8 948
8 366
8 800
8 607
8 179
8 956
8 143
8 250
8 869
8 573
8 65
9 814
9 678
9 675
9 542
9 860
9 795
9 395
9 768
10 147
10 49
10 6
10 775
10 358
10 697
10 730
10 938
10 823
10 583
10 643
10 436
10 687
10 294
10 7
10 852
11 237
11 741
11 923
11 732
11 516
12 481
12 362
12 682
12 803
13 503
13 159
13 674
13 209
13 976
14 324
15 304
15 262
15 544
15 227
15 64
16 150
16 792
16 320
16 45
16 651
16 833
16 299
16 475
16 537
16 214
16 715
16 621
16 849
16 932
16 570
16 806
16 418
16 96
16 62
16 86
17 228
17 828
17 407
18 440
18 227
18 553
18 811
18 564
18 28
18 193
18 761
18 995
18 643
19 658
19 673
19 340
19 804
19 805
19 986
19 571
19 5
19 119
19 365
19 706
19 324
20 38
20 101
20 658
20 188
20 867
20 501
20 802
21 338
21 790
21 168
21 373
21 858
21 407
21 359
21 884
21 740
21 60
22 339
22 776
22 386
22 379
22 380
22 100
22 32
22 175
22 109
22 291
22 822
22 118
22 437
23 437
23 475
24 31
24 88
24 1000
24 790
24 778
24 930
25 306
25 217
25 249
26 31
26 657
26 743
26 378
26 686
26 993
26 474
26 175
26 869
26 575
26 740
26 859
26 910
26 529
26 375
26 937
27 758
27 81
27 754
27 943
27 40
27 818
27 497
27 350
27 69
27 346
27 284
27 859
27 157
27 102
27 977
28 449
28 698
28 259
28 18
28 774
28 682
28 649
28 593
28 141
28 550
28 687
28 432
28 65
29 764
29 893
29 207
29 785
29 963
29 139
29 645
29 856
29 885
29 827
29 976
30 202
30 837
30 178
30 79
30 928
30 721
30 855
30 602
30 490
30 48
30 263
30 649
30 661
30 816
31 273
31 637
31 24
31 207
31 854
31 402
31 536
31 711
31 467
31 959
31 942
31 588
31 26
31 146
31 44
31 399
31 694
32 326
32 419
32 171
32 805
32 22
32 141
32 300
32 122
32 135
33 412
33 357
33 961
33 758
33 119
33 213
33 216
33 134
33 714
33 807
33 864
33 662
33 771
33 299
33 694
33 407
34 469
34 440
34 920
34 508
34 245
34 647
34 154
34 496
34 412
34 38
34 388
34 701
34 510
34 449
34 244
35 673
35 624
36 454
36 67
36 345
36 995
36 920
36 169
36 524
36 573
36 1000
36 195
36 581
36 801
36 484
36 918
36 82
36 220
37 745
37 992
37 624
37 634
37 772
37 828
37 454
37 257
37 568
37 768
37 396
37 157
37 407
37 482
38 20
38 103
38 845
38 393
38 956
38 34
38 136
38 374
38 753
38 873
38 395
38 944
38 855
38 267
38 662
38 674
39 403
39 286
39 568
39 694
39 767
39 315
39 515
39 224
39 44
39 68
39 624
40 952
40 567
40 410
40 682
40 386
40 55
40 753
40 425
40 374
40 82
40 439
40 163
40 991
40 596
40 419
40 921
40 535
40 27
41 903
41 321
41 574
41 224
41 842
41 533
42 933
42 159
42 995
42 898
42 249
42 71
43 841
43 110
43 527
43 761
43 288
43 125
43 444
43 781
43 668
43 147
44 677
44 39
44 655
44 378
44 31
44 634
44 440
44 879
44 516
44 101
44 848
44 772
44 641
44 335
44 773
44 646
44 244
45 609
45 16
45 771
45 593
45 670
45 150
45 68
46 892
46 486
46 865
46 542
46 241
46 67
46 238
46 927
46 133
46 449
47 4
47 186
47 313
47 563
47 786
47 150
48 208
48 55
48 807
48 731
48 30
48 496
48 150
49 460
49 889
49 80
49 10
50 710
50 821
50 447
50 133
50 251
50 180
51 237
51 926
51 746
52 247
52 601
52 122
52 174
52 568
52 668
52 795
52 959
52 225
53 286
53 202
53 237
53 876
54 878
54 579
55 132
55 805
55 243
55 682
55 48
55 198
55 946
55 370
55 40
55 601
55 315
56 481
56 988
56 503
56 996
56 573
57 855
57 350
57 691
57 680
57 173
57 749
57 971
57 299
58 526
58 100
58 993
58 978
58 166
58 329
58 376
58 499
58 555
58 276
58 426
58 508
58 308
58 451
58 472
58 339
58 314
58 810
59 186
59 562
59 147
59 770
60 648
60 808
60 345
60 507
60 281
60 565
60 21
60 457
60 479
60 170
60 910
60 704
60 317
60 577
60 588
61 447
61 499
61 576
61 792
61 859
61 81
61 520
61 965
61 331
61 101
61 382
62 245
62 637
62 695
62 400
62 756
62 909
62 936
62 570
62 16
62 134
62 893
62 362
62 996
62 213
62 579
62 68
63 609
63 124
63 724
63 927
63 643
64 525
64 15
64 244
64 249
64 908
64 675
64 473
64 80
64 748
65 708
65 506
65 223
65 28
65 319
65 381
65 985
65 611
65 518
65 8
65 834
65 688
65 71
66 988
66 94
66 803
66 155
67 864
67 82
67 773
67 905
67 36
67 600
67 748
67 46
67 68
68 351
68 246
68 927
68 67
68 164
68 62
68 483
68 515
68 39
68 45
68 786
68 810
69 445
69 384
69 27
70 807
70 471
70 895
70 600
70 188
70 834
70 789
71 676
71 218
71 933
71 65
71 248
71 42
71 724
71 577
72 390
72 170
73 502
73 441
73 563
73 227
73 529
73 732
74 816
74 904
75 956
76 858
76 995
76 892
76 994
77 400
77 734
78 286
78 567
78 637
78 154
78 249
78 294
78 571
78 692
79 307
79 30
79 884
79 703
79 804
79 754
79 334
79 265
79 551
80 581
80 385
80 799
80 908
80 49
80 763
80 829
80 343
80 225
80 730
80 357
80 122
80 974
80 307
80 64
80 804
80 826
80 619
81 61
81 441
81 119
81 611
81 27
82 304
82 318
82 329
82 286
82 209
82 650
82 267
82 497
82 849
82 170
82 515
82 36
82 67
82 369
82 625
82 793
82 584
82 40
82 665
82 96
82 732
83 535
83 519
83 128
83 844
83 675
84 600
84 900
84 146
84 819
84 365
84 683
84 428
84 98
84 307
84 689
84 727
84 549
84 270
84 945
84 692
85 321
85 965
85 673
85 130
85 635
85 845
85 211
86 445
86 815
86 988
86 16
86 640
86 148
86 581
86 253
86 836
86 264
86 864
86 971
86 159
86 261
87 498
87 671
87 146
87 274
87 539
87 276
88 169
88 657
88 256
88 234
88 152
88 815
88 845
88 401
88 238
88 24
88 276
88 682
88 834
89 401
89 474
89 619
89 468
89 96
89 710
89 662
89 888
89 844
89 464
89 294
89 555
89 306
90 370
90 373
90 975
90 864
90 357
90 569
90 542
90 662
90 6
90 200
90 983
91 102
91 753
91 747
91 311
91 181
91 668
91 660
91 960
92 331
92 292
92 783
92 147
93 809
93 975
93 475
94 721
94 883
94 280
94 659
94 991
94 66
94 805
94 990
94 531
94 976
94 771
94 511
94 373
94 644
94 452
94 903
94 292
94 101
94 96
94 482
94 917
94 600
95 474
95 117
95 525
95 286
95 604
95 419
95 235
95 590
95 687
95 996
95 895
96 394
96 702
96 94
96 520
96 326
96 16
96 895
96 268
96 82
96 806
96 89
96 656
96 619
97 135
97 542
97 665
97 969
98 133
98 890
98 602
98 84
99 341
99 578
100 58
100 926
100 237
100 249
100 771
100 22
101 791
101 277
101 841
101 61
101 306
101 20
101 265
101 94
101 893
101 695
101 918
101 668
101 44
101 512
101 482
102 767
102 760
102 838
102 682
102 975
102 664
102 962
102 281
102 27
102 485
102 91
102 804
103 640
103 581
103 447
103 795
103 296
103 38
103 224
103 834
103 602
104 464
104 918
104 905
105 733
105 795
105 738
105 131
106 681
106 338
106 765
106 248
106 329
106 323
106 872
106 567
106 228
106 407
107 752
107 751
107 356
107 609
107 632
107 852
107 418
107 692
108 867
108 145
108 681
108 192
109 728
109 939
109 854
109 476
109 721
109 377
109 173
109 711
109 947
109 22
109 493
109 828
109 311
109 164
109 174
109 884
109 468
109 925
109 961
109 375
110 582
110 124
110 207
110 520
110 222
110 136
110 751
110 377
110 151
110 43
110 243
110 917
111 903
111 867
111 633
111 519
112 672
112 404
112 910
112 201
112 935
113 884
113 663
113 778
113 139
113 389
113 878
113 959
113 739
114 507
114 637
114 715
114 419
114 438
114 314
114 250
114 145
114 220
114 670
114 456
115 878
115 919
115 404
115 876
116 441
116 217
116 889
117 95
117 816
117 515
117 119
118 431
118 830
118 197
118 782
118 22
118 378
118 298
118 137
118 357
118 446
118 730
118 778
118 854
118 899
118 814
119 117
119 81
119 19
119 4
119 635
119 671
119 816
119 1000
119 33
119 419
119 897
120 422
120 450
120 501
120 404
120 437
120 324
121 441
121 220
121 917
121 746
122 32
122 146
122 52
122 646
122 339
122 80
123 7
123 750
123 496
124 652
124 431
124 877
124 216
124 560
124 63
124 135
124 143
124 687
124 110
124 175
125 892
125 43
125 339
125 573
125 583
126 395
126 566
126 872
126 135
126 387
126 4
126 556
126 932
126 265
126 158
126 292
126 368
127 128
127 903
127 724
127 575
127 772
127 935
128 465
128 191
128 215
128 394
128 483
128 127
128 714
128 424
128 83
128 219
128 783
128 362
128 735
128 1
128 665
128 632
128 508
128 587
129 763
129 547
129 832
129 511
129 136
129 370
129 497
129 415
129 925
129 496
129 957
130 427
130 490
130 85
130 718
130 717
130 148
130 733
130 849
130 880
130 472
130 5
130 639
130 845
131 578
131 558
131 145
131 583
131 206
131 961
131 712
131 914
131 105
131 221
131 590
131 644
131 516
132 55
132 143
132 903
132 471
133 344
133 207
133 98
133 611
133 593
133 46
133 634
133 832
133 339
133 551
133 384
133 50
134 2
134 432
134 323
134 33
134 451
134 62
134 626
135 32
135 97
135 928
135 662
135 277
135 124
135 471
135 955
135 501
135 126
136 495
136 38
136 503
136 110
136 535
136 129
136 584
136 516
137 168
137 696
137 203
137 956
137 257
137 888
137 247
137 344
137 226
137 710
137 224
137 698
137 5
137 605
137 175
137 989
137 118
137 926
138 252
138 867
138 921
138 633
138 635
138 338
138 834
138 220
139 367
139 566
139 489
139 674
139 879
139 494
139 471
139 790
139 959
139 113
139 786
139 29
140 892
140 768
140 347
141 468
141 906
141 32
141 762
141 601
141 791
141 28
142 882
142 250
143 774
143 132
143 695
143 272
143 913
143 549
143 724
143 868
143 342
143 595
143 636
143 639
143 172
143 539
143 8
143 761
143 649
143 124
143 211
144 324
144 809
145 930
145 159
145 761
145 668
145 453
145 4
145 558
145 114
145 108
145 450
145 131
145 845
145 653
146 87
146 188
146 589
146 316
146 527
146 994
146 31
146 259
146 122
146 939
146 84
146 1000
146 315
146 324
146 748
147 43
147 447
147 327
147 92
147 760
147 59
147 243
147 853
147 513
147 969
147 919
147 472
147 4
147 227
147 418
147 10
147 482
148 564
148 130
148 741
148 984
148 503
148 396
148 86
149 250
149 515
149 339
149 573
150 802
150 893
150 444
150 48
150 500
150 996
150 722
150 954
150 867
150 927
150 681
150 45
150 47
150 278
150 882
150 16
150 233
150 917
151 110
151 817
151 948
151 2
151 283
151 915
151 499
152 933
152 88
152 653
153 806
153 790
153 567
154 435
154 990
154 673
154 248
154 78
154 484
154 937
154 208
154 445
154 34
154 335
155 680
155 435
155 343
155 66
155 449
155 576
155 334
156 598
156 528
156 196
156 745
156 761
156 224
156 464
156 703
156 255
156 904
157 804
157 898
157 321
157 37
157 27
157 753
157 815
157 686
157 4
157 409
157 589
158 955
158 841
158 275
158 656
158 126
159 416
159 42
159 508
159 13
159 698
159 86
159 872
159 697
159 781
159 887
159 145
159 589
159 375
160 291
161 663
161 863
161 668
161 517
161 498
161 731
161 463
161 705
161 314
162 427
162 672
162 754
162 859
162 835
163 40
163 700
163 324
164 911
164 950
164 354
164 586
164 944
164 797
164 694
164 491
164 497
164 404
164 255
164 109
164 68
165 906
165 803
165 471
165 859
165 583
165 327
165 288
165 626
166 58
166 323
166 322
166 688
167 906
167 615
167 529
168 137
168 841
168 21
168 983
169 88
169 884
169 276
169 36
170 261
170 451
170 72
170 759
170 934
170 952
170 796
170 733
170 171
170 371
170 372
170 504
170 186
170 997
170 877
170 82
170 60
171 468
171 500
171 601
171 357
171 525
171 588
171 434
171 819
171 899
171 32
171 250
171 170
171 347
171 685
172 143
172 887
172 534
172 649
172 910
173 903
173 109
173 471
173 892
173 57
174 651
174 718
174 284
174 965
174 4
174 52
174 681
174 442
174 109
174 808
174 514
174 1
174 683
174 843
174 331
174 7
174 722
174 194
175 22
175 534
175 26
175 248
175 295
175 339
175 984
175 545
175 822
175 137
175 124
175 331
175 867
175 783
175 611
176 569
176 445
176 643
176 650
176 610
177 841
177 626
178 519
178 493
178 815
178 522
178 260
178 873
178 30
178 568
178 217
179 240
179 920
179 652
179 188
179 380
179 492
179 8
179 456
180 547
180 458
180 50
180 584
180 640
180 876
180 779
180 904
181 568
181 575
181 91
181 280
182 985
182 292
182 783
182 909
183 507
183 519
183 731
183 990
183 254
183 217
183 265
183 644
183 584
183 243
183 327
184 829
184 259
184 390
184 254
184 643
185 331
185 804
185 6
185 706
185 977
186 827
186 243
186 587
186 764
186 988
186 874
186 59
186 955
186 47
186 531
186 431
186 170
186 919
186 527
186 803
187 450
187 778
187 562
187 7
187 835
187 237
187 619
187 624
188 196
188 20
188 253
188 726
188 653
188 765
188 911
188 461
188 70
188 146
188 768
188 179
188 211
188 579
189 250
189 633
189 535
189 615
190 718
190 732
191 242
191 128
191 826
191 487
191 499
191 748
191 974
192 724
192 936
192 462
192 108
192 450
192 694
192 456
192 646
193 895
193 605
193 621
193 430
193 591
193 18
193 393
193 297
193 829
193 488
193 878
193 371
193 658
193 537
193 893
193 781
193 661
193 250
194 849
194 174
194 893
194 598
194 371
194 575
194 923
195 436
195 949
195 959
195 859
195 409
195 36
196 908
196 316
196 540
196 822
196 275
196 839
196 893
196 156
196 441
196 668
196 284
196 188
196 435
196 979
197 287
197 118
198 331
198 672
198 919
198 55
198 243
199 671
199 303
199 734
199 288
200 516
200 983
200 429
200 90
200 858
200 972
200 903
200 772
201 819
201 625
201 761
201 754
201 560
201 340
201 491
201 606
201 910
201 461
201 909
201 112
201 472
201 590
201 362
201 579
202 755
202 843
202 865
202 247
202 725
202 274
202 422
202 53
202 511
202 871
202 30
203 137
203 743
203 705
204 791
204 926
205 652
205 455
205 790
205 904
205 917
206 990
206 521
206 215
206 352
206 237
206 2
206 511
206 860
206 781
206 942
206 274
206 744
206 131
206 701
206 551
206 293
206 692
207 944
207 133
207 31
207 110
207 750
207 925
207 670
207 29
208 154
208 229
208 48
208 946
208 294
208 711
208 225
208 949
208 773
208 752
209 372
209 576
209 727
209 13
209 645
209 605
209 396
209 82
209 610
210 713
210 567
210 637
210 839
211 143
211 188
211 790
211 960
211 987
211 85
211 843
211 361
211 867
211 7
211 949
211 445
212 675
212 978
213 62
213 757
213 977
213 33
213 959
213 603
213 358
213 579
214 502
214 415
214 574
214 16
214 925
215 819
215 128
215 804
215 206
215 292
215 816
215 568
216 124
216 390
216 806
216 33
217 502
217 312
217 330
217 371
217 774
217 25
217 839
217 451
217 426
217 183
217 116
217 501
217 708
217 178
217 491
217 359
217 971
217 255
217 302
218 984
218 225
218 896
218 1000
218 674
218 71
219 370
219 371
219 128
219 903
219 262
219 228
219 706
220 423
220 997
220 965
220 773
220 481
220 606
220 368
220 36
220 429
220 114
220 934
220 138
220 987
220 121
220 304
220 4
220 802
221 426
221 915
221 776
221 304
221 625
221 985
221 365
221 350
221 403
221 131
221 858
221 615
221 656
221 876
222 686
222 537
222 227
222 110
222 321
222 566
223 858
223 3
223 65
224 699
224 509
224 915
224 103
224 39
224 622
224 292
224 948
224 41
224 300
224 563
224 156
224 137
225 909
225 232
225 483
225 639
225 208
225 218
225 445
225 52
225 446
225 858
225 255
225 314
225 80
226 927
226 137
227 575
227 222
227 710
227 238
227 527
227 147
227 15
227 73
227 885
227 744
227 922
227 714
227 321
227 18
227 375
228 614
228 555
228 719
228 588
228 751
228 504
228 625
228 17
228 561
228 219
228 849
228 702
228 891
228 106
229 528
229 640
229 958
229 558
229 746
229 397
229 885
229 208
229 771
229 461
229 358
229 935
229 974
230 634
230 313
230 544
230 834
231 601
231 496
232 225
232 744
233 963
233 731
233 924
233 255
233 284
233 984
233 940
233 475
233 150
233 573
233 724
234 485
234 88
234 257
234 685
234 243
235 686
235 754
235 786
235 748
235 95
236 809
236 984
236 637
236 739
237 530
237 53
237 11
237 51
237 503
237 444
237 816
237 254
237 100
237 404
237 187
237 206
237 562
237 573
238 273
238 996
238 956
238 876
238 46
238 954
238 793
238 633
238 429
238 891
238 346
238 227
238 922
238 88
238 335
238 399
239 481
239 562
239 578
239 834
240 623
240 608
240 901
240 977
240 595
240 462
240 1000
240 257
240 510
240 179
240 789
240 603
241 527
241 450
241 698
241 338
241 551
241 46
242 191
242 282
242 287
242 913
242 887
242 502
242 568
242 714
242 984
242 829
242 734
242 926
243 256
243 660
243 302
243 616
243 939
243 198
243 573
243 689
243 361
243 863
243 183
243 234
243 110
243 55
243 529
243 186
243 668
243 382
243 147
243 449
243 499
243 643
243 937
243 407
244 799
244 872
244 841
244 998
244 557
244 740
244 342
244 486
244 44
244 751
244 34
244 3
244 314
244 64
245 592
245 34
245 62
245 886
245 937
246 499
246 68
247 713
247 202
247 609
247 660
247 841
247 137
247 52
248 334
248 106
248 175
248 887
248 641
248 415
248 480
248 338
248 154
248 71
249 78
249 25
249 668
249 100
249 398
249 544
249 6
249 42
249 699
249 687
249 926
249 841
249 802
249 852
249 64
250 793
250 295
250 114
250 372
250 905
250 189
250 388
250 171
250 647
250 912
250 8
250 149
250 784
250 816
250 510
250 286
250 319
250 142
250 193
250 573
250 265
250 450
250 732
251 262
251 602
251 740
251 50
252 905
252 138
252 829
252 716
252 518
252 855
252 832
252 506
252 773
252 444
252 259
252 659
252 405
252 729
252 850
252 449
252 481
252 868
252 812
252 465
253 906
253 188
253 86
254 184
254 320
254 183
254 605
254 501
254 547
254 978
254 291
254 756
254 370
254 535
254 237
254 573
254 786
255 426
255 717
255 635
255 217
255 396
255 367
255 225
255 156
255 164
255 599
255 359
255 442
255 388
255 503
255 323
255 578
255 307
255 233
256 331
256 88
256 562
256 744
256 243
256 917
257 263
257 548
257 240
257 974
257 856
257 447
257 234
257 624
257 864
257 515
257 137
257 503
257 574
257 905
257 571
257 613
257 802
257 839
257 370
257 37
258 679
258 590
258 338
258 772
258 976
259 184
259 28
259 252
259 878
259 816
259 574
259 146
259 781
259 499
260 178
260 286
260 409
260 661
261 564
261 448
261 556
261 357
261 880
261 755
261 86
261 170
261 698
261 887
261 930
262 609
262 251
262 219
262 15
262 718
262 489
262 660
262 901
262 415
262 703
262 795
262 802
262 957
262 456
263 665
263 257
263 30
263 288
264 86
264 700
264 483
264 518
264 910
264 942
264 969
264 609
264 326
264 656
264 293
265 505
265 421
265 183
265 963
265 250
265 808
265 314
265 79
265 867
265 651
265 519
265 101
265 339
265 126
266 837
266 522
266 321
266 445
266 765
266 395
266 315
266 904
267 686
267 922
267 82
267 38
267 533
268 498
268 965
268 609
268 956
268 445
268 96
268 571
269 362
269 895
269 578
269 307
270 416
270 667
270 508
270 935
270 371
270 676
270 751
270 84
270 476
270 965
270 441
270 396
270 314
270 643
271 700
271 766
271 677
271 494
271 816
272 143
272 968
272 274
273 306
273 635
273 31
273 238
273 496
274 875
274 337
274 584
274 206
274 570
274 441
274 537
274 349
274 272
274 87
274 202
274 472
275 741
275 158
275 668
275 541
275 396
275 362
275 918
275 464
275 196
275 589
276 306
276 751
276 873
276 87
276 561
276 669
276 869
276 981
276 323
276 814
276 521
276 455
276 169
276 88
276 889
276 593
276 58
277 718
277 101
277 135
277 646
277 299
278 922
278 150
278 407
279 575
280 400
280 181
280 302
280 345
280 388
280 675
280 437
280 94
280 778
280 542
281 959
281 102
281 60
281 456
282 673
282 609
282 574
282 242
282 626
282 459
283 597
283 151
283 790
283 375
284 801
284 559
284 681
284 397
284 640
284 807
284 343
284 668
284 474
284 479
284 306
284 196
284 27
284 174
284 701
284 233
285 602
285 752
286 691
286 844
286 78
286 53
286 260
286 595
286 705
286 576
286 82
286 250
286 39
286 95
287 484
287 607
287 336
287 197
287 313
287 437
287 408
287 289
287 329
287 472
287 406
287 242
288 365
288 483
288 263
288 165
288 816
288 199
288 321
288 841
288 754
288 396
288 43
289 567
289 890
289 590
289 287
289 976
290 471
290 703
290 767
291 160
291 927
291 22
291 780
291 590
291 254
291 705
291 499
292 182
292 94
292 738
292 215
292 418
292 682
292 92
292 520
292 296
292 388
292 590
292 224
292 126
293 264
293 299
293 707
293 206
293 790
294 89
294 322
294 710
294 10
294 78
294 729
294 208
294 890
294 323
295 906
295 175
295 250
295 878
295 971
295 487
295 7
295 975
296 906
296 307
296 292
296 103
296 450
296 822
297 737
297 193
297 322
297 826
298 858
298 795
298 744
298 118
298 732
298 897
299 57
299 594
299 421
299 313
299 432
299 739
299 414
299 876
299 33
299 277
299 16
299 909
299 293
300 32
300 633
300 602
300 224
300 834
300 307
301 400
301 471
301 759
302 796
302 826
302 217
302 577
302 671
302 322
302 589
302 280
302 243
302 752
303 674
303 948
303 814
303 783
303 199
303 923
303 705
303 686
303 854
303 562
303 578
303 437
304 220
304 15
304 221
304 893
304 4
304 82
304 979
305 491
305 326
305 321
305 649
305 567
305 897
305 975
305 583
306 458
306 734
306 733
306 25
306 89
306 101
306 273
306 284
306 276
306 772
307 452
307 296
307 79
307 461
307 524
307 983
307 269
307 300
307 555
307 255
307 500
307 537
307 84
307 613
307 669
307 80
308 837
308 452
308 457
308 948
308 561
308 58
308 671
308 892
308 681
308 351
308 845
308 315
308 772
308 533
309 588
309 901
309 969
309 688
310 417
310 406
310 785
310 491
310 508
310 876
310 449
310 653
311 497
311 549
311 109
311 91
311 445
311 627
312 730
312 539
312 432
312 741
312 217
312 692
313 592
313 791
313 230
313 321
313 47
313 729
313 422
313 543
313 432
313 287
313 661
313 299
313 466
313 779
314 161
314 270
314 911
314 727
314 733
314 225
314 58
314 244
314 576
314 114
314 829
314 265
314 909
314 852
315 343
315 437
315 308
315 266
315 55
315 146
315 942
315 39
315 466
316 196
316 672
316 146
316 795
316 2
317 716
317 693
317 731
317 945
317 826
317 436
317 60
317 476
317 671
317 656
317 829
317 779
317 802
318 680
318 555
318 82
318 771
318 845
319 737
319 978
319 791
319 461
319 250
319 643
319 65
320 763
320 254
320 16
320 901
320 752
321 85
321 489
321 288
321 227
321 305
321 222
321 499
321 41
321 935
321 564
321 313
321 266
321 785
321 859
321 157
321 814
321 594
322 337
322 970
322 637
322 1
322 302
322 359
322 297
322 166
322 491
322 553
322 828
322 942
322 925
322 294
323 919
323 462
323 816
323 255
323 509
323 460
323 859
323 166
323 498
323 134
323 294
323 543
323 276
323 106
323 750
324 483
324 163
324 146
324 120
324 19
324 791
324 14
324 144
324 497
324 326
324 942
324 562
324 701
325 984
325 968
325 882
326 324
326 305
326 612
326 662
326 264
326 849
326 561
326 625
326 949
326 968
326 658
326 32
326 887
326 543
326 549
326 6
326 96
327 514
327 690
327 183
327 696
327 165
327 347
327 147
328 497
328 922
328 773
329 106
329 58
329 82
329 644
329 789
329 287
330 623
330 217
330 661
330 390
330 499
330 770
331 658
331 92
331 523
331 61
331 174
331 175
331 434
331 712
331 198
331 856
331 493
331 894
331 857
331 256
331 185
331 863
331 572
331 680
331 867
332 985
332 804
332 446
333 816
333 889
333 835
334 248
334 508
334 676
334 939
334 155
334 79
334 970
334 909
334 687
334 406
334 615
334 644
334 904
334 496
334 579
335 595
335 44
335 1
335 806
335 807
335 782
335 714
335 238
335 751
335 154
335 995
335 687
336 287
336 601
336 409
337 365
337 971
337 322
337 274
337 375
338 823
338 697
338 690
338 241
338 911
338 765
338 138
338 258
338 248
338 931
338 106
338 673
338 971
338 21
338 979
339 929
339 265
339 841
339 133
339 622
339 1000
339 149
339 624
339 125
339 58
339 122
339 22
339 370
339 175
339 450
339 968
340 19
340 201
341 99
341 591
341 999
341 792
341 654
341 442
341 422
341 390
341 399
342 143
342 743
342 632
342 2
342 450
342 516
342 244
343 682
343 284
343 971
343 834
343 155
343 315
343 80
343 585
344 351
344 468
344 133
344 922
344 137
344 435
345 60
345 878
345 280
345 36
345 789
345 786
346 238
346 27
347 399
347 942
347 171
347 861
347 905
347 327
347 500
347 572
347 436
347 708
347 140
347 449
347 566
347 388
347 590
347 615
347 358
348 4
348 471
348 650
349 274
350 869
350 221
350 698
350 465
350 370
350 814
350 937
350 27
350 57
350 770
351 344
351 443
351 491
351 308
351 460
351 885
351 68
352 941
352 882
352 864
352 206
352 791
352 589
352 480
353 933
353 869
353 735
353 828
353 675
354 432
354 164
355 427
355 681
355 475
356 733
356 807
356 462
356 107
356 985
356 492
357 731
357 537
357 33
357 261
357 828
357 171
357 118
357 643
357 90
357 80
358 726
358 361
358 486
358 347
358 213
358 875
358 229
358 971
358 574
358 882
358 653
358 603
358 10
358 810
358 624
359 465
359 21
359 608
359 644
359 217
359 520
359 955
359 460
359 393
359 931
359 322
359 767
359 255
359 919
359 583
360 441
361 610
361 410
361 801
361 664
361 814
361 211
361 243
361 937
361 358
361 692
362 269
362 62
362 997
362 275
362 576
362 12
362 590
362 201
362 906
362 370
362 128
362 498
362 724
362 761
362 395
362 399
363 1000
363 465
363 649
364 687
364 984
364 7
364 573
365 655
365 337
365 465
365 969
365 743
365 657
365 418
365 19
365 595
365 836
365 84
365 221
365 895
365 531
365 288
366 8
366 890
366 961
366 949
366 828
366 555
366 974
367 139
367 968
367 255
368 632
368 574
368 220
368 126
369 590
369 743
369 933
369 778
369 82
370 822
370 129
370 254
370 55
370 339
370 219
370 911
370 968
370 350
370 936
370 383
370 844
370 594
370 257
370 362
370 637
370 976
370 90
371 777
371 194
371 219
371 856
371 170
371 193
371 217
371 270
372 941
372 250
372 961
372 170
372 446
372 209
372 814
373 409
373 4
373 94
373 21
373 90
374 511
374 38
374 40
374 773
375 651
375 337
375 159
375 26
375 675
375 731
375 890
375 560
375 954
375 227
375 283
375 703
375 109
375 616
375 487
375 789
375 974
376 8
376 58
377 109
377 110
377 490
377 904
378 890
378 26
378 959
378 118
378 44
379 743
379 22
379 822
379 496
379 809
379 533
380 436
380 903
380 465
380 885
380 22
380 179
380 555
380 917
381 436
381 741
381 65
382 452
382 729
382 995
382 61
382 383
382 243
382 763
382 529
382 975
383 761
383 668
383 955
383 382
383 370
384 817
384 133
384 637
384 901
384 852
384 69
384 750
384 433
384 572
384 745
384 415
384 537
385 512
385 80
386 22
386 40
386 885
387 511
387 126
388 423
388 683
388 883
388 967
388 440
388 34
388 495
388 755
388 879
388 536
388 901
388 250
388 574
388 292
388 347
388 280
388 734
388 255
389 409
389 922
389 113
389 734
389 976
390 871
390 184
390 72
390 216
390 434
390 558
390 613
390 791
390 341
390 330
390 919
390 655
392 8
392 890
392 568
392 395
392 741
392 688
392 937
393 481
393 359
393 38
393 970
393 193
393 465
393 978
393 449
393 977
394 128
394 534
394 685
394 96
395 850
395 362
395 652
395 864
395 633
395 1
395 9
395 775
395 266
395 392
395 657
395 38
395 995
395 437
395 889
395 655
395 126
396 288
396 270
396 209
396 752
396 737
396 631
396 148
396 37
396 471
396 790
396 255
396 919
396 275
397 529
397 284
397 468
397 887
397 508
397 461
397 229
398 970
398 490
398 249
398 407
399 744
399 666
399 438
399 238
399 362
399 31
399 341
399 854
399 347
399 637
400 923
400 301
400 885
400 698
400 823
400 77
400 833
400 468
400 280
400 62
400 610
401 922
401 590
401 88
401 89
402 31
402 492
403 221
403 682
403 738
403 493
403 39
403 602
404 428
404 957
404 535
404 164
404 763
404 684
404 120
404 112
404 712
404 115
404 462
404 919
404 237
404 4
405 252
405 918
406 310
406 876
406 334
406 287
406 827
406 916
406 712
406 828
406 734
406 650
407 747
407 106
407 693
407 17
407 398
407 278
407 243
407 37
407 33
407 768
407 21
407 611
408 577
408 287
408 844
408 624
409 157
409 373
409 260
409 606
409 653
409 389
409 195
409 678
409 336
410 40
410 446
410 361
411 472
411 432
412 537
412 687
412 33
412 791
412 34
412 892
413 415
413 455
413 623
414 518
414 467
414 578
414 299
414 624
415 413
415 704
415 860
415 710
415 262
415 384
415 972
415 854
415 914
415 248
415 738
415 631
415 439
415 627
415 867
415 615
415 129
415 214
415 509
415 929
415 437
415 786
415 675
416 620
416 502
416 965
416 803
416 159
416 754
416 270
417 543
417 580
417 310
417 452
417 553
417 777
417 698
417 519
417 994
418 147
418 707
418 16
418 982
418 107
418 861
418 544
418 292
418 754
418 365
418 445
419 791
419 780
419 477
419 994
419 119
419 32
419 649
419 114
419 40
419 95
420 886
421 663
421 498
421 437
421 687
421 658
421 571
421 265
421 905
421 299
422 488
422 313
422 341
422 120
422 202
422 975
422 456
423 388
423 220
424 128
424 660
424 499
425 462
425 665
425 40
426 221
426 949
426 255
426 217
426 763
426 58
427 162
427 355
427 861
427 579
427 715
427 464
427 130
427 970
427 740
427 650
428 404
428 84
428 835
429 600
429 890
429 238
429 901
429 220
429 655
429 200
430 737
430 193
430 512
431 124
431 186
431 899
431 118
432 354
432 811
432 865
432 312
432 313
432 411
432 862
432 134
432 684
432 28
432 723
432 910
432 299
432 516
433 875
433 695
433 882
433 889
433 449
433 384
433 694
434 331
434 390
434 602
434 171
434 701
434 655
434 977
435 592
435 633
435 196
435 544
435 344
435 638
435 877
435 154
435 834
435 155
435 493
435 516
436 780
436 195
436 381
436 574
436 948
436 380
436 581
436 856
436 10
436 978
436 646
436 635
436 317
436 588
436 918
436 347
437 927
437 795
437 421
437 938
437 23
437 549
437 395
437 809
437 616
437 303
437 710
437 415
437 120
437 22
437 893
437 287
437 665
437 681
437 280
437 646
437 732
437 315
438 539
438 724
438 844
438 918
438 114
438 399
439 713
439 40
439 415
439 703
440 34
440 388
440 1000
440 18
440 637
440 44
441 116
441 270
441 121
441 714
441 73
441 469
441 196
441 722
441 360
441 81
441 444
441 274
441 593
441 748
442 341
442 174
442 255
442 722
443 351
443 590
443 885
444 511
444 252
444 741
444 537
444 971
444 949
444 534
444 790
444 237
444 43
444 441
444 150
445 945
445 515
445 779
445 570
445 990
445 154
445 268
445 311
445 418
445 176
445 211
445 69
445 86
445 472
445 869
445 225
445 266
445 735
445 705
445 512
446 372
446 225
446 523
446 580
446 678
446 955
446 332
446 410
446 928
446 535
446 118
446 759
446 610
447 61
447 257
447 899
447 103
447 147
447 50
448 871
448 844
448 261
448 772
448 669
448 585
448 692
449 34
449 433
449 310
449 730
449 243
449 880
449 46
449 661
449 910
449 393
449 665
449 555
449 28
449 744
449 347
449 252
449 155
450 187
450 919
450 992
450 494
450 769
450 654
450 120
450 339
450 241
450 342
450 930
450 250
450 296
450 145
450 701
450 192
451 902
451 553
451 833
451 134
451 780
451 58
451 170
451 217
451 589
452 307
452 308
452 417
452 382
452 94
453 878
453 543
453 145
454 576
454 602
454 36
454 917
454 37
455 413
455 205
455 780
455 809
455 499
455 670
455 878
455 505
455 640
455 542
455 276
455 750
455 897
456 422
456 710
456 281
456 801
456 584
456 262
456 192
456 780
456 114
456 179
456 643
456 864
456 845
456 974
457 308
457 60
458 180
458 306
458 576
458 682
458 594
459 478
459 936
459 484
459 850
459 931
459 607
459 282
459 738
459 584
460 49
460 718
460 359
460 323
460 910
460 351
460 925
460 655
460 579
461 397
461 577
461 319
461 466
461 522
461 702
461 909
461 229
461 307
461 490
461 985
461 188
461 201
462 240
462 725
462 356
462 617
462 425
462 910
462 979
462 905
462 404
462 323
462 487
462 192
462 692
462 624
463 635
463 161
463 527
463 983
463 845
464 427
464 857
464 939
464 534
464 696
464 104
464 275
464 89
464 869
464 878
464 156
464 695
464 839
465 350
465 393
465 867
465 591
465 252
465 823
465 540
465 380
465 363
465 484
465 667
465 128
465 731
465 359
465 365
466 313
466 977
466 757
466 315
466 993
466 617
466 619
466 596
466 783
466 927
466 597
466 461
467 858
467 543
467 503
467 31
467 414
468 344
468 141
468 397
468 680
468 945
468 923
468 644
468 109
468 829
468 400
468 724
468 673
468 933
468 942
468 171
468 930
468 643
468 89
469 34
469 995
469 441
469 645
469 899
470 671
470 579
471 132
471 173
471 518
471 348
471 70
471 903
471 914
471 543
471 942
471 396
471 301
471 139
471 165
471 135
471 290
471 763
472 521
472 445
472 411
472 767
472 857
472 287
472 874
472 147
472 201
472 834
472 58
472 919
472 274
472 130
472 700
473 576
473 64
473 738
474 95
474 903
474 26
474 284
474 89
475 865
475 837
475 824
475 527
475 23
475 684
475 876
475 657
475 355
475 93
475 859
475 904
475 984
475 16
475 233
476 505
476 803
476 317
476 109
476 743
476 270
476 539
477 542
477 419
477 701
477 923
478 961
478 841
478 459
479 537
479 284
479 60
479 772
480 248
480 672
480 751
480 700
480 352
480 927
480 512
481 56
481 12
481 945
481 239
481 393
481 665
481 922
481 252
481 220
482 147
482 790
482 94
482 838
482 37
482 101
482 6
482 910
483 128
483 264
483 225
483 324
483 976
483 694
483 288
483 68
484 287
484 8
484 465
484 682
484 154
484 36
484 459
485 234
485 102
485 661
485 594
485 867
485 619
485 931
485 919
485 703
485 550
485 532
485 896
486 46
486 490
486 822
486 244
486 358
486 960
487 295
487 462
487 542
487 191
487 647
487 834
487 375
487 852
487 917
487 626
488 422
488 193
488 562
489 321
489 139
489 262
489 969
490 992
490 896
490 461
490 486
490 635
490 377
490 398
490 130
490 30
490 671
490 686
490 885
491 217
491 164
491 529
491 559
491 305
491 884
491 624
491 580
491 735
491 839
491 962
491 310
491 322
491 588
491 351
491 201
492 498
492 3
492 730
492 827
492 750
492 705
492 402
492 356
492 179
493 435
493 691
493 403
493 984
493 178
493 331
493 109
493 601
493 4
494 139
494 567
494 450
494 562
494 694
494 271
495 136
495 821
495 696
495 4
495 740
495 829
495 388
495 585
495 748
496 849
496 123
496 379
496 231
496 273
496 48
496 588
496 129
496 334
496 754
496 877
496 34
496 752
497 311
497 129
497 324
497 164
497 328
497 942
497 884
497 1000
497 82
497 27
498 268
498 757
498 547
498 362
498 421
498 993
498 87
498 819
498 686
498 161
498 323
498 492
499 151
499 722
499 424
499 330
499 259
499 243
499 291
499 246
499 191
499 740
499 61
499 969
499 555
499 590
499 455
499 783
499 321
499 655
499 58
500 542
500 347
500 171
500 307
500 825
500 150
500 904
501 120
501 135
501 20
501 571
501 254
501 895
501 217
501 876
502 242
502 214
502 73
502 676
502 919
502 631
502 416
502 569
502 217
502 544
503 255
503 767
503 873
503 56
503 678
503 597
503 13
503 790
503 799
503 523
503 953
503 793
503 947
503 136
503 467
503 257
503 600
503 764
503 148
503 813
503 237
503 829
503 779
504 675
504 170
504 228
505 755
505 476
505 515
505 846
505 455
505 681
505 265
506 985
506 252
506 551
506 706
506 65
507 60
507 114
507 978
507 859
507 183
507 989
507 842
508 737
508 915
508 58
508 867
508 397
508 128
508 628
508 310
508 916
508 919
508 334
508 159
508 761
508 270
508 34
508 852
508 579
509 623
509 656
509 323
509 887
509 224
509 415
510 985
510 521
510 519
510 914
510 775
510 546
510 793
510 538
510 34
510 240
510 692
510 713
510 542
510 250
511 444
511 523
511 387
511 374
511 851
511 202
511 94
511 206
511 661
511 129
512 480
512 101
512 445
512 385
512 656
512 430
512 714
512 603
513 7
513 601
513 665
513 147
514 892
514 686
514 174
514 327
515 683
515 3
515 257
515 948
515 700
515 556
515 149
515 629
515 117
515 672
515 505
515 825
515 632
515 82
515 445
515 39
515 68
516 435
516 432
516 136
516 11
516 131
516 935
516 342
516 822
516 537
516 930
516 200
516 44
516 624
517 161
517 835
518 564
518 264
518 252
518 471
518 735
518 587
518 665
518 414
518 960
518 626
518 65
519 764
519 973
519 689
519 83
519 628
519 854
519 417
519 111
519 771
519 856
519 178
519 959
519 578
519 510
519 183
519 265
520 61
520 359
520 292
520 110
520 96
521 472
521 903
521 206
521 276
521 510
521 925
521 573
521 852
522 529
522 178
522 266
522 461
522 945
522 688
522 770
523 511
523 331
523 503
523 446
523 778
524 768
524 922
524 534
524 841
524 307
524 36
525 532
525 609
525 577
525 762
525 542
525 95
525 171
525 64
526 532
526 58
526 566
526 579
527 760
527 241
527 186
527 841
527 463
527 791
527 227
527 146
527 43
527 475
528 156
528 877
528 889
528 229
529 522
529 243
529 397
529 638
529 928
529 167
529 382
529 73
529 26
529 491
529 685
529 937
530 237
531 365
531 542
531 2
531 785
531 186
531 94
532 525
532 779
532 526
532 485
532 918
533 41
533 308
533 379
533 267
534 172
534 992
534 909
534 394
534 524
534 444
534 696
534 778
534 175
534 903
534 464
534 949
534 576
534 610
535 254
535 40
535 857
535 136
535 189
535 682
535 690
535 83
535 539
535 404
535 6
535 446
535 660
536 31
536 724
536 388
537 357
537 193
537 222
537 444
537 516
537 412
537 629
537 307
537 663
537 660
537 479
537 384
537 1000
537 274
537 16
537 834
537 687
537 925
537 692
538 567
538 510
539 565
539 576
539 556
539 535
539 438
539 312
539 757
539 612
539 143
539 87
539 907
539 476
539 672
539 674
539 656
540 196
540 465
540 814
540 825
541 921
541 275
541 945
542 455
542 97
542 879
542 500
542 477
542 280
542 884
542 510
542 525
542 859
542 929
542 487
542 706
542 531
542 90
542 46
542 9
543 954
543 453
543 326
543 313
543 817
543 971
543 659
543 467
543 323
543 965
543 471
543 417
543 778
544 418
544 15
544 695
544 847
544 609
544 230
544 502
544 816
544 767
544 705
544 249
544 435
545 600
545 970
545 741
545 175
545 593
546 996
546 510
546 739
547 180
547 781
547 906
547 498
547 761
547 254
547 637
547 129
548 906
548 737
548 257
548 701
549 983
549 326
549 311
549 84
549 573
549 143
549 437
549 976
550 600
550 893
550 877
550 28
550 485
550 945
551 506
551 928
551 206
551 241
551 133
551 855
551 740
551 972
551 982
551 884
551 558
551 687
551 79
551 566
551 896
551 602
552 746
553 322
553 18
553 637
553 451
553 417
554 609
554 754
554 744
554 835
555 449
555 499
555 923
555 318
555 366
555 89
555 948
555 380
555 228
555 985
555 740
555 307
555 58
556 539
556 515
556 261
556 126
557 672
557 762
557 705
557 959
557 738
557 669
557 650
557 244
558 131
558 577
558 390
558 145
558 229
558 551
558 835
559 284
559 491
559 743
560 124
560 681
560 201
560 375
561 308
561 326
561 228
561 738
561 276
562 822
562 654
562 239
562 303
562 59
562 650
562 631
562 256
562 324
562 237
562 695
562 494
562 967
562 488
562 187
562 731
562 826
562 566
562 977
563 73
563 224
563 622
563 812
563 47
563 601
563 957
564 518
564 321
564 148
564 824
564 8
564 18
564 781
564 261
565 858
565 539
565 750
565 779
565 60
566 562
566 222
566 526
566 595
566 139
566 347
566 930
566 551
566 810
566 126
567 289
567 494
567 210
567 78
567 844
567 644
567 538
567 153
567 985
567 305
567 40
567 918
567 106
567 660
568 37
568 242
568 181
568 178
568 881
568 392
568 699
568 711
568 847
568 215
568 52
568 864
568 644
568 39
568 619
569 614
569 995
569 718
569 996
569 928
569 502
569 176
569 729
569 839
569 889
569 90
570 274
570 16
570 910
570 445
570 62
571 501
571 840
571 633
571 657
571 421
571 943
571 257
571 268
571 78
571 19
571 643
572 347
572 331
572 384
573 894
573 521
573 254
573 927
573 633
573 149
573 8
573 237
573 56
573 364
573 614
573 125
573 864
573 813
573 549
573 675
573 36
573 243
573 233
573 250
574 259
574 214
574 282
574 41
574 257
574 358
574 368
574 809
574 3
574 388
574 436
575 194
575 978
575 279
575 26
575 181
575 127
575 923
575 227
576 454
576 458
576 724
576 534
576 944
576 155
576 916
576 286
576 955
576 61
576 539
576 601
576 362
576 637
576 209
576 314
576 473
577 302
577 959
577 60
577 736
577 525
577 934
577 680
577 558
577 822
577 408
577 669
577 627
577 71
577 949
577 828
577 740
577 461
577 842
578 303
578 239
578 255
578 99
578 519
578 748
578 840
578 970
578 269
578 645
578 131
578 995
578 609
578 414
578 766
579 54
579 201
579 213
579 937
579 508
579 470
579 526
579 460
579 62
579 188
579 334
579 918
579 427
579 746
580 446
580 783
580 417
580 491
581 103
581 436
581 36
581 732
581 80
581 86
582 110
582 919
582 750
582 644
583 988
583 359
583 305
583 880
583 165
583 760
583 730
583 125
583 973
583 602
583 131
583 10
584 994
584 801
584 183
584 136
584 459
584 274
584 82
584 734
584 180
584 456
584 626
585 922
585 495
585 790
585 343
585 448
585 655
585 802
585 887
585 881
585 821
585 814
585 945
586 701
586 790
586 597
586 913
586 961
586 857
586 164
586 904
586 917
586 692
587 989
587 518
587 986
587 988
587 128
587 781
587 754
587 894
587 887
587 186
587 653
587 809
588 491
588 436
588 309
588 889
588 60
588 31
588 943
588 806
588 989
588 228
588 681
588 171
588 496
589 451
589 275
589 302
589 862
589 645
589 159
589 352
589 747
589 157
589 893
589 762
589 146
589 701
590 95
590 347
590 289
590 131
590 292
590 765
590 401
590 201
590 291
590 369
590 499
590 258
590 443
590 883
590 737
590 362
591 341
591 741
591 193
591 949
591 465
592 245
592 313
592 435
593 545
593 441
593 976
593 276
593 876
593 988
593 823
593 45
593 133
593 28
593 892
593 964
594 659
594 707
594 2
594 321
594 842
594 458
594 787
594 299
594 485
594 370
594 660
595 286
595 143
595 768
595 335
595 240
595 566
595 365
596 7
596 40
596 922
596 806
596 660
596 466
597 719
597 283
597 928
597 805
597 951
597 466
597 701
597 503
597 922
597 586
597 703
597 754
597 937
598 896
598 156
598 194
599 778
599 978
599 255
599 734
599 926
600 545
600 550
600 429
600 70
600 742
600 67
600 94
600 84
600 503
600 968
600 619
601 750
601 55
601 231
601 141
601 513
601 744
601 952
601 493
601 576
601 773
601 902
601 336
601 563
601 171
601 52
601 613
602 551
602 98
602 300
602 454
602 964
602 251
602 666
602 669
602 285
602 953
602 434
602 689
602 403
602 103
602 30
602 5
602 739
602 583
602 960
603 240
603 358
603 717
603 997
603 876
603 512
603 213
603 919
604 906
604 961
604 754
604 919
604 95
605 209
605 137
605 696
605 911
605 193
605 854
605 254
605 706
605 752
606 970
606 409
606 744
606 201
606 220
607 287
607 8
607 706
607 459
607 624
608 359
608 658
608 240
608 829
609 578
609 45
609 264
609 268
609 554
609 908
609 525
609 856
609 282
609 63
609 247
609 262
609 107
609 544
610 729
610 896
610 176
610 400
610 209
610 446
610 534
610 700
610 361
610 752
611 407
611 175
611 81
611 877
611 899
611 133
611 741
611 984
611 781
611 955
611 845
611 65
612 539
612 4
612 326
612 898
612 901
613 967
613 720
613 257
613 848
613 601
613 660
613 307
613 998
613 390
614 569
614 228
614 768
614 675
614 959
614 573
615 347
615 864
615 894
615 167
615 832
615 671
615 334
615 189
615 4
615 415
615 221
615 925
616 733
616 674
616 877
616 437
616 243
616 375
617 462
617 466
618 718
618 869
618 692
619 642
619 96
619 187
619 568
619 870
619 80
619 764
619 838
619 600
619 466
619 979
619 485
619 89
620 966
620 854
620 416
620 695
621 193
621 2
621 16
621 905
621 852
622 563
622 633
622 781
622 224
622 339
623 330
623 509
623 715
623 413
623 893
623 240
624 607
624 516
624 897
624 35
624 462
624 187
624 408
624 414
624 358
624 39
624 37
624 257
624 491
624 983
624 339
625 825
625 221
625 228
625 326
625 82
625 201
626 487
626 165
626 282
626 836
626 957
626 518
626 949
626 134
626 904
626 584
626 177
627 634
627 930
627 311
627 415
627 577
628 519
628 995
628 949
628 508
629 537
629 515
629 778
630 809
631 682
631 502
631 415
631 562
631 705
631 396
632 954
632 792
632 858
632 368
632 128
632 872
632 887
632 342
632 2
632 812
632 515
632 850
632 107
632 810
633 622
633 111
633 882
633 189
633 793
633 300
633 138
633 983
633 858
633 762
633 238
633 571
633 395
633 435
633 573
634 230
634 671
634 37
634 695
634 133
634 44
634 732
634 627
635 742
635 436
635 698
635 138
635 463
635 775
635 85
635 829
635 490
635 255
635 119
635 722
635 273
636 143
636 945
637 856
637 966
637 553
637 236
637 702
637 399
637 698
637 210
637 576
637 78
637 440
637 370
637 547
637 114
637 31
637 322
637 62
637 384
638 529
638 762
638 809
638 435
639 143
639 225
639 130
639 668
640 103
640 284
640 455
640 682
640 229
640 180
640 86
641 44
641 703
641 647
641 700
641 745
641 248
641 768
641 925
642 750
642 722
642 619
643 571
643 468
643 319
643 713
643 63
643 357
643 184
643 922
643 18
643 243
643 270
643 907
643 646
643 176
643 727
643 717
643 821
643 722
643 10
643 456
644 770
644 329
644 960
644 582
644 883
644 183
644 334
644 568
644 131
644 468
644 359
644 567
644 985
644 970
644 94
645 469
645 7
645 578
645 589
645 910
645 209
645 29
646 724
646 889
646 437
646 122
646 277
646 44
646 831
646 779
646 192
646 656
646 436
646 643
646 842
647 906
647 933
647 250
647 641
647 34
647 487
648 60
648 5
649 968
649 419
649 745
649 143
649 363
649 305
649 778
649 833
649 172
649 30
649 28
650 557
650 406
650 953
650 427
650 176
650 348
650 562
650 737
650 82
651 174
651 961
651 16
651 773
651 265
651 779
651 375
652 205
652 124
652 741
652 890
652 942
652 395
652 179
652 925
653 932
653 698
653 925
653 861
653 145
653 971
653 310
653 983
653 587
653 725
653 358
653 916
653 152
653 409
653 700
653 188
654 341
654 450
654 989
654 921
654 562
654 681
655 952
655 755
655 434
655 460
655 395
655 429
655 390
655 702
655 499
655 701
655 365
655 44
655 585
655 935
656 509
656 646
656 815
656 221
656 317
656 264
656 781
656 96
656 158
656 539
656 834
656 512
656 786
656 692
657 88
657 724
657 26
657 571
657 841
657 961
657 365
657 395
657 475
658 608
658 780
658 754
658 20
658 421
658 817
658 6
658 984
658 19
658 331
658 326
658 193
658 983
658 925
658 732
659 94
659 252
659 543
659 594
660 790
660 962
660 776
660 247
660 424
660 596
660 662
660 91
660 886
660 984
660 535
660 567
660 594
660 262
660 537
660 243
660 613
661 872
661 260
661 511
661 330
661 954
661 193
661 30
661 313
661 955
661 825
661 449
661 485
662 730
662 812
662 689
662 38
662 975
662 33
662 703
662 90
662 786
662 864
662 326
662 660
662 135
662 789
662 89
663 421
663 537
663 161
663 791
663 113
664 921
664 102
664 361
665 263
665 97
665 481
665 425
665 842
665 727
665 437
665 513
665 82
665 518
665 128
665 449
665 789
666 892
666 602
666 956
666 766
666 399
667 465
667 730
667 700
667 270
667 772
668 196
668 383
668 101
668 43
668 837
668 5
668 855
668 91
668 52
668 967
668 829
668 243
668 639
668 807
668 284
668 882
668 878
668 161
668 145
668 249
668 275
668 759
669 557
669 816
669 897
669 448
669 307
669 850
669 577
669 602
669 919
669 276
669 786
670 207
670 938
670 114
670 734
670 45
670 804
670 455
670 897
671 470
671 709
671 199
671 676
671 490
671 677
671 302
671 308
671 933
671 317
671 634
671 119
671 87
671 615
672 162
672 916
672 539
672 868
672 316
672 5
672 861
672 813
672 961
672 198
672 557
672 112
672 515
672 480
672 791
673 953
673 85
673 338
673 282
673 35
673 468
673 933
673 19
673 154
673 779
674 13
674 218
674 681
674 38
674 881
674 957
674 616
674 539
674 139
674 965
674 303
674 750
674 904
675 212
675 827
675 504
675 818
675 802
675 851
675 353
675 916
675 573
675 614
675 64
675 415
675 83
675 918
675 280
675 925
675 375
675 9
676 334
676 502
676 906
676 671
676 698
676 270
676 734
676 71
677 671
677 896
677 822
677 44
677 945
677 271
677 810
678 503
678 446
678 409
678 9
679 258
679 806
679 804
679 899
680 738
680 318
680 468
680 577
680 331
680 834
680 155
680 57
680 974
681 588
681 787
681 560
681 752
681 437
681 957
681 871
681 654
681 355
681 108
681 308
681 505
681 988
681 106
681 284
681 174
681 971
681 978
681 844
681 674
681 150
681 960
682 631
682 343
682 12
682 458
682 403
682 956
682 640
682 484
682 88
682 55
682 292
682 40
682 535
682 28
682 102
683 812
683 515
683 388
683 84
683 174
684 432
684 955
684 926
684 740
684 404
684 475
685 171
685 394
685 234
685 529
685 841
686 222
686 498
686 235
686 490
686 267
686 514
686 26
686 303
686 750
686 157
687 95
687 28
687 803
687 334
687 912
687 762
687 335
687 249
687 412
687 124
687 421
687 861
687 962
687 364
687 747
687 847
687 10
687 902
687 537
687 834
687 551
688 522
688 841
688 736
688 65
688 166
688 309
688 713
688 392
688 692
689 519
689 662
689 844
689 84
689 602
689 243
690 535
690 338
690 327
691 286
691 926
691 5
691 493
691 57
692 84
692 206
692 107
692 696
692 78
692 618
692 586
692 537
692 448
692 361
692 312
692 656
692 462
692 927
692 510
692 688
693 317
693 984
693 761
693 407
694 433
694 192
694 31
694 977
694 483
694 494
694 858
694 33
694 164
694 39
695 634
695 101
695 620
695 795
695 464
695 433
695 143
695 864
695 544
695 884
695 562
695 878
695 62
695 937
696 495
696 137
696 464
696 534
696 605
696 761
696 327
696 692
697 159
697 338
697 10
698 898
698 261
698 417
698 137
698 350
698 241
698 676
698 635
698 400
698 858
698 28
698 893
698 159
698 637
698 653
699 568
699 864
699 224
699 249
700 653
700 890
700 610
700 472
700 163
700 515
700 667
700 264
700 804
700 641
700 480
700 859
700 983
700 271
701 716
701 589
701 946
701 548
701 206
701 324
701 34
701 878
701 477
701 871
701 450
701 434
701 284
701 586
701 844
701 597
701 655
702 988
702 903
702 637
702 773
702 461
702 96
702 655
702 228
702 905
703 597
703 805
703 79
703 262
703 439
703 704
703 290
703 835
703 812
703 926
703 156
703 968
703 641
703 662
703 485
703 375
704 415
704 703
704 876
704 60
705 544
705 291
705 203
705 873
705 967
705 557
705 286
705 161
705 445
705 631
705 956
705 731
705 303
705 877
705 492
705 839
706 607
706 605
706 19
706 219
706 542
706 185
706 506
706 814
707 418
707 789
707 825
707 293
707 594
708 804
708 217
708 347
708 65
709 671
709 852
710 810
710 791
710 227
710 415
710 137
710 437
710 294
710 89
710 456
710 50
711 208
711 568
711 109
711 31
712 331
712 406
712 744
712 131
712 404
712 976
713 439
713 910
713 210
713 247
713 510
713 950
713 753
713 740
713 890
713 643
713 688
714 718
714 227
714 242
714 512
714 757
714 128
714 441
714 33
714 927
714 335
715 114
715 623
715 427
715 16
715 789
716 733
716 252
716 317
716 922
716 701
717 995
717 130
717 255
717 925
717 643
717 603
718 796
718 460
718 277
718 190
718 618
718 174
718 130
718 262
718 569
718 714
719 597
719 228
719 978
720 732
720 613
721 94
721 30
721 109
721 901
722 968
722 854
722 643
722 174
722 912
722 635
722 642
722 442
722 441
722 876
722 926
722 499
722 150
723 432
724 63
724 438
724 657
724 362
724 794
724 536
724 127
724 71
724 233
724 858
724 143
724 949
724 903
724 468
724 576
724 646
724 835
724 192
725 462
725 202
725 983
725 653
726 923
726 918
726 188
726 358
727 806
727 665
727 209
727 314
727 643
727 84
728 109
728 822
728 802
729 569
729 313
729 252
729 382
729 294
729 945
729 610
730 312
730 118
730 969
730 667
730 662
730 449
730 492
730 583
730 80
730 10
730 904
731 465
731 705
731 48
731 562
731 744
731 850
731 357
731 847
731 317
731 161
731 183
731 375
731 233
732 581
732 634
732 658
732 190
732 298
732 73
732 955
732 437
732 11
732 82
732 720
732 250
732 1000
733 356
733 105
733 616
733 716
733 130
733 170
733 896
733 306
733 314
734 406
734 77
734 818
734 584
734 388
734 789
734 599
734 242
734 199
734 676
734 389
734 970
734 971
734 306
734 804
734 670
735 445
735 518
735 353
735 128
735 491
736 864
736 577
736 743
736 876
736 772
736 688
737 319
737 788
737 430
737 749
737 807
737 297
737 945
737 1
737 548
737 916
737 650
737 590
737 828
737 396
737 508
738 459
738 561
738 842
738 557
738 979
738 403
738 105
738 473
738 680
738 984
738 292
738 415
739 236
739 602
739 546
739 113
739 884
739 761
739 299
739 945
739 917
740 555
740 251
740 754
740 914
740 943
740 684
740 427
740 495
740 577
740 21
740 26
740 713
740 961
740 551
740 499
740 244
741 652
741 444
741 381
741 312
741 545
741 591
741 611
741 148
741 11
741 764
741 392
741 910
741 275
742 635
742 600
743 203
743 342
743 807
743 833
743 379
743 476
743 559
743 369
743 736
743 365
743 26
743 828
744 449
744 298
744 606
744 232
744 206
744 554
744 712
744 256
744 731
744 601
744 790
744 227
744 399
745 37
745 641
745 156
745 649
745 384
746 51
746 579
746 121
746 552
746 3
746 930
746 229
747 878
747 687
747 589
747 876
747 91
747 407
748 939
748 146
748 953
748 64
748 441
748 191
748 67
748 235
748 495
748 918
748 578
748 770
749 737
749 763
749 759
749 57
749 935
750 323
750 686
750 565
750 642
750 123
750 582
750 455
750 674
750 981
750 207
750 601
750 492
750 384
750 935
751 809
751 107
751 228
751 110
751 480
751 270
751 276
751 244
751 335
752 285
752 605
752 320
752 208
752 610
752 496
752 302
752 107
752 790
752 396
752 681
753 713
753 38
753 40
753 834
753 91
753 157
753 772
754 79
754 416
754 288
754 934
754 765
754 418
754 162
754 496
754 554
754 604
754 235
754 597
754 933
754 658
754 740
754 956
754 587
754 201
754 27
754 917
755 505
755 202
755 261
755 388
755 655
755 886
756 62
756 254
757 498
757 539
757 714
757 959
757 789
757 897
757 213
757 466
758 33
758 27
759 872
759 446
759 668
759 301
759 749
759 170
759 1000
759 790
760 527
760 147
760 102
760 583
761 693
761 547
761 18
761 739
761 362
761 508
761 6
761 383
761 790
761 143
761 696
761 156
761 145
761 930
761 43
761 201
762 141
762 589
762 872
762 633
762 557
762 525
762 986
762 855
762 902
762 638
762 687
762 841
762 937
763 320
763 382
763 749
763 426
763 471
763 404
763 129
763 910
763 80
764 519
764 741
764 186
764 503
764 29
764 619
765 106
765 590
765 338
765 266
765 754
765 188
766 666
766 933
766 850
766 971
766 578
766 271
767 932
767 359
767 898
767 544
767 290
767 472
767 503
767 39
767 102
767 772
767 809
767 785
768 524
768 140
768 37
768 595
768 614
768 188
768 641
768 9
768 790
768 407
769 450
770 522
770 59
770 350
770 748
770 797
770 849
770 330
770 644
770 926
771 33
771 886
771 100
771 45
771 229
771 318
771 890
771 94
771 844
771 876
771 519
772 258
772 306
772 127
772 753
772 736
772 448
772 989
772 667
772 767
772 200
772 308
772 479
772 37
772 790
772 44
773 44
773 862
773 208
773 702
773 328
773 651
773 67
773 931
773 374
773 252
773 601
773 859
773 220
773 852
774 143
774 28
774 878
774 217
775 635
775 395
775 510
775 926
775 786
775 10
776 22
776 221
776 660
777 371
777 983
777 779
777 417
778 187
778 599
778 280
778 910
778 992
778 883
778 534
778 523
778 369
778 118
778 24
778 880
778 543
778 629
778 649
778 785
778 113
779 180
779 317
779 841
779 565
779 777
779 966
779 313
779 673
779 651
779 503
779 532
779 816
779 829
779 445
779 646
779 802
780 436
780 455
780 658
780 451
780 419
780 291
780 835
780 456
781 43
781 159
781 547
781 259
781 611
781 622
781 193
781 564
781 932
781 907
781 206
781 587
781 656
782 884
782 335
782 899
782 822
782 118
783 175
783 962
783 580
783 92
783 499
783 182
783 128
783 864
783 893
783 303
783 466
784 2
784 250
784 898
785 321
785 837
785 778
785 310
785 767
785 531
785 29
786 139
786 68
786 669
786 235
786 775
786 254
786 656
786 415
786 345
786 47
786 662
786 854
786 945
786 835
786 917
787 681
787 594
788 941
788 737
789 329
789 70
789 757
789 345
789 240
789 835
789 375
789 707
789 665
789 662
789 715
789 734
790 752
790 744
790 875
790 802
790 772
790 139
790 24
790 293
790 759
790 768
790 396
790 153
790 205
790 444
790 283
790 660
790 503
790 586
790 761
790 21
790 211
790 482
790 585
790 960
791 527
791 7
791 951
791 352
791 710
791 204
791 828
791 940
791 672
791 141
791 319
791 412
791 663
791 863
791 101
791 926
791 313
791 419
791 390
791 905
791 324
791 937
792 955
792 807
792 61
792 341
792 632
792 16
793 250
793 503
793 238
793 633
793 82
793 510
794 724
795 52
795 105
795 262
795 298
795 316
795 9
795 933
795 437
795 695
795 878
795 103
796 718
796 170
796 302
796 877
797 164
797 770
798 903
799 503
799 893
799 983
799 80
799 244
800 8
800 989
801 284
801 985
801 36
801 584
801 361
801 886
801 456
802 779
802 20
802 728
802 851
802 317
802 249
802 827
802 220
802 935
802 262
802 257
802 675
802 790
802 809
802 150
802 585
803 165
803 66
803 416
803 476
803 3
803 12
803 186
803 687
803 835
804 670
804 215
804 700
804 79
804 832
804 708
804 332
804 185
804 734
804 80
804 679
804 102
804 952
804 19
804 3
804 157
805 55
805 94
805 32
805 19
805 597
805 703
805 956
805 814
805 979
806 16
806 858
806 932
806 727
806 908
806 153
806 925
806 679
806 596
806 216
806 96
806 588
806 335
806 886
807 356
807 792
807 70
807 850
807 668
807 33
807 48
807 284
807 743
807 737
807 335
808 60
808 174
808 265
809 236
809 751
809 93
809 802
809 818
809 638
809 767
809 379
809 144
809 630
809 587
809 455
809 574
809 437
810 710
810 952
810 58
810 677
810 358
810 895
810 566
810 632
810 879
810 68
810 854
810 828
811 887
811 432
811 18
811 7
811 978
811 983
812 683
812 563
812 632
812 703
812 662
812 252
812 845
813 672
813 503
813 573
814 805
814 118
814 540
814 372
814 321
814 361
814 350
814 706
814 303
814 276
814 585
814 9
815 178
815 88
815 656
815 844
815 892
815 157
815 937
815 86
816 259
816 117
816 544
816 333
816 74
816 779
816 873
816 271
816 215
816 119
816 963
816 30
816 323
816 250
816 237
816 976
816 669
816 288
816 935
817 543
817 151
817 658
817 384
817 886
818 675
818 7
818 734
818 809
818 27
819 215
819 498
819 84
819 171
819 201
819 974
821 495
821 4
821 643
821 979
821 585
821 50
822 728
822 379
822 22
822 677
822 296
822 782
822 844
822 994
822 486
822 370
822 577
822 196
822 890
822 989
822 949
822 562
822 175
822 909
822 516
823 400
823 465
823 338
823 593
823 10
824 564
824 475
825 953
825 625
825 916
825 515
825 661
825 500
825 540
825 955
825 938
825 707
826 297
826 80
826 562
826 933
826 191
826 838
826 317
826 968
826 302
827 675
827 186
827 968
827 406
827 492
827 802
827 29
828 577
828 743
828 810
828 406
828 737
828 366
828 357
828 17
828 353
828 791
828 322
828 7
828 109
828 37
829 503
829 242
829 608
829 314
829 495
829 779
829 317
829 184
829 985
829 252
829 193
829 468
829 668
829 635
829 929
829 80
829 886
830 903
830 118
831 854
831 646
832 252
832 804
832 615
832 129
832 133
833 400
833 743
833 649
833 451
833 16
834 70
834 487
834 239
834 687
834 65
834 300
834 537
834 230
834 435
834 753
834 103
834 873
834 138
834 343
834 656
834 680
834 970
834 88
834 472
835 554
835 906
835 780
835 517
835 786
835 162
835 187
835 803
835 724
835 428
835 333
835 904
835 558
835 703
835 933
835 918
835 3
835 789
835 927
836 989
836 926
836 877
836 365
836 86
836 626
837 308
837 30
837 266
837 668
837 785
837 475
838 826
838 102
838 482
838 619
838 949
839 257
839 930
839 464
839 210
839 705
839 217
839 196
839 491
839 569
839 909
840 571
840 578
840 977
841 524
841 168
841 177
841 685
841 478
841 762
841 657
841 249
841 288
841 964
841 870
841 247
841 158
841 858
841 101
841 43
841 527
841 339
841 779
841 688
841 244
842 921
842 939
842 507
842 896
842 646
842 41
842 928
842 577
842 665
842 738
842 897
842 852
842 594
843 955
843 969
843 202
843 211
843 174
844 899
844 689
844 448
844 815
844 438
844 701
844 771
844 408
844 83
844 900
844 867
844 681
844 89
844 286
844 567
844 822
844 370
845 145
845 611
845 308
845 456
845 463
845 85
845 812
845 318
845 130
845 38
845 88
846 505
847 731
847 544
847 568
847 687
848 44
848 613
849 985
849 130
849 326
849 971
849 82
849 16
849 228
849 194
849 496
849 770
850 807
850 731
850 878
850 632
850 252
850 876
850 395
850 766
850 669
850 459
851 511
851 675
851 802
852 842
852 487
852 773
852 508
852 10
852 709
852 249
852 939
852 314
852 621
852 521
852 107
852 384
853 147
854 605
854 118
854 810
854 831
854 786
854 2
854 399
854 303
854 620
854 519
854 109
854 31
854 415
854 895
854 722
855 252
855 30
855 762
855 668
855 38
855 551
855 57
856 371
856 609
856 331
856 257
856 436
856 637
856 519
856 29
857 472
857 464
857 970
857 331
857 535
857 892
857 586
858 565
858 633
858 76
858 841
858 298
858 698
858 467
858 724
858 225
858 223
858 632
858 806
858 21
858 898
858 221
858 200
858 694
859 27
859 162
859 165
859 26
859 923
859 321
859 507
859 700
859 542
859 930
859 195
859 887
859 773
859 61
859 323
859 475
859 935
860 415
860 206
860 9
861 427
861 672
861 687
861 418
861 347
861 901
861 983
861 653
861 917
862 432
862 589
862 773
863 331
863 161
863 7
863 791
863 243
864 86
864 33
864 662
864 695
864 783
864 736
864 67
864 352
864 456
864 699
864 257
864 615
864 568
864 395
864 573
864 90
865 202
865 867
865 432
865 897
865 46
865 475
867 992
867 331
867 865
867 111
867 175
867 138
867 108
867 20
867 415
867 465
867 844
867 508
867 265
867 485
867 211
867 150
868 143
868 672
868 252
868 926
869 350
869 902
869 353
869 445
869 26
869 8
869 618
869 936
869 464
869 276
869 901
869 945
870 1000
870 841
870 6
870 619
871 448
871 202
871 390
871 971
871 681
871 701
872 661
872 632
872 762
872 159
872 106
872 759
872 244
872 126
873 178
873 38
873 503
873 816
873 705
873 834
873 276
874 472
874 186
875 433
875 896
875 921
875 790
875 274
875 996
875 358
876 704
876 501
876 310
876 53
876 722
876 989
876 221
876 747
876 995
876 934
876 771
876 736
876 850
876 115
876 238
876 918
876 406
876 593
876 299
876 180
876 603
876 475
877 796
877 170
877 836
877 496
877 528
877 705
877 616
877 435
877 550
877 124
877 611
878 54
878 113
878 774
878 453
878 259
878 668
878 464
878 295
878 115
878 345
878 850
878 747
878 901
878 795
878 695
878 455
878 193
878 701
879 139
879 542
879 887
879 984
879 961
879 919
879 388
879 44
879 810
880 903
880 130
880 778
880 261
880 449
880 583
881 568
881 674
881 585
882 999
882 352
882 433
882 668
882 142
882 150
882 358
882 325
882 633
883 94
883 778
883 388
883 961
883 893
883 590
883 644
884 109
884 739
884 695
884 782
884 79
884 21
884 497
884 964
884 169
884 491
884 542
884 113
884 551
884 974
885 351
885 386
885 443
885 490
885 380
885 400
885 227
885 229
885 29
886 817
886 801
886 755
886 829
886 806
886 245
886 420
886 771
886 660
887 159
887 248
887 397
887 326
887 172
887 587
887 913
887 811
887 879
887 509
887 261
887 632
887 859
887 242
887 585
888 137
888 89
889 49
889 395
889 942
889 276
889 569
889 528
889 333
889 116
889 433
889 896
889 588
889 646
890 652
890 6
890 771
890 972
890 98
890 289
890 713
890 429
890 822
890 366
890 378
890 392
890 294
890 961
890 700
890 375
891 238
891 228
892 140
892 666
892 514
892 952
892 125
892 857
892 815
892 173
892 5
892 308
892 76
892 412
892 593
892 46
892 971
892 917
893 799
893 304
893 883
893 589
893 196
893 965
893 550
893 623
893 967
893 62
893 437
893 698
893 193
893 783
893 194
893 101
893 29
893 150
894 331
894 615
894 587
894 573
895 95
895 70
895 365
895 269
895 501
895 854
895 193
895 96
895 810
896 598
896 485
896 875
896 218
896 889
896 733
896 677
896 490
896 551
896 842
896 610
897 670
897 305
897 119
897 757
897 945
897 842
897 298
897 455
897 865
897 942
897 669
897 624
898 961
898 784
898 858
898 990
898 612
898 42
898 698
898 767
898 157
899 431
899 447
899 469
899 782
899 118
899 679
899 942
899 844
899 918
899 171
899 611
900 84
900 844
901 309
901 612
901 861
901 429
901 869
901 721
901 320
901 262
901 878
901 240
901 384
901 388
902 869
902 762
902 601
902 451
902 687
902 974
903 880
903 219
903 94
903 41
903 702
903 173
903 111
903 380
903 132
903 798
903 127
903 521
903 830
903 534
903 910
903 200
903 474
903 724
903 471
904 377
904 586
904 74
904 156
904 730
904 205
904 500
904 266
904 334
904 180
904 674
904 985
904 835
904 917
904 475
904 626
905 421
905 104
905 621
905 257
905 791
905 67
905 702
905 252
905 250
905 462
905 347
906 647
906 547
906 167
906 548
906 296
906 253
906 141
906 604
906 295
906 165
906 676
906 362
906 835
906 937
907 539
907 781
907 643
907 945
908 609
908 196
908 806
908 80
908 64
909 299
909 984
909 314
909 839
909 182
909 822
909 225
909 534
909 461
909 201
909 334
909 62
910 112
910 432
910 26
910 460
910 645
910 172
910 482
910 944
910 741
910 763
910 570
910 462
910 713
910 778
910 264
910 903
910 201
910 449
910 60
911 370
911 605
911 338
911 164
911 188
911 314
912 250
912 687
912 722
913 143
913 887
913 586
913 242
914 471
914 415
914 740
914 131
914 510
915 221
915 151
915 224
915 508
916 941
916 825
916 672
916 737
916 406
916 576
916 508
916 994
916 675
916 653
917 380
917 205
917 256
917 110
917 150
917 487
917 454
917 586
917 121
917 786
917 861
917 940
917 94
917 904
917 739
917 892
917 754
918 101
918 748
918 438
918 275
918 835
918 876
918 899
918 579
918 567
918 675
918 405
918 36
918 532
918 988
918 726
918 104
918 436
919 604
919 198
919 603
919 186
919 396
919 879
919 359
919 115
919 669
919 390
919 582
919 404
919 323
919 502
919 450
919 472
919 147
919 508
919 485
920 971
920 7
920 179
920 34
920 36
921 138
921 875
921 664
921 654
921 40
921 541
921 842
922 401
922 328
922 278
922 227
922 716
922 596
922 481
922 344
922 597
922 952
922 238
922 524
922 267
922 389
922 983
922 643
922 585
923 726
923 926
923 11
923 477
923 194
923 400
923 468
923 555
923 303
923 575
923 859
924 233
925 109
925 641
925 658
925 521
925 537
925 460
925 214
925 129
925 615
925 207
925 717
925 652
925 322
925 675
925 806
925 653
926 791
926 100
926 691
926 204
926 249
926 684
926 836
926 868
926 722
926 242
926 599
926 775
926 51
926 137
926 770
926 703
926 923
927 466
927 692
927 714
927 480
927 46
927 63
927 226
927 835
927 437
927 291
927 573
927 150
927 68
928 135
928 30
928 569
928 597
928 529
928 551
928 446
928 842
929 829
929 542
929 415
929 969
929 339
930 516
930 261
930 24
930 566
930 746
930 468
930 761
930 145
930 1000
930 859
930 450
930 627
930 839
931 359
931 338
931 773
931 485
931 459
932 806
932 767
932 781
932 16
932 653
932 126
933 754
933 996
933 647
933 42
933 353
933 468
933 673
933 795
933 152
933 369
933 938
933 835
933 671
933 826
933 766
933 71
934 577
934 170
934 754
934 876
934 220
935 229
935 859
935 655
935 816
935 127
935 749
935 112
935 750
935 321
935 955
935 270
935 516
935 802
936 869
936 370
936 62
936 192
936 459
937 938
937 243
937 906
937 529
937 597
937 245
937 815
937 350
937 361
937 695
937 392
937 791
937 762
937 26
937 154
937 579
938 437
938 933
938 825
938 670
938 10
938 937
939 334
939 464
939 109
939 146
939 243
939 852
939 842
939 748
940 791
940 233
940 917
941 916
941 788
941 372
941 352
942 322
942 897
942 468
942 899
942 324
942 206
942 315
942 652
942 31
942 471
942 347
942 264
942 889
942 497
943 588
943 571
943 740
943 27
944 207
944 576
944 38
944 164
944 910
945 550
945 739
945 1000
945 636
945 729
945 84
945 958
945 541
945 677
945 585
945 907
945 869
945 522
945 786
945 481
945 468
945 317
945 737
945 445
945 897
946 208
946 701
946 55
947 994
947 109
947 503
947 968
948 515
948 436
948 308
948 8
948 151
948 224
948 303
948 555
948 974
949 628
949 195
949 426
949 591
949 822
949 208
949 534
949 577
949 724
949 211
949 444
949 366
949 838
949 326
949 626
950 713
950 164
951 791
951 597
952 892
952 40
952 170
952 922
952 601
952 655
952 810
952 804
953 825
953 673
953 970
953 503
953 602
953 650
953 748
954 632
954 970
954 543
954 238
954 661
954 375
954 150
955 576
955 158
955 843
955 792
955 661
955 135
955 383
955 935
955 684
955 968
955 611
955 359
955 186
955 446
955 732
955 825
956 75
956 805
956 666
956 268
956 754
956 137
956 969
956 8
956 38
956 238
956 705
956 682
957 262
957 129
957 563
957 404
957 674
957 681
957 626
958 229
958 945
959 281
959 988
959 213
959 139
959 113
959 378
959 195
959 757
959 52
959 557
959 519
959 614
959 577
959 31
960 681
960 518
960 602
960 486
960 790
960 91
960 644
960 211
961 890
961 366
961 883
961 604
961 372
961 879
961 651
961 478
961 657
961 740
961 109
961 672
961 586
961 33
961 898
961 131
962 660
962 687
962 783
962 491
962 102
963 816
963 265
963 29
963 233
964 593
964 602
964 884
964 841
965 268
965 416
965 85
965 674
965 61
965 543
965 893
965 174
965 5
965 270
965 220
966 620
966 637
966 779
967 388
967 893
967 562
967 668
967 705
967 613
968 703
968 600
968 826
968 367
968 272
968 827
968 325
968 947
968 339
968 326
968 370
968 955
968 649
968 722
969 730
969 499
969 929
969 956
969 843
969 309
969 489
969 97
969 365
969 264
969 147
970 954
970 953
970 398
970 734
970 644
970 545
970 393
970 857
970 427
970 606
970 322
970 578
970 994
970 834
970 334
971 734
971 57
971 337
971 343
971 295
971 871
971 358
971 217
971 920
971 681
971 849
971 86
971 444
971 892
971 338
971 543
971 766
971 653
972 890
972 415
972 551
972 200
972 975
973 519
973 583
974 229
974 375
974 902
974 191
974 680
974 819
974 456
974 884
974 948
974 366
974 257
974 983
974 80
975 305
975 295
975 422
975 972
975 382
975 93
975 662
975 102
975 90
976 389
976 712
976 370
976 816
976 13
976 549
976 483
976 289
976 258
976 94
976 593
976 29
977 185
977 27
977 562
977 434
977 840
977 393
977 240
977 213
977 466
977 694
978 507
978 719
978 811
978 681
978 393
978 599
978 212
978 319
978 58
978 436
978 254
978 575
979 805
979 821
979 619
979 338
979 6
979 196
979 304
979 462
979 738
981 276
981 750
982 418
982 551
983 922
983 811
983 777
983 700
983 658
983 725
983 799
983 974
983 168
983 624
983 861
983 463
983 90
983 633
983 549
983 307
983 200
983 653
984 658
984 693
984 325
984 879
984 236
984 738
984 218
984 148
984 611
984 242
984 364
984 175
984 493
984 909
984 660
984 233
984 475
985 506
985 182
985 829
985 849
985 332
985 644
985 904
985 461
985 356
985 801
985 555
985 221
985 567
985 510
985 65
986 19
986 762
986 587
987 220
987 211
988 66
988 681
988 702
988 56
988 186
988 918
988 959
988 587
988 593
988 583
988 86
989 588
989 654
989 822
989 836
989 800
989 137
989 507
989 876
989 587
989 772
990 94
990 206
990 898
990 154
990 183
990 445
991 94
991 40
992 778
992 450
992 867
992 37
992 534
992 490
993 498
993 58
993 26
993 466
994 947
994 76
994 970
994 916
994 417
994 146
994 419
994 822
994 584
995 335
995 717
995 76
995 395
995 628
995 578
995 469
995 18
995 42
995 569
995 876
995 382
995 36
996 875
996 62
996 546
996 95
996 56
996 933
996 238
996 569
996 150
997 170
997 362
997 220
997 603
998 613
998 244
999 341
999 882
1000 24
1000 870
1000 146
1000 218
1000 732
1000 930
1000 119
1000 537
1000 759
1000 240
1000 497
1000 363
1000 440
1000 339
1000 36
1000 945
