1 68
1 4
1 27
1 37
1 90
1 21
1 25
1 39
1 9
1 7
1 8
1 29
1 38
1 53
1 54
1 59
1 64
1 73
1 75
1 85
1 88
2 87
2 60
2 21
2 49
2 15
2 26
2 38
2 41
2 47
2 66
2 86
3 77
3 79
3 100
3 41
3 36
3 62
3 4
3 44
3 57
3 69
3 76
3 81
3 90
4 13
4 27
4 63
4 84
4 3
4 15
4 73
4 32
4 34
4 1
4 6
4 8
4 9
4 12
4 14
4 18
4 19
4 29
4 33
4 36
4 50
4 95
5 88
5 26
5 16
5 34
5 45
5 56
5 86
6 41
6 83
6 53
6 35
6 72
6 15
6 4
6 24
6 20
6 51
6 74
6 92
6 98
7 67
7 77
7 59
7 38
7 79
7 84
7 20
7 82
7 1
7 18
7 29
7 37
7 41
7 42
7 48
8 37
8 4
8 1
8 98
8 53
8 38
8 60
8 28
8 24
8 32
8 34
8 49
8 55
8 64
8 68
8 77
8 93
8 96
9 35
9 25
9 75
9 34
9 4
9 10
9 1
9 29
9 31
9 63
9 69
9 74
9 88
10 34
10 47
10 94
10 44
10 18
10 81
10 46
10 64
10 42
10 74
10 9
10 20
10 23
10 26
10 32
10 45
10 53
10 55
10 59
10 76
10 90
11 75
11 32
11 63
11 69
11 76
11 82
11 90
11 100
11 96
12 77
12 37
12 93
12 4
12 63
12 48
12 23
12 19
12 64
12 69
12 72
12 84
12 85
13 99
13 76
13 45
13 70
13 4
13 20
13 40
13 57
13 60
13 95
13 73
14 97
14 31
14 16
14 53
14 79
14 35
14 27
14 42
14 25
14 81
14 65
14 4
14 39
14 32
14 34
14 44
14 56
14 59
14 66
14 98
15 66
15 46
15 18
15 20
15 92
15 2
15 56
15 30
15 4
15 6
15 45
15 50
15 51
15 72
15 77
15 94
16 70
16 44
16 93
16 5
16 81
16 90
16 35
16 54
16 80
16 78
16 14
16 45
16 57
16 58
16 74
16 76
16 82
16 92
16 96
17 95
17 74
17 58
17 30
17 45
17 23
17 75
17 69
17 47
17 66
17 42
17 56
17 90
17 94
17 99
17 73
18 58
18 35
18 7
18 33
18 44
18 72
18 23
18 4
18 10
18 15
18 19
18 30
18 32
18 42
18 54
18 65
18 66
18 84
19 4
19 74
19 86
19 18
19 12
19 90
19 47
19 32
19 36
19 38
20 87
20 78
20 94
20 13
20 40
20 49
20 55
20 6
20 89
20 75
20 29
20 10
20 70
20 84
20 46
20 47
20 90
20 7
20 15
20 41
20 100
21 94
21 44
21 22
21 1
21 2
21 26
21 28
21 39
21 56
21 59
21 64
21 66
22 34
22 98
22 75
22 36
22 21
22 28
22 30
22 35
22 58
22 80
22 84
22 89
22 97
23 29
23 10
23 12
23 17
23 18
23 44
23 45
23 52
23 54
23 64
23 71
23 86
24 25
24 38
24 26
24 8
24 6
24 36
24 61
24 71
25 97
25 60
25 80
25 72
25 95
25 47
25 29
25 85
25 63
25 96
25 1
25 9
25 14
25 24
25 40
25 43
25 52
25 59
25 61
25 73
25 75
25 76
25 93
25 100
26 70
26 35
26 49
26 32
26 98
26 2
26 42
26 10
26 51
26 55
26 64
26 54
26 93
26 60
26 95
26 21
26 5
26 24
26 28
26 33
26 43
26 66
26 72
26 75
26 82
26 86
26 94
26 97
27 30
27 95
27 66
27 77
27 40
27 29
27 78
27 100
27 94
27 72
27 48
27 1
27 4
27 14
27 47
27 49
27 52
27 60
27 64
28 49
28 22
28 96
28 21
28 81
28 26
28 82
28 100
28 8
28 36
28 63
28 68
28 70
28 77
28 94
29 41
29 44
29 30
29 86
29 7
29 9
29 4
29 64
29 92
29 1
29 82
29 20
29 23
29 25
29 27
29 34
29 50
29 52
29 55
29 68
30 66
30 94
30 18
30 81
30 49
30 74
30 61
30 91
30 22
30 85
30 45
30 39
30 47
30 15
30 17
30 27
30 29
30 34
30 57
30 62
30 63
30 100
31 47
31 9
31 50
31 42
31 86
31 56
31 57
31 95
31 14
31 53
31 62
31 98
31 100
32 18
32 53
32 98
32 51
32 10
32 93
32 62
32 64
32 19
32 11
32 8
32 87
32 4
32 14
32 26
32 63
32 66
32 69
33 43
33 40
33 26
33 79
33 4
33 81
33 18
33 95
34 29
34 38
34 57
34 99
34 8
34 14
34 5
34 76
34 30
34 4
34 9
34 10
34 22
34 77
34 81
34 73
35 22
35 77
35 46
35 48
35 58
35 53
35 80
35 91
35 51
35 92
35 62
35 6
35 9
35 14
35 16
35 18
35 26
35 38
35 50
35 55
35 61
35 70
35 83
35 88
36 62
36 86
36 28
36 95
36 19
36 85
36 4
36 24
36 41
36 3
36 22
36 58
36 68
36 93
37 53
37 7
37 72
37 57
37 93
37 79
37 61
37 90
37 99
37 1
37 8
37 12
37 38
37 54
37 69
37 80
37 86
37 89
37 96
37 73
38 19
38 40
38 58
38 37
38 2
38 74
38 90
38 51
38 73
38 1
38 35
38 7
38 8
38 24
38 34
38 42
38 45
38 62
38 86
39 21
39 72
39 1
39 14
39 30
39 44
39 52
39 63
39 75
39 81
39 83
39 89
39 94
39 96
39 100
40 65
40 13
40 98
40 25
40 20
40 27
40 33
40 38
40 47
40 54
40 70
40 73
40 88
40 94
40 95
41 2
41 90
41 73
41 7
41 47
41 20
41 3
41 6
41 29
41 36
41 42
41 61
41 92
42 41
42 17
42 38
42 99
42 18
42 7
42 57
42 10
42 14
42 26
42 31
42 58
42 62
42 66
42 77
42 92
42 97
42 100
42 71
42 73
43 100
43 25
43 49
43 87
43 26
43 33
43 45
43 61
43 69
43 84
43 95
44 58
44 50
44 39
44 23
44 99
44 74
44 53
44 47
44 14
44 92
44 3
44 10
44 16
44 18
44 21
44 29
44 49
44 56
44 59
44 60
44 65
44 80
44 82
44 85
44 95
44 71
45 5
45 15
45 10
45 99
45 54
45 23
45 91
45 38
45 70
45 16
45 43
45 97
45 13
45 17
45 30
45 57
45 66
45 90
45 71
46 94
46 68
46 10
46 15
46 20
46 35
47 2
47 50
47 40
47 27
47 69
47 89
47 94
47 72
47 10
47 17
47 19
47 20
47 25
47 30
47 31
47 41
47 44
47 48
47 57
47 63
47 88
48 84
48 65
48 63
48 62
48 47
48 7
48 50
48 12
48 27
48 35
48 55
48 58
48 76
48 81
48 88
48 90
48 92
48 100
48 71
49 44
49 64
49 8
49 76
49 51
49 27
49 2
49 20
49 26
49 28
49 30
49 43
49 55
49 70
49 74
49 88
49 89
49 91
49 93
49 100
50 29
50 68
50 62
50 35
50 57
50 4
50 15
50 94
50 31
50 44
50 47
50 48
50 58
50 66
50 84
50 99
50 96
50 73
51 81
51 55
51 94
51 63
51 15
51 6
51 26
51 32
51 35
51 38
51 49
51 69
51 92
52 29
52 39
52 23
52 25
52 27
52 94
52 53
52 82
52 85
52 87
52 90
52 95
52 99
52 96
53 55
53 10
53 31
53 1
53 93
53 6
53 8
53 14
53 32
53 35
53 37
53 44
53 52
53 59
53 85
54 80
54 90
54 18
54 40
54 23
54 85
54 1
54 95
54 37
54 16
54 26
54 45
54 60
54 81
54 93
54 73
55 92
55 69
55 62
55 29
55 10
55 75
55 8
55 99
55 35
55 49
55 91
55 88
55 48
55 20
55 26
55 51
55 53
55 57
55 58
55 95
56 68
56 14
56 17
56 5
56 44
56 21
56 15
56 31
56 99
56 96
57 13
57 47
57 65
57 86
57 16
57 60
57 68
57 72
57 30
57 58
57 95
57 55
57 45
57 3
57 31
57 34
57 37
57 42
57 50
57 93
58 50
58 78
58 22
58 36
58 92
58 70
58 16
58 48
58 55
58 42
58 61
58 17
58 18
58 35
58 38
58 44
58 57
58 73
58 81
59 10
59 53
59 94
59 25
59 21
59 14
59 1
59 44
59 7
59 60
59 77
59 84
59 85
59 95
59 100
60 27
60 44
60 59
60 92
60 88
60 82
60 13
60 72
60 54
60 2
60 8
60 25
60 26
60 57
60 61
60 68
60 73
60 100
61 24
61 91
61 41
61 95
61 43
61 60
61 63
61 25
61 35
61 30
61 37
61 58
61 81
62 42
62 89
62 38
62 31
62 87
62 30
62 3
62 32
62 35
62 36
62 48
62 50
62 55
62 64
62 69
62 88
62 91
62 71
63 77
63 28
63 30
63 11
63 47
63 94
63 39
63 9
63 32
63 93
63 69
63 98
63 72
63 4
63 12
63 25
63 48
63 51
63 61
63 96
64 1
64 12
64 65
64 8
64 75
64 70
64 21
64 23
64 27
64 62
64 10
64 26
64 29
64 32
64 49
64 66
64 76
64 77
64 98
65 18
65 44
65 14
65 40
65 48
65 57
65 64
65 76
65 81
66 64
66 14
66 93
66 92
66 45
66 18
66 32
66 50
66 26
66 2
66 42
66 75
66 21
66 15
66 17
66 27
66 30
66 73
66 95
67 7
67 76
67 71
68 36
68 8
68 78
68 28
68 60
68 29
68 1
68 46
68 50
68 56
68 57
68 72
68 86
68 88
68 94
68 97
68 100
68 71
69 11
69 9
69 12
69 37
69 62
69 51
69 43
69 3
69 82
69 32
69 17
69 47
69 55
69 63
69 73
70 40
70 28
70 35
70 49
70 13
70 16
70 20
70 26
70 45
70 58
70 64
70 89
70 96
70 73
71 23
71 42
71 82
71 79
71 48
71 67
71 62
71 44
71 45
71 68
71 24
71 87
72 12
72 26
72 15
72 100
72 78
72 68
72 6
72 18
72 25
72 27
72 37
72 39
72 47
72 57
72 60
72 63
72 77
73 40
73 60
73 66
73 1
73 25
73 58
73 37
73 80
73 50
73 13
73 42
73 90
73 70
73 69
73 54
73 17
73 95
73 34
73 4
73 38
73 41
73 88
74 16
74 9
74 49
74 6
74 87
74 10
74 17
74 19
74 30
74 38
74 44
74 80
74 81
74 83
75 1
75 39
75 25
75 26
75 9
75 11
75 17
75 20
75 22
75 55
75 64
75 66
75 100
76 25
76 64
76 48
76 92
76 67
76 3
76 10
76 16
76 85
76 11
76 65
76 13
76 34
76 49
76 84
77 34
77 8
77 42
77 81
77 15
77 64
77 28
77 72
77 84
77 59
77 3
77 7
77 12
77 27
77 35
77 63
77 82
77 97
78 82
78 16
78 20
78 27
78 58
78 68
78 72
78 80
78 90
78 95
78 97
78 100
78 96
79 93
79 3
79 7
79 14
79 33
79 37
79 81
79 89
79 95
79 71
80 100
80 78
80 74
80 37
80 44
80 22
80 16
80 25
80 35
80 54
80 81
80 96
80 73
81 54
81 93
81 89
81 80
81 82
81 79
81 34
81 94
81 39
81 65
81 48
81 74
81 61
81 58
81 3
81 10
81 14
81 16
81 28
81 30
81 33
81 51
81 77
81 95
82 99
82 94
82 44
82 11
82 26
82 77
82 52
82 16
82 7
82 28
82 29
82 60
82 69
82 78
82 81
82 84
82 85
82 100
82 71
83 35
83 94
83 74
83 39
83 6
83 99
84 43
84 12
84 18
84 100
84 59
84 90
84 76
84 22
84 50
84 82
84 4
84 7
84 20
84 48
84 77
84 88
85 59
85 44
85 53
85 52
85 12
85 98
85 93
85 82
85 1
85 25
85 30
85 36
85 54
85 76
85 99
85 96
86 26
86 37
86 5
86 98
86 23
86 38
86 68
86 2
86 19
86 29
86 31
86 36
86 57
86 88
87 52
87 71
87 2
87 20
87 32
87 43
87 62
87 74
87 100
88 95
88 84
88 73
88 49
88 48
88 9
88 62
88 86
88 1
88 35
88 47
88 40
88 68
88 5
88 55
88 60
88 99
88 100
89 70
89 37
89 39
89 49
89 79
89 22
89 20
89 47
89 62
89 81
90 78
90 3
90 48
90 10
90 52
90 17
90 45
90 95
90 11
90 1
90 16
90 19
90 20
90 37
90 38
90 41
90 54
90 84
90 73
91 49
91 62
91 92
91 30
91 35
91 45
91 55
91 61
91 93
91 100
91 96
92 6
92 42
92 48
92 51
92 16
92 41
92 15
92 29
92 35
92 44
92 55
92 58
92 60
92 66
92 76
92 91
92 93
92 95
93 54
93 8
93 36
93 57
93 25
93 49
93 98
93 92
93 91
93 12
93 16
93 26
93 32
93 37
93 53
93 63
93 66
93 79
93 81
93 85
94 26
94 17
94 15
94 40
94 28
94 39
94 68
94 10
94 20
94 21
94 27
94 30
94 46
94 47
94 50
94 51
94 52
94 59
94 63
94 81
94 82
94 83
95 33
95 4
95 13
95 79
95 44
95 59
95 55
95 81
95 66
95 52
95 43
95 40
95 92
95 78
95 17
95 25
95 26
95 27
95 31
95 36
95 54
95 57
95 61
95 88
95 90
95 73
96 63
96 39
96 80
96 37
96 50
96 8
96 70
96 85
96 11
96 91
96 56
96 16
96 52
96 78
96 25
96 28
97 77
97 78
97 22
97 26
97 68
97 42
97 14
97 25
97 45
98 99
98 14
98 64
98 6
98 31
98 8
98 22
98 26
98 32
98 40
98 63
98 85
98 86
98 93
99 85
99 56
99 52
99 83
99 17
99 50
99 88
99 13
99 34
99 37
99 42
99 44
99 45
99 55
99 82
99 98
99 100
100 87
100 75
100 59
100 99
100 68
100 31
100 30
100 39
100 48
100 78
100 91
100 82
100 42
100 11
100 88
100 49
100 20
100 25
100 60
100 3
100 27
100 28
100 43
100 72
100 80
100 84
