1 46
1 365
1 352
1 175
1 552
1 308
1 924
2 252
3 166
4 555
4 186
5 806
6 434
6 696
6 950
7 228
7 595
7 137
7 306
7 68
7 162
7 395
7 875
7 625
7 999
7 634
7 319
7 591
7 257
8 140
8 83
8 154
8 303
8 323
8 604
8 758
8 736
8 591
8 904
8 384
8 595
8 270
8 469
9 254
9 220
10 274
10 732
10 525
10 604
10 825
11 811
11 623
11 749
11 935
12 307
12 746
12 761
12 414
12 32
12 923
12 725
13 152
13 373
14 562
14 369
14 262
14 749
17 274
17 626
17 950
17 441
18 53
18 197
19 594
19 640
20 994
22 214
22 133
22 178
22 252
23 180
23 312
23 100
23 936
23 623
23 741
23 170
24 263
25 254
26 197
26 938
27 571
27 276
28 268
28 987
28 430
29 152
29 169
30 86
30 67
30 238
30 391
30 339
30 290
30 747
30 609
30 167
30 107
30 429
30 193
31 56
32 167
32 12
33 598
33 634
33 171
33 945
34 71
35 204
35 237
36 169
37 178
38 885
38 654
38 930
38 650
38 320
38 281
38 327
38 99
38 719
38 306
38 890
39 84
39 918
39 70
40 786
40 640
41 214
41 950
42 640
42 765
43 339
44 389
45 149
46 64
46 950
46 1
46 812
46 749
46 437
47 166
47 555
47 252
48 791
49 782
49 961
49 959
49 876
49 780
50 742
51 384
52 660
53 422
53 146
53 118
53 301
53 487
53 18
53 737
54 570
54 98
55 545
55 897
55 174
55 189
56 31
56 912
56 271
56 789
56 204
56 926
57 952
57 255
57 604
57 471
59 632
59 734
59 942
60 808
60 664
60 770
60 963
60 682
60 753
60 360
60 555
60 441
60 776
61 69
62 415
62 938
63 862
63 167
63 894
63 370
64 46
64 909
64 872
65 980
65 840
65 282
65 560
65 75
66 952
66 263
66 768
66 471
67 660
67 30
68 349
68 7
69 412
69 523
69 407
69 512
69 799
69 123
69 61
69 210
69 339
69 174
69 776
70 386
70 130
70 477
70 211
70 710
70 39
71 314
71 505
71 34
71 956
71 990
71 281
72 364
72 601
72 616
73 574
73 254
73 252
73 186
74 815
74 415
74 806
74 237
75 371
75 805
75 713
75 956
75 997
75 65
76 894
76 812
77 976
79 741
79 357
79 252
80 167
81 847
82 176
82 133
83 107
83 8
84 819
84 39
84 591
84 913
84 705
84 945
85 546
85 570
85 169
86 30
86 491
86 252
87 583
88 546
88 705
88 197
88 922
89 437
89 801
89 760
90 640
91 894
91 555
92 815
92 574
92 806
93 245
94 894
95 355
95 748
96 880
96 176
96 380
96 294
96 336
96 811
96 756
96 320
97 954
98 54
98 476
98 503
98 534
98 791
99 38
100 23
100 262
100 620
100 847
101 199
101 632
101 599
101 551
102 547
102 327
102 729
102 964
102 868
102 856
102 384
102 472
103 154
103 811
103 326
104 768
105 389
105 178
106 168
106 409
106 721
107 526
107 83
107 652
107 30
108 415
109 671
110 830
110 736
110 876
111 237
111 809
112 405
112 453
112 486
112 353
113 782
113 582
113 806
114 379
116 359
117 589
117 938
117 765
117 551
118 53
118 742
118 776
119 661
119 639
119 972
119 599
120 764
120 348
120 146
120 416
120 207
120 973
120 897
120 847
121 521
121 420
121 838
121 543
121 550
121 313
121 944
121 890
121 369
121 571
121 959
121 976
122 884
122 340
122 835
122 806
123 280
123 966
123 478
123 889
123 576
123 236
123 330
123 69
123 752
124 204
124 272
124 802
124 589
125 220
126 339
126 847
127 255
127 582
127 802
128 326
128 262
128 665
129 768
130 448
130 70
131 204
131 604
132 802
133 474
133 756
133 732
133 892
133 82
133 530
133 22
133 851
134 306
135 862
135 276
135 802
136 894
136 170
136 359
137 741
137 743
137 7
137 624
138 583
140 704
140 451
140 8
140 865
140 359
141 950
142 495
142 716
143 152
144 155
144 309
144 737
144 493
144 715
144 361
144 492
144 318
144 765
144 938
145 604
146 120
146 53
148 786
148 812
149 302
149 554
149 678
149 531
149 45
149 782
151 876
151 197
152 804
152 639
152 29
152 629
152 143
152 368
152 407
152 164
152 474
152 516
152 13
152 897
152 776
154 103
154 820
154 465
154 918
154 238
154 8
155 144
155 734
156 250
157 752
157 491
159 349
159 922
159 252
161 384
162 7
163 918
163 170
163 252
164 864
164 814
164 152
164 281
165 809
166 303
166 461
166 905
166 47
166 465
166 3
166 318
166 715
166 1000
166 366
166 416
166 427
167 32
167 80
167 473
167 63
167 992
167 251
167 457
167 864
167 30
168 106
169 85
169 241
169 36
169 29
169 264
169 251
170 941
170 163
170 433
170 136
170 934
170 929
170 217
170 222
170 23
170 530
170 677
171 261
171 294
171 211
171 33
171 526
171 342
171 391
171 854
171 297
171 437
172 276
172 353
172 705
172 747
172 628
173 671
173 254
173 281
174 55
174 585
174 723
174 69
174 960
174 702
174 997
174 600
174 292
174 514
174 570
174 267
174 718
175 1
176 497
176 82
176 201
176 775
176 96
177 562
177 367
177 688
178 37
178 917
178 22
178 750
178 325
178 105
178 361
178 972
178 457
178 817
178 724
178 551
180 23
180 197
182 354
182 499
182 488
182 781
182 645
182 847
183 448
183 491
184 918
184 373
184 197
185 778
186 839
186 687
186 996
186 73
186 807
186 479
186 796
186 794
186 393
186 4
186 334
186 915
187 364
187 876
187 742
187 252
188 955
188 699
188 385
189 55
189 940
189 973
189 211
189 328
189 278
189 342
189 508
189 852
190 214
190 220
190 599
191 918
193 30
193 704
194 946
194 791
196 791
196 441
197 988
197 18
197 426
197 325
197 184
197 836
197 473
197 213
197 211
197 224
197 774
197 180
197 151
197 26
197 88
197 209
198 386
198 255
198 765
199 101
199 340
199 793
199 512
199 723
199 662
199 605
199 778
199 214
199 665
199 719
199 317
200 862
200 973
201 176
201 959
202 599
202 357
202 471
203 820
203 894
204 572
204 924
204 400
204 131
204 470
204 600
204 405
204 56
204 35
204 891
204 402
204 285
204 124
204 842
204 353
204 430
205 910
205 562
206 954
207 538
207 243
207 836
207 216
207 120
207 430
207 690
207 847
208 626
208 915
209 782
209 197
210 69
211 70
211 171
211 189
211 197
211 690
211 551
212 760
213 386
213 197
214 694
214 190
214 217
214 41
214 902
214 867
214 22
214 199
215 894
215 665
215 690
216 207
216 815
216 767
217 214
217 170
220 707
220 9
220 125
220 698
220 726
220 190
220 222
220 349
220 583
220 880
220 441
221 281
222 862
222 220
222 272
222 170
222 938
223 660
224 932
224 197
225 743
226 598
227 551
228 7
229 677
230 634
230 624
231 601
231 732
231 864
231 325
233 367
233 551
234 782
234 692
235 658
235 765
236 123
236 811
236 570
237 111
237 296
237 986
237 596
237 374
237 711
237 74
237 623
237 35
237 817
238 388
238 829
238 426
238 868
238 597
238 507
238 154
238 333
238 823
238 686
238 422
238 30
239 601
239 665
239 752
239 742
240 813
240 398
240 511
240 964
240 718
240 437
241 169
242 686
242 784
242 924
243 395
243 754
243 207
243 562
243 732
243 281
244 370
245 279
245 93
245 265
245 493
245 339
245 650
246 684
246 721
246 479
246 289
246 374
246 582
246 954
246 250
247 788
247 328
247 946
247 853
248 820
248 945
249 262
249 254
249 583
250 611
250 964
250 391
250 417
250 773
250 757
250 334
250 156
250 941
250 677
250 632
250 676
250 832
250 474
250 902
250 335
250 520
250 246
250 612
250 809
251 557
251 443
251 718
251 167
251 926
251 169
252 86
252 565
252 950
252 340
252 901
252 79
252 73
252 639
252 853
252 529
252 286
252 2
252 187
252 891
252 47
252 22
252 159
252 163
252 912
254 320
254 413
254 249
254 173
254 73
254 9
254 398
254 25
254 389
254 918
255 651
255 423
255 198
255 326
255 601
255 958
255 127
255 661
255 444
255 57
255 807
255 657
255 847
256 652
256 369
256 991
257 7
257 922
259 471
259 716
260 562
260 472
260 802
261 171
261 272
261 976
262 128
262 568
262 577
262 14
262 100
262 457
262 249
263 927
263 681
263 323
263 24
263 267
263 789
263 732
263 66
264 169
265 358
265 449
265 696
265 245
266 699
267 263
267 174
268 28
268 437
268 491
269 446
270 321
270 760
270 8
271 56
271 991
271 938
272 646
272 517
272 898
272 481
272 886
272 261
272 124
272 222
272 577
272 767
272 555
272 847
273 932
273 345
273 973
273 926
274 10
274 17
274 476
274 498
276 172
276 877
276 785
276 609
276 941
276 848
276 468
276 27
276 135
276 620
277 345
278 573
278 321
278 692
278 705
278 189
279 983
279 245
280 123
280 583
280 281
281 880
281 378
281 676
281 164
281 173
281 280
281 633
281 221
281 599
281 288
281 286
281 243
281 699
281 38
281 915
281 71
282 65
282 935
283 752
285 204
285 415
285 749
285 990
286 618
286 281
286 252
287 946
288 281
288 545
289 246
289 345
289 359
290 30
290 938
291 571
291 825
292 381
292 174
292 471
293 446
294 885
294 171
294 96
295 865
296 776
296 237
297 601
297 876
297 171
298 778
298 696
299 430
299 604
300 926
300 801
301 53
302 149
303 942
303 166
303 825
303 8
304 555
304 990
305 926
305 906
305 716
306 134
306 38
306 7
307 12
307 915
308 1
308 589
309 144
309 385
309 491
311 732
312 23
313 121
313 349
314 768
314 71
315 415
316 786
317 601
317 864
317 199
317 742
318 144
318 756
318 566
318 382
318 869
318 838
318 462
318 878
318 758
318 166
319 446
319 897
319 7
319 690
320 254
320 357
320 96
320 38
321 270
321 278
321 816
321 626
321 959
323 263
323 8
324 369
324 373
325 672
325 744
325 231
325 178
325 197
326 128
326 464
326 103
326 562
326 487
326 754
326 890
326 525
326 791
326 255
326 768
327 102
327 743
327 38
327 451
328 247
328 959
328 189
328 747
330 123
330 835
331 928
331 692
331 809
332 467
332 527
332 965
333 238
333 791
333 922
334 791
334 373
334 250
334 186
335 385
335 250
335 765
336 96
337 634
337 922
338 389
339 684
339 484
339 43
339 126
339 485
339 69
339 783
339 570
339 30
339 245
340 122
340 562
340 415
340 199
340 252
340 801
340 938
342 171
342 189
342 589
342 359
344 384
345 273
345 289
345 882
345 672
345 644
345 277
345 563
345 928
345 470
345 437
346 749
346 922
347 660
348 120
348 812
348 441
349 877
349 159
349 393
349 493
349 313
349 762
349 785
349 779
349 936
349 550
349 824
349 68
349 220
350 734
350 599
350 624
350 690
351 727
352 1
353 172
353 367
353 824
353 815
353 112
353 609
353 798
353 903
353 757
353 524
353 722
353 571
353 204
354 182
355 95
355 555
356 570
357 880
357 948
357 202
357 506
357 532
357 586
357 320
357 79
357 896
357 728
357 596
358 265
358 983
359 140
359 717
359 116
359 136
359 982
359 883
359 342
359 408
359 289
359 807
360 60
361 144
361 178
363 551
363 865
364 187
364 72
364 504
364 585
364 825
364 704
365 1
366 166
366 370
366 847
367 542
367 972
367 233
367 382
367 177
367 653
367 353
368 152
368 847
369 862
369 792
369 256
369 121
369 324
369 538
369 14
369 935
370 489
370 590
370 775
370 366
370 891
370 834
370 438
370 569
370 850
370 244
370 959
370 463
370 63
370 690
370 471
371 75
371 430
372 741
373 324
373 660
373 334
373 446
373 1000
373 13
373 692
373 630
373 184
373 425
373 513
373 797
373 830
374 246
374 705
374 237
375 636
375 952
375 632
375 932
375 716
376 835
377 821
378 281
378 812
378 865
379 538
379 114
379 884
380 896
380 96
381 292
381 482
381 487
381 546
381 604
382 367
382 318
382 384
384 447
384 51
384 630
384 567
384 382
384 161
384 400
384 102
384 750
384 344
384 8
385 335
385 901
385 188
385 309
385 480
386 198
386 213
386 856
386 420
386 70
387 624
388 238
388 918
388 604
388 749
389 447
389 899
389 590
389 105
389 961
389 254
389 553
389 832
389 338
389 44
389 588
390 696
390 747
391 705
391 171
391 441
391 30
391 250
392 749
392 942
393 349
393 186
394 910
395 243
395 437
395 7
396 987
396 952
397 747
398 240
398 254
398 640
400 204
400 384
401 961
401 589
402 204
403 671
404 430
405 820
405 811
405 112
405 204
406 712
407 69
407 152
408 618
408 359
409 543
409 106
409 448
410 806
410 990
411 903
411 749
412 69
412 671
413 254
413 571
413 747
414 12
415 315
415 416
415 904
415 340
415 470
415 285
415 108
415 433
415 494
415 697
415 528
415 827
415 878
415 62
415 807
415 74
415 989
415 915
416 120
416 415
416 166
416 742
417 906
417 954
417 250
418 835
418 743
419 765
420 121
420 386
420 472
420 765
421 897
422 53
422 238
423 255
424 821
424 705
425 626
425 373
426 238
426 197
427 166
428 545
429 530
429 749
429 620
429 942
429 30
430 404
430 519
430 204
430 207
430 992
430 848
430 820
430 371
430 28
430 299
430 450
430 688
430 897
431 588
431 604
431 801
432 712
433 415
433 170
433 915
434 6
434 973
434 690
435 632
437 89
437 268
437 46
437 240
437 663
437 345
437 831
437 866
437 171
437 566
437 395
437 983
438 853
438 735
438 370
439 786
439 918
440 926
441 60
441 391
441 964
441 480
441 17
441 577
441 757
441 348
441 196
441 220
443 251
444 255
445 551
445 451
446 580
446 293
446 269
446 668
446 818
446 319
446 373
447 692
447 389
447 384
447 583
448 514
448 803
448 409
448 130
448 572
448 183
449 265
449 471
450 430
450 865
451 140
451 933
451 445
451 605
451 327
451 586
452 815
452 954
453 570
453 112
455 976
455 922
455 616
457 167
457 262
457 178
458 716
458 589
459 747
459 976
460 820
460 741
461 166
461 847
462 573
462 318
462 778
463 370
464 326
465 154
465 166
467 332
467 862
467 959
468 276
469 765
469 8
470 204
470 415
470 345
471 259
471 482
471 292
471 202
471 602
471 928
471 526
471 66
471 449
471 557
471 370
471 854
471 57
471 870
471 590
472 102
472 757
472 754
472 420
472 877
472 260
472 866
472 670
472 841
473 167
473 525
473 699
473 197
474 133
474 583
474 692
474 152
474 616
474 250
474 765
475 628
475 780
476 274
476 601
476 952
476 98
476 696
476 551
477 692
477 70
478 123
479 246
479 186
479 915
480 652
480 385
480 441
481 811
481 272
481 582
482 381
482 471
483 636
483 835
484 339
484 865
485 339
485 976
486 112
486 945
487 598
487 326
487 381
487 53
487 604
488 182
489 370
491 86
491 509
491 268
491 183
491 894
491 831
491 157
491 309
491 919
491 984
491 814
491 642
492 144
492 626
493 144
493 349
493 245
494 574
494 415
494 922
495 142
495 515
495 858
495 623
496 820
497 176
498 274
499 182
503 98
503 696
503 983
504 364
504 952
504 574
504 918
505 71
506 357
506 624
507 732
507 238
508 189
508 747
509 806
509 491
511 910
511 240
511 825
512 69
512 727
512 767
512 199
513 692
513 373
513 922
513 801
514 448
514 876
514 174
515 495
515 616
516 152
517 727
517 272
518 821
519 814
519 430
519 809
520 574
520 250
521 121
521 814
523 618
523 69
524 353
525 850
525 326
525 473
525 10
525 872
525 718
525 562
526 107
526 171
526 545
526 604
526 471
527 332
527 864
527 959
528 727
528 415
528 876
529 954
529 252
530 429
530 133
530 170
531 149
531 692
531 640
532 357
534 782
534 961
534 98
534 696
535 632
535 699
537 809
538 207
538 379
538 369
538 628
538 847
539 918
539 780
541 620
542 946
542 367
542 632
543 409
543 121
543 732
543 640
545 55
545 607
545 625
545 526
545 288
545 874
545 892
545 857
545 698
545 877
545 684
545 951
545 428
546 85
546 88
546 833
546 381
546 780
547 102
547 616
547 624
548 950
550 121
550 349
551 117
551 476
551 227
551 101
551 958
551 178
551 872
551 233
551 445
551 844
551 211
551 560
551 574
551 363
551 688
552 1
553 692
553 389
553 780
554 149
555 60
555 272
555 355
555 966
555 304
555 4
555 91
555 47
556 767
556 906
556 742
556 690
557 251
557 983
557 471
557 589
560 65
560 918
560 973
560 551
561 604
562 14
562 177
562 205
562 243
562 837
562 916
562 260
562 340
562 706
562 326
562 525
562 942
563 652
563 345
564 741
565 782
565 252
566 318
566 437
566 620
566 825
567 384
568 262
568 760
569 370
569 768
569 765
570 453
570 85
570 339
570 54
570 356
570 236
570 174
571 291
571 881
571 678
571 121
571 27
571 413
571 883
571 951
571 353
571 806
572 204
572 448
572 760
573 278
573 462
573 628
573 990
573 915
573 983
574 73
574 494
574 504
574 520
574 998
574 827
574 930
574 92
574 973
574 551
575 768
576 123
577 262
577 272
577 441
579 660
579 983
580 446
580 640
582 675
582 113
582 717
582 246
582 481
582 678
582 127
582 765
583 447
583 811
583 785
583 698
583 474
583 138
583 87
583 280
583 928
583 249
583 220
584 811
584 897
584 922
584 865
585 364
585 174
585 640
586 657
586 357
586 451
587 876
587 973
587 628
588 431
588 626
588 696
588 842
588 864
588 894
588 947
588 389
589 117
589 999
589 902
589 124
589 557
589 401
589 342
589 308
589 458
590 389
590 370
590 471
591 84
591 7
591 8
592 660
592 734
592 776
593 677
593 732
594 19
594 828
594 830
595 973
595 7
595 628
595 8
596 623
596 357
596 237
597 599
597 238
598 33
598 653
598 662
598 226
598 487
599 350
599 119
599 202
599 597
599 886
599 762
599 977
599 190
599 101
599 281
600 204
600 174
601 898
601 317
601 72
601 476
601 297
601 239
601 793
601 231
601 255
602 471
604 988
604 830
604 960
604 431
604 961
604 526
604 10
604 381
604 145
604 57
604 856
604 388
604 669
604 131
604 487
604 299
604 561
604 8
605 907
605 652
605 961
605 199
605 451
606 760
607 778
607 545
609 353
609 276
609 30
610 910
611 690
611 250
612 897
612 250
615 954
616 455
616 474
616 988
616 515
616 72
616 823
616 769
616 547
618 286
618 523
618 408
618 938
620 834
620 683
620 705
620 541
620 891
620 100
620 276
620 850
620 429
620 566
623 23
623 596
623 11
623 495
623 945
623 990
623 237
623 704
624 949
624 506
624 350
624 775
624 981
624 137
624 547
624 230
624 387
624 951
624 640
625 961
625 545
625 7
626 895
626 17
626 425
626 321
626 738
626 492
626 939
626 208
626 961
626 588
626 990
628 475
628 587
628 573
628 172
628 789
628 757
628 802
628 538
628 595
628 632
629 152
630 384
630 973
630 373
630 922
631 906
632 435
632 59
632 926
632 101
632 375
632 535
632 964
632 542
632 825
632 628
632 250
633 665
633 281
634 230
634 33
634 337
634 752
634 876
634 7
636 375
636 674
636 483
636 894
638 876
639 119
639 652
639 152
639 252
640 42
640 90
640 894
640 40
640 624
640 398
640 531
640 751
640 585
640 580
640 19
640 641
640 543
640 861
641 640
642 491
644 345
645 182
646 806
646 945
646 272
646 915
647 778
648 660
649 825
649 716
650 750
650 729
650 849
650 699
650 38
650 245
651 255
651 742
652 919
652 107
652 256
652 563
652 605
652 480
652 889
652 868
652 639
653 598
653 367
653 918
654 815
654 952
654 38
655 983
656 742
656 760
656 809
656 765
657 586
657 743
657 255
658 235
658 990
658 801
659 660
659 922
660 648
660 659
660 223
660 702
660 67
660 592
660 52
660 579
660 347
660 373
661 119
661 255
662 598
662 199
663 437
664 60
665 777
665 951
665 633
665 215
665 239
665 859
665 128
665 199
668 446
669 698
669 604
670 472
671 412
671 109
671 917
671 846
671 996
671 173
671 962
671 403
671 831
671 737
672 325
672 876
672 345
672 765
674 636
675 582
676 811
676 815
676 281
676 806
676 250
677 593
677 229
677 728
677 815
677 170
677 250
678 571
678 149
678 582
679 847
681 263
682 60
683 880
683 620
684 246
684 339
684 545
685 704
686 242
686 692
686 238
686 935
687 186
688 1000
688 430
688 177
688 698
688 874
688 928
688 906
688 551
689 862
690 611
690 207
690 350
690 211
690 215
690 434
690 370
690 319
690 987
690 556
690 920
690 760
692 447
692 234
692 477
692 686
692 278
692 513
692 553
692 331
692 531
692 474
692 373
694 214
696 6
696 503
696 790
696 390
696 298
696 534
696 265
696 819
696 476
696 756
696 588
697 910
697 415
697 932
697 776
698 669
698 583
698 220
698 688
698 545
699 188
699 473
699 266
699 281
699 535
699 735
699 650
699 802
702 660
702 906
702 174
702 704
703 864
704 140
704 702
704 685
704 193
704 623
704 958
704 364
705 84
705 374
705 278
705 172
705 424
705 88
705 891
705 391
705 885
705 620
706 562
706 938
707 220
708 945
709 760
710 70
710 973
711 237
712 406
712 740
712 772
712 965
712 857
712 432
712 806
713 75
715 144
715 166
716 259
716 142
716 458
716 305
716 375
716 979
716 649
717 582
717 359
718 251
718 240
718 525
718 174
719 199
719 791
719 38
719 915
720 959
721 106
721 246
721 778
721 935
722 353
722 742
723 199
723 174
724 864
724 178
725 926
725 906
725 12
726 220
727 517
727 512
727 528
727 351
728 677
728 357
728 915
728 938
729 853
729 102
729 650
729 983
732 311
732 231
732 593
732 507
732 907
732 10
732 243
732 543
732 827
732 816
732 874
732 952
732 133
732 263
732 915
734 350
734 788
734 766
734 841
734 59
734 592
734 155
734 794
734 948
735 438
735 699
736 110
736 8
737 144
737 671
737 53
737 983
738 626
739 801
740 712
741 23
741 79
741 460
741 869
741 372
741 137
741 564
741 894
742 656
742 722
742 416
742 977
742 897
742 556
742 973
742 118
742 867
742 187
742 775
742 239
742 957
742 651
742 789
742 317
742 50
743 795
743 657
743 137
743 418
743 225
743 969
743 759
743 327
744 325
746 12
747 459
747 397
747 934
747 413
747 328
747 172
747 508
747 390
747 935
747 30
748 95
749 46
749 388
749 14
749 392
749 346
749 968
749 285
749 429
749 866
749 411
749 11
749 798
750 650
750 384
750 178
751 640
752 157
752 123
752 239
752 283
752 634
752 767
752 990
753 60
754 243
754 326
754 472
756 318
756 133
756 696
756 96
757 353
757 472
757 441
757 628
757 250
757 983
758 318
758 8
759 743
760 656
760 270
760 606
760 837
760 967
760 212
760 568
760 690
760 709
760 89
760 572
761 12
762 349
762 599
763 810
764 120
764 780
765 117
765 420
765 656
765 42
765 672
765 419
765 801
765 235
765 569
765 198
765 582
765 872
765 144
765 335
765 469
765 474
766 734
767 804
767 216
767 512
767 556
767 752
767 272
768 314
768 326
768 104
768 569
768 575
768 129
768 779
768 66
769 616
770 60
771 802
772 712
772 991
772 918
773 250
774 197
775 176
775 370
775 742
775 624
776 60
776 834
776 296
776 152
776 592
776 697
776 69
776 118
776 899
777 665
777 922
778 607
778 647
778 298
778 185
778 462
778 870
778 721
778 914
778 924
778 199
779 349
779 768
780 475
780 546
780 539
780 816
780 886
780 49
780 553
780 764
781 182
782 565
782 881
782 234
782 534
782 113
782 49
782 209
782 149
782 990
783 821
783 339
783 815
783 906
783 865
784 242
784 918
785 349
785 583
785 276
786 40
786 316
786 439
786 148
788 247
788 814
788 734
789 56
789 896
789 263
789 742
789 628
790 696
790 906
791 194
791 910
791 326
791 874
791 334
791 196
791 333
791 48
791 98
791 849
791 719
792 862
792 369
793 601
793 199
794 734
794 186
795 743
796 186
797 373
798 353
798 749
799 69
801 658
801 431
801 513
801 89
801 340
801 739
801 300
801 857
801 765
802 127
802 124
802 260
802 135
802 771
802 132
802 979
802 940
802 699
802 628
803 918
803 448
804 152
804 767
805 75
805 945
806 646
806 74
806 410
806 113
806 509
806 712
806 92
806 571
806 676
806 122
806 5
807 885
807 415
807 255
807 186
807 359
808 60
808 942
809 165
809 519
809 331
809 250
809 111
809 844
809 904
809 537
809 887
809 656
809 810
810 763
810 809
811 676
811 481
811 405
811 11
811 236
811 103
811 584
811 583
811 96
811 945
812 46
812 378
812 148
812 76
812 926
812 348
813 240
813 976
814 788
814 519
814 164
814 828
814 521
814 491
814 847
815 654
815 216
815 92
815 74
815 676
815 871
815 677
815 783
815 833
815 452
815 353
815 938
816 321
816 732
816 780
817 178
817 237
818 446
818 990
819 84
819 696
820 496
820 460
820 248
820 203
820 405
820 154
820 430
821 424
821 377
821 783
821 518
823 238
823 616
824 349
824 835
824 353
825 649
825 632
825 511
825 291
825 933
825 303
825 364
825 10
825 566
825 938
827 732
827 574
827 415
828 594
828 814
829 926
829 238
830 594
830 110
830 604
830 373
831 671
831 437
831 491
832 835
832 926
832 389
832 250
833 546
833 815
834 620
834 370
834 776
835 905
835 330
835 832
835 418
835 878
835 824
835 376
835 483
835 122
836 207
836 894
836 197
837 562
837 760
838 121
838 318
838 915
839 186
840 65
841 472
841 734
842 204
842 588
843 847
844 863
844 809
844 551
846 671
847 182
847 100
847 679
847 81
847 272
847 877
847 368
847 538
847 933
847 461
847 126
847 255
847 843
847 120
847 961
847 207
847 814
847 366
848 991
848 926
848 276
848 430
849 791
849 650
850 525
850 620
850 370
850 938
851 991
851 133
852 189
853 438
853 247
853 729
853 878
853 252
853 865
854 171
854 471
856 102
856 386
856 604
857 712
857 545
857 801
858 495
859 665
859 938
861 906
861 640
862 135
862 689
862 910
862 63
862 792
862 222
862 467
862 200
862 369
862 961
863 844
864 724
864 527
864 231
864 960
864 317
864 703
864 164
864 167
864 956
864 973
864 588
865 140
865 584
865 484
865 363
865 853
865 783
865 295
865 450
865 378
866 961
866 472
866 437
866 749
867 214
867 742
868 652
868 102
868 238
869 741
869 318
869 926
870 778
870 471
871 815
872 525
872 64
872 551
872 765
874 732
874 918
874 688
874 791
874 545
875 942
875 7
876 672
876 187
876 587
876 638
876 49
876 900
876 151
876 297
876 514
876 634
876 885
876 110
876 528
877 349
877 276
877 472
877 545
877 847
878 853
878 318
878 835
878 415
879 983
880 683
880 96
880 281
880 357
880 220
881 782
881 571
882 345
883 571
883 359
884 122
884 379
885 807
885 294
885 705
885 876
885 38
886 272
886 599
886 780
887 809
889 123
889 652
890 121
890 326
890 38
891 204
891 705
891 620
891 370
891 252
892 133
892 545
894 94
894 203
894 215
894 741
894 636
894 63
894 912
894 136
894 91
894 76
894 940
894 836
894 588
894 491
894 640
895 626
896 380
896 910
896 789
896 357
897 55
897 319
897 421
897 612
897 152
897 430
897 900
897 584
897 120
897 742
898 601
898 272
899 389
899 776
900 876
900 897
901 385
901 906
901 252
902 214
902 250
902 983
902 589
903 411
903 353
903 954
903 942
904 415
904 809
904 8
905 835
905 166
906 417
906 556
906 901
906 631
906 688
906 305
906 702
906 861
906 790
906 725
906 783
906 976
907 605
907 732
909 64
910 610
910 697
910 917
910 394
910 205
910 962
910 966
910 511
910 862
910 896
910 791
912 56
912 961
912 894
912 252
913 84
914 778
914 959
914 945
915 307
915 433
915 732
915 838
915 281
915 186
915 646
915 919
915 728
915 719
915 573
915 208
915 415
915 479
916 562
917 910
917 671
917 178
918 803
918 560
918 254
918 191
918 784
918 388
918 39
918 504
918 772
918 874
918 653
918 154
918 163
918 184
918 539
918 439
918 993
919 652
919 491
919 915
920 690
921 935
922 455
922 584
922 494
922 659
922 257
922 337
922 346
922 333
922 630
922 777
922 159
922 513
922 88
923 12
924 242
924 204
924 778
924 1
926 440
926 273
926 829
926 56
926 725
926 300
926 305
926 848
926 869
926 832
926 251
926 632
926 812
927 263
928 331
928 583
928 688
928 345
928 471
929 170
930 574
930 38
932 273
932 375
932 224
932 697
932 954
933 825
933 847
933 451
934 170
934 747
935 369
935 721
935 921
935 686
935 282
935 11
935 747
936 23
936 349
938 117
938 144
938 850
938 815
938 706
938 62
938 340
938 825
938 26
938 859
938 618
938 271
938 222
938 728
938 290
939 626
939 952
940 894
940 189
940 802
941 276
941 170
941 945
941 250
942 303
942 903
942 562
942 808
942 975
942 59
942 875
942 429
942 392
944 121
945 646
945 708
945 84
945 623
945 248
945 486
945 914
945 941
945 811
945 33
945 805
946 287
946 542
946 247
946 194
947 588
948 357
948 734
949 624
950 46
950 17
950 141
950 548
950 6
950 41
950 252
951 571
951 665
951 545
951 624
952 57
952 66
952 939
952 732
952 396
952 654
952 504
952 375
952 476
954 97
954 246
954 452
954 932
954 981
954 615
954 206
954 417
954 529
954 903
955 188
956 75
956 864
956 71
957 742
958 255
958 551
958 704
959 328
959 467
959 49
959 720
959 201
959 914
959 121
959 527
959 321
959 370
960 864
960 604
960 174
961 401
961 49
961 625
961 534
961 626
961 912
961 862
961 605
961 866
961 389
961 604
961 847
962 910
962 671
963 60
964 102
964 240
964 632
964 441
964 250
965 332
965 712
966 910
966 123
966 555
967 760
968 749
969 743
972 119
972 367
972 178
973 273
973 864
973 574
973 434
973 630
973 120
973 587
973 200
973 710
973 560
973 595
973 189
973 742
975 942
976 455
976 261
976 485
976 906
976 121
976 813
976 77
976 459
977 599
977 742
979 802
979 716
980 65
981 954
981 624
982 359
983 279
983 737
983 437
983 573
983 902
983 557
983 879
983 655
983 757
983 503
983 579
983 358
983 729
984 491
986 237
987 396
987 28
987 690
988 197
988 604
988 616
989 415
990 658
990 782
990 573
990 626
990 410
990 623
990 752
990 285
990 818
990 304
990 71
991 848
991 271
991 772
991 851
991 256
992 167
992 430
993 918
994 20
996 671
996 186
997 75
997 174
998 574
999 7
999 589
1000 688
1000 166
1000 373
