1 46
1 365
1 352
1 175
1 552
1 308
1 924
1 259
2 252
2 918
3 836
3 320
3 483
3 512
3 416
3 144
4 555
4 186
4 19
4 201
4 651
5 806
5 434
5 303
5 56
6 990
6 210
6 904
6 491
6 934
6 950
6 789
6 928
6 264
7 595
7 306
7 634
7 319
7 591
7 257
7 880
7 14
7 710
7 569
7 60
7 301
7 957
7 433
7 341
7 374
7 816
7 409
8 83
8 154
8 303
8 323
8 604
8 758
8 736
8 591
8 904
8 384
8 595
8 270
8 469
8 511
8 788
8 773
9 254
9 220
9 73
9 649
9 314
9 20
9 668
9 446
10 212
10 563
10 376
10 728
10 332
10 223
10 963
10 881
10 280
10 935
10 958
10 274
10 525
10 604
10 825
10 85
10 444
11 811
11 623
11 749
11 935
11 83
12 307
12 746
12 414
12 725
12 858
12 766
12 310
12 817
12 816
12 444
13 997
13 385
13 995
13 86
13 54
13 152
13 963
14 459
14 116
14 473
14 790
14 255
14 775
14 874
14 272
14 277
14 369
14 262
14 749
14 750
14 723
14 729
14 7
14 563
14 816
15 411
16 335
16 237
16 559
17 274
17 626
17 950
17 441
17 237
17 68
18 53
18 197
18 830
19 246
19 4
19 502
19 375
19 137
19 240
19 462
19 640
19 33
19 31
19 76
20 838
20 9
20 891
20 687
20 857
20 159
20 301
20 111
20 806
20 835
20 659
20 113
20 773
21 73
22 214
22 133
22 178
22 252
22 639
23 180
23 100
23 133
23 113
23 374
23 474
23 852
23 477
23 945
23 896
23 736
23 860
23 999
23 623
23 741
23 170
23 539
23 316
24 263
24 117
25 254
25 324
25 955
26 197
26 938
26 166
27 571
27 276
27 355
27 246
28 268
28 987
28 430
28 137
29 879
29 791
29 289
29 826
29 230
29 617
29 133
29 487
29 898
29 172
29 109
29 152
29 511
29 606
30 67
30 238
30 391
30 339
30 290
30 747
30 609
30 167
30 107
30 429
30 193
30 132
30 895
31 173
31 58
31 927
31 257
31 490
31 19
31 907
31 109
31 702
31 519
31 250
31 33
31 461
32 159
32 563
32 872
32 486
32 630
32 738
32 239
32 624
32 993
32 759
32 766
32 859
32 793
32 934
32 167
32 537
33 680
33 325
33 19
33 31
33 512
33 951
33 387
33 355
33 998
33 598
33 171
33 945
33 144
34 71
34 86
34 591
34 411
35 204
35 237
35 162
35 157
36 133
36 261
36 519
36 542
36 42
36 538
36 861
36 777
36 117
36 183
36 342
36 257
36 380
36 169
36 560
36 880
36 892
36 590
36 683
37 959
37 96
37 725
37 381
37 584
37 403
37 300
37 351
37 86
38 885
38 654
38 930
38 650
38 320
38 281
38 327
38 99
38 719
38 306
38 890
38 355
38 590
38 55
38 149
39 931
39 300
39 543
39 704
39 615
39 426
39 221
39 918
39 70
39 265
40 786
40 640
40 675
40 832
40 879
40 606
41 214
41 950
41 804
41 404
41 124
41 347
42 422
42 230
42 933
42 440
42 364
42 892
42 155
42 416
42 392
42 765
42 251
42 983
42 36
43 339
43 431
43 395
44 389
44 895
45 149
45 566
45 626
45 297
45 515
45 711
46 908
46 561
46 137
46 870
46 570
46 731
46 1
46 437
46 788
46 495
47 166
47 555
47 252
47 373
47 938
47 646
48 791
48 120
48 936
48 106
48 331
48 56
49 469
49 634
49 290
49 624
49 104
49 603
49 961
49 959
49 876
49 780
50 742
50 940
50 332
51 384
51 334
51 511
51 316
52 469
52 792
52 435
52 898
52 816
52 244
53 422
53 146
53 118
53 301
53 487
53 18
53 737
53 757
53 371
53 331
53 223
54 570
54 98
54 562
54 13
54 903
54 879
55 350
55 471
55 769
55 38
55 827
55 949
55 84
55 545
55 189
55 447
55 689
55 188
56 912
56 789
56 971
56 86
56 959
56 161
56 615
56 92
56 301
56 188
56 887
56 5
56 48
56 204
56 926
56 101
56 832
56 201
56 651
56 764
56 725
57 952
57 255
57 604
57 471
58 804
58 923
58 519
58 31
58 904
58 366
59 632
59 734
59 942
59 176
59 274
59 681
59 939
60 808
60 825
60 761
60 403
60 865
60 712
60 512
60 771
60 98
60 599
60 908
60 140
60 611
60 7
60 683
60 446
60 918
60 104
61 69
61 324
62 415
62 938
62 388
62 949
62 176
63 862
63 167
63 894
63 370
63 207
63 443
64 909
64 872
64 96
64 541
64 703
64 73
64 833
64 761
64 371
64 855
65 840
65 282
65 560
65 75
65 812
65 316
65 654
65 917
65 377
65 535
65 404
66 952
66 263
66 768
66 471
66 782
67 889
67 928
67 948
67 859
67 232
67 729
67 138
67 595
67 425
67 30
67 68
68 396
68 271
68 67
68 239
68 227
68 399
68 17
68 163
68 200
68 690
68 349
68 639
68 842
68 499
69 412
69 523
69 407
69 512
69 799
69 123
69 61
69 210
69 339
69 174
69 776
69 675
69 447
69 157
69 559
70 386
70 130
70 477
70 211
70 710
70 39
70 639
70 538
70 900
70 264
71 505
71 34
71 956
71 990
71 281
71 970
71 675
72 364
72 601
72 616
72 316
72 603
72 668
73 214
73 9
73 501
73 188
73 64
73 587
73 479
73 198
73 556
73 21
73 254
73 252
73 186
73 880
73 652
74 115
74 465
74 692
74 157
74 494
74 815
74 415
74 806
75 805
75 713
75 956
75 997
75 221
75 994
75 779
75 65
75 926
76 447
76 19
76 499
76 636
76 962
76 703
76 269
76 963
76 129
76 812
77 976
77 690
77 493
77 559
78 855
79 741
79 357
79 252
79 761
79 440
80 167
80 981
80 590
80 661
81 847
81 712
81 789
81 619
82 176
82 133
82 162
83 127
83 872
83 11
83 141
83 463
83 357
83 799
83 8
83 740
83 411
84 819
84 913
84 703
84 953
84 469
84 320
84 848
84 556
84 792
84 193
84 385
84 945
84 55
85 758
85 622
85 740
85 10
85 503
85 277
85 744
85 546
85 570
85 656
85 941
86 609
86 816
86 37
86 219
86 950
86 955
86 34
86 938
86 388
86 252
86 557
86 302
86 13
86 987
86 56
86 646
87 583
87 169
87 274
87 645
88 546
88 705
88 197
88 922
88 117
89 437
89 801
89 760
89 355
89 314
90 640
90 415
90 534
91 894
91 555
91 725
92 815
92 574
92 806
92 207
92 672
92 903
92 56
93 245
93 255
93 559
93 228
94 894
94 752
94 559
95 734
95 158
95 168
95 649
95 315
95 563
95 281
95 366
95 711
96 176
96 380
96 294
96 336
96 811
96 756
96 320
96 242
96 377
96 954
96 37
96 672
96 148
96 64
97 954
97 986
97 770
97 454
98 54
98 476
98 534
98 692
98 408
98 711
98 791
98 543
98 60
99 38
99 729
99 547
99 188
100 23
100 262
100 620
100 847
100 162
100 638
100 499
100 999
100 858
101 553
101 401
101 246
101 203
101 750
101 757
101 56
101 995
101 540
101 632
101 599
101 551
101 892
101 940
101 963
102 327
102 729
102 964
102 868
102 856
102 122
102 674
102 317
102 241
102 384
102 472
102 788
102 358
103 154
103 811
103 326
103 296
104 888
104 60
104 140
104 554
104 426
104 557
104 49
105 389
105 178
106 168
106 620
106 705
106 258
106 48
106 450
106 254
106 736
106 151
106 395
106 817
106 162
107 526
107 425
107 598
107 166
107 271
107 988
107 30
107 902
108 415
108 729
108 331
108 310
108 436
108 888
109 671
109 355
109 31
109 29
109 335
109 228
110 830
110 736
110 733
110 207
110 281
110 210
110 849
110 606
110 306
111 611
111 809
111 761
111 904
111 20
112 405
112 453
112 486
112 353
112 981
113 184
113 20
113 149
113 472
113 654
113 582
113 806
113 590
113 761
113 23
113 244
114 641
114 425
114 213
114 930
114 610
114 735
114 903
115 74
115 335
116 359
116 14
116 409
116 770
117 613
117 24
117 169
117 598
117 718
117 307
117 458
117 464
117 88
117 765
117 573
117 659
117 36
117 648
118 53
118 742
118 776
118 696
119 661
119 639
119 972
119 599
119 237
120 348
120 146
120 416
120 207
120 980
120 461
120 48
120 582
120 997
120 973
120 897
120 847
120 292
120 844
121 521
121 420
121 838
121 543
121 550
121 313
121 944
121 890
121 369
121 571
121 959
121 976
121 983
121 611
122 884
122 340
122 835
122 806
122 174
122 102
123 280
123 966
123 478
123 889
123 576
123 236
123 330
123 69
123 752
123 652
124 642
124 790
124 41
124 620
124 908
124 892
124 454
124 716
124 204
124 802
124 589
124 945
124 446
125 220
125 639
125 134
126 339
126 847
126 437
127 255
127 582
127 802
127 83
127 374
127 371
127 786
127 228
127 223
127 668
128 326
128 262
128 665
128 574
128 319
129 768
129 302
129 939
129 76
130 448
130 70
130 702
131 204
131 604
131 939
131 261
131 157
132 802
132 30
132 166
132 354
133 474
133 756
133 732
133 82
133 530
133 22
133 851
133 588
133 404
133 23
133 29
133 36
134 125
134 773
134 823
134 636
134 692
134 840
134 599
135 862
135 276
135 802
135 503
135 711
136 894
136 170
136 359
136 711
136 436
137 954
137 28
137 627
137 299
137 910
137 368
137 772
137 490
137 792
137 541
137 896
137 741
137 743
137 624
137 237
137 19
137 46
137 872
138 583
138 67
138 157
138 925
139 292
140 879
140 704
140 865
140 351
140 104
140 60
141 950
141 447
141 813
141 83
142 315
142 892
142 505
142 990
142 329
142 297
142 239
142 948
142 716
142 651
142 987
142 331
143 152
143 656
143 475
143 352
144 309
144 737
144 493
144 715
144 361
144 492
144 967
144 327
144 33
144 3
144 411
144 615
144 186
144 318
144 765
144 938
144 586
144 869
144 900
145 604
145 816
145 788
145 615
145 499
146 120
146 53
146 582
147 714
147 691
147 807
147 743
147 254
147 267
147 612
147 418
147 887
147 519
147 695
147 148
148 678
148 576
148 827
148 674
148 562
148 819
148 147
148 239
148 888
148 96
148 812
148 527
148 510
149 554
149 678
149 531
149 45
149 782
149 38
149 201
149 169
149 113
149 409
150 511
151 876
151 197
151 813
151 573
151 626
151 106
151 360
151 446
151 366
152 639
152 29
152 629
152 143
152 368
152 407
152 164
152 474
152 516
152 13
152 834
152 582
152 897
152 776
152 443
152 902
152 983
152 773
153 155
153 498
153 879
153 495
154 103
154 820
154 465
154 216
154 561
154 817
154 177
154 238
154 8
154 847
154 1000
154 672
154 332
154 715
154 903
154 354
155 452
155 688
155 885
155 260
155 153
155 734
155 42
155 683
155 851
155 515
156 250
156 981
156 656
156 351
157 138
157 232
157 131
157 314
157 489
157 223
157 69
157 35
157 537
157 491
157 303
157 74
157 515
158 95
158 306
159 349
159 922
159 252
159 503
159 32
159 889
159 638
159 20
159 461
161 384
161 590
161 56
161 788
161 269
162 106
162 100
162 694
162 82
162 667
162 35
162 163
163 918
163 170
163 252
163 162
163 68
163 980
164 864
164 814
164 152
164 281
164 980
165 809
165 585
166 303
166 47
166 318
166 416
166 427
166 26
166 615
166 132
166 986
166 892
166 284
166 323
166 545
166 656
166 107
166 903
167 32
167 80
167 473
167 63
167 992
167 251
167 457
167 864
167 30
167 599
167 928
168 106
168 95
168 386
168 237
169 241
169 36
169 251
169 405
169 87
169 403
169 772
169 905
169 149
169 785
169 117
169 539
170 163
170 433
170 136
170 934
170 929
170 217
170 222
170 23
170 530
170 677
170 733
170 336
170 227
170 518
170 431
170 269
171 294
171 211
171 33
171 526
171 342
171 391
171 854
171 297
171 387
171 437
171 702
171 927
172 276
172 353
172 705
172 747
172 628
172 657
172 757
172 498
172 29
172 887
173 671
173 254
173 281
173 689
173 652
173 31
173 748
173 515
173 244
174 69
174 960
174 702
174 600
174 292
174 514
174 570
174 267
174 718
174 923
174 122
174 640
174 576
174 603
174 447
174 892
174 411
174 638
175 1
175 271
175 869
175 648
176 497
176 82
176 59
176 62
176 96
177 562
177 367
177 688
177 835
177 154
177 310
178 917
178 22
178 750
178 325
178 105
178 361
178 972
178 457
178 817
178 724
178 893
178 505
178 551
178 350
179 297
179 712
179 993
180 23
180 197
180 182
180 928
180 537
180 660
181 354
182 354
182 180
182 526
182 254
182 941
182 419
182 391
182 366
183 448
183 491
183 729
183 495
183 36
184 918
184 373
184 197
184 723
184 560
184 434
184 113
185 778
185 876
185 448
186 839
186 687
186 996
186 73
186 807
186 479
186 796
186 794
186 393
186 4
186 334
186 915
186 597
186 144
186 493
187 364
187 876
187 742
187 252
188 616
188 502
188 99
188 190
188 576
188 618
188 971
188 55
188 745
188 699
188 385
188 73
188 395
188 56
188 454
188 660
189 55
189 940
189 973
189 211
189 328
189 278
189 342
189 508
189 852
189 597
189 251
189 443
190 214
190 220
190 599
190 396
190 188
190 347
191 918
191 949
191 347
192 389
192 861
192 519
192 350
192 565
192 702
192 842
192 306
192 454
193 30
193 704
193 84
193 503
194 946
194 791
194 499
195 560
196 791
196 441
196 926
196 689
196 583
196 715
196 656
196 311
196 941
197 988
197 18
197 426
197 325
197 184
197 836
197 473
197 213
197 211
197 224
197 774
197 180
197 151
197 26
197 88
197 209
197 465
197 331
197 638
198 386
198 255
198 765
198 73
198 379
199 340
199 793
199 512
199 723
199 662
199 605
199 778
199 214
199 665
199 719
199 317
199 632
199 737
199 689
200 862
200 973
200 804
200 443
200 68
200 515
201 543
201 4
201 258
201 536
201 572
201 440
201 830
201 710
201 984
201 56
201 871
201 380
201 959
201 675
201 639
201 149
201 465
201 646
202 599
202 357
202 471
203 820
203 894
203 101
203 312
203 237
203 664
204 572
204 924
204 400
204 131
204 470
204 600
204 405
204 56
204 35
204 891
204 402
204 285
204 124
204 842
204 353
204 430
204 675
204 652
205 910
205 562
205 303
205 773
206 954
206 1000
206 651
206 539
206 887
206 347
206 223
207 243
207 836
207 216
207 632
207 63
207 92
207 889
207 932
207 120
207 430
207 690
207 847
207 110
207 311
208 626
208 915
208 705
208 936
209 782
209 197
209 660
209 785
209 987
210 69
210 6
210 110
210 440
210 889
211 70
211 171
211 189
211 197
211 690
211 551
211 334
211 750
211 440
211 740
211 537
212 760
212 750
212 455
212 10
213 274
213 674
213 728
213 197
213 649
213 114
214 694
214 190
214 217
214 41
214 902
214 867
214 22
214 199
214 73
214 255
214 265
214 396
215 894
215 665
215 690
215 350
215 465
215 749
215 261
215 646
215 994
215 354
216 207
216 815
216 767
216 441
216 154
216 534
216 904
216 955
216 223
217 214
217 170
219 86
219 528
219 448
219 449
220 707
220 9
220 125
220 698
220 726
220 190
220 222
220 349
220 583
220 880
220 441
220 925
221 281
221 395
221 75
221 39
221 858
222 862
222 220
222 272
222 170
222 938
222 597
222 296
222 547
222 261
222 615
222 963
223 608
223 732
223 127
223 53
223 206
223 216
223 390
223 10
223 157
224 932
224 197
224 672
224 259
224 816
224 748
225 743
226 598
227 551
227 604
227 68
227 170
228 109
228 952
228 951
228 933
228 695
228 563
228 333
228 927
228 127
228 540
228 260
228 93
228 823
228 296
228 401
228 858
229 677
229 813
229 597
229 444
229 655
230 634
230 624
230 42
230 651
230 29
231 601
231 732
231 864
231 325
231 941
232 67
232 677
232 157
233 367
233 551
234 782
234 692
234 892
234 585
235 475
235 253
235 714
235 963
235 663
235 686
235 425
235 296
235 765
235 391
235 592
236 123
236 811
236 570
236 443
236 396
236 725
237 596
237 35
237 137
237 690
237 119
237 268
237 792
237 17
237 16
237 168
237 203
237 872
237 655
238 829
238 426
238 868
238 507
238 154
238 333
238 823
238 686
238 422
238 564
238 719
238 30
238 858
239 601
239 665
239 752
239 742
239 381
239 32
239 68
239 148
239 142
240 398
240 511
240 964
240 718
240 394
240 437
240 19
240 590
240 626
240 775
240 999
241 169
241 102
241 732
241 994
241 559
241 436
242 686
242 784
242 924
242 96
242 638
242 994
243 395
243 754
243 207
243 562
243 732
243 281
243 331
244 425
244 982
244 821
244 52
244 458
244 277
244 581
244 866
244 173
244 113
244 498
245 279
245 93
245 265
245 339
245 650
245 695
245 349
245 829
246 721
246 479
246 289
246 374
246 27
246 582
246 954
246 250
246 101
246 19
246 431
246 314
247 788
247 328
247 946
247 853
247 993
247 510
248 820
248 945
248 748
248 310
249 262
249 254
249 583
250 611
250 964
250 417
250 757
250 156
250 941
250 677
250 632
250 676
250 832
250 474
250 902
250 520
250 246
250 612
250 31
250 596
250 500
250 447
250 456
250 809
250 538
251 557
251 718
251 189
251 367
251 567
251 570
251 869
251 591
251 385
251 911
251 693
251 432
251 42
251 167
251 169
251 902
251 638
251 592
252 86
252 565
252 950
252 340
252 901
252 79
252 73
252 639
252 853
252 529
252 286
252 2
252 187
252 891
252 47
252 22
252 159
252 163
252 912
252 350
253 434
253 370
253 940
253 235
254 320
254 413
254 249
254 173
254 73
254 9
254 398
254 25
254 389
254 918
254 431
254 588
254 872
254 106
254 182
254 147
255 423
255 198
255 326
255 601
255 127
255 57
255 807
255 899
255 214
255 93
255 400
255 933
255 442
255 847
255 650
255 14
255 690
255 905
255 436
256 652
256 369
256 991
256 401
257 7
257 922
257 989
257 926
257 958
257 31
257 993
257 36
258 201
258 106
258 888
259 570
259 224
259 857
259 661
259 581
259 349
259 764
259 575
259 1
259 666
259 669
259 261
259 821
259 503
259 471
259 756
260 562
260 472
260 802
260 807
260 155
260 228
261 222
261 738
261 509
261 131
261 215
261 926
261 732
261 272
261 976
261 350
261 514
261 259
261 925
261 352
261 36
262 128
262 568
262 577
262 14
262 100
262 457
262 249
262 939
262 682
263 323
263 24
263 267
263 732
263 66
263 358
263 469
263 699
263 847
263 813
264 496
264 470
264 279
264 527
264 6
264 445
264 70
265 285
265 869
265 719
265 918
265 564
265 214
265 39
265 507
265 732
265 550
265 810
265 696
265 245
265 737
265 672
265 585
265 879
265 335
265 655
266 699
267 263
267 174
267 391
267 311
267 147
268 28
268 437
268 491
268 534
268 903
268 868
268 237
268 928
268 579
268 664
268 510
269 161
269 754
269 170
269 879
269 657
269 538
269 367
269 859
269 619
269 908
269 527
269 869
269 312
269 76
270 321
270 760
270 8
270 825
270 656
270 283
271 175
271 627
271 886
271 455
271 991
271 938
271 107
271 903
271 68
271 316
272 646
272 517
272 481
272 886
272 261
272 222
272 577
272 767
272 404
272 347
272 988
272 555
272 847
272 675
272 14
272 672
272 681
272 475
273 925
273 631
273 345
273 973
273 926
273 889
274 10
274 17
274 476
274 59
274 970
274 837
274 985
274 364
274 87
274 979
274 213
274 619
275 651
276 172
276 877
276 785
276 609
276 941
276 848
276 468
276 27
276 135
276 620
276 281
276 534
276 986
276 366
277 345
277 14
277 85
277 360
277 539
277 244
278 573
278 321
278 692
278 705
278 189
278 503
278 646
278 366
279 983
279 245
279 499
279 725
279 264
279 283
280 123
280 583
280 281
280 10
280 503
280 465
280 579
281 378
281 676
281 164
281 173
281 280
281 633
281 221
281 599
281 288
281 286
281 243
281 276
281 856
281 699
281 38
281 915
281 71
281 582
281 110
281 297
281 833
281 95
282 65
282 935
282 334
282 902
282 396
282 868
282 539
282 900
282 310
283 279
283 474
283 441
283 270
283 983
283 371
284 807
284 638
284 166
285 204
285 415
285 749
285 990
285 689
285 265
286 618
286 281
286 252
286 1000
286 909
286 682
286 668
287 946
287 927
287 331
288 281
288 545
288 696
288 510
289 246
289 345
289 359
289 729
289 350
289 449
289 29
289 638
289 851
289 855
290 30
290 938
290 49
291 571
291 825
291 905
291 657
292 120
292 139
292 746
292 772
292 416
292 368
292 927
292 383
292 430
292 559
292 174
292 471
293 944
293 712
293 439
293 426
293 781
294 885
294 171
294 96
294 750
294 682
295 865
295 431
295 721
295 488
295 354
296 222
296 560
296 493
296 378
296 603
296 751
296 916
296 906
296 297
296 886
296 937
296 948
296 580
296 680
296 103
296 972
296 228
296 381
296 555
296 776
296 350
296 235
296 941
297 281
297 789
297 45
297 179
297 352
297 300
297 565
297 601
297 171
297 813
297 296
297 142
298 778
298 696
298 417
298 832
298 395
299 430
299 604
299 879
299 137
300 926
300 801
300 37
300 297
300 39
301 53
301 658
301 56
301 7
301 20
301 347
301 664
302 86
302 476
302 129
302 903
302 559
303 753
303 545
303 5
303 205
303 453
303 534
303 568
303 157
303 166
303 825
303 8
303 862
303 314
303 358
304 555
304 990
304 569
305 926
305 906
305 716
305 832
305 538
306 333
306 975
306 110
306 158
306 192
306 38
306 7
306 661
306 991
307 309
307 635
307 566
307 766
307 423
307 916
307 809
307 838
307 355
307 478
307 485
307 12
307 597
307 117
308 1
308 589
308 352
309 144
309 385
309 491
309 307
309 604
309 892
309 547
309 446
310 108
310 677
310 248
310 796
310 343
310 177
310 987
310 282
310 659
310 12
311 445
311 509
311 979
311 941
311 207
311 815
311 556
311 913
311 397
311 196
311 267
311 681
311 788
311 887
312 335
312 911
312 269
312 709
312 762
312 203
312 642
313 121
313 349
313 660
314 9
314 740
314 368
314 246
314 568
314 303
314 499
314 514
314 89
314 562
314 157
315 415
315 95
315 1000
315 142
316 534
316 338
316 271
316 638
316 396
316 560
316 51
316 894
316 414
316 23
316 664
316 72
316 878
316 65
317 601
317 864
317 199
317 742
317 102
317 588
318 144
318 756
318 566
318 382
318 869
318 838
318 462
318 878
318 758
318 166
319 464
319 128
319 496
319 634
319 413
319 415
319 897
319 7
319 690
319 880
319 892
319 752
320 254
320 357
320 96
320 38
320 84
320 431
320 395
320 3
321 270
321 278
321 816
321 626
321 959
321 447
321 949
321 411
321 324
322 559
323 263
323 8
323 166
324 816
324 25
324 752
324 797
324 356
324 61
324 321
324 543
324 369
324 417
324 829
325 744
325 231
325 805
325 178
325 197
325 757
325 33
326 128
326 464
326 103
326 562
326 487
326 754
326 890
326 525
326 791
326 255
326 768
326 417
326 923
326 879
326 537
327 102
327 743
327 38
327 451
327 144
327 543
328 247
328 959
328 189
328 747
328 386
329 142
330 123
330 835
331 142
331 457
331 197
331 53
331 347
331 287
331 243
331 530
331 878
331 48
331 338
331 378
331 720
331 626
331 108
331 769
331 936
331 596
331 692
331 658
331 352
331 488
332 467
332 965
332 50
332 972
332 452
332 154
332 649
332 423
332 10
332 528
333 238
333 791
333 922
333 880
333 528
333 306
333 228
334 990
334 409
334 51
334 697
334 755
334 675
334 211
334 282
334 791
334 373
334 186
334 639
334 902
335 716
335 940
335 115
335 586
335 404
335 795
335 265
335 16
335 109
335 436
335 385
335 765
335 312
336 96
336 862
336 395
336 170
337 634
337 922
337 488
338 389
338 981
338 764
338 331
338 316
339 684
339 484
339 43
339 126
339 485
339 69
339 783
339 570
339 30
339 245
339 586
339 749
340 122
340 562
340 415
340 199
340 252
340 801
340 938
340 651
340 616
341 868
341 488
341 7
341 619
341 770
342 171
342 189
342 589
342 359
342 684
342 36
343 310
344 384
344 593
344 928
344 844
345 273
345 289
345 882
345 672
345 644
345 277
345 563
345 928
345 470
345 437
345 869
346 749
346 922
346 887
346 855
346 925
346 537
347 890
347 786
347 836
347 802
347 362
347 301
347 190
347 191
347 41
347 349
347 403
347 913
347 206
347 465
347 272
347 437
347 331
348 120
348 812
348 441
348 689
348 656
349 877
349 159
349 393
349 493
349 313
349 762
349 779
349 936
349 550
349 824
349 68
349 745
349 407
349 245
349 220
349 259
349 347
350 261
350 178
350 289
350 252
350 992
350 566
350 484
350 215
350 296
350 734
350 624
350 885
350 652
350 55
350 591
350 863
350 192
351 563
351 445
351 140
351 837
351 156
351 417
351 606
351 37
352 143
352 926
352 308
352 484
352 261
352 359
352 331
352 1
352 297
352 963
353 172
353 367
353 824
353 815
353 112
353 609
353 798
353 903
353 757
353 524
353 722
353 571
353 204
353 869
354 576
354 836
354 900
354 496
354 215
354 295
354 132
354 154
354 181
354 182
354 638
355 740
355 89
355 991
355 581
355 109
355 498
355 624
355 358
355 38
355 796
355 27
355 555
355 307
355 33
355 592
356 570
356 324
357 880
357 948
357 202
357 506
357 532
357 586
357 320
357 79
357 896
357 728
357 596
357 83
357 732
357 876
357 993
358 961
358 507
358 102
358 741
358 364
358 303
358 739
358 983
358 355
358 434
358 263
358 789
358 696
359 717
359 116
359 136
359 982
359 883
359 342
359 408
359 289
359 807
359 896
359 782
359 352
360 151
360 277
360 652
360 829
360 987
360 398
360 472
360 804
360 528
361 144
361 178
361 573
361 659
361 543
361 431
362 347
362 989
363 551
363 865
363 748
364 187
364 72
364 504
364 585
364 825
364 704
364 650
364 922
364 42
364 804
364 761
364 274
364 503
364 358
364 461
364 963
365 1
365 830
366 95
366 182
366 276
366 151
366 765
366 278
366 900
366 551
366 58
366 870
366 370
366 847
366 672
367 542
367 972
367 233
367 382
367 177
367 653
367 353
367 251
367 949
367 727
367 955
367 269
367 579
368 152
368 847
368 292
368 314
368 137
368 817
368 760
369 862
369 792
369 256
369 121
369 324
369 538
369 14
369 935
369 926
370 489
370 775
370 366
370 891
370 834
370 438
370 569
370 850
370 959
370 463
370 63
370 253
370 884
370 759
370 690
370 471
371 53
371 987
371 623
371 283
371 127
371 839
371 64
371 430
371 404
371 817
371 926
372 741
372 573
372 940
373 660
373 334
373 446
373 1000
373 692
373 630
373 184
373 425
373 513
373 797
373 830
373 521
373 47
373 566
373 455
373 897
373 872
373 664
374 7
374 127
374 716
374 780
374 889
374 616
374 653
374 246
374 705
374 23
374 668
375 636
375 952
375 632
375 932
375 716
375 19
375 737
375 510
376 835
376 10
376 785
376 440
376 903
376 475
377 821
377 958
377 65
377 96
378 281
378 812
378 865
378 296
378 331
378 655
379 538
379 884
379 198
379 520
379 623
379 999
379 389
380 896
380 96
380 756
380 201
380 36
380 619
381 482
381 487
381 617
381 751
381 396
381 503
381 239
381 604
381 296
381 37
381 401
381 499
381 668
382 367
382 318
382 384
382 440
383 830
383 557
383 292
383 404
383 816
384 51
384 630
384 567
384 382
384 161
384 400
384 102
384 750
384 344
384 441
384 8
384 927
384 569
385 335
385 901
385 188
385 309
385 480
385 251
385 13
385 84
385 888
386 198
386 856
386 420
386 168
386 805
386 328
386 70
386 664
386 655
387 624
387 33
387 171
387 869
387 999
388 541
388 62
388 452
388 902
388 488
388 623
388 661
388 631
388 551
388 606
388 400
388 918
388 749
388 86
388 892
388 923
388 740
389 447
389 899
389 590
389 105
389 961
389 254
389 553
389 832
389 338
389 44
389 588
389 379
389 488
389 192
390 696
390 747
390 475
390 223
391 267
391 837
391 628
391 182
391 235
391 471
391 705
391 171
391 441
391 30
391 634
392 749
392 942
392 42
392 785
392 449
392 868
392 475
393 349
393 186
394 910
394 240
394 690
395 607
395 554
395 43
395 221
395 789
395 320
395 188
395 336
395 298
395 106
395 961
395 243
395 437
395 752
396 601
396 214
396 282
396 962
396 979
396 466
396 190
396 236
396 952
396 434
396 381
396 672
396 503
396 569
396 68
396 316
396 437
396 668
397 747
397 546
397 311
398 240
398 254
398 640
398 582
398 585
398 889
398 360
398 900
399 927
399 593
399 68
399 753
400 204
400 384
400 388
400 1000
400 411
400 255
401 676
401 228
401 256
401 705
401 381
401 841
401 921
401 703
401 589
401 101
401 775
401 677
401 436
402 204
402 1000
402 585
402 887
402 711
403 671
403 60
403 441
403 37
403 169
403 347
404 746
404 988
404 41
404 872
404 910
404 371
404 511
404 65
404 133
404 383
404 272
404 983
404 335
404 925
405 820
405 811
405 112
405 204
405 169
405 712
405 615
405 999
406 712
406 690
407 69
407 152
407 543
407 902
407 349
408 618
408 359
408 98
409 543
409 981
409 7
409 969
409 770
409 116
409 149
409 746
409 824
409 448
409 334
409 894
409 788
409 668
410 806
410 990
410 447
410 835
410 593
411 635
411 83
411 400
411 321
411 34
411 15
411 174
411 799
411 749
411 144
412 69
412 671
412 611
412 579
413 254
413 571
413 747
413 569
413 319
414 12
414 547
414 316
415 315
415 416
415 904
415 340
415 470
415 285
415 108
415 433
415 494
415 697
415 528
415 827
415 878
415 62
415 807
415 74
415 90
415 620
415 673
415 915
415 672
415 319
416 120
416 415
416 166
416 742
416 42
416 292
416 3
417 326
417 904
417 351
417 298
417 642
417 324
417 954
417 250
417 894
418 835
418 743
418 590
418 889
418 147
419 765
419 182
419 603
420 121
420 386
420 472
420 765
420 546
420 905
420 498
421 897
421 786
421 963
422 53
422 238
422 807
422 42
422 586
422 927
423 255
423 307
423 702
423 514
423 332
423 537
424 821
424 705
424 660
425 626
425 373
425 107
425 67
425 498
425 816
425 235
425 829
425 114
425 244
426 238
426 197
426 750
426 39
426 104
426 293
427 166
427 825
427 832
427 651
427 903
427 760
428 545
428 981
428 737
429 530
429 749
429 620
429 942
429 30
429 898
430 519
430 204
430 207
430 992
430 848
430 820
430 371
430 28
430 299
430 450
430 958
430 743
430 870
430 518
430 688
430 897
430 292
431 254
431 295
431 170
431 542
431 246
431 361
431 462
431 320
431 43
431 829
431 619
431 844
431 898
431 818
431 604
431 801
431 764
431 748
431 941
432 712
432 251
432 740
433 415
433 170
433 915
433 560
433 7
433 436
433 664
434 578
434 184
434 482
434 253
434 839
434 952
434 358
434 396
434 820
434 563
434 5
434 973
434 690
434 514
434 941
435 632
435 594
435 557
435 902
435 986
435 52
435 781
436 749
436 401
436 745
436 651
436 968
436 108
436 255
436 433
436 778
436 136
436 241
436 789
436 335
436 579
437 89
437 268
437 46
437 240
437 663
437 345
437 831
437 866
437 171
437 395
437 126
437 347
437 982
437 396
437 983
437 750
437 927
437 454
438 853
438 735
438 370
438 830
438 833
438 997
439 786
439 918
439 293
440 79
440 684
440 382
440 912
440 711
440 211
440 210
440 376
440 42
440 557
440 201
441 391
441 964
441 480
441 17
441 577
441 757
441 348
441 196
441 220
441 403
441 216
441 384
441 283
441 579
442 586
442 255
443 189
443 676
443 690
443 236
443 200
443 63
443 935
443 152
443 936
444 506
444 10
444 12
444 229
444 636
444 991
444 559
445 551
445 451
445 715
445 311
445 351
445 264
445 947
446 580
446 818
446 60
446 309
446 151
446 511
446 953
446 872
446 124
446 9
446 373
446 936
447 410
447 990
447 174
447 321
447 616
447 69
447 876
447 141
447 55
447 692
447 389
447 583
447 250
447 76
448 803
448 409
448 130
448 572
448 183
448 219
448 629
448 185
448 689
448 475
448 606
449 392
449 458
449 219
449 704
449 743
449 789
449 982
449 289
449 976
449 591
449 892
449 471
449 593
449 950
450 430
450 865
450 106
451 933
451 445
451 605
451 327
451 586
451 891
451 1000
452 815
452 954
452 388
452 155
452 332
453 570
453 112
453 303
454 489
454 487
454 767
454 192
454 854
454 437
454 97
454 624
454 188
454 470
454 124
454 519
455 467
455 497
455 849
455 841
455 743
455 212
455 881
455 519
455 373
455 976
455 862
455 689
455 271
456 555
456 250
457 167
457 262
457 178
457 331
457 900
458 716
458 589
458 892
458 732
458 449
458 117
458 488
458 244
458 648
459 747
459 976
459 649
459 14
460 820
460 741
460 594
460 941
461 540
461 921
461 753
461 159
461 849
461 467
461 31
461 364
461 847
461 120
461 869
462 573
462 318
462 778
462 989
462 813
462 19
462 875
462 431
462 661
462 716
462 619
463 370
463 83
463 638
464 326
464 117
464 563
464 319
464 781
465 197
465 789
465 932
465 215
465 280
465 743
465 742
465 889
465 764
465 201
465 154
465 591
465 74
465 347
466 396
466 475
466 615
466 947
467 332
467 862
467 959
467 455
467 461
468 276
468 499
469 765
469 8
469 84
469 585
469 263
469 49
469 52
469 887
470 204
470 415
470 345
470 264
470 781
470 454
471 259
471 482
471 292
471 202
471 602
471 928
471 526
471 66
471 449
471 557
471 370
471 854
471 57
471 870
471 590
471 391
471 55
471 656
471 809
471 900
471 533
472 102
472 757
472 754
472 420
472 877
472 260
472 866
472 670
472 841
472 113
472 360
473 167
473 525
473 699
473 197
473 684
473 14
474 133
474 583
474 692
474 152
474 616
474 250
474 765
474 660
474 23
474 283
475 376
475 507
475 390
475 660
475 915
475 827
475 392
475 650
475 143
475 448
475 775
475 272
475 466
475 628
475 235
476 274
476 601
476 952
476 98
476 696
476 551
476 302
477 692
477 70
477 534
477 23
477 925
478 123
478 307
478 574
478 503
478 809
479 246
479 186
479 915
479 73
479 1000
479 648
480 652
480 385
480 441
481 811
481 272
481 582
481 538
482 381
482 471
482 898
482 434
482 761
483 636
483 835
483 519
483 3
484 339
484 865
484 350
484 689
484 593
484 352
485 339
485 976
485 307
485 625
486 112
486 945
486 804
486 32
486 589
486 993
487 598
487 326
487 381
487 53
487 604
487 661
487 29
487 454
488 951
488 341
488 331
488 389
488 458
488 851
488 337
488 555
488 295
488 549
488 872
488 388
488 955
489 370
489 573
489 764
489 851
489 157
489 454
490 137
490 31
490 909
491 509
491 268
491 183
491 894
491 831
491 157
491 309
491 919
491 984
491 814
491 642
491 824
491 6
491 868
492 144
492 626
492 858
493 871
493 778
493 77
493 186
493 144
493 349
493 296
493 872
493 983
494 574
494 415
494 922
494 895
494 503
494 74
494 725
495 515
495 153
495 578
495 183
495 723
495 46
495 953
495 623
495 737
495 902
495 748
495 844
495 682
496 820
496 528
496 264
496 319
496 354
497 176
497 880
497 455
498 779
498 172
498 420
498 991
498 425
498 977
498 153
498 759
498 625
498 986
498 954
498 355
498 681
498 244
499 68
499 100
499 279
499 381
499 145
499 704
499 793
499 194
499 468
499 726
499 895
499 952
499 314
499 76
500 250
500 573
500 712
501 73
501 538
501 773
502 19
502 188
503 962
503 364
503 941
503 280
503 159
503 859
503 862
503 585
503 659
503 193
503 396
503 701
503 802
503 494
503 278
503 943
503 478
503 135
503 886
503 546
503 696
503 989
503 381
503 737
503 85
503 259
503 904
504 364
504 952
504 574
504 918
504 887
505 71
505 178
505 538
505 925
505 142
506 357
506 624
506 923
506 812
506 444
506 997
506 858
506 664
507 732
507 238
507 265
507 475
507 358
507 963
508 189
508 747
508 789
509 806
509 491
509 261
509 311
509 515
510 148
510 632
510 247
510 667
510 619
510 375
510 765
510 268
510 930
510 868
510 288
510 986
511 51
511 150
511 550
511 29
511 739
511 910
511 240
511 8
511 404
511 904
511 446
512 69
512 727
512 767
512 199
512 804
512 33
512 60
512 3
512 876
513 692
513 373
513 922
513 801
513 986
514 434
514 423
514 261
514 990
514 876
514 174
514 640
514 314
514 773
515 155
515 931
515 45
515 965
515 801
515 157
515 200
515 884
515 173
515 509
515 495
515 786
516 152
516 757
516 936
517 727
517 272
518 821
518 430
518 170
519 657
519 615
519 817
519 951
519 918
519 58
519 454
519 826
519 483
519 839
519 814
519 430
519 455
519 949
519 31
519 147
519 192
519 36
520 574
520 250
520 658
520 764
520 379
521 121
521 814
521 373
523 618
523 69
524 353
524 949
524 945
525 850
525 326
525 473
525 10
525 718
525 562
525 827
525 833
525 757
525 861
525 573
525 657
525 958
525 740
526 107
526 171
526 545
526 604
526 471
526 1000
526 869
526 900
526 182
527 148
527 583
527 931
527 269
527 636
527 864
527 959
527 675
527 954
527 264
528 360
528 534
528 219
528 885
528 333
528 332
528 496
528 745
528 727
528 415
528 729
529 954
529 252
529 807
529 990
529 646
530 429
530 133
530 170
530 660
530 932
530 331
530 887
530 533
531 149
531 692
531 640
532 357
533 471
533 530
533 853
533 997
533 875
534 477
534 740
534 276
534 216
534 726
534 90
534 268
534 961
534 98
534 696
534 303
534 528
534 734
534 316
535 632
535 699
535 65
536 830
536 573
536 926
536 201
537 211
537 32
537 992
537 818
537 1000
537 346
537 951
537 669
537 633
537 423
537 180
537 326
537 732
537 681
537 157
537 863
538 845
538 946
538 501
538 305
538 505
538 250
538 558
538 616
538 481
538 828
538 70
538 688
538 379
538 369
538 628
538 847
538 672
538 780
538 887
538 269
538 36
539 874
539 282
539 580
539 169
539 756
539 901
539 206
539 820
539 734
539 717
539 23
539 277
539 780
539 869
540 101
540 461
540 228
541 620
541 388
541 137
541 64
542 946
542 367
542 632
542 431
542 889
542 876
542 592
542 36
543 809
543 98
543 361
543 662
543 638
543 782
543 327
543 407
543 597
543 578
543 409
543 121
543 640
543 775
543 201
543 872
543 324
543 39
543 648
544 817
545 55
545 607
545 625
545 526
545 288
545 874
545 892
545 857
545 698
545 877
545 684
545 951
545 428
545 303
545 925
545 166
546 85
546 88
546 849
546 688
546 420
546 397
546 780
546 503
546 603
547 414
547 309
547 842
547 222
547 99
547 998
547 748
547 616
547 624
547 681
547 619
548 950
548 804
549 830
549 981
549 842
549 616
549 488
550 121
550 349
550 511
550 626
550 265
551 476
551 227
551 101
551 958
551 178
551 872
551 233
551 445
551 844
551 211
551 560
551 574
551 363
551 688
551 745
551 885
551 388
551 879
551 366
552 1
552 989
552 940
552 889
552 593
553 692
553 389
553 780
553 101
553 711
554 149
554 833
554 761
554 395
554 104
555 272
555 355
555 966
555 304
555 4
555 91
555 47
555 456
555 296
555 557
555 488
556 767
556 906
556 742
556 690
556 73
556 84
556 311
557 435
557 555
557 705
557 605
557 710
557 866
557 104
557 440
557 383
557 799
557 929
557 869
557 86
557 927
557 251
557 471
557 589
557 880
558 729
558 538
558 903
558 711
559 795
559 69
559 93
559 652
559 876
559 444
559 241
559 302
559 322
559 735
559 617
559 94
559 886
559 704
559 661
559 757
559 16
559 77
559 927
559 580
559 292
560 36
560 787
560 195
560 898
560 953
560 184
560 433
560 961
560 65
560 973
560 551
560 296
560 316
561 604
561 154
561 46
561 817
562 177
562 205
562 243
562 837
562 916
562 260
562 340
562 706
562 873
562 314
562 597
562 818
562 848
562 965
562 54
562 326
562 525
562 942
562 689
562 148
563 898
563 875
563 727
563 464
563 14
563 345
563 95
563 434
563 10
563 32
563 351
563 682
563 228
564 741
564 238
564 737
564 265
564 606
564 569
565 782
565 252
565 880
565 297
565 192
566 45
566 945
566 568
566 794
566 318
566 620
566 825
566 307
566 350
566 373
566 963
567 384
567 905
567 251
568 262
568 760
568 566
568 303
568 314
569 396
569 384
569 304
569 413
569 758
569 762
569 564
569 693
569 832
569 370
569 765
569 573
569 7
570 453
570 85
570 339
570 54
570 356
570 236
570 174
570 892
570 251
570 46
570 259
570 869
570 829
570 844
571 291
571 881
571 678
571 121
571 27
571 413
571 883
571 951
571 353
571 806
572 204
572 448
572 760
572 675
572 201
573 278
573 462
573 569
573 489
573 151
573 525
573 908
573 361
573 117
573 372
573 982
573 812
573 500
573 536
573 628
573 990
573 915
573 1000
574 494
574 504
574 520
574 998
574 827
574 930
574 92
574 128
574 668
574 478
574 973
574 551
575 768
575 259
575 646
576 123
576 174
576 148
576 188
576 354
577 262
577 272
577 441
577 980
577 683
578 434
578 543
578 495
579 864
579 268
579 689
579 367
579 280
579 818
579 436
579 776
579 412
579 441
579 955
579 983
579 750
580 446
580 640
580 1000
580 296
580 539
580 559
581 355
581 259
581 997
581 955
581 244
582 113
582 717
582 246
582 481
582 678
582 127
582 779
582 281
582 146
582 682
582 398
582 765
582 152
582 120
582 638
583 447
583 811
583 698
583 474
583 138
583 87
583 280
583 928
583 249
583 196
583 220
583 702
583 527
583 816
584 811
584 897
584 922
584 865
584 37
585 165
585 645
585 822
585 681
585 398
585 765
585 809
585 402
585 265
585 234
585 469
585 364
585 640
585 503
586 442
586 339
586 644
586 144
586 422
586 749
586 357
586 451
586 649
586 734
586 335
587 876
587 973
587 628
587 73
588 626
588 696
588 864
588 894
588 947
588 389
588 254
588 317
588 133
589 999
589 902
589 124
589 557
589 401
589 342
589 308
589 458
589 486
589 940
589 987
589 925
589 904
590 951
590 969
590 161
590 113
590 920
590 418
590 645
590 827
590 880
590 38
590 240
590 36
590 734
590 923
590 80
590 389
590 471
590 851
591 614
591 350
591 34
591 860
591 963
591 932
591 806
591 465
591 660
591 675
591 7
591 8
591 804
591 251
591 449
591 872
591 658
592 542
592 812
592 832
592 235
592 876
592 251
592 355
592 734
592 776
593 410
593 484
593 344
593 723
593 449
593 399
593 552
593 999
593 732
594 828
594 830
594 435
594 921
594 460
594 730
594 738
595 973
595 7
595 628
595 8
595 981
595 67
596 623
596 357
596 237
596 250
596 949
596 331
596 926
597 189
597 845
597 222
597 229
597 307
597 619
597 186
597 599
597 562
597 543
597 817
598 33
598 653
598 662
598 226
598 487
598 107
598 117
598 606
599 119
599 202
599 597
599 886
599 762
599 977
599 190
599 101
599 134
599 167
599 281
599 60
600 204
600 174
601 898
601 317
601 72
601 476
601 297
601 239
601 793
601 231
601 255
601 902
601 396
602 471
603 993
603 546
603 720
603 419
603 636
603 815
603 72
603 880
603 296
603 659
603 49
603 174
604 988
604 960
604 431
604 961
604 526
604 10
604 381
604 145
604 57
604 856
604 669
604 131
604 487
604 299
604 561
604 309
604 227
604 8
605 907
605 652
605 961
605 199
605 451
605 813
605 940
605 557
605 980
605 936
605 725
606 351
606 448
606 863
606 40
606 598
606 653
606 917
606 957
606 564
606 29
606 965
606 684
606 675
606 388
606 110
607 778
607 545
607 395
607 625
608 904
608 223
609 353
609 276
609 30
609 86
609 945
610 910
610 776
610 114
611 728
611 60
611 121
611 412
611 690
611 250
611 756
611 111
612 897
612 250
612 905
612 842
612 147
613 775
613 117
614 591
615 670
615 466
615 222
615 750
615 145
615 943
615 405
615 634
615 869
615 144
615 166
615 927
615 56
615 519
615 816
615 39
616 474
616 988
616 72
616 823
616 769
616 547
616 912
616 340
616 775
616 549
616 447
616 804
616 538
616 374
616 925
616 188
617 381
617 764
617 29
617 781
617 559
618 286
618 523
618 408
618 938
618 188
619 341
619 274
619 834
619 81
619 964
619 975
619 380
619 462
619 547
619 597
619 431
619 269
619 781
619 510
620 834
620 683
620 705
620 541
620 891
620 100
620 276
620 850
620 429
620 566
620 415
620 757
620 124
620 740
620 106
622 85
622 740
622 925
622 909
623 23
623 596
623 11
623 495
623 945
623 990
623 704
623 388
623 371
623 379
623 909
624 506
624 350
624 775
624 981
624 137
624 547
624 230
624 387
624 951
624 819
624 640
624 355
624 649
624 49
624 32
624 454
625 737
625 780
625 607
625 485
625 977
625 911
625 961
625 545
625 498
625 646
626 17
626 425
626 321
626 738
626 492
626 939
626 208
626 550
626 151
626 45
626 240
626 961
626 588
626 990
626 331
627 271
627 137
628 475
628 587
628 573
628 172
628 789
628 757
628 802
628 538
628 595
628 632
628 391
628 868
628 781
628 773
628 658
629 152
629 448
630 384
630 973
630 373
630 922
630 761
630 32
630 660
631 906
631 388
631 682
631 273
632 435
632 59
632 926
632 101
632 375
632 535
632 964
632 542
632 825
632 628
632 250
632 199
632 835
632 862
632 207
632 775
632 986
632 510
633 665
633 281
633 683
633 537
634 230
634 337
634 391
634 752
634 876
634 7
634 49
634 868
634 615
634 319
635 307
635 411
636 375
636 674
636 483
636 894
636 527
636 444
636 134
636 76
636 603
637 880
637 889
638 100
638 197
638 354
638 242
638 289
638 986
638 582
638 174
638 284
638 955
638 251
638 463
638 159
638 543
638 816
638 316
639 855
639 70
639 68
639 125
639 334
639 868
639 201
639 22
639 119
639 152
639 252
639 660
640 90
640 894
640 40
640 624
640 398
640 531
640 751
640 585
640 580
640 19
640 641
640 543
640 861
640 514
640 174
641 640
641 114
642 491
642 417
642 729
642 932
642 124
642 312
643 807
644 345
644 586
645 87
645 590
645 585
646 215
646 201
646 278
646 86
646 625
646 575
646 529
646 47
646 950
646 806
646 272
646 915
647 778
647 729
647 786
647 711
648 175
648 117
648 543
648 825
648 479
648 458
649 9
649 213
649 586
649 624
649 459
649 958
649 765
649 960
649 688
649 716
649 95
649 833
649 332
649 655
650 729
650 849
650 364
650 948
650 984
650 255
650 699
650 38
650 245
650 922
650 475
651 4
651 968
651 275
651 978
651 230
651 206
651 340
651 925
651 142
651 669
651 427
651 56
651 742
651 436
652 919
652 256
652 605
652 480
652 854
652 73
652 350
652 765
652 173
652 123
652 204
652 927
652 360
652 559
653 598
653 367
653 918
653 374
653 606
654 815
654 952
654 38
654 113
654 65
655 887
655 888
655 649
655 678
655 931
655 386
655 378
655 237
655 229
655 265
655 981
655 932
656 270
656 156
656 196
656 934
656 792
656 143
656 348
656 85
656 471
656 857
656 742
656 809
656 765
656 657
656 781
656 166
657 943
657 695
657 990
657 172
657 525
657 656
657 291
657 743
657 764
657 519
657 999
657 269
658 520
658 331
658 944
658 301
658 891
658 628
658 591
658 683
658 858
659 117
659 20
659 310
659 710
659 603
659 361
659 922
659 503
660 474
660 530
660 209
660 867
660 313
660 639
660 905
660 630
660 424
660 835
660 180
660 857
660 188
660 373
660 591
660 475
661 872
661 306
661 487
661 462
661 844
661 80
661 865
661 982
661 119
661 388
661 259
661 963
661 559
662 598
662 199
662 543
662 780
663 437
663 235
664 268
664 506
664 203
664 946
664 386
664 373
664 301
664 433
664 316
665 777
665 951
665 633
665 215
665 239
665 859
665 128
665 199
665 804
666 892
666 259
667 986
667 162
667 725
667 510
668 72
668 127
668 396
668 846
668 941
668 409
668 286
668 796
668 9
668 709
668 374
668 381
668 782
668 574
669 698
669 604
669 702
669 651
669 259
669 537
670 472
670 615
670 829
671 412
671 109
671 917
671 846
671 996
671 173
671 962
671 403
671 831
671 737
672 786
672 96
672 272
672 952
672 366
672 538
672 415
672 265
672 154
672 685
672 92
672 224
672 820
672 396
672 876
672 345
672 765
672 961
672 999
673 415
674 636
674 737
674 949
674 102
674 213
674 148
675 748
675 71
675 204
675 272
675 823
675 40
675 69
675 572
675 749
675 606
675 527
675 201
675 904
675 334
675 591
676 811
676 815
676 281
676 806
676 250
676 443
676 401
676 756
677 229
677 728
677 723
677 401
677 232
677 815
677 170
677 250
677 940
677 310
678 571
678 149
678 582
678 148
678 655
679 847
680 898
680 296
680 33
680 955
681 547
681 701
681 792
681 941
681 682
681 311
681 272
681 851
681 824
681 59
681 498
681 537
681 585
681 936
681 997
682 563
682 631
682 286
682 725
682 961
682 294
682 495
682 262
682 810
682 582
682 681
683 577
683 658
683 36
683 993
683 742
683 712
683 60
683 155
683 957
683 633
683 620
683 879
684 473
684 342
684 606
684 339
684 545
684 989
684 949
684 440
684 788
684 768
685 704
685 672
685 955
686 242
686 692
686 238
686 935
686 737
686 235
687 186
687 20
688 1000
688 430
688 177
688 698
688 874
688 928
688 906
688 551
688 880
688 155
688 546
688 538
688 923
688 936
688 649
689 893
689 55
689 455
689 928
689 196
689 199
689 348
689 285
689 173
689 562
689 448
689 484
689 875
689 872
689 579
690 207
690 211
690 215
690 434
690 370
690 319
690 987
690 556
690 920
690 394
690 406
690 77
690 255
690 760
690 611
690 443
690 237
690 68
691 147
692 447
692 234
692 477
692 686
692 278
692 513
692 553
692 331
692 531
692 474
692 373
692 894
692 98
692 74
692 134
693 251
693 712
693 569
694 214
694 162
695 657
695 245
695 147
695 228
696 503
696 790
696 390
696 298
696 534
696 265
696 819
696 476
696 358
696 288
696 118
696 588
696 983
697 910
697 415
697 932
697 776
697 334
698 669
698 583
698 220
698 688
698 545
698 711
699 188
699 473
699 266
699 281
699 535
699 735
699 650
699 802
699 263
701 949
701 503
701 681
702 843
702 936
702 583
702 171
702 192
702 130
702 669
702 423
702 906
702 174
702 704
702 31
702 829
703 864
703 84
703 76
703 64
703 401
704 140
704 702
704 685
704 193
704 623
704 958
704 364
704 813
704 449
704 889
704 499
704 39
704 559
705 374
705 278
705 172
705 424
705 88
705 891
705 391
705 885
705 873
705 863
705 208
705 620
705 807
705 557
705 401
705 106
706 562
706 938
707 220
707 892
707 918
708 945
709 760
709 830
709 804
709 312
709 668
710 70
710 973
710 989
710 659
710 557
710 201
710 7
711 740
711 402
711 822
711 95
711 698
711 741
711 959
711 757
711 796
711 647
711 136
711 553
711 558
711 135
711 45
711 98
711 440
711 753
712 406
712 772
712 965
712 857
712 432
712 405
712 985
712 500
712 693
712 179
712 807
712 81
712 806
712 885
712 60
712 892
712 721
712 683
712 909
712 293
713 75
714 235
714 147
715 154
715 852
715 196
715 445
715 144
715 813
715 876
715 980
716 142
716 458
716 305
716 375
716 979
716 649
716 462
716 374
716 124
716 335
717 582
717 359
717 539
717 994
718 251
718 240
718 525
718 174
718 117
719 199
719 791
719 38
719 915
719 902
719 265
719 238
720 959
720 331
720 603
721 295
721 712
721 987
721 246
721 778
721 935
721 936
722 353
722 742
723 860
723 184
723 14
723 822
723 829
723 199
723 958
723 593
723 677
723 495
724 864
724 178
725 667
725 279
725 236
725 605
725 494
725 56
725 965
725 91
725 906
725 12
725 37
725 682
726 220
726 534
726 499
727 517
727 512
727 528
727 367
727 795
727 563
727 732
728 677
728 357
728 915
728 938
728 611
728 10
728 816
728 213
729 14
729 647
729 99
729 558
729 528
729 778
729 108
729 183
729 289
729 642
729 853
729 102
729 650
729 67
730 594
731 46
732 231
732 593
732 507
732 907
732 243
732 827
732 874
732 458
732 357
732 537
732 241
732 727
732 952
732 133
732 263
732 915
732 265
732 903
732 261
732 786
732 993
732 223
733 110
733 170
734 350
734 766
734 841
734 59
734 592
734 155
734 794
734 948
734 586
734 940
734 534
734 95
734 590
734 539
735 438
735 699
735 114
735 559
736 110
736 8
736 23
736 106
736 928
736 844
737 503
737 686
737 564
737 265
737 495
737 375
737 997
737 199
737 740
737 674
737 428
737 144
737 671
737 53
737 625
737 788
737 770
738 626
738 594
738 32
738 261
738 905
739 801
739 511
739 358
740 749
740 877
740 525
740 83
740 872
740 432
740 388
740 620
740 622
740 743
740 211
740 355
740 737
740 85
740 534
740 314
740 711
741 23
741 79
741 460
741 869
741 372
741 137
741 564
741 894
741 358
741 711
742 656
742 722
742 416
742 977
742 897
742 556
742 973
742 118
742 867
742 187
742 775
742 239
742 957
742 651
742 789
742 317
742 50
742 465
742 756
742 683
743 795
743 657
743 137
743 418
743 225
743 969
743 759
743 327
743 455
743 449
743 465
743 430
743 740
743 748
743 147
744 325
744 85
745 528
745 349
745 551
745 851
745 188
745 436
746 12
746 875
746 292
746 404
746 409
747 459
747 397
747 934
747 413
747 328
747 172
747 508
747 390
747 935
747 30
748 495
748 743
748 173
748 793
748 248
748 854
748 363
748 224
748 431
748 675
748 547
748 925
749 388
749 14
749 392
749 346
749 968
749 285
749 429
749 866
749 411
749 11
749 798
749 339
749 215
749 675
749 586
749 740
749 947
749 436
750 426
750 14
750 901
750 211
750 836
750 212
750 294
750 579
750 840
750 437
750 384
750 178
750 101
750 615
750 809
751 640
751 296
751 381
752 123
752 239
752 634
752 319
752 94
752 963
752 395
752 767
752 990
752 833
752 775
752 324
753 399
753 711
753 754
753 303
753 842
753 461
754 243
754 326
754 472
754 269
754 753
755 334
755 902
756 742
756 676
756 611
756 970
756 380
756 259
756 318
756 133
756 96
756 830
756 939
756 539
757 931
757 990
757 53
757 802
757 516
757 881
757 172
757 325
757 620
757 353
757 472
757 441
757 628
757 250
757 101
757 525
757 711
757 559
758 318
758 8
758 85
758 569
758 844
759 743
759 498
759 32
759 370
760 270
760 837
760 967
760 212
760 568
760 690
760 709
760 89
760 572
760 427
760 368
761 630
761 762
761 364
761 949
761 79
761 64
761 836
761 554
761 482
761 113
761 111
761 60
761 785
761 789
762 349
762 599
762 807
762 761
762 569
762 312
763 810
764 617
764 520
764 906
764 769
764 431
764 56
764 489
764 338
764 657
764 780
764 465
764 259
765 117
765 420
765 656
765 42
765 672
765 419
765 801
765 235
765 569
765 198
765 582
765 872
765 144
765 335
765 469
765 474
765 649
765 585
765 652
765 366
765 510
766 734
766 307
766 12
766 32
767 804
767 216
767 512
767 556
767 752
767 272
767 454
768 326
768 575
768 129
768 779
768 66
768 841
768 684
768 840
768 904
769 616
769 55
769 764
769 331
770 935
770 341
770 979
770 116
770 97
770 737
770 993
770 409
770 955
771 802
771 1000
771 903
771 60
772 712
772 991
772 918
772 292
772 137
772 169
773 901
773 501
773 205
773 8
773 628
773 898
773 20
773 152
773 514
773 895
773 134
774 197
775 752
775 240
775 632
775 543
775 401
775 613
775 370
775 742
775 624
775 14
775 872
775 616
775 475
776 834
776 296
776 152
776 592
776 697
776 69
776 118
776 899
776 610
776 851
776 579
777 665
777 922
777 36
778 607
778 647
778 298
778 185
778 462
778 870
778 721
778 914
778 924
778 199
778 898
778 729
778 493
778 879
778 436
779 349
779 768
779 582
779 498
779 75
779 926
780 546
780 539
780 816
780 886
780 49
780 553
780 764
780 538
780 798
780 662
780 374
780 987
780 625
780 963
781 293
781 656
781 619
781 628
781 470
781 890
781 617
781 811
781 435
781 464
782 565
782 881
782 234
782 209
782 359
782 906
782 66
782 149
782 990
782 543
782 844
782 668
783 821
783 339
783 815
783 906
783 865
783 947
784 242
784 918
784 949
784 858
785 209
785 761
785 169
785 376
785 392
785 276
786 40
786 439
786 732
786 807
786 127
786 920
786 515
786 421
786 647
786 988
786 672
786 872
786 347
787 560
788 145
788 807
788 311
788 409
788 102
788 737
788 949
788 46
788 8
788 161
788 684
788 247
788 814
789 436
789 358
789 6
789 990
789 847
789 761
789 998
789 893
789 508
789 81
789 905
789 56
789 896
789 742
789 628
789 297
789 449
789 465
789 395
790 696
790 906
790 14
790 124
791 194
791 910
791 326
791 874
791 334
791 196
791 333
791 48
791 98
791 849
791 719
791 29
791 858
791 963
792 862
792 369
792 84
792 681
792 936
792 656
792 137
792 237
792 52
792 999
793 601
793 199
793 32
793 748
793 499
794 734
794 186
794 566
795 743
795 807
795 335
795 727
795 559
796 186
796 355
796 310
796 711
796 668
797 373
797 961
797 324
798 353
798 749
798 780
799 69
799 83
799 557
799 980
799 411
801 431
801 513
801 89
801 340
801 739
801 300
801 857
801 851
801 765
801 515
802 127
802 124
802 260
802 135
802 771
802 132
802 979
802 940
802 699
802 628
802 757
802 503
802 347
803 918
803 448
803 868
804 360
804 709
804 665
804 591
804 58
804 364
804 811
804 616
804 200
804 41
804 486
804 512
804 548
804 767
805 75
805 945
805 325
805 386
805 955
806 646
806 74
806 410
806 113
806 509
806 712
806 92
806 571
806 676
806 122
806 5
806 591
806 20
807 260
807 422
807 284
807 852
807 643
807 941
807 705
807 529
807 795
807 762
807 415
807 255
807 186
807 359
807 712
807 788
807 786
807 147
808 60
808 942
809 165
809 250
809 111
809 656
809 810
809 471
809 478
809 857
809 838
809 750
809 990
809 307
809 543
809 585
810 763
810 809
810 265
810 682
811 676
811 481
811 405
811 11
811 236
811 103
811 584
811 583
811 96
811 945
811 804
811 876
811 781
812 378
812 148
812 76
812 926
812 348
812 506
812 573
812 65
812 592
813 263
813 993
813 715
813 704
813 229
813 141
813 605
813 297
813 828
813 151
813 462
813 976
814 788
814 519
814 164
814 828
814 521
814 491
814 847
814 925
814 863
815 654
815 216
815 92
815 74
815 676
815 871
815 677
815 783
815 833
815 452
815 353
815 938
815 311
815 603
816 425
816 52
816 583
816 224
816 638
816 728
816 615
816 7
816 383
816 145
816 12
816 14
816 321
816 780
816 86
816 324
817 561
817 12
817 544
817 368
817 597
817 371
817 835
817 106
817 178
817 154
817 519
817 945
818 446
818 990
818 562
818 431
818 537
818 579
819 84
819 696
819 624
819 148
819 904
820 496
820 460
820 248
820 203
820 405
820 154
820 430
820 434
820 672
820 902
820 539
821 424
821 377
821 783
821 518
821 259
821 244
822 723
822 585
822 711
823 238
823 616
823 675
823 134
823 228
824 349
824 835
824 353
824 491
824 681
824 409
825 632
825 291
825 933
825 303
825 364
825 10
825 566
825 961
825 427
825 270
825 938
825 885
825 60
825 648
826 519
826 29
827 732
827 574
827 415
827 590
827 55
827 525
827 475
827 148
827 941
828 594
828 814
828 813
828 538
829 324
829 702
829 245
829 670
829 862
829 425
829 570
829 238
829 723
829 431
829 360
829 844
830 536
830 962
830 365
830 549
830 18
830 709
830 383
830 756
830 438
830 594
830 110
830 373
830 201
831 671
831 437
831 491
832 56
832 40
832 305
832 427
832 298
832 835
832 389
832 250
832 569
832 592
833 554
833 281
833 64
833 649
833 438
833 752
833 815
833 958
833 525
833 879
834 620
834 370
834 776
834 152
834 868
834 619
835 330
835 832
835 418
835 878
835 824
835 376
835 483
835 122
835 881
835 632
835 177
835 978
835 410
835 817
835 20
835 660
836 207
836 894
836 197
836 750
836 918
836 761
836 3
836 347
836 354
837 562
837 760
837 391
837 274
837 351
838 121
838 318
838 915
838 307
838 809
838 20
839 186
839 434
839 371
839 519
840 65
840 750
840 134
840 768
841 472
841 734
841 455
841 401
841 768
842 68
842 907
842 753
842 192
842 549
842 844
842 612
842 880
842 204
842 547
843 847
843 702
843 879
844 829
844 495
844 782
844 570
844 758
844 885
844 120
844 860
844 887
844 736
844 344
844 975
844 955
844 551
844 431
844 661
844 842
844 925
845 597
845 538
846 671
846 668
847 100
847 679
847 81
847 272
847 877
847 368
847 538
847 933
847 461
847 126
847 255
847 843
847 120
847 961
847 207
847 814
847 366
847 154
847 789
847 263
848 991
848 926
848 276
848 430
848 84
848 562
848 980
849 791
849 650
849 455
849 546
849 110
849 904
849 461
850 525
850 620
850 370
850 938
851 489
851 873
851 289
851 776
851 745
851 590
851 155
851 133
851 801
851 681
851 488
852 189
852 807
852 715
852 23
853 438
853 247
853 729
853 878
853 252
853 865
853 533
854 171
854 471
854 652
854 748
854 454
855 78
855 1000
855 64
855 289
855 346
855 639
856 102
856 386
856 604
856 281
857 712
857 545
857 801
857 656
857 259
857 809
857 20
857 660
858 961
858 506
858 228
858 221
858 100
858 492
858 238
858 658
858 784
858 791
858 12
859 665
859 938
859 67
859 503
859 32
859 869
859 269
860 723
860 591
860 23
860 844
861 906
861 640
861 525
861 192
861 36
862 135
862 910
862 63
862 792
862 222
862 467
862 200
862 632
862 336
862 455
862 944
862 303
862 369
862 961
862 503
862 829
863 537
863 814
863 350
863 705
863 606
864 724
864 527
864 231
864 960
864 317
864 703
864 164
864 167
864 956
864 973
864 588
864 993
864 579
865 140
865 584
865 484
865 363
865 853
865 783
865 295
865 450
865 378
865 60
865 661
866 961
866 472
866 437
866 749
866 557
866 955
866 244
867 214
867 742
867 660
868 341
868 628
868 392
868 491
868 919
868 834
868 268
868 803
868 634
868 282
868 102
868 238
868 639
868 510
869 570
869 353
869 859
869 269
869 874
869 144
869 387
869 539
869 461
869 175
869 345
869 526
869 741
869 318
869 251
869 557
869 265
869 615
870 778
870 471
870 902
870 430
870 46
870 954
870 366
871 815
871 201
871 493
871 991
872 137
872 254
872 373
872 543
872 935
872 237
872 689
872 786
872 493
872 591
872 775
872 64
872 551
872 765
872 83
872 404
872 32
872 740
872 661
872 488
872 446
873 898
873 705
873 562
873 851
874 732
874 918
874 688
874 791
874 545
874 14
874 869
874 539
875 462
875 689
875 533
875 746
875 955
875 942
875 563
876 672
876 187
876 587
876 49
876 151
876 514
876 634
876 885
876 715
876 811
876 185
876 357
876 542
876 512
876 447
876 592
876 955
876 559
877 349
877 276
877 472
877 545
877 847
877 740
877 909
878 853
878 318
878 835
878 415
878 983
878 331
878 316
879 778
879 299
879 833
879 40
879 1000
879 843
879 551
879 326
879 54
879 683
879 153
879 265
879 140
879 29
879 941
879 269
880 603
880 333
880 565
880 944
880 637
880 73
880 36
880 557
880 319
880 688
880 497
880 907
880 357
880 220
880 590
880 7
880 842
881 782
881 571
881 455
881 835
881 940
881 10
881 757
882 345
883 571
883 359
884 122
884 379
884 370
884 928
884 515
885 294
885 551
885 825
885 350
885 712
885 705
885 876
885 38
885 155
885 528
885 844
886 272
886 599
886 780
886 296
886 503
886 271
886 559
887 206
887 346
887 469
887 958
887 504
887 311
887 172
887 402
887 530
887 538
887 907
887 56
887 844
887 147
887 655
888 108
888 385
888 258
888 902
888 148
888 104
888 655
889 637
889 398
889 552
889 542
889 704
889 210
889 273
889 418
889 159
889 123
889 67
889 207
889 374
889 465
890 121
890 326
890 38
890 347
890 781
891 204
891 705
891 620
891 370
891 252
891 451
891 987
891 658
891 20
892 712
892 458
892 570
892 309
892 934
892 234
892 174
892 666
892 319
892 388
892 707
892 101
892 36
892 545
892 42
892 449
892 124
892 166
892 142
893 689
893 178
893 789
894 94
894 203
894 215
894 741
894 636
894 63
894 912
894 136
894 91
894 836
894 409
894 692
894 417
894 588
894 491
894 640
894 316
895 773
895 494
895 499
895 30
895 44
895 987
896 380
896 910
896 789
896 357
896 359
896 23
896 137
896 904
897 319
897 421
897 612
897 152
897 430
897 900
897 584
897 120
897 373
897 742
898 482
898 52
898 873
898 680
898 778
898 429
898 601
898 560
898 431
898 563
898 29
898 773
899 389
899 776
899 255
900 144
900 282
900 526
900 70
900 457
900 471
900 398
900 897
900 942
900 366
900 354
901 385
901 906
901 252
901 750
901 539
901 773
902 435
902 107
902 719
902 601
902 334
902 888
902 755
902 407
902 870
902 820
902 495
902 282
902 152
902 251
902 214
902 250
902 589
902 388
902 993
903 732
903 909
903 154
903 54
903 268
903 427
903 972
903 969
903 166
903 558
903 114
903 302
903 271
903 986
903 376
903 92
903 771
903 947
903 353
903 954
903 942
904 819
904 503
904 896
904 511
904 768
904 608
904 58
904 111
904 589
904 216
904 849
904 415
904 8
904 417
904 6
904 675
905 169
905 612
905 291
905 567
905 255
905 420
905 738
905 660
905 789
906 556
906 901
906 631
906 688
906 305
906 702
906 861
906 790
906 725
906 783
906 938
906 976
906 296
906 782
906 764
907 605
907 732
907 958
907 842
907 31
907 880
907 887
908 573
908 124
908 46
908 269
908 60
909 622
909 286
909 877
909 712
909 490
909 623
909 64
909 903
910 610
910 697
910 917
910 394
910 205
910 962
910 966
910 511
910 862
910 896
910 791
910 958
910 404
910 137
911 251
911 625
911 312
912 56
912 961
912 894
912 252
912 949
912 440
912 926
912 616
912 999
913 84
913 915
913 311
913 347
914 778
914 959
914 945
915 433
915 732
915 838
915 281
915 186
915 646
915 919
915 728
915 719
915 573
915 208
915 415
915 479
915 913
915 475
916 562
916 307
916 296
917 910
917 671
917 178
917 65
917 606
918 803
918 254
918 191
918 784
918 388
918 39
918 504
918 772
918 874
918 653
918 163
918 184
918 439
918 836
918 2
918 707
918 60
918 265
918 519
919 652
919 491
919 915
919 868
920 690
920 590
920 786
921 935
921 594
921 401
921 994
921 461
922 584
922 494
922 659
922 257
922 337
922 346
922 333
922 630
922 777
922 159
922 513
922 88
922 364
922 650
923 58
923 388
923 506
923 326
923 688
923 174
923 590
924 242
924 204
924 778
924 1
925 748
925 138
925 404
925 220
925 622
925 814
925 589
925 346
925 477
925 844
925 616
925 261
925 545
925 505
925 273
925 651
926 273
926 56
926 300
926 305
926 848
926 196
926 369
926 981
926 257
926 536
926 912
926 75
926 596
926 371
926 779
926 632
926 812
926 980
926 261
926 352
927 437
927 422
927 171
927 652
927 287
927 384
927 615
927 399
927 557
927 292
927 31
927 559
927 228
928 167
928 180
928 736
928 6
928 884
928 344
928 268
928 583
928 688
928 345
928 471
928 67
928 689
929 170
929 557
930 574
930 38
930 114
930 510
931 757
931 527
931 39
931 515
931 655
932 375
932 224
932 697
932 530
932 642
932 937
932 655
932 954
932 207
932 591
932 465
933 825
933 847
933 451
933 42
933 255
933 228
934 170
934 747
934 6
934 892
934 32
934 656
935 369
935 721
935 921
935 686
935 282
935 11
935 747
935 10
935 443
935 872
935 770
936 446
936 688
936 721
936 48
936 443
936 516
936 792
936 605
936 208
936 681
936 349
936 702
936 980
936 331
937 296
937 932
938 144
938 850
938 815
938 706
938 62
938 340
938 825
938 26
938 859
938 618
938 271
938 222
938 728
938 290
938 47
938 906
938 86
938 997
939 756
939 129
939 262
939 952
939 59
939 131
939 626
940 253
940 605
940 948
940 50
940 552
940 589
940 991
940 677
940 881
940 101
940 372
940 189
940 802
940 981
940 734
940 335
941 196
941 434
941 231
941 827
941 85
941 431
941 460
941 296
941 879
941 276
941 945
941 250
941 807
941 503
941 681
941 311
941 182
941 668
942 903
942 562
942 808
942 975
942 59
942 875
942 429
942 392
942 900
943 657
943 503
943 615
943 947
944 121
944 880
944 658
944 862
944 293
945 708
945 84
945 623
945 248
945 486
945 914
945 941
945 811
945 33
945 805
945 817
945 609
945 524
945 124
945 566
945 23
946 287
946 542
946 247
946 194
946 538
946 990
946 664
947 783
947 1000
947 943
947 749
947 466
947 445
947 588
947 903
948 357
948 734
948 650
948 296
948 67
948 940
948 142
949 62
949 684
949 912
949 519
949 321
949 524
949 784
949 674
949 367
949 596
949 701
949 191
949 989
949 55
949 761
949 788
950 17
950 141
950 548
950 6
950 41
950 449
950 252
950 86
950 646
951 571
951 665
951 545
951 624
951 590
951 33
951 519
951 488
951 537
951 228
952 57
952 66
952 732
952 396
952 654
952 504
952 375
952 476
952 499
952 434
952 672
952 983
952 939
952 228
953 560
953 84
953 446
953 495
953 963
954 97
954 246
954 452
954 932
954 206
954 417
954 529
954 903
954 527
954 96
954 870
954 498
954 137
955 680
955 367
955 876
955 25
955 685
955 805
955 581
955 866
955 216
955 770
955 488
955 86
955 875
955 638
955 844
955 579
956 75
956 864
956 71
957 742
957 606
957 683
957 7
958 525
958 723
958 833
958 377
958 910
958 257
958 907
958 551
958 704
958 649
958 10
958 430
958 887
959 328
959 467
959 49
959 720
959 201
959 914
959 121
959 527
959 321
959 370
959 37
959 56
959 711
960 864
960 604
960 174
960 649
961 49
961 625
961 534
961 626
961 912
961 862
961 605
961 866
961 969
961 672
961 797
961 389
961 604
961 847
961 560
961 825
961 395
961 358
961 858
961 682
962 910
962 671
962 830
962 503
962 396
962 76
963 101
963 421
963 661
963 13
963 989
963 364
963 507
963 222
963 953
963 566
963 791
963 780
963 352
963 10
963 591
963 235
963 752
963 76
964 102
964 240
964 632
964 441
964 250
964 619
965 332
965 712
965 562
965 606
965 515
965 725
966 910
966 123
966 555
967 760
967 144
968 749
968 651
968 436
969 743
969 590
969 961
969 903
969 409
970 274
970 756
970 71
971 56
971 188
972 119
972 367
972 178
972 1000
972 296
972 332
972 903
973 273
973 864
973 574
973 434
973 630
973 120
973 587
973 200
973 710
973 560
973 595
973 189
973 742
975 942
975 306
975 844
975 619
976 455
976 261
976 485
976 906
976 121
976 813
976 77
976 459
976 449
977 599
977 742
977 498
977 625
978 835
978 651
979 802
979 716
979 274
979 396
979 311
979 770
980 986
980 848
980 164
980 715
980 936
980 799
980 577
980 605
980 926
980 163
980 120
981 940
981 80
981 338
981 156
981 595
981 549
981 428
981 655
981 112
981 624
981 926
981 409
982 359
982 437
982 573
982 449
982 661
982 244
983 279
983 437
983 579
983 358
983 121
983 878
983 283
983 404
983 952
983 152
983 493
983 42
983 696
984 491
984 650
984 201
985 274
985 712
986 97
986 513
986 435
986 632
986 667
986 510
986 276
986 997
986 498
986 980
986 166
986 903
986 638
987 891
987 209
987 589
987 780
987 86
987 142
987 28
987 690
987 895
987 371
987 721
987 360
987 310
988 197
988 604
988 616
988 107
988 404
988 272
988 786
989 684
989 710
989 503
989 257
989 462
989 552
989 362
989 949
989 963
990 782
990 573
990 626
990 410
990 623
990 752
990 285
990 818
990 304
990 946
990 529
990 71
990 334
990 6
990 447
990 657
990 757
990 514
990 789
990 142
990 809
991 848
991 271
991 772
991 256
991 871
991 306
991 444
991 355
991 940
991 498
992 167
992 430
992 350
992 537
993 247
993 257
993 864
993 902
993 732
993 486
993 357
993 179
993 813
993 32
993 683
993 770
993 603
994 242
994 921
994 241
994 215
994 717
994 75
995 101
995 13
996 671
996 186
997 581
997 506
997 938
997 438
997 681
997 75
997 737
997 13
997 120
997 986
997 533
998 574
998 33
998 547
998 789
999 240
999 405
999 657
999 792
999 672
999 387
999 100
999 912
999 589
999 593
999 23
999 379
1000 479
1000 771
1000 402
1000 972
1000 580
1000 451
1000 400
1000 573
1000 206
1000 526
1000 154
1000 286
1000 315
1000 688
1000 373
1000 879
1000 855
1000 537
1000 947
