1 84
1 35
1 46
1 57
1 91
1 160
1 173
1 190
1 215
2 287
2 228
2 292
2 233
2 171
2 208
2 136
2 21
2 70
2 79
2 90
2 106
2 117
2 143
2 149
2 202
2 221
2 226
2 230
2 270
2 273
3 183
3 258
3 262
3 296
3 113
3 34
3 23
3 43
3 57
3 75
3 76
3 118
3 136
3 166
3 168
3 176
3 238
3 256
4 145
4 261
4 137
4 296
4 177
4 40
4 147
4 196
4 265
4 20
4 54
4 79
4 111
4 122
4 128
4 141
4 170
4 282
4 291
5 220
5 14
5 9
5 30
5 82
5 95
5 106
5 110
5 141
5 168
5 179
5 205
5 213
5 222
5 241
5 256
5 271
5 278
5 281
5 289
5 291
6 248
6 252
6 230
6 143
6 120
6 12
6 70
6 76
6 111
6 170
6 21
6 37
6 44
6 161
6 176
6 195
6 210
6 224
7 103
7 299
7 293
7 46
7 176
7 156
7 236
7 101
7 130
7 139
7 159
7 183
7 193
7 213
7 264
7 281
8 189
8 89
8 201
8 259
8 222
8 227
8 269
8 12
8 37
8 55
8 79
8 117
8 145
8 217
8 229
8 230
8 247
9 218
9 257
9 60
9 72
9 292
9 173
9 201
9 5
9 39
9 295
10 181
10 124
10 39
10 52
10 57
10 130
10 138
10 167
10 267
11 49
11 48
11 75
11 89
11 91
11 96
11 102
11 115
11 182
11 186
11 210
11 245
11 264
11 270
12 8
12 6
12 21
12 26
12 66
12 94
12 100
12 167
12 232
12 238
13 254
13 52
13 117
13 125
13 257
13 111
13 72
13 156
13 209
13 58
13 60
13 128
13 172
13 203
14 28
14 140
14 164
14 204
14 25
14 5
14 30
14 36
14 91
14 120
14 122
14 124
14 221
14 267
14 268
14 276
14 278
15 119
15 95
15 182
15 19
15 66
15 99
15 106
15 109
15 148
15 161
15 198
15 220
15 274
15 290
16 274
16 103
16 221
16 54
16 245
16 196
16 52
16 135
16 268
16 50
16 163
16 90
16 74
16 71
16 39
16 93
16 133
16 138
16 167
16 213
16 231
17 60
17 130
17 214
17 235
17 298
17 53
17 51
17 56
17 59
17 81
17 205
17 206
17 207
17 216
17 221
18 95
18 153
18 38
18 92
18 133
18 178
18 188
18 211
18 221
18 223
19 95
19 252
19 86
19 48
19 140
19 260
19 295
19 79
19 32
19 122
19 15
19 127
19 62
19 111
19 128
19 224
19 231
19 270
19 273
20 81
20 226
20 211
20 183
20 229
20 116
20 63
20 133
20 4
20 22
20 47
20 88
20 95
20 137
20 193
20 197
20 201
20 273
20 289
21 12
21 190
21 107
21 146
21 2
21 6
21 196
21 229
21 288
21 29
21 88
21 105
21 111
21 172
21 252
22 257
22 29
22 200
22 63
22 20
22 186
22 109
22 221
22 110
22 169
22 220
22 66
22 118
22 74
22 100
22 108
22 113
22 231
23 89
23 244
23 272
23 257
23 247
23 102
23 211
23 274
23 189
23 114
23 157
23 140
23 213
23 56
23 3
23 37
23 60
23 75
23 121
23 129
23 204
23 252
23 271
24 96
24 127
24 206
24 200
24 289
24 27
24 55
24 90
24 219
24 249
24 275
24 287
24 299
25 245
25 233
25 157
25 14
25 34
25 82
25 91
25 126
25 128
25 161
25 163
25 171
25 259
25 281
25 299
26 192
26 12
26 104
26 36
26 63
26 70
26 91
26 133
26 135
26 157
26 170
26 189
26 231
26 239
26 288
27 166
27 82
27 254
27 139
27 238
27 218
27 90
27 202
27 242
27 24
27 179
27 266
27 256
27 56
27 78
27 108
27 177
27 215
27 221
27 297
27 299
28 155
28 162
28 146
28 289
28 240
28 226
28 145
28 120
28 151
28 244
28 290
28 295
28 14
28 87
28 129
28 212
28 228
28 250
28 261
28 266
28 273
28 283
29 300
29 280
29 21
29 88
29 59
29 89
29 84
29 60
29 162
29 22
29 49
29 109
29 154
29 207
30 123
30 261
30 177
30 117
30 14
30 268
30 5
30 245
30 97
30 130
30 167
30 172
30 183
30 196
30 227
30 233
31 209
31 264
31 229
31 195
31 46
31 278
31 133
31 57
31 81
31 104
31 125
31 153
31 199
31 221
32 90
32 189
32 171
32 122
32 254
32 281
32 195
32 215
32 70
32 19
32 123
32 166
32 197
32 203
32 233
32 240
32 259
32 283
33 192
33 129
33 121
33 37
33 72
33 141
33 188
33 263
33 49
33 120
33 128
33 137
33 142
33 158
33 212
34 245
34 261
34 238
34 212
34 122
34 88
34 105
34 279
34 236
34 25
34 243
34 3
34 52
34 68
34 110
34 123
34 185
34 210
34 224
35 299
35 220
35 92
35 121
35 132
35 1
35 193
35 271
35 191
35 253
35 97
35 49
35 66
35 246
35 67
35 75
35 99
35 154
35 168
36 102
36 26
36 87
36 248
36 224
36 137
36 174
36 220
36 14
36 85
36 61
36 77
36 98
36 120
36 143
36 154
36 183
36 219
36 234
36 243
36 262
36 274
37 57
37 6
37 201
37 215
37 92
37 200
37 193
37 8
37 181
37 48
37 77
37 23
37 63
37 179
37 111
37 93
37 150
37 188
37 33
37 60
37 272
37 274
38 59
38 105
38 18
38 273
38 113
38 228
38 101
38 139
38 44
38 85
38 87
38 91
38 126
38 174
38 177
38 184
38 206
38 222
38 231
38 265
38 276
39 9
39 115
39 154
39 10
39 127
39 48
39 16
39 171
39 71
39 82
39 119
39 184
39 239
39 249
39 255
39 276
40 131
40 78
40 41
40 252
40 45
40 154
40 168
40 143
40 197
40 4
40 52
40 62
40 155
40 163
40 171
40 260
41 300
41 285
41 40
41 88
41 117
41 124
41 158
41 167
41 188
41 225
41 247
42 272
42 268
42 56
42 180
42 55
42 47
42 57
42 58
42 162
42 182
42 192
42 193
42 199
42 200
42 205
42 224
42 236
42 240
42 300
43 167
43 277
43 75
43 290
43 98
43 125
43 3
43 241
43 171
43 93
43 209
43 109
43 85
43 127
43 149
43 226
43 237
43 265
44 6
44 52
44 196
44 67
44 148
44 150
44 255
44 66
44 133
44 81
44 215
44 231
44 295
44 38
44 118
44 75
44 76
44 85
44 98
44 100
44 129
44 149
44 177
44 201
44 205
45 79
45 78
45 114
45 55
45 291
45 294
45 71
45 251
45 40
45 125
45 139
45 183
45 199
45 227
45 273
45 276
45 277
46 299
46 232
46 191
46 167
46 64
46 117
46 1
46 103
46 181
46 275
46 205
46 260
46 269
46 7
46 31
46 82
46 185
46 198
46 245
46 274
47 20
47 294
47 270
47 165
47 42
47 200
47 234
47 110
47 51
47 138
47 146
47 221
47 233
47 250
47 262
47 272
48 103
48 207
48 143
48 227
48 11
48 19
48 37
48 39
48 97
48 100
48 111
48 116
48 121
48 149
48 212
48 229
48 252
48 257
49 29
49 118
49 33
49 70
49 213
49 272
49 277
49 55
49 193
49 105
49 195
49 267
49 140
49 11
49 35
49 61
49 67
49 73
49 109
49 138
49 155
49 171
49 182
49 249
49 252
49 265
49 290
50 207
50 74
50 211
50 286
50 91
50 58
50 54
50 180
50 139
50 16
50 99
50 101
50 103
50 127
50 134
50 176
50 246
50 287
50 299
51 47
51 64
51 168
51 60
51 245
51 228
51 251
51 154
51 122
51 286
51 242
51 298
51 220
51 165
51 17
51 53
51 86
51 87
51 121
51 137
51 162
51 198
51 203
51 218
51 261
51 266
52 232
52 64
52 237
52 165
52 93
52 262
52 34
52 10
52 75
52 233
52 126
52 40
52 13
52 16
52 44
52 113
52 137
52 160
53 250
53 69
53 101
53 67
53 55
53 58
53 17
53 51
53 209
53 259
53 291
54 233
54 170
54 280
54 218
54 276
54 265
54 266
54 4
54 244
54 16
54 50
54 57
54 88
54 96
54 155
54 235
54 243
54 273
54 281
55 118
55 189
55 186
55 226
55 60
55 24
55 8
55 209
55 285
55 59
55 42
55 45
55 49
55 53
55 120
55 246
55 260
55 284
55 292
56 17
56 185
56 27
56 68
56 288
56 70
56 247
56 260
56 224
56 63
56 23
56 42
56 61
56 75
56 105
56 113
56 275
57 230
57 31
57 251
57 203
57 1
57 88
57 248
57 54
57 42
57 190
57 299
57 106
57 291
57 3
57 200
57 178
57 10
57 137
57 300
57 37
57 105
57 142
58 13
58 42
58 122
58 108
58 62
58 289
58 125
58 50
58 53
58 64
58 109
58 173
58 230
58 241
58 258
58 292
59 111
59 245
59 279
59 285
59 240
59 250
59 186
59 293
59 225
59 221
59 116
59 275
59 17
59 164
59 29
59 38
59 55
59 72
59 161
59 188
60 77
60 97
60 110
60 230
60 23
60 207
60 13
60 72
60 244
60 187
60 111
60 161
60 37
60 9
60 17
60 29
60 51
60 55
60 64
60 66
60 95
60 130
60 131
60 155
60 180
60 256
60 268
61 56
61 198
61 162
61 77
61 36
61 109
61 83
61 93
61 295
61 246
61 49
61 115
61 269
61 75
61 95
61 99
61 151
61 173
61 188
61 200
61 215
61 247
62 100
62 258
62 142
62 105
62 190
62 40
62 19
62 83
62 150
62 87
62 161
62 58
62 77
62 103
62 141
62 147
62 268
63 182
63 284
63 197
63 26
63 221
63 78
63 160
63 86
63 95
63 64
63 99
63 275
63 180
63 20
63 22
63 37
63 56
63 69
63 109
63 120
63 144
63 146
63 198
63 229
63 254
63 266
63 292
64 154
64 249
64 123
64 130
64 103
64 58
64 199
64 60
64 151
64 168
64 230
64 189
64 271
64 217
64 46
64 51
64 52
64 63
64 65
64 92
64 138
64 148
64 161
64 162
64 178
64 203
64 233
64 252
65 216
65 80
65 111
65 64
65 183
65 243
65 84
65 187
65 224
65 225
66 218
66 175
66 184
66 15
66 91
66 159
66 226
66 12
66 162
66 60
66 242
66 22
66 35
66 44
66 121
66 126
66 129
66 193
66 269
66 287
67 72
67 243
67 49
67 122
67 35
67 83
67 44
67 53
67 85
67 98
67 100
67 121
67 152
68 105
68 279
68 108
68 148
68 34
68 112
68 232
68 147
68 156
68 56
68 131
68 133
68 188
68 206
68 215
68 218
68 228
68 250
68 289
69 129
69 63
69 194
69 283
69 280
69 91
69 160
69 228
69 53
69 142
69 264
70 255
70 91
70 2
70 175
70 193
70 26
70 256
70 242
70 202
70 6
70 32
70 49
70 56
70 89
70 116
70 187
70 199
70 203
70 205
70 215
70 241
70 258
70 268
70 270
71 174
71 188
71 281
71 81
71 169
71 201
71 77
71 142
71 39
71 165
71 204
71 184
71 147
71 16
71 45
71 108
71 162
71 232
71 272
72 59
72 288
72 295
72 255
72 9
72 13
72 33
72 60
72 67
72 109
72 167
72 194
72 293
73 275
73 259
73 49
73 246
73 286
73 89
73 145
73 149
73 196
73 215
73 237
73 278
74 226
74 292
74 171
74 186
74 22
74 253
74 16
74 50
74 104
74 176
74 192
74 241
74 260
75 44
75 3
75 267
75 132
75 147
75 254
75 11
75 112
75 56
75 248
75 262
75 146
75 161
75 35
75 23
75 271
75 187
75 43
75 52
75 61
75 100
75 138
75 150
75 205
75 218
75 285
76 44
76 86
76 186
76 250
76 3
76 6
76 113
76 119
76 142
76 146
76 177
76 239
76 299
77 90
77 137
77 83
77 36
77 243
77 62
77 135
77 37
77 60
77 61
77 71
77 99
77 106
77 183
77 270
77 288
78 198
78 221
78 283
78 27
78 40
78 45
78 63
78 85
78 94
78 184
78 265
78 272
79 8
79 287
79 4
79 131
79 274
79 2
79 157
79 19
79 45
79 89
79 150
79 171
79 187
79 210
79 213
79 264
79 290
79 294
79 299
80 282
80 220
80 100
80 268
80 260
80 65
80 123
80 125
80 131
80 132
80 164
80 189
80 215
80 231
80 273
80 288
81 234
81 274
81 92
81 142
81 31
81 153
81 17
81 212
81 20
81 44
81 71
81 96
81 163
81 192
82 25
82 39
82 252
82 5
82 46
82 27
82 107
82 121
82 157
82 171
82 182
82 238
82 278
82 292
83 207
83 162
83 61
83 62
83 67
83 77
83 84
83 89
83 156
83 197
83 214
83 230
83 236
83 255
83 290
84 131
84 129
84 83
84 65
84 163
84 133
84 269
84 297
84 249
84 1
84 29
84 185
84 188
84 250
84 252
84 256
85 78
85 211
85 43
85 67
85 44
85 38
85 36
85 92
85 105
85 131
85 183
85 258
85 288
86 140
86 280
86 291
86 182
86 261
86 159
86 180
86 19
86 51
86 63
86 76
86 222
86 250
87 28
87 268
87 240
87 162
87 180
87 38
87 51
87 138
87 185
87 203
87 128
87 225
87 252
87 257
87 234
87 245
87 116
87 223
87 36
87 62
87 105
87 158
87 271
88 97
88 20
88 238
88 21
88 54
88 109
88 41
88 197
88 244
88 29
88 34
88 57
88 90
88 104
88 105
88 121
88 195
88 213
88 269
89 11
89 79
89 280
89 103
89 83
89 70
89 182
89 73
89 106
89 164
89 283
89 249
89 226
89 8
89 23
89 29
89 107
89 185
89 195
89 212
89 247
89 248
89 253
89 256
89 273
89 276
89 290
90 24
90 162
90 88
90 202
90 277
90 229
90 193
90 142
90 283
90 297
90 2
90 16
90 27
90 32
90 77
90 92
90 116
90 126
90 132
90 258
91 146
91 25
91 26
91 1
91 269
91 203
91 114
91 160
91 111
91 14
91 258
91 132
91 201
91 38
91 11
91 229
91 217
91 237
91 236
91 199
91 50
91 66
91 69
91 70
91 141
91 240
91 245
91 255
92 85
92 90
92 64
92 18
92 97
92 250
92 145
92 252
92 210
92 265
92 35
92 37
92 81
92 119
92 132
92 151
92 211
92 230
92 264
93 203
93 204
93 175
93 162
93 294
93 16
93 37
93 43
93 52
93 61
93 132
93 155
93 181
93 192
93 242
94 144
94 188
94 135
94 293
94 225
94 12
94 78
94 134
94 240
94 253
95 168
95 61
95 60
95 136
95 251
95 112
95 197
95 177
95 5
95 20
95 114
95 15
95 18
95 19
95 63
95 110
95 111
95 124
95 146
95 152
95 164
95 174
95 229
95 256
95 258
96 168
96 190
96 215
96 81
96 110
96 256
96 11
96 212
96 54
96 151
96 24
96 101
96 209
96 233
96 238
96 246
97 169
97 256
97 284
97 30
97 242
97 48
97 182
97 189
97 156
97 35
97 60
97 88
97 92
97 119
97 135
97 139
97 243
97 287
97 299
98 182
98 67
98 36
98 154
98 44
98 157
98 145
98 201
98 237
98 43
98 117
98 158
98 161
98 187
98 193
98 200
98 240
98 262
98 264
99 15
99 35
99 50
99 61
99 77
99 292
99 63
99 131
99 182
99 199
99 204
99 214
99 253
99 265
99 270
99 272
99 285
100 151
100 22
100 281
100 48
100 67
100 75
100 44
100 256
100 231
100 12
100 230
100 62
100 80
100 109
100 164
100 199
100 248
100 265
101 96
101 106
101 50
101 132
101 150
101 7
101 38
101 53
101 107
101 204
101 217
101 224
101 260
102 203
102 275
102 266
102 272
102 232
102 198
102 11
102 243
102 197
102 234
102 120
102 145
102 112
102 23
102 36
102 124
102 160
102 185
102 282
102 297
103 199
103 50
103 269
103 62
103 206
103 116
103 259
103 143
103 7
103 16
103 46
103 48
103 64
103 89
103 106
103 109
103 195
103 202
103 247
103 288
103 291
104 131
104 187
104 148
104 168
104 188
104 200
104 286
104 74
104 31
104 88
104 26
104 165
104 170
105 56
105 120
105 231
105 108
105 57
105 203
105 21
105 88
105 85
105 87
105 34
105 38
105 49
105 62
105 68
105 139
105 143
105 151
105 160
105 210
105 241
105 242
105 262
106 244
106 5
106 200
106 15
106 205
106 184
106 125
106 77
106 2
106 103
106 57
106 89
106 101
106 154
106 159
106 216
106 224
106 233
106 272
106 290
107 287
107 232
107 205
107 231
107 89
107 194
107 118
107 101
107 123
107 109
107 82
107 292
107 281
107 176
107 21
107 261
107 268
108 22
108 27
108 71
108 203
108 259
108 161
108 58
108 68
108 105
108 109
108 121
108 132
108 181
108 211
108 229
108 288
109 108
109 49
109 29
109 58
109 112
109 264
109 15
109 100
109 63
109 72
109 229
109 103
109 22
109 43
109 61
109 88
109 107
109 133
109 151
109 187
109 196
109 292
110 34
110 176
110 95
110 5
110 222
110 235
110 190
110 22
110 47
110 60
110 96
110 143
110 161
110 183
110 198
110 296
111 158
111 228
111 287
111 184
111 236
111 95
111 172
111 4
111 259
111 21
111 283
111 19
111 48
111 213
111 288
111 6
111 13
111 37
111 59
111 60
111 65
111 91
111 145
111 173
111 258
111 271
111 273
112 264
112 68
112 75
112 95
112 102
112 109
112 130
112 139
112 142
112 154
112 218
112 294
113 197
113 22
113 130
113 76
113 148
113 224
113 296
113 214
113 118
113 56
113 52
113 3
113 38
113 119
113 216
113 220
113 295
114 156
114 23
114 45
114 91
114 95
114 119
114 154
114 292
115 253
115 11
115 178
115 232
115 130
115 245
115 39
115 61
115 169
115 170
115 186
115 198
115 239
115 244
115 246
115 263
115 278
116 90
116 233
116 299
116 143
116 290
116 197
116 70
116 48
116 245
116 131
116 20
116 59
116 87
116 103
116 162
116 212
116 284
116 291
117 2
117 212
117 285
117 8
117 282
117 290
117 98
117 41
117 13
117 30
117 46
117 129
117 140
117 205
117 215
117 266
117 295
118 223
118 288
118 299
118 3
118 291
118 22
118 44
118 49
118 55
118 107
118 113
118 129
118 160
118 266
119 124
119 269
119 39
119 150
119 97
119 92
119 179
119 122
119 114
119 113
119 194
119 133
119 76
119 231
119 242
119 15
119 160
119 173
119 225
119 229
119 265
120 147
120 197
120 158
120 33
120 276
120 219
120 122
120 36
120 161
120 63
120 55
120 14
120 6
120 28
120 102
120 105
120 151
120 209
120 231
121 67
121 51
121 150
121 154
121 262
121 108
121 82
121 269
121 48
121 88
121 128
121 156
121 66
121 23
121 33
121 35
121 172
121 187
121 204
121 218
121 291
122 168
122 223
122 146
122 4
122 14
122 19
122 32
122 34
122 51
122 58
122 67
122 119
122 120
122 127
122 139
122 166
123 80
123 32
123 34
123 287
123 164
123 30
123 64
123 107
123 125
123 145
123 211
123 258
124 170
124 257
124 102
124 220
124 205
124 14
124 126
124 41
124 210
124 175
124 95
124 280
124 208
124 10
124 119
124 139
124 144
124 194
124 196
124 211
124 253
124 289
124 297
125 225
125 193
125 80
125 31
125 45
125 123
125 270
125 239
125 245
125 13
125 43
125 58
125 106
125 140
125 171
125 201
125 208
125 222
125 279
125 299
126 143
126 90
126 212
126 25
126 174
126 286
126 66
126 38
126 249
126 52
126 124
126 156
126 160
126 180
126 204
126 235
126 272
126 299
127 156
127 43
127 122
127 235
127 293
127 285
127 50
127 241
127 216
127 19
127 24
127 39
127 239
127 252
127 254
127 266
128 249
128 4
128 237
128 218
128 25
128 209
128 13
128 19
128 33
128 241
128 87
128 121
128 172
128 192
129 44
129 117
129 66
129 118
129 226
129 28
129 146
129 23
129 172
129 33
129 69
129 84
129 143
129 211
129 227
129 300
130 273
130 30
130 60
130 10
130 112
130 206
130 7
130 17
130 64
130 113
130 115
130 171
130 187
130 194
130 203
130 213
130 215
130 260
131 274
131 134
131 266
131 68
131 85
131 99
131 60
131 278
131 80
131 290
131 40
131 79
131 84
131 104
131 116
131 144
131 173
131 202
131 229
131 243
131 263
132 108
132 90
132 93
132 92
132 273
132 226
132 146
132 235
132 152
132 276
132 280
132 262
132 80
132 162
132 35
132 75
132 91
132 101
132 194
132 203
132 240
132 253
132 279
133 16
133 239
133 138
133 68
133 18
133 284
133 26
133 109
133 20
133 31
133 44
133 84
133 119
133 146
133 171
134 297
134 50
134 185
134 209
134 146
134 94
134 140
134 131
134 196
134 282
135 158
135 288
135 190
135 194
135 256
135 275
135 145
135 156
135 97
135 26
135 183
135 16
135 77
135 94
135 143
135 144
135 148
135 161
135 163
135 209
135 238
136 234
136 257
136 259
136 3
136 2
136 95
136 188
136 194
137 20
137 33
137 268
137 252
137 51
137 235
137 52
137 4
137 36
137 57
137 77
137 138
137 170
137 246
138 49
138 16
138 75
138 10
138 274
138 143
138 196
138 166
138 248
138 47
138 64
138 137
138 87
138 133
138 150
138 183
138 192
138 284
139 241
139 112
139 122
139 124
139 280
139 97
139 265
139 227
139 300
139 45
139 253
139 105
139 7
139 27
139 38
139 50
139 167
139 168
139 192
139 195
139 201
139 248
139 295
140 169
140 214
140 195
140 125
140 117
140 14
140 19
140 23
140 49
140 86
140 134
140 155
140 156
140 183
141 277
141 5
141 223
141 91
141 206
141 4
141 62
141 33
141 176
141 218
141 263
142 172
142 189
142 112
142 69
142 33
142 269
142 239
142 57
142 257
142 76
142 270
142 62
142 71
142 81
142 90
142 153
142 195
142 198
142 258
142 265
143 2
143 144
143 129
143 36
143 135
143 191
143 110
143 105
143 6
143 40
143 48
143 103
143 116
143 126
143 138
143 164
143 235
144 63
144 135
144 131
144 124
144 269
144 94
144 143
144 157
144 165
144 170
144 204
144 290
145 175
145 73
145 111
145 287
145 8
145 167
145 297
145 123
145 4
145 28
145 92
145 98
145 102
145 135
145 178
145 183
145 194
145 204
145 227
145 267
145 300
146 290
146 162
146 300
146 209
146 267
146 280
146 201
146 76
146 95
146 47
146 180
146 63
146 133
146 21
146 28
146 75
146 91
146 122
146 129
146 132
146 134
146 224
146 239
146 253
147 283
147 285
147 272
147 275
147 165
147 62
147 4
147 68
147 71
147 75
147 120
147 160
147 270
147 280
147 282
147 284
148 64
148 168
148 178
148 273
148 183
148 290
148 286
148 135
148 15
148 44
148 68
148 104
148 113
148 150
148 258
149 277
149 48
149 44
149 245
149 2
149 73
149 43
149 208
149 179
149 291
150 292
150 75
150 148
150 156
150 79
150 210
150 138
150 195
150 37
150 44
150 62
150 101
150 119
150 121
150 160
150 161
150 172
150 214
150 277
151 187
151 181
151 61
151 209
151 193
151 92
151 219
151 105
151 109
151 205
151 257
151 120
151 28
151 64
151 96
151 100
151 167
152 177
152 155
152 262
152 275
152 298
152 289
152 95
152 67
152 132
152 292
153 224
153 230
153 206
153 31
153 142
153 18
153 81
153 168
153 197
153 211
153 217
153 243
153 298
154 36
154 112
154 29
154 179
154 114
154 270
154 230
154 206
154 106
154 35
154 39
154 40
154 51
154 64
154 98
154 121
154 172
154 199
154 214
154 262
154 289
155 186
155 140
155 54
155 187
155 60
155 216
155 93
155 158
155 262
155 40
155 49
155 28
155 152
155 176
155 231
155 297
156 199
156 264
156 181
156 184
156 83
156 274
156 126
156 293
156 140
156 170
156 7
156 13
156 68
156 97
156 114
156 121
156 127
156 135
156 150
156 175
156 194
156 217
156 233
156 259
156 261
156 272
157 167
157 165
157 82
157 144
157 26
157 23
157 25
157 79
157 98
157 171
157 203
157 207
157 213
157 239
157 268
157 270
158 41
158 237
158 253
158 241
158 98
158 87
158 33
158 211
158 111
158 120
158 135
158 155
158 185
158 208
158 229
158 265
158 273
159 106
159 7
159 66
159 86
159 232
159 233
160 289
160 299
160 118
160 126
160 52
160 102
160 147
160 119
160 1
160 293
160 105
160 150
160 63
160 69
160 91
160 170
160 200
160 251
160 255
160 295
161 298
161 135
161 241
161 270
161 170
161 182
161 15
161 259
161 265
161 169
161 64
161 59
161 25
161 6
161 252
161 110
161 98
161 150
161 60
161 62
161 75
161 108
161 120
161 173
161 183
161 209
161 274
162 42
162 64
162 51
162 116
162 205
162 71
162 28
162 29
162 61
162 66
162 83
162 87
162 90
162 93
162 132
162 146
162 165
162 235
162 236
162 254
162 262
163 25
163 40
163 81
163 135
163 206
163 16
163 84
163 166
163 181
163 191
163 252
163 277
163 290
163 297
164 219
164 95
164 80
164 181
164 100
164 272
164 245
164 143
164 14
164 59
164 89
164 123
164 171
164 177
164 206
164 233
164 251
164 289
165 162
165 228
165 144
165 296
165 274
165 104
165 196
165 206
165 47
165 51
165 52
165 71
165 147
165 157
165 215
165 217
165 239
165 284
166 299
166 122
166 169
166 32
166 248
166 3
166 198
166 286
166 163
166 27
166 138
166 174
166 190
166 201
166 224
166 232
166 282
167 293
167 10
167 16
167 263
167 228
167 168
167 212
167 236
167 151
167 41
167 139
167 72
167 201
167 12
167 30
167 43
167 46
167 145
167 157
167 237
167 268
167 283
168 3
168 35
168 139
168 178
168 242
168 296
168 153
168 281
168 5
168 40
168 51
168 64
168 95
168 96
168 104
168 122
168 148
168 167
168 181
168 292
169 115
169 202
169 291
169 258
169 265
169 22
169 71
169 97
169 140
169 161
169 166
170 160
170 137
170 195
170 26
170 104
170 212
170 115
170 4
170 202
170 144
170 6
170 54
170 124
170 156
170 161
170 184
170 196
170 234
171 179
171 82
171 130
171 25
171 125
171 188
171 237
171 164
171 79
171 254
171 157
171 49
171 40
171 187
171 133
171 2
171 32
171 39
171 43
171 74
171 190
171 252
171 264
172 150
172 230
172 260
172 128
172 121
172 21
172 192
172 30
172 154
172 295
172 13
172 111
172 129
172 142
172 185
172 201
173 58
173 220
173 161
173 1
173 300
173 111
173 250
173 61
173 131
173 119
173 9
173 237
174 166
174 244
174 95
174 257
174 38
174 200
174 36
174 71
174 126
174 195
174 228
174 260
174 264
174 269
174 292
174 298
175 156
175 262
175 66
175 70
175 93
175 124
175 145
175 178
175 277
175 282
176 211
176 267
176 6
176 264
176 282
176 155
176 50
176 257
176 74
176 235
176 3
176 221
176 187
176 141
176 7
176 107
176 110
176 202
176 207
176 265
177 164
177 295
177 251
177 216
177 278
177 283
177 76
177 245
177 38
177 235
177 44
177 27
177 4
177 30
177 95
177 152
177 214
177 224
177 234
177 237
177 272
177 277
177 280
178 296
178 256
178 18
178 175
178 64
178 191
178 145
178 57
178 115
178 148
178 168
178 212
178 268
178 272
179 208
179 5
179 234
179 291
179 293
179 247
179 27
179 37
179 119
179 149
179 154
179 171
179 248
179 283
180 126
180 295
180 278
180 187
180 60
180 292
180 240
180 42
180 50
180 63
180 86
180 87
180 146
180 216
180 250
180 300
181 108
181 168
181 224
181 163
181 93
181 10
181 37
181 46
181 151
181 156
181 164
181 216
181 233
181 243
181 268
181 288
181 296
182 82
182 42
182 49
182 11
182 219
182 99
182 226
182 15
182 63
182 86
182 89
182 97
182 98
182 161
182 202
182 206
182 233
182 250
182 281
182 283
183 36
183 85
183 234
183 244
183 276
183 110
183 7
183 138
183 161
183 30
183 140
183 45
183 77
183 145
183 3
183 20
183 65
183 135
183 148
183 200
183 268
184 39
184 170
184 238
184 78
184 38
184 66
184 71
184 106
184 111
184 156
184 222
184 266
185 84
185 158
185 46
185 172
185 102
185 89
185 34
185 213
185 56
185 87
185 134
185 210
185 221
186 11
186 115
186 189
186 22
186 55
186 59
186 74
186 76
186 155
186 213
186 237
186 260
186 279
187 65
187 121
187 70
187 280
187 109
187 130
187 79
187 242
187 98
187 210
187 60
187 75
187 104
187 151
187 155
187 171
187 176
187 180
187 299
188 211
188 68
188 18
188 41
188 136
188 84
188 61
188 206
188 237
188 212
188 59
188 33
188 37
188 71
188 94
188 104
188 171
188 219
188 246
189 80
189 231
189 26
189 232
189 8
189 23
189 32
189 55
189 64
189 97
189 142
189 186
189 235
189 268
190 237
190 1
190 166
190 221
190 171
190 287
190 21
190 57
190 62
190 96
190 110
190 135
190 207
190 252
191 163
191 35
191 46
191 143
191 178
191 204
191 212
191 291
192 297
192 259
192 139
192 42
192 93
192 74
192 81
192 213
192 128
192 138
192 247
192 207
192 26
192 33
192 172
192 239
192 278
192 290
193 20
193 7
193 231
193 42
193 98
193 270
193 250
193 260
193 66
193 257
193 265
193 35
193 37
193 49
193 70
193 90
193 125
193 151
193 271
194 145
194 248
194 204
194 132
194 294
194 156
194 259
194 130
194 72
194 136
194 282
194 124
194 69
194 107
194 119
194 135
194 195
194 261
194 296
195 174
195 88
195 103
195 89
195 295
195 142
195 194
195 286
195 139
195 6
195 31
195 32
195 49
195 140
195 150
195 170
195 268
195 288
196 134
196 73
196 170
196 203
196 30
196 248
196 288
196 124
196 285
196 273
196 109
196 4
196 16
196 21
196 44
196 138
196 165
196 274
196 294
197 83
197 232
197 153
197 269
197 20
197 32
197 40
197 63
197 88
197 95
197 102
197 113
197 116
197 120
197 202
197 218
197 259
198 46
198 15
198 63
198 51
198 115
198 110
198 142
198 61
198 78
198 102
198 166
198 210
198 238
198 239
198 240
198 248
198 264
199 42
199 210
199 31
199 100
199 221
199 154
199 45
199 70
199 205
199 99
199 216
199 64
199 91
199 103
199 156
199 202
199 286
200 42
200 61
200 160
200 183
200 297
200 98
200 22
200 24
200 37
200 47
200 57
200 104
200 106
200 174
200 254
201 238
201 20
201 172
201 259
201 166
201 287
201 44
201 139
201 234
201 125
201 8
201 9
201 37
201 71
201 91
201 98
201 146
201 167
201 204
201 213
201 233
201 279
202 247
202 272
202 197
202 2
202 274
202 103
202 182
202 176
202 208
202 131
202 199
202 27
202 70
202 90
202 169
202 170
202 235
202 243
202 260
202 265
202 283
203 51
203 287
203 64
203 226
203 13
203 132
203 130
203 70
203 272
203 32
203 262
203 157
203 224
203 232
203 57
203 87
203 91
203 93
203 102
203 105
203 108
203 196
203 223
203 235
203 250
203 295
204 126
204 191
204 121
204 145
204 220
204 23
204 144
204 99
204 101
204 201
204 14
204 71
204 93
204 194
204 234
204 263
205 42
205 117
205 44
205 5
205 70
205 17
205 75
205 46
205 106
205 107
205 124
205 151
205 162
205 199
205 212
205 261
206 290
206 164
206 256
206 38
206 218
206 182
206 298
206 17
206 68
206 24
206 103
206 130
206 141
206 153
206 154
206 163
206 165
206 188
206 253
207 29
207 298
207 264
207 289
207 157
207 233
207 17
207 190
207 176
207 48
207 50
207 60
207 83
207 192
207 243
208 211
208 158
208 295
208 284
208 274
208 256
208 125
208 293
208 2
208 124
208 149
208 179
208 202
208 213
208 283
209 120
209 96
209 53
209 161
209 135
209 13
209 31
209 43
209 55
209 128
209 134
209 146
209 151
209 212
209 250
210 185
210 6
210 34
210 11
210 259
210 105
210 288
210 79
210 198
210 281
210 92
210 124
210 150
210 187
210 199
211 129
211 108
211 92
211 124
211 153
211 18
211 123
211 20
211 23
211 50
211 85
211 158
211 176
211 188
211 208
211 242
211 252
211 297
212 209
212 191
212 230
212 28
212 48
212 205
212 33
212 116
212 178
212 89
212 34
212 81
212 96
212 117
212 126
212 167
212 170
212 188
212 240
213 186
213 130
213 7
213 201
213 88
213 208
213 79
213 5
213 16
213 157
213 23
213 49
213 111
213 185
213 192
213 242
213 249
213 251
213 261
214 236
214 228
214 99
214 150
214 83
214 177
214 227
214 154
214 17
214 113
214 140
214 221
214 237
215 130
215 70
215 73
215 80
215 27
215 165
215 1
215 117
215 61
215 293
215 68
215 32
215 37
215 44
215 96
216 293
216 106
216 17
216 181
216 180
216 113
216 65
216 127
216 155
216 177
216 199
216 260
216 269
216 274
216 276
216 282
217 165
217 153
217 156
217 284
217 8
217 101
217 64
217 91
217 227
217 228
218 261
218 68
218 51
218 112
218 197
218 121
218 75
218 259
218 230
218 141
218 9
218 27
218 54
218 66
218 128
218 206
218 237
218 276
218 280
219 188
219 36
219 24
219 260
219 120
219 151
219 164
219 182
219 231
219 232
219 245
219 273
220 266
220 15
220 113
220 237
220 5
220 22
220 35
220 36
220 51
220 80
220 124
220 173
220 204
220 221
220 229
220 254
220 258
220 296
221 185
221 280
221 14
221 214
221 47
221 31
221 261
221 17
221 18
221 27
221 220
221 2
221 16
221 22
221 59
221 63
221 78
221 176
221 190
221 199
221 241
222 125
222 234
222 5
222 184
222 86
222 236
222 38
222 8
222 110
222 240
223 296
223 203
223 18
223 238
223 299
223 242
223 87
223 118
223 122
223 141
223 257
223 259
224 106
224 177
224 42
224 146
224 19
224 6
224 65
224 239
224 166
224 101
224 34
224 36
224 56
224 113
224 153
224 181
224 203
225 41
225 231
225 240
225 119
225 300
225 65
225 59
225 87
225 94
225 125
225 254
225 272
226 43
226 2
226 20
226 28
226 55
226 66
226 74
226 89
226 129
226 132
226 182
226 203
226 259
226 293
227 45
227 145
227 129
227 242
227 30
227 217
227 8
227 48
227 139
227 214
227 251
227 300
228 68
228 28
228 217
228 297
228 174
228 2
228 38
228 51
228 69
228 111
228 165
228 167
228 214
228 235
228 262
228 291
229 48
229 276
229 8
229 282
229 108
229 119
229 63
229 220
229 158
229 95
229 131
229 20
229 21
229 31
229 90
229 91
229 109
230 8
230 2
230 92
230 83
230 58
230 6
230 57
230 60
230 64
230 100
230 153
230 154
230 172
230 212
230 218
230 268
230 274
230 277
231 26
231 22
231 299
231 233
231 80
231 19
231 285
231 16
231 120
231 155
231 38
231 246
231 219
231 44
231 100
231 105
231 107
231 119
231 189
231 193
231 225
231 234
231 291
231 292
232 250
232 245
232 12
232 71
232 266
232 159
232 166
232 219
232 46
232 52
232 68
232 102
232 107
232 115
232 189
232 197
232 203
232 239
232 253
233 96
233 294
233 30
233 201
233 181
233 280
233 156
233 239
233 106
233 182
233 164
233 47
233 159
233 269
233 64
233 285
233 32
233 2
233 25
233 52
233 54
233 116
233 207
233 231
233 250
233 265
233 266
233 278
234 241
234 170
234 36
234 177
234 231
234 204
234 47
234 81
234 87
234 102
234 136
234 179
234 183
234 201
234 222
234 263
235 143
235 296
235 293
235 203
235 274
235 126
235 228
235 265
235 189
235 54
235 162
235 202
235 17
235 110
235 127
235 132
235 137
235 176
235 177
235 236
235 263
236 42
236 245
236 83
236 235
236 162
236 7
236 34
236 91
236 111
236 167
236 214
236 222
236 249
237 43
237 300
237 218
237 186
237 73
237 173
237 177
237 167
237 249
237 214
237 52
237 91
237 98
237 128
237 158
237 171
237 188
237 190
237 220
237 261
237 279
238 82
238 198
238 135
238 295
238 96
238 12
238 3
238 263
238 284
238 268
238 27
238 34
238 88
238 184
238 201
238 223
238 255
238 257
238 272
238 273
238 278
238 282
239 26
239 157
239 198
239 115
239 165
239 146
239 39
239 127
239 232
239 76
239 192
239 125
239 133
239 142
239 224
239 233
239 265
239 273
239 288
240 212
240 91
240 198
240 32
240 132
240 94
240 222
240 42
240 289
240 98
240 28
240 59
240 87
240 180
240 225
240 257
240 260
240 277
241 58
241 70
241 74
241 221
241 5
241 105
241 266
241 43
241 127
241 128
241 139
241 158
241 161
241 234
242 93
242 211
242 213
242 266
242 270
242 257
242 105
242 27
242 51
242 66
242 70
242 97
242 119
242 168
242 187
242 223
242 227
242 277
243 36
243 131
243 202
243 181
243 153
243 97
243 207
243 54
243 34
243 65
243 67
243 77
243 102
244 115
244 23
244 28
244 54
244 60
244 88
244 106
244 174
244 183
244 267
244 273
245 46
245 91
245 292
245 279
245 255
245 11
245 219
245 16
245 25
245 30
245 34
245 51
245 59
245 87
245 115
245 116
245 125
245 149
245 164
245 177
245 232
245 236
245 252
246 261
246 282
246 55
246 96
246 291
246 289
246 115
246 188
246 50
246 293
246 137
246 35
246 61
246 73
246 231
246 267
247 260
247 61
247 41
247 103
247 8
247 89
247 23
247 56
247 179
247 192
247 202
247 252
248 198
248 179
248 139
248 89
248 100
248 6
248 36
248 57
248 75
248 138
248 166
248 194
248 196
248 273
248 282
249 39
249 264
249 236
249 275
249 297
249 49
249 24
249 213
249 64
249 84
249 89
249 126
249 128
249 237
249 273
249 277
250 182
250 68
250 203
250 47
250 209
250 28
250 84
250 180
250 86
250 233
250 297
250 53
250 59
250 76
250 92
250 173
250 193
250 232
250 267
251 160
251 271
251 283
251 227
251 164
251 213
251 295
251 280
251 45
251 51
251 57
251 95
251 177
251 277
252 49
252 64
252 84
252 299
252 23
252 190
252 21
252 127
252 245
252 48
252 163
252 211
252 171
252 247
252 6
252 19
252 40
252 82
252 87
252 92
252 137
252 161
252 277
253 132
253 232
253 99
253 146
253 268
253 89
253 206
253 94
253 124
253 35
253 74
253 115
253 139
253 158
253 254
253 270
254 200
254 220
254 280
254 127
254 225
254 253
254 162
254 63
254 13
254 27
254 32
254 75
254 171
254 266
254 272
254 274
255 83
255 238
255 91
255 160
255 39
255 44
255 70
255 72
255 245
255 290
256 5
256 60
256 84
256 95
256 3
256 89
256 291
256 27
256 70
256 96
256 97
256 100
256 135
256 178
256 206
256 208
256 272
256 274
256 277
256 290
256 292
256 298
257 270
257 48
257 223
257 238
257 300
257 240
257 9
257 13
257 22
257 23
257 87
257 124
257 136
257 142
257 151
257 174
257 176
257 193
257 242
257 268
257 285
258 220
258 142
258 58
258 123
258 95
258 85
258 70
258 287
258 148
258 111
258 90
258 3
258 62
258 91
258 169
259 276
259 32
259 223
259 197
259 156
259 25
259 226
259 274
259 53
259 8
259 73
259 103
259 108
259 111
259 136
259 161
259 192
259 194
259 201
259 210
259 218
260 174
260 202
260 55
260 216
260 74
260 186
260 240
260 101
260 130
260 40
260 19
260 46
260 56
260 80
260 172
260 193
260 219
260 247
260 263
261 156
261 107
261 205
261 51
261 263
261 28
261 194
261 237
261 213
261 4
261 30
261 34
261 86
261 218
261 221
261 246
262 47
262 105
262 154
262 36
262 162
262 228
262 98
262 273
262 3
262 52
262 75
262 121
262 132
262 152
262 155
262 175
262 203
262 269
262 287
263 234
263 141
263 115
263 131
263 260
263 204
263 235
263 33
263 167
263 238
263 261
264 275
264 171
264 291
264 174
264 7
264 98
264 198
264 69
264 11
264 79
264 92
264 31
264 109
264 112
264 156
264 176
264 207
264 249
264 278
265 38
265 142
265 78
265 119
265 99
265 49
265 176
265 233
265 158
265 43
265 202
265 100
265 239
265 4
265 54
265 92
265 139
265 161
265 169
265 193
265 235
265 284
266 28
266 254
266 184
266 118
266 63
266 51
266 233
266 127
266 117
266 27
266 54
266 102
266 131
266 220
266 232
266 241
266 242
266 286
267 10
267 280
267 246
267 250
267 14
267 145
267 244
267 49
267 75
267 146
267 176
268 62
268 181
268 230
268 257
268 178
268 195
268 183
268 14
268 107
268 70
268 167
268 60
268 157
268 189
268 16
268 30
268 42
268 80
268 87
268 137
268 238
268 253
268 270
269 88
269 262
269 174
269 216
269 66
269 8
269 46
269 61
269 84
269 91
269 103
269 119
269 121
269 142
269 144
269 197
269 233
269 287
270 253
270 77
270 99
270 11
270 297
270 147
270 268
270 70
270 19
270 157
270 2
270 47
270 125
270 142
270 154
270 161
270 193
270 242
270 257
271 193
271 111
271 87
271 290
271 5
271 23
271 35
271 64
271 75
271 251
272 254
272 71
272 47
272 238
272 126
272 178
272 37
272 99
272 78
272 225
272 106
272 156
272 256
272 177
272 23
272 42
272 49
272 102
272 147
272 164
272 202
272 203
273 244
273 219
273 28
273 249
273 45
273 111
273 89
273 19
273 80
273 54
273 239
273 238
273 284
273 20
273 298
273 158
273 297
273 291
273 248
273 2
273 38
273 130
273 132
273 148
273 196
273 262
274 15
274 161
274 46
274 216
274 281
274 196
274 254
274 230
274 256
274 37
274 36
274 16
274 23
274 79
274 81
274 131
274 138
274 156
274 165
274 202
274 208
274 235
274 259
274 291
275 24
275 56
275 46
275 59
275 63
275 73
275 102
275 135
275 147
275 152
275 249
275 264
276 216
276 45
276 14
276 89
276 285
276 218
276 39
276 38
276 54
276 120
276 132
276 183
276 229
276 259
277 251
277 249
277 230
277 294
277 175
277 150
277 177
277 256
277 45
277 252
277 240
277 163
277 242
277 43
277 49
277 90
277 141
277 149
278 115
278 14
278 73
278 82
278 264
278 298
278 238
278 5
278 192
278 233
278 31
278 131
278 177
278 180
279 201
279 237
279 132
279 125
279 280
279 286
279 186
279 34
279 59
279 68
279 245
280 177
280 147
280 218
280 291
280 29
280 54
280 69
280 86
280 89
280 124
280 132
280 139
280 146
280 187
280 221
280 233
280 251
280 254
280 267
280 279
281 54
281 5
281 295
281 25
281 182
281 7
281 32
281 71
281 100
281 107
281 168
281 210
281 274
282 134
282 4
282 248
282 216
282 238
282 175
282 166
282 147
282 102
282 80
282 117
282 176
282 194
282 229
282 246
282 284
282 286
282 290
283 179
283 285
283 202
283 208
283 28
283 32
283 167
283 182
283 69
283 78
283 89
283 90
283 111
283 147
283 177
283 251
283 290
284 116
284 291
284 147
284 265
284 55
284 165
284 138
284 282
284 63
284 97
284 133
284 208
284 217
284 238
284 273
285 257
285 75
285 99
285 294
285 41
285 55
285 59
285 117
285 127
285 147
285 196
285 231
285 233
285 276
285 283
285 286
286 199
286 285
286 266
286 282
286 288
286 50
286 51
286 73
286 104
286 126
286 148
286 166
286 195
286 279
286 290
287 269
287 262
287 66
287 50
287 97
287 24
287 2
287 79
287 107
287 111
287 123
287 145
287 190
287 201
287 203
287 258
287 296
288 300
288 77
288 103
288 239
288 108
288 195
288 181
288 293
288 85
288 26
288 80
288 21
288 56
288 72
288 111
288 118
288 135
288 196
288 210
288 286
289 154
289 124
289 68
289 20
289 5
289 164
289 24
289 28
289 58
289 152
289 160
289 207
289 240
289 246
290 106
290 49
290 15
290 79
290 89
290 163
290 256
290 299
290 192
290 83
290 282
290 144
290 283
290 286
290 255
290 28
290 43
290 116
290 117
290 131
290 146
290 148
290 206
290 271
291 191
291 4
291 274
291 5
291 231
291 228
291 53
291 149
291 103
291 121
291 116
291 45
291 57
291 86
291 118
291 169
291 179
291 246
291 256
291 264
291 273
291 280
291 284
291 297
292 58
292 256
292 82
292 168
292 63
292 55
292 231
292 109
292 152
292 174
292 114
292 2
292 9
292 74
292 99
292 107
292 150
292 180
292 245
293 226
293 72
293 7
293 59
293 94
293 127
293 156
293 160
293 167
293 179
293 208
293 215
293 216
293 235
293 246
293 288
293 295
294 196
294 112
294 79
294 45
294 47
294 93
294 194
294 233
294 277
294 285
295 293
295 139
295 9
295 117
295 113
295 203
295 160
295 19
295 28
295 44
295 61
295 72
295 172
295 177
295 180
295 195
295 208
295 238
295 251
295 281
296 287
296 110
296 181
296 220
296 194
296 3
296 4
296 113
296 165
296 168
296 178
296 223
296 235
297 291
297 124
297 155
297 163
297 102
297 211
297 27
297 84
297 90
297 134
297 145
297 192
297 200
297 228
297 249
297 250
297 270
297 273
298 153
298 174
298 256
298 17
298 51
298 152
298 161
298 206
298 207
298 273
298 278
299 126
299 76
299 27
299 50
299 97
299 187
299 25
299 24
299 125
299 79
299 7
299 35
299 46
299 57
299 116
299 118
299 160
299 166
299 223
299 231
299 252
299 290
300 145
300 180
300 42
300 227
300 129
300 29
300 41
300 57
300 139
300 146
300 173
300 225
300 237
300 257
300 288
