1 736
1 743
1 220
2 715
2 701
3 491
3 210
4 606
5 434
5 535
6 103
7 326
7 229
7 268
7 913
7 653
7 16
7 715
7 930
7 374
7 891
7 314
7 612
7 8
8 7
9 262
9 233
10 883
10 725
10 353
11 981
11 250
13 228
13 220
13 404
14 189
14 332
14 218
14 916
14 542
14 825
14 739
15 784
15 329
15 31
15 40
15 280
15 445
15 886
15 233
15 59
15 433
15 257
15 360
15 29
15 344
16 188
16 908
16 7
17 945
19 763
19 232
19 80
19 240
19 885
19 502
19 312
20 592
22 978
22 699
22 587
22 777
22 94
24 603
25 331
26 798
26 431
26 296
27 58
28 536
29 15
30 432
30 976
30 769
30 945
31 15
31 80
32 892
34 518
34 562
35 164
35 491
38 844
40 81
40 892
40 15
40 312
41 636
41 900
41 503
42 918
43 46
43 968
43 957
43 60
43 240
43 251
43 772
43 404
44 730
44 410
44 212
44 887
44 688
44 190
44 311
44 547
44 708
44 386
45 658
45 366
45 77
45 972
45 183
45 724
45 444
45 124
45 161
45 570
46 800
46 43
47 732
47 345
47 110
47 509
47 931
47 62
47 848
47 594
47 517
47 347
47 698
48 610
48 564
48 783
48 318
49 171
50 184
51 69
52 550
52 503
54 604
56 940
57 355
58 27
58 851
58 247
58 782
58 491
58 530
58 228
58 798
58 708
58 641
58 353
59 89
59 15
60 726
60 43
62 773
62 686
62 647
62 308
62 968
62 483
62 998
62 453
62 728
62 47
64 665
64 590
65 220
66 753
66 858
67 556
67 726
67 571
67 643
68 810
68 939
68 208
68 73
68 563
68 339
68 562
69 530
69 681
69 76
69 197
69 959
69 613
69 93
69 708
69 295
69 640
69 205
69 879
69 298
69 51
69 791
70 482
70 331
72 81
73 68
73 175
74 402
75 497
75 118
75 840
75 91
75 304
75 675
76 430
76 69
77 230
77 45
77 949
77 661
78 187
79 201
79 455
79 769
79 945
79 868
80 784
80 498
80 113
80 440
80 885
80 597
80 503
80 827
80 657
80 346
80 620
80 141
80 31
80 432
80 19
81 88
81 72
81 136
81 395
81 40
81 676
81 574
81 147
81 606
82 135
83 429
83 861
83 828
83 397
83 540
83 775
83 895
84 238
84 355
85 428
88 553
88 959
88 81
88 233
89 259
89 117
89 755
89 151
89 793
89 711
89 59
89 578
90 287
90 353
91 940
91 75
92 296
93 69
94 784
94 709
94 22
94 472
94 414
94 165
94 656
94 659
94 720
94 958
94 642
94 767
94 234
94 534
94 297
95 341
95 689
95 972
96 863
96 448
96 623
96 363
96 456
96 752
96 606
97 737
97 187
99 859
99 806
99 488
100 435
100 567
100 815
102 199
102 673
103 6
103 641
103 373
103 872
103 817
103 577
104 918
105 636
105 915
105 990
105 665
106 262
107 160
109 287
109 643
110 623
110 571
110 47
110 312
111 252
112 656
112 531
112 978
112 777
112 548
112 183
112 845
112 297
112 720
112 791
113 80
113 841
114 495
114 937
115 915
115 884
116 428
117 550
117 917
117 89
117 643
118 126
118 647
118 75
119 536
119 437
119 934
120 736
120 250
122 137
123 262
124 45
125 562
125 250
126 886
126 449
126 271
126 553
126 914
126 534
126 373
126 265
126 118
128 753
128 683
130 809
131 482
132 646
132 480
132 137
132 809
132 797
132 433
133 990
133 852
134 816
135 82
135 897
136 81
136 937
136 365
137 822
137 122
137 424
137 280
137 540
137 381
137 727
137 766
137 214
137 503
137 132
138 553
138 237
138 631
139 296
141 574
141 238
141 80
144 647
144 749
144 430
146 488
147 223
147 81
149 720
150 617
150 455
151 959
151 89
152 816
153 934
155 525
156 437
157 809
158 835
158 254
158 374
158 696
158 258
158 776
158 556
160 107
161 1000
161 937
161 45
162 726
162 353
163 646
164 35
164 416
164 892
164 841
165 940
165 94
165 349
166 425
166 946
166 945
166 683
167 630
167 841
168 858
168 752
169 365
171 335
171 361
171 177
171 49
171 912
171 469
171 451
171 226
171 535
171 918
172 595
173 491
173 590
173 250
174 600
174 798
174 606
175 245
175 298
175 871
175 332
175 73
175 684
175 552
175 248
175 367
177 433
177 171
178 859
178 689
179 846
179 398
179 736
179 679
180 976
181 430
183 981
183 45
183 578
183 112
183 296
184 502
184 50
184 352
184 330
184 864
184 917
184 897
185 287
186 300
186 609
186 439
186 509
186 824
186 577
187 558
187 995
187 191
187 97
187 78
188 412
188 956
188 922
188 426
188 440
188 16
188 587
188 874
189 14
190 991
190 44
190 402
190 769
190 868
191 500
191 962
191 187
191 604
192 846
192 397
193 679
193 897
193 665
193 437
194 434
194 571
194 631
195 467
195 841
197 983
197 69
197 431
199 102
199 351
199 858
200 539
201 938
201 635
201 837
201 307
201 377
201 79
201 828
202 891
203 503
204 690
204 296
205 69
206 238
206 604
206 431
207 252
208 68
210 880
210 240
210 563
210 750
210 215
210 479
210 401
210 368
210 932
210 263
210 363
210 334
210 3
210 660
211 237
211 810
211 1000
211 945
212 44
213 815
213 630
214 712
214 760
214 847
214 833
214 281
214 959
214 137
214 918
215 737
215 349
215 210
216 815
216 949
216 544
217 883
217 353
218 14
218 503
218 934
219 488
220 882
220 637
220 387
220 13
220 448
220 575
220 512
220 1
220 65
220 960
220 456
220 242
221 262
221 846
221 437
221 431
223 426
223 889
223 877
223 147
223 578
223 353
225 991
225 233
226 970
226 778
226 620
226 832
226 459
226 549
226 931
226 171
227 838
228 744
228 957
228 301
228 487
228 13
228 669
228 881
228 508
228 58
229 691
229 7
230 659
230 77
230 896
230 389
230 647
232 798
232 19
233 911
233 225
233 799
233 9
233 88
233 909
233 15
234 883
234 331
234 94
235 791
236 434
236 661
237 596
237 729
237 707
237 138
237 211
237 940
237 764
237 439
237 424
238 771
238 141
238 206
238 833
238 84
238 904
238 398
239 937
240 536
240 455
240 432
240 19
240 43
240 210
241 500
241 892
242 220
243 397
243 689
244 437
244 741
245 312
245 175
245 895
246 578
247 277
247 503
247 643
247 58
248 175
250 804
250 125
250 677
250 588
250 991
250 719
250 120
250 978
250 380
250 617
250 173
250 985
250 11
250 822
250 870
250 655
250 787
250 814
251 665
251 43
252 859
252 491
252 263
252 887
252 725
252 111
252 717
252 645
252 339
252 821
252 736
252 308
252 207
253 527
253 959
253 371
253 431
253 918
254 158
254 603
255 927
256 859
256 706
257 883
257 15
258 618
258 933
258 158
259 89
260 553
260 643
261 983
261 884
262 9
262 984
262 221
262 106
262 123
262 563
262 455
263 647
263 252
263 210
264 527
264 752
264 365
265 126
265 736
267 808
268 7
269 331
269 355
270 296
271 126
272 369
272 959
272 934
273 392
274 808
275 676
275 506
275 503
276 974
277 247
277 930
277 583
277 531
277 435
278 738
278 466
278 724
278 365
278 508
278 918
279 972
279 571
279 503
280 137
280 741
280 15
280 661
281 214
281 974
281 488
281 946
282 661
286 690
287 343
287 109
287 90
287 851
287 288
287 185
288 689
288 287
289 683
289 937
291 331
291 577
295 726
295 69
296 880
296 139
296 579
296 26
296 826
296 456
296 939
296 749
296 370
296 524
296 788
296 183
296 204
296 92
296 806
296 967
296 270
296 696
296 972
297 112
297 94
298 603
298 69
298 175
300 186
301 228
301 924
302 306
302 683
304 75
305 808
306 302
306 992
307 201
307 331
307 706
308 252
308 62
310 508
311 44
311 945
312 245
312 448
312 844
312 110
312 40
312 937
312 462
312 19
313 359
313 918
314 7
315 841
317 776
317 550
318 465
318 382
318 48
318 792
318 889
318 635
318 677
318 573
318 320
319 949
320 318
321 846
321 434
321 934
322 791
323 397
323 430
323 604
324 592
325 892
326 7
327 432
327 606
327 844
328 891
328 736
328 749
328 1000
328 432
328 365
329 701
329 726
329 630
329 15
330 184
330 946
331 971
331 25
331 910
331 234
331 816
331 598
331 70
331 415
331 307
331 958
331 269
331 291
332 14
332 726
332 798
332 175
333 769
334 430
334 210
335 171
335 1000
338 733
338 895
338 741
339 796
339 252
339 68
341 95
341 1000
341 924
342 623
342 706
342 577
343 937
343 287
343 365
344 741
344 392
344 15
345 801
345 47
345 355
345 909
346 80
347 892
347 47
349 354
349 759
349 769
349 497
349 165
349 940
349 651
349 959
349 468
349 727
349 422
349 433
349 215
349 916
350 791
351 199
351 737
351 701
351 937
352 184
353 399
353 995
353 432
353 675
353 223
353 390
353 457
353 690
353 795
353 908
353 910
353 815
353 90
353 475
353 879
353 925
353 217
353 162
353 10
353 58
354 349
354 884
355 57
355 631
355 954
355 84
355 345
355 452
355 834
355 269
355 434
355 658
355 386
355 503
356 883
356 934
357 945
357 590
359 940
359 660
359 313
359 580
359 835
359 416
359 679
359 458
360 15
361 171
361 643
361 508
362 883
362 617
362 841
363 725
363 96
363 210
365 646
365 535
365 328
365 343
365 136
365 264
365 169
365 278
366 45
367 175
368 900
368 503
368 210
369 991
369 272
369 439
369 456
369 681
369 628
369 562
369 810
369 945
369 590
370 630
370 726
370 604
370 404
370 296
371 253
371 782
372 940
372 643
373 126
373 103
374 158
374 630
374 7
375 434
375 503
376 983
377 491
377 201
380 720
380 250
381 851
381 137
381 577
382 318
383 851
383 617
383 972
383 508
385 927
386 44
386 455
386 355
387 220
388 972
389 230
389 844
390 353
390 934
392 656
392 746
392 551
392 398
392 344
392 702
392 273
393 924
393 643
393 884
394 974
394 503
395 81
396 491
396 687
396 917
396 437
396 946
397 902
397 685
397 481
397 192
397 243
397 991
397 323
397 678
397 83
398 179
398 757
398 602
398 238
398 629
398 556
398 392
399 353
400 940
401 528
401 631
401 210
402 436
402 422
402 869
402 74
402 719
402 190
404 880
404 717
404 464
404 370
404 949
404 760
404 537
404 43
404 13
404 877
405 810
408 983
410 44
412 188
413 571
414 94
415 434
415 331
415 726
416 164
416 691
416 359
416 437
417 592
418 915
419 689
420 945
421 683
422 402
422 741
422 349
423 949
424 673
424 137
424 237
425 166
425 838
425 918
426 223
426 188
428 85
428 116
428 577
428 743
429 83
429 749
429 924
430 446
430 706
430 855
430 901
430 181
430 144
430 76
430 897
430 607
430 566
430 323
430 334
430 521
430 844
431 905
431 197
431 221
431 253
431 946
431 805
431 206
431 821
431 679
431 26
431 599
432 30
432 996
432 778
432 675
432 327
432 240
432 818
432 328
432 652
432 353
432 80
433 951
433 759
433 177
433 132
433 15
433 349
434 415
434 236
434 321
434 916
434 194
434 906
434 968
434 375
434 5
434 809
434 355
435 100
435 277
435 816
436 402
437 244
437 193
437 221
437 156
437 757
437 119
437 416
437 396
437 959
437 896
437 761
437 508
439 186
439 369
439 237
439 488
440 188
440 80
441 940
441 937
441 577
442 924
443 776
443 701
444 687
444 806
444 937
444 45
445 467
445 15
446 430
448 96
448 220
448 312
449 126
449 647
449 706
451 171
452 355
453 679
453 62
455 718
455 262
455 386
455 240
455 150
455 511
455 79
455 845
456 369
456 96
456 220
456 296
457 868
457 353
458 359
458 578
459 226
459 838
460 525
460 838
460 720
461 525
461 844
462 606
462 312
463 690
463 590
464 974
464 706
464 528
464 404
465 318
466 278
466 858
467 445
467 663
467 624
467 992
467 195
467 504
467 569
467 843
467 580
467 854
467 809
468 643
468 349
469 688
469 171
469 606
470 726
470 702
472 94
472 918
473 877
475 776
475 353
475 884
475 852
479 838
479 720
479 210
480 132
481 397
482 883
482 780
482 70
482 131
483 690
483 62
484 976
486 683
487 228
487 643
488 281
488 219
488 636
488 99
488 923
488 708
488 146
488 439
488 933
489 755
489 528
491 173
491 655
491 35
491 3
491 506
491 396
491 377
491 252
491 769
491 58
492 660
493 578
493 595
494 577
495 114
496 687
496 701
497 75
497 349
498 80
500 241
500 191
501 518
501 528
502 184
502 810
502 19
503 983
503 714
503 275
503 52
503 279
503 375
503 203
503 843
503 355
503 368
503 734
503 796
503 247
503 814
503 394
503 218
503 672
503 137
503 41
503 80
504 467
505 690
506 491
506 275
506 976
507 917
507 897
508 310
508 833
508 881
508 361
508 889
508 383
508 228
508 278
508 767
508 437
508 852
509 186
509 47
509 844
509 720
510 725
511 679
511 455
512 220
513 661
514 769
514 809
514 841
517 47
518 501
518 34
519 927
520 673
521 430
522 990
522 661
523 915
523 755
524 660
524 296
525 460
525 461
525 155
526 895
527 264
527 889
527 253
528 401
528 913
528 862
528 464
528 489
528 863
528 501
529 673
530 895
530 69
530 844
530 58
531 277
531 535
531 112
533 577
534 126
534 94
534 918
535 822
535 531
535 811
535 171
535 5
535 365
536 28
536 622
536 731
536 119
536 240
536 621
537 604
537 404
538 991
538 749
539 200
539 971
539 692
539 889
540 137
540 83
541 851
542 14
542 749
542 868
543 769
544 763
544 984
544 931
544 216
544 716
544 829
544 775
547 44
547 578
547 741
548 562
548 112
549 226
550 117
550 317
550 789
550 52
550 606
550 643
551 749
551 392
552 175
553 554
553 799
553 761
553 88
553 620
553 622
553 260
553 138
553 126
553 741
554 553
556 582
556 67
556 915
556 846
556 398
556 158
556 577
556 661
557 972
558 187
559 683
562 850
562 645
562 685
562 125
562 719
562 34
562 548
562 748
562 369
562 68
563 262
563 68
563 868
563 210
564 891
564 48
566 959
566 430
567 100
567 917
569 467
570 597
570 593
570 45
571 413
571 67
571 279
571 194
571 110
571 731
572 592
573 737
573 318
574 141
574 81
574 809
575 220
576 972
577 428
577 556
577 441
577 533
577 103
577 381
577 186
577 291
577 494
577 668
577 666
577 342
577 948
578 652
578 955
578 547
578 89
578 246
578 183
578 223
578 493
578 458
578 665
578 791
579 595
579 296
580 467
580 359
581 821
582 556
582 900
583 277
584 630
587 188
587 22
587 720
588 590
588 924
588 250
589 844
590 588
590 369
590 713
590 869
590 778
590 357
590 600
590 891
590 843
590 173
590 808
590 64
590 837
590 670
590 463
590 643
592 417
592 694
592 572
592 819
592 20
592 700
592 324
593 570
594 816
594 47
595 750
595 579
595 172
595 493
595 848
596 237
596 884
597 570
597 80
598 331
598 1000
599 431
600 174
600 590
601 909
601 918
602 398
603 983
603 768
603 254
603 298
603 783
603 24
604 784
604 54
604 639
604 370
604 983
604 730
604 323
604 537
604 206
604 857
604 609
604 765
604 947
604 817
604 191
605 972
606 953
606 469
606 81
606 96
606 4
606 174
606 462
606 327
606 550
606 896
607 430
608 897
608 769
609 186
609 665
609 815
609 604
610 48
611 868
612 7
613 844
613 69
614 810
614 791
615 940
615 884
617 826
617 832
617 801
617 952
617 961
617 150
617 383
617 362
617 662
617 250
618 258
620 553
620 701
620 226
620 80
621 536
622 553
622 536
623 342
623 110
623 96
624 467
626 806
628 369
628 900
628 918
629 398
630 370
630 805
630 974
630 374
630 973
630 875
630 584
630 213
630 167
630 329
630 966
631 652
631 957
631 774
631 194
631 401
631 682
631 138
631 355
632 776
635 915
635 201
635 858
635 318
636 105
636 41
636 488
636 945
637 718
637 665
637 220
638 844
639 859
639 946
639 604
640 877
640 69
641 891
641 103
641 949
641 58
642 801
642 94
643 808
643 117
643 67
643 247
643 372
643 468
643 260
643 657
643 996
643 393
643 109
643 854
643 550
643 487
643 361
643 977
643 590
644 900
645 562
645 252
646 163
646 365
646 132
647 144
647 118
647 230
647 263
647 859
647 449
647 62
648 816
649 752
651 349
652 631
652 578
652 432
653 7
655 491
655 250
656 112
656 392
656 94
657 991
657 733
657 643
657 80
658 45
658 355
659 230
659 94
660 492
660 524
660 359
660 791
660 210
661 763
661 77
661 513
661 556
661 522
661 280
661 282
661 236
662 617
663 467
664 749
665 64
665 251
665 105
665 855
665 839
665 609
665 637
665 864
665 193
665 578
666 577
668 577
669 228
669 908
670 590
671 690
672 924
672 503
673 529
673 424
673 520
673 782
673 681
673 845
673 837
673 102
674 737
674 897
675 892
675 432
675 75
675 353
676 275
676 81
677 318
677 250
678 397
679 453
679 511
679 193
679 179
679 359
679 945
679 431
681 369
681 701
681 673
681 69
681 934
682 631
683 421
683 559
683 302
683 486
683 166
683 690
683 128
683 289
684 175
685 562
685 397
686 816
686 62
686 909
687 444
687 396
687 496
687 965
687 821
688 469
688 44
688 743
689 95
689 836
689 288
689 178
689 703
689 419
689 882
689 898
689 833
689 863
689 243
689 771
690 801
690 286
690 671
690 505
690 483
690 954
690 742
690 204
690 797
690 463
690 913
690 683
690 353
691 697
691 229
691 416
691 904
691 757
691 959
692 539
692 701
692 726
694 592
695 852
696 158
696 296
697 691
697 900
698 47
699 22
700 592
701 874
701 329
701 443
701 692
701 886
701 712
701 620
701 681
701 2
701 496
701 351
701 949
702 950
702 470
702 962
702 705
702 392
703 689
704 706
704 815
704 937
705 702
706 704
706 256
706 307
706 342
706 464
706 806
706 449
706 430
707 237
708 44
708 488
708 69
708 58
709 94
711 89
711 1000
712 214
712 701
713 798
713 590
714 908
714 752
714 503
714 909
715 2
715 755
715 7
716 544
717 252
717 404
718 637
718 455
719 915
719 562
719 402
719 250
720 808
720 509
720 149
720 380
720 112
720 900
720 479
720 460
720 876
720 750
720 587
720 94
721 918
723 801
724 278
724 976
724 45
725 363
725 10
725 860
725 510
725 931
725 770
725 252
726 370
726 802
726 470
726 692
726 853
726 854
726 60
726 415
726 162
726 295
726 332
726 329
726 955
726 67
727 137
727 349
728 769
728 62
728 809
729 237
730 44
730 604
731 536
731 743
731 571
732 47
733 657
733 338
733 1000
734 503
735 877
735 972
735 769
736 1
736 328
736 265
736 179
736 120
736 897
736 252
737 865
737 215
737 97
737 351
737 898
737 573
737 674
738 779
738 278
739 14
740 821
741 344
741 871
741 547
741 553
741 422
741 743
741 931
741 244
741 857
741 280
741 338
742 974
742 915
742 690
742 937
743 428
743 1
743 915
743 982
743 688
743 967
743 731
743 865
743 741
744 228
745 946
746 392
748 562
749 551
749 538
749 429
749 542
749 965
749 144
749 328
749 664
749 936
749 296
750 720
750 595
750 210
751 927
752 649
752 96
752 168
752 967
752 893
752 264
752 714
753 128
753 66
754 940
755 715
755 489
755 523
755 998
755 89
757 691
757 398
757 437
758 949
759 433
759 349
759 852
760 214
760 404
761 553
761 437
762 815
762 884
763 544
763 19
763 661
764 851
764 237
765 816
765 769
765 604
765 791
765 841
766 137
766 1000
767 508
767 94
768 908
768 810
768 924
768 603
768 791
769 514
769 333
769 491
769 877
769 735
769 79
769 190
769 728
769 608
769 765
769 30
769 543
769 798
769 349
770 725
770 811
771 238
771 689
772 43
773 62
774 631
774 924
775 83
775 544
776 317
776 632
776 824
776 929
776 443
776 475
776 158
777 22
777 112
778 226
778 432
778 590
779 738
780 482
782 371
782 673
782 58
783 48
783 603
784 15
784 604
784 80
784 94
787 806
787 250
788 296
789 550
791 112
791 578
791 938
791 322
791 614
791 69
791 765
791 828
791 660
791 350
791 768
791 951
791 235
792 974
792 318
793 89
793 924
795 353
796 339
796 503
797 690
797 132
798 174
798 332
798 769
798 713
798 232
798 26
798 58
799 553
799 233
800 46
801 642
801 723
801 345
801 690
801 617
802 726
802 937
804 250
805 630
805 431
805 852
806 626
806 787
806 444
806 99
806 889
806 706
806 296
808 274
808 267
808 305
808 720
808 643
808 590
809 157
809 130
809 728
809 514
809 574
809 826
809 434
809 908
809 467
809 991
809 132
810 614
810 502
810 829
810 405
810 369
810 913
810 211
810 768
810 68
810 884
811 770
811 535
811 895
814 503
814 250
815 762
815 847
815 213
815 216
815 100
815 609
815 704
815 353
816 894
816 435
816 686
816 152
816 648
816 594
816 134
816 765
816 331
817 937
817 103
817 604
818 432
818 918
819 592
820 946
821 970
821 687
821 740
821 581
821 890
821 252
821 431
822 137
822 535
822 924
822 250
824 776
824 186
825 14
826 617
826 809
826 296
827 868
827 80
828 201
828 83
828 791
829 810
829 544
830 908
830 844
832 617
832 226
833 214
833 238
833 689
833 508
834 1000
834 355
835 883
835 990
835 359
835 158
836 689
836 934
837 201
837 673
837 590
838 227
838 936
838 460
838 425
838 459
838 479
839 665
840 75
841 113
841 514
841 195
841 923
841 164
841 765
841 985
841 167
841 315
841 362
841 915
842 927
843 467
843 503
843 590
844 926
844 430
844 530
844 830
844 638
844 327
844 389
844 509
844 589
844 461
844 613
844 38
844 312
845 673
845 455
845 112
846 179
846 192
846 321
846 221
846 556
846 859
847 214
847 815
847 946
848 47
848 595
850 562
851 981
851 381
851 764
851 383
851 541
851 287
851 58
852 947
852 937
852 920
852 695
852 759
852 475
852 887
852 133
852 508
852 805
853 726
854 467
854 726
854 1000
854 643
855 665
855 892
855 430
857 741
857 604
858 466
858 199
858 168
858 906
858 66
858 635
858 892
858 908
859 178
859 860
859 846
859 987
859 639
859 256
859 99
859 864
859 647
859 252
860 859
860 725
861 83
862 528
863 96
863 689
863 528
864 184
864 859
864 665
865 737
865 743
866 915
866 917
868 923
868 190
868 457
868 563
868 827
868 611
868 542
868 79
869 402
869 892
869 590
870 250
871 741
871 175
872 103
874 701
874 188
875 630
875 918
876 720
876 934
877 640
877 735
877 473
877 223
877 976
877 769
877 949
877 404
879 69
879 353
880 404
880 296
880 210
881 228
881 508
882 1000
882 220
882 689
882 949
883 257
883 234
883 356
883 835
883 10
883 217
883 362
883 482
883 917
884 354
884 475
884 810
884 261
884 393
884 115
884 596
884 615
884 762
885 80
885 19
886 126
886 701
886 15
887 44
887 252
887 852
888 972
889 527
889 539
889 223
889 806
889 318
889 508
890 821
891 641
891 564
891 202
891 328
891 7
891 590
892 675
892 32
892 855
892 40
892 325
892 975
892 869
892 241
892 164
892 858
892 347
893 752
894 816
895 530
895 811
895 338
895 83
895 245
895 526
896 230
896 437
896 606
896 934
897 135
897 507
897 193
897 608
897 184
897 674
897 736
897 430
898 737
898 689
899 934
900 41
900 628
900 582
900 697
900 644
900 368
900 720
901 430
902 397
902 962
903 983
904 691
904 238
905 949
905 431
906 858
906 434
906 918
908 768
908 16
908 830
908 714
908 858
908 669
908 809
908 353
909 978
909 601
909 233
909 714
909 345
909 686
910 331
910 353
911 233
912 171
913 690
913 810
913 528
913 7
914 126
915 719
915 105
915 523
915 115
915 866
915 742
915 418
915 556
915 635
915 743
915 841
916 14
916 434
916 349
917 507
917 396
917 184
917 883
917 931
917 956
917 117
917 866
917 930
917 567
918 104
918 253
918 628
918 278
918 42
918 601
918 313
918 214
918 425
918 171
918 926
918 534
918 875
918 721
918 472
918 818
918 906
920 852
922 188
923 962
923 488
923 868
923 841
924 442
924 429
924 588
924 393
924 774
924 998
924 672
924 793
924 822
924 768
924 301
924 341
925 353
926 844
926 918
927 255
927 519
927 385
927 842
927 751
929 776
930 277
930 917
930 949
930 7
931 917
931 725
931 226
931 47
931 741
931 544
932 210
933 258
933 488
934 899
934 321
934 390
934 218
934 681
934 356
934 896
934 272
934 153
934 836
934 119
934 876
936 974
936 749
936 838
937 136
937 343
937 161
937 802
937 289
937 114
937 239
937 441
937 351
937 704
937 817
937 742
937 444
937 312
937 852
938 201
938 791
939 940
939 68
939 296
940 372
940 754
940 975
940 400
940 56
940 441
940 939
940 91
940 165
940 615
940 359
940 237
940 349
941 972
945 166
945 369
945 211
945 79
945 311
945 420
945 357
945 30
945 17
945 636
945 679
946 166
946 281
946 639
946 847
946 820
946 330
946 745
946 396
946 966
946 431
947 604
947 852
948 976
948 577
949 905
949 423
949 319
949 930
949 77
949 701
949 984
949 641
949 758
949 216
949 882
949 877
949 404
950 702
951 433
951 791
952 617
953 606
954 690
954 355
955 726
955 578
956 917
956 188
957 228
957 631
957 43
958 331
958 94
959 691
959 151
959 88
959 253
959 214
959 991
959 566
959 272
959 437
959 69
959 349
960 972
960 220
961 617
962 902
962 923
962 974
962 191
962 702
965 687
965 749
966 946
966 630
967 743
967 752
967 296
968 434
968 62
968 43
969 976
970 226
970 821
971 539
971 331
972 95
972 383
972 941
972 888
972 605
972 557
972 279
972 960
972 388
972 735
972 576
972 45
972 296
973 630
974 742
974 792
974 936
974 276
974 281
974 394
974 464
974 962
974 630
975 940
975 892
976 30
976 948
976 877
976 484
976 180
976 724
976 969
976 506
977 643
978 909
978 22
978 112
978 250
981 11
981 183
981 851
982 743
983 261
983 376
983 197
983 903
983 408
983 603
983 503
983 604
984 262
984 949
984 544
985 990
985 250
985 841
987 859
990 985
990 991
990 133
990 522
990 105
990 835
991 538
991 657
991 190
991 225
991 369
991 959
991 990
991 397
991 809
991 250
992 467
992 306
995 187
995 353
996 432
996 643
998 755
998 924
998 62
1000 882
1000 834
1000 211
1000 766
1000 341
1000 335
1000 328
1000 598
1000 854
1000 711
1000 733
1000 161
