1 400
1 673
1 642
1 454
1 250
1 764
1 657
1 736
1 220
1 745
1 60
2 974
2 144
2 475
2 705
2 864
2 701
2 726
2 370
2 58
3 491
3 210
3 822
3 341
3 851
3 903
3 748
3 297
3 634
4 766
4 974
4 383
4 156
4 11
4 371
4 673
4 746
4 278
4 845
4 684
4 661
4 977
4 272
4 87
5 988
5 482
5 220
5 93
5 729
5 215
5 434
5 762
5 898
5 541
6 103
6 608
6 401
6 623
6 581
6 55
6 705
6 602
7 326
7 229
7 268
7 913
7 653
7 715
7 930
7 374
7 891
7 314
7 612
7 8
7 453
7 555
7 662
7 252
7 370
7 539
7 573
7 297
8 7
8 594
8 518
8 80
8 646
9 501
9 482
9 705
9 524
9 921
9 233
9 946
9 526
10 883
10 725
10 353
10 237
11 719
11 653
11 389
11 275
11 54
11 874
11 802
11 984
11 4
11 995
11 129
11 450
11 32
12 421
12 649
12 927
13 548
13 942
13 723
13 87
13 557
13 404
13 330
13 318
14 189
14 332
14 218
14 565
14 612
14 694
14 65
14 537
14 865
14 613
14 243
15 784
15 329
15 31
15 280
15 445
15 886
15 233
15 59
15 433
15 257
15 360
15 29
15 344
15 941
15 431
15 428
15 927
16 699
16 536
16 216
16 875
16 463
16 162
16 606
16 682
16 865
16 18
16 767
16 890
16 648
16 93
16 30
16 971
16 716
16 663
17 945
17 240
17 367
17 864
18 16
18 755
18 841
19 763
19 80
19 240
19 502
19 312
19 157
19 753
19 759
19 852
19 567
19 448
19 896
19 778
19 156
19 274
20 592
20 122
20 1000
20 214
20 488
20 977
20 145
21 215
21 869
22 699
22 587
22 777
22 457
22 362
22 714
22 94
22 349
22 207
22 193
22 970
23 637
23 975
23 265
23 923
23 992
23 410
24 435
24 226
24 503
24 549
24 473
24 965
24 761
25 331
25 341
25 456
25 998
25 60
26 798
26 431
26 296
26 511
26 228
27 256
27 451
27 910
27 111
27 900
27 981
27 727
27 684
27 918
27 765
27 815
27 940
27 167
28 400
28 632
28 91
28 364
28 905
28 877
28 183
28 509
28 66
28 810
28 295
29 15
29 178
29 723
30 432
30 976
30 769
30 945
30 16
30 437
30 262
30 950
30 778
31 15
31 80
31 903
31 394
31 174
32 675
32 762
32 431
32 11
32 151
32 638
32 577
32 622
32 426
32 74
32 704
32 726
32 527
32 948
32 961
32 94
32 285
33 381
34 406
34 80
34 632
34 499
34 947
34 122
34 388
34 524
34 867
34 760
34 175
34 912
34 716
34 434
34 455
34 221
35 437
35 153
35 775
35 167
35 788
35 651
35 551
35 164
35 844
36 40
36 778
36 66
37 79
37 954
37 342
38 844
38 91
38 462
38 431
38 249
39 484
39 660
39 948
39 138
40 567
40 610
40 436
40 555
40 946
40 70
40 445
40 187
40 335
40 805
40 36
40 704
40 354
40 735
40 253
40 892
40 832
40 192
40 174
40 77
40 913
40 925
41 636
41 900
41 503
41 802
41 347
41 948
41 303
41 778
41 188
42 674
42 636
42 484
42 346
42 283
42 483
42 779
42 964
42 848
42 278
42 245
42 546
43 46
43 968
43 240
43 251
43 772
43 138
43 63
43 404
43 724
43 277
43 804
44 730
44 190
44 708
44 671
44 548
44 786
44 872
44 793
44 100
44 550
44 528
44 969
44 848
44 844
44 150
45 658
45 77
45 972
45 183
45 724
45 444
45 124
45 161
45 570
45 351
45 946
45 618
45 931
45 193
45 615
45 646
45 703
45 317
45 950
45 942
45 267
45 918
45 274
46 594
46 595
46 58
46 675
46 816
46 1000
46 43
46 237
46 671
47 732
47 345
47 110
47 509
47 931
47 62
47 517
47 347
47 698
47 548
47 893
47 983
47 652
47 562
47 551
47 779
47 339
47 926
48 610
48 783
48 537
48 941
48 995
48 775
48 318
48 874
48 356
49 171
49 704
49 567
49 342
49 141
49 761
49 160
49 667
50 184
50 938
50 388
50 115
50 714
50 792
50 687
50 626
51 69
51 179
51 719
51 916
51 217
51 374
51 368
51 269
52 391
52 843
52 658
52 503
52 455
52 343
52 1000
52 130
52 874
52 982
52 675
52 656
52 443
52 491
52 65
52 922
53 128
53 917
53 433
53 561
53 872
53 204
53 369
53 664
53 977
53 834
54 639
54 115
54 597
54 988
54 313
54 336
54 939
54 239
54 549
54 11
54 996
54 814
54 652
54 854
54 716
54 174
54 60
54 804
55 788
55 712
55 6
55 885
55 865
55 616
55 972
55 766
55 472
56 940
56 962
56 146
56 266
57 355
57 679
57 175
58 228
58 708
58 345
58 969
58 461
58 2
58 798
58 930
58 603
58 421
58 914
58 604
58 945
58 845
58 936
58 802
58 700
58 46
59 89
59 15
59 652
59 573
59 174
59 597
59 599
59 761
59 559
60 666
60 508
60 68
60 25
60 753
60 504
60 548
60 990
60 270
60 1
60 54
60 918
60 295
60 874
60 258
60 146
60 738
60 305
61 295
61 218
61 970
61 844
61 663
62 773
62 686
62 647
62 308
62 968
62 483
62 453
62 728
62 775
62 635
62 47
62 79
62 948
62 617
62 671
63 43
63 294
64 463
64 794
64 453
64 636
64 873
64 665
64 278
64 535
64 743
64 834
64 121
64 319
65 408
65 419
65 804
65 827
65 354
65 792
65 52
65 482
65 356
65 910
65 451
65 464
65 14
66 330
66 831
66 299
66 36
66 111
66 289
66 847
66 263
66 858
66 291
66 496
66 910
66 660
66 801
66 28
66 796
67 167
67 513
67 265
67 239
67 389
67 723
67 432
67 832
67 132
67 556
67 726
67 643
67 613
67 802
67 664
67 981
67 779
67 559
67 237
68 73
68 563
68 339
68 562
68 228
68 78
68 979
68 950
68 403
68 362
68 281
68 60
68 615
68 121
68 592
69 530
69 681
69 76
69 197
69 959
69 93
69 708
69 295
69 640
69 205
69 879
69 298
69 51
69 659
69 791
69 207
69 311
69 813
70 613
70 243
70 245
70 466
70 785
70 607
70 455
70 526
70 331
70 40
70 898
70 764
70 304
70 592
71 81
71 757
71 367
71 196
72 81
72 765
72 279
72 263
73 68
73 175
73 759
73 848
73 858
73 930
73 933
73 103
73 412
73 842
74 402
74 425
74 193
74 551
74 893
74 32
75 497
75 118
75 840
75 91
75 530
75 112
75 877
75 768
75 679
75 615
75 841
76 430
76 69
76 946
76 675
76 267
77 340
77 663
77 933
77 40
77 715
77 436
77 298
77 465
77 79
77 784
77 754
77 230
77 45
77 661
77 333
77 916
77 426
77 443
77 961
78 743
78 376
78 575
78 974
78 835
78 814
78 890
78 885
78 68
78 779
78 758
79 98
79 134
79 792
79 975
79 62
79 37
79 119
79 790
79 149
79 201
79 769
79 945
79 868
79 679
79 77
79 675
79 250
79 87
79 127
80 784
80 498
80 440
80 597
80 503
80 827
80 657
80 346
80 620
80 141
80 31
80 432
80 702
80 796
80 8
80 19
80 639
80 207
80 743
80 34
80 526
80 834
81 88
81 72
81 136
81 395
81 676
81 574
81 147
81 402
81 378
81 625
81 213
81 71
81 195
81 913
81 606
81 280
81 583
81 559
81 758
82 624
82 197
82 250
82 628
82 858
82 392
82 851
82 314
82 535
82 658
82 448
82 820
82 122
82 502
82 958
82 818
82 156
82 936
82 720
82 221
83 429
83 861
83 828
83 397
83 540
83 775
83 893
83 965
83 804
83 450
84 238
84 355
85 368
85 94
85 247
85 307
85 712
85 426
85 435
85 428
85 759
85 903
85 239
85 302
85 893
85 952
86 430
86 456
86 243
86 602
86 324
87 121
87 898
87 811
87 119
87 935
87 511
87 665
87 509
87 4
87 424
87 79
87 822
87 180
87 714
87 721
87 194
87 13
87 272
87 320
87 884
87 758
88 553
88 959
88 81
88 233
88 335
88 837
88 602
88 663
88 288
89 259
89 117
89 755
89 151
89 793
89 711
89 59
89 890
89 727
89 583
90 626
90 731
90 527
90 361
90 710
90 127
90 842
90 353
90 488
90 347
90 683
91 38
91 523
91 658
91 444
91 169
91 75
91 810
91 757
91 617
91 286
91 28
91 371
92 296
92 822
93 69
93 938
93 239
93 16
93 110
93 567
93 5
93 217
93 570
94 784
94 709
94 22
94 472
94 414
94 165
94 659
94 720
94 958
94 642
94 767
94 234
94 534
94 713
94 32
94 743
94 864
94 85
95 341
95 689
95 972
95 281
95 221
95 243
95 694
96 863
96 448
96 363
96 456
96 981
96 737
96 798
96 211
96 955
96 606
96 704
96 885
96 518
96 243
96 339
97 737
97 187
97 214
97 920
97 184
97 215
97 440
97 392
98 79
98 367
98 472
98 804
98 325
99 193
99 232
99 347
99 194
99 454
99 859
99 488
99 381
99 553
99 226
99 109
99 356
99 389
99 319
100 435
100 421
100 543
100 370
100 718
100 113
100 815
100 983
100 287
100 793
100 44
100 599
100 243
100 893
100 922
101 890
101 174
101 690
101 776
101 297
102 199
102 673
102 213
102 755
102 934
103 6
103 817
103 738
103 885
103 73
103 577
103 766
103 598
103 764
104 707
104 969
104 459
104 787
104 353
104 583
104 263
104 136
104 564
104 173
104 893
104 958
105 636
105 915
105 990
105 665
105 269
105 853
105 270
106 981
106 782
106 437
106 390
106 342
106 801
106 743
106 113
106 510
106 724
106 971
106 186
107 160
107 206
107 749
107 842
108 424
108 814
108 491
108 339
109 286
109 268
109 199
109 626
109 723
109 691
109 887
109 663
109 99
109 507
109 667
109 203
109 868
109 640
109 643
109 211
109 279
109 232
109 421
110 712
110 409
110 575
110 896
110 401
110 646
110 93
110 399
110 623
110 47
110 312
110 903
110 503
110 156
110 746
111 252
111 916
111 813
111 173
111 250
111 66
111 138
111 27
112 656
112 531
112 777
112 548
112 183
112 845
112 297
112 138
112 720
112 791
112 639
112 75
113 893
113 460
113 174
113 592
113 239
113 312
113 829
113 100
113 721
113 637
113 106
113 764
113 264
114 495
114 937
114 275
114 194
114 355
115 494
115 382
115 298
115 50
115 405
115 352
115 136
115 517
115 711
115 820
115 498
115 884
115 886
115 54
115 456
115 347
115 646
115 830
115 789
115 516
116 428
116 343
116 761
117 550
117 917
117 89
117 643
117 845
117 890
117 913
117 374
117 167
117 516
118 126
118 647
118 75
118 320
118 705
118 288
119 170
119 494
119 863
119 976
119 681
119 437
119 832
119 79
119 731
119 228
119 87
120 714
120 226
120 619
120 930
120 936
120 830
120 900
120 518
120 952
120 815
120 782
120 903
120 393
120 916
120 806
120 948
120 472
120 801
120 127
121 424
121 578
121 806
121 995
121 939
121 887
121 438
121 68
121 64
121 297
121 484
121 87
122 696
122 788
122 451
122 507
122 928
122 252
122 777
122 20
122 184
122 34
122 308
122 204
122 82
122 188
123 262
123 752
123 949
123 664
123 970
124 45
124 915
124 611
124 193
124 711
124 255
125 562
125 250
125 768
125 903
125 913
125 602
126 886
126 449
126 271
126 553
126 914
126 534
126 265
126 118
126 762
126 403
126 875
126 999
126 132
126 261
126 995
126 934
126 671
127 697
127 79
127 494
127 958
127 898
127 980
127 910
127 324
127 120
127 585
127 135
127 341
127 343
127 204
127 90
127 156
128 753
128 683
128 244
128 938
128 298
128 239
128 510
128 53
129 929
129 820
129 11
129 795
129 919
129 370
129 635
129 347
129 758
129 285
130 821
130 498
130 565
130 765
130 854
130 884
130 818
130 886
130 633
130 52
130 144
130 536
130 426
131 626
131 777
131 542
131 780
131 350
131 508
131 459
131 585
131 165
131 244
131 187
131 352
131 762
131 393
131 851
131 221
131 156
132 646
132 480
132 137
132 809
132 126
132 757
132 733
132 702
132 215
132 67
132 288
133 990
133 852
133 635
133 153
133 209
134 735
134 793
134 253
134 961
134 742
134 146
134 760
134 79
134 820
134 536
134 694
134 519
135 807
135 257
135 883
135 638
135 898
135 897
135 526
135 469
135 374
135 837
135 530
135 950
135 127
136 140
136 104
136 241
136 446
136 738
136 81
136 937
136 115
136 936
136 492
136 925
137 822
137 424
137 540
137 727
137 766
137 214
137 477
137 676
137 542
137 832
137 354
137 503
137 132
137 298
137 982
137 318
137 869
137 263
137 403
138 610
138 111
138 962
138 39
138 535
138 726
138 832
138 237
138 293
138 553
138 631
138 745
138 43
138 112
138 599
139 296
139 765
139 192
139 390
140 681
140 903
140 178
140 136
141 574
141 49
141 634
141 80
141 760
141 425
141 843
141 896
141 153
142 971
142 900
142 853
143 717
143 598
143 657
143 731
143 502
143 168
143 800
144 647
144 749
144 430
144 130
144 2
144 981
144 272
144 377
145 783
145 418
145 952
145 20
145 169
145 269
145 184
145 457
145 791
145 688
145 204
145 294
146 744
146 863
146 311
146 365
146 56
146 60
146 298
146 327
146 240
146 567
146 829
146 134
146 664
146 806
146 542
146 386
147 223
147 81
147 797
147 675
147 934
147 764
148 493
148 764
149 720
149 295
149 79
149 551
149 265
149 789
150 855
150 938
150 392
150 755
150 972
150 695
150 467
150 716
150 424
150 374
150 906
150 190
150 532
150 44
150 617
150 432
150 748
151 959
151 89
151 366
151 186
151 32
151 842
152 816
152 877
152 180
152 581
152 408
152 892
153 930
153 497
153 133
153 344
153 813
153 141
153 388
153 883
153 482
153 400
153 542
153 35
153 305
154 587
155 525
155 912
155 898
155 957
155 950
155 559
156 131
156 19
156 497
156 342
156 179
156 110
156 127
156 4
156 82
157 809
157 733
157 19
157 574
157 688
157 771
157 228
158 835
158 254
158 696
158 258
158 776
158 556
158 621
158 807
158 399
158 878
158 990
158 977
158 272
158 410
159 613
159 641
159 207
159 687
159 426
159 578
159 961
159 649
160 666
160 631
160 762
160 284
160 49
160 107
160 343
160 789
160 196
161 689
161 847
161 513
161 859
161 651
161 818
161 320
161 937
161 45
161 547
161 587
161 753
162 478
162 572
162 923
162 541
162 499
162 617
162 296
162 353
162 388
162 16
162 217
162 876
162 663
163 357
163 948
163 907
163 553
163 493
163 639
163 335
163 567
163 243
164 35
164 416
164 531
164 936
164 818
164 472
164 404
164 841
164 666
164 341
164 869
164 793
164 758
165 940
165 94
165 349
165 492
165 319
165 131
165 671
166 425
166 946
166 945
166 683
166 903
166 891
166 916
166 983
167 391
167 849
167 117
167 232
167 626
167 27
167 264
167 631
167 630
167 404
167 618
167 67
167 35
168 595
168 303
168 625
168 143
168 339
168 858
168 727
168 317
168 626
169 581
169 362
169 737
169 271
169 620
169 212
169 276
169 982
169 809
169 91
169 243
169 145
170 428
170 246
170 913
170 119
170 337
171 335
171 361
171 177
171 49
171 469
171 586
171 413
171 222
171 297
171 226
171 535
171 918
171 687
171 356
171 324
172 595
172 206
172 193
172 771
173 104
173 893
173 111
173 956
173 848
173 714
173 549
173 491
173 590
173 736
173 930
173 923
173 564
173 355
174 600
174 741
174 40
174 764
174 573
174 906
174 628
174 31
174 367
174 54
174 770
174 101
174 59
174 321
174 798
174 252
174 917
174 402
174 898
174 113
174 811
174 925
174 306
175 871
175 332
175 73
175 684
175 248
175 34
175 480
175 625
175 57
175 379
175 285
175 797
175 250
175 908
175 342
176 612
176 738
176 942
176 995
176 301
177 433
177 171
177 1000
177 484
177 912
177 262
177 723
177 649
177 324
178 952
178 244
178 216
178 543
178 600
178 863
178 182
178 319
178 732
178 140
178 29
178 830
178 859
178 820
178 729
179 203
179 636
179 51
179 588
179 299
179 660
179 846
179 398
179 736
179 759
179 156
180 381
180 87
180 152
180 325
180 759
180 228
180 701
180 281
180 552
180 266
181 430
181 652
181 820
181 536
182 679
182 178
182 870
182 926
183 981
183 45
183 578
183 112
183 296
183 903
183 562
183 510
183 28
183 958
183 922
184 502
184 50
184 921
184 815
184 744
184 97
184 122
184 337
184 917
184 298
184 349
184 977
184 806
184 789
184 145
185 839
185 335
185 239
186 300
186 439
186 509
186 824
186 634
186 835
186 430
186 454
186 240
186 106
186 151
186 577
186 854
186 366
186 204
186 757
186 232
186 452
186 212
187 558
187 995
187 97
187 607
187 131
187 622
187 40
187 762
187 385
187 674
188 412
188 559
188 937
188 745
188 867
188 606
188 738
188 41
188 122
188 240
188 327
188 246
188 876
188 816
189 14
189 604
189 366
189 816
189 998
189 642
189 813
189 468
190 991
190 44
190 402
190 769
190 868
190 792
190 648
190 367
190 389
190 150
191 459
191 391
191 342
191 802
191 997
191 500
191 962
191 604
191 991
191 711
192 722
192 413
192 139
192 40
192 699
192 641
192 562
193 725
193 426
193 172
193 45
193 22
193 74
193 522
193 287
193 697
193 997
193 602
193 681
193 124
193 679
193 897
193 665
193 603
193 971
193 687
193 99
193 882
193 746
194 87
194 594
194 114
194 310
194 434
194 631
194 99
195 351
195 945
195 357
195 808
195 272
195 281
195 586
195 960
195 370
195 467
195 388
195 81
195 215
196 71
196 160
196 257
196 613
196 431
196 394
196 434
196 668
196 242
197 983
197 69
197 431
197 765
197 668
197 703
197 82
197 371
198 845
198 978
198 206
198 615
199 102
199 351
199 858
199 715
199 109
199 685
199 405
199 813
200 539
200 370
200 537
200 792
200 286
201 635
201 307
201 79
201 828
201 483
201 721
201 561
201 953
201 601
201 357
201 605
201 667
202 891
202 920
202 782
202 779
202 918
203 503
203 768
203 179
203 109
203 317
204 122
204 246
204 439
204 998
204 700
204 429
204 145
204 504
204 314
204 871
204 321
204 186
204 723
204 288
204 481
204 445
204 291
204 623
204 407
204 127
204 296
204 639
204 394
204 917
204 448
204 668
204 53
205 69
205 797
205 869
205 564
205 400
205 942
205 255
205 516
206 198
206 172
206 107
206 530
206 652
206 756
206 239
206 353
206 789
206 238
206 604
206 883
206 830
206 826
207 69
207 322
207 267
207 338
207 159
207 80
207 892
207 22
207 388
207 220
207 216
207 643
207 757
207 925
207 241
207 955
207 705
207 602
208 387
208 515
208 877
208 745
208 764
208 342
208 989
208 640
208 955
208 262
208 315
208 635
208 869
208 249
209 133
209 941
209 647
209 533
209 386
209 890
210 880
210 240
210 563
210 750
210 215
210 479
210 368
210 932
210 263
210 363
210 334
210 3
210 660
210 328
210 618
211 841
211 109
211 795
211 879
211 683
211 819
211 756
211 257
211 331
211 810
211 1000
211 945
211 96
211 637
211 618
211 320
211 892
212 867
212 283
212 780
212 504
212 264
212 674
212 186
212 943
212 308
212 573
212 169
212 961
212 825
212 893
212 694
213 748
213 102
213 466
213 630
213 938
213 81
213 265
213 771
213 371
213 374
214 712
214 847
214 833
214 955
214 881
214 663
214 343
214 576
214 97
214 279
214 20
214 959
214 137
214 918
214 598
214 432
214 916
214 353
214 403
215 195
215 132
215 97
215 897
215 21
215 218
215 687
215 980
215 688
215 989
215 349
215 210
215 759
215 802
215 5
215 958
215 703
216 1000
216 629
216 728
216 777
216 658
216 743
216 896
216 207
216 959
216 815
216 544
216 178
216 16
216 826
216 751
217 588
217 923
217 51
217 569
217 945
217 818
217 162
217 893
217 350
217 775
217 615
217 675
217 93
217 540
217 883
217 296
217 725
217 228
217 922
218 326
218 260
218 906
218 61
218 965
218 14
218 503
218 588
218 215
219 488
219 764
220 882
220 387
220 448
220 575
220 512
220 1
220 345
220 923
220 207
220 439
220 966
220 794
220 361
220 302
220 816
220 5
220 660
220 570
220 389
220 808
221 323
221 311
221 34
221 500
221 131
221 95
221 523
221 82
221 841
221 882
221 449
221 772
221 846
221 437
221 431
221 848
221 769
221 544
221 664
221 655
221 746
221 403
222 171
222 978
223 426
223 889
223 877
223 147
223 688
223 668
223 548
223 353
223 605
223 648
223 550
223 723
223 255
224 829
224 469
224 711
224 740
224 926
225 991
225 233
225 536
226 970
226 620
226 459
226 549
226 931
226 171
226 841
226 742
226 99
226 256
226 976
226 960
226 24
226 365
226 120
226 839
226 925
226 352
226 958
226 781
227 838
227 981
227 872
227 421
228 744
228 957
228 301
228 487
228 669
228 881
228 428
228 217
228 656
228 119
228 157
228 242
228 26
228 508
228 58
228 180
228 574
228 609
228 68
228 306
229 691
229 7
229 976
229 265
230 659
230 77
230 896
230 366
230 448
230 647
230 728
230 955
230 249
231 995
232 186
232 615
232 700
232 774
232 914
232 518
232 109
232 891
232 798
232 735
232 99
232 536
232 1000
232 167
232 534
233 911
233 225
233 799
233 9
233 88
233 909
233 15
233 331
233 377
233 534
233 655
234 883
234 331
234 94
234 244
234 715
234 535
234 501
234 269
235 791
235 802
235 939
235 377
235 419
235 926
236 434
236 661
236 240
236 748
236 405
236 270
236 787
237 596
237 707
237 439
237 46
237 329
237 645
237 10
237 853
237 594
237 67
237 473
237 760
237 506
237 597
237 138
237 926
238 206
238 833
238 84
238 904
238 501
238 679
238 263
238 695
238 802
238 763
238 632
238 398
238 581
238 377
239 999
239 185
239 128
239 905
239 691
239 673
239 347
239 93
239 85
239 761
239 257
239 206
239 54
239 727
239 837
239 390
239 843
239 67
239 412
239 113
240 188
240 670
240 17
240 236
240 512
240 536
240 432
240 19
240 43
240 210
240 797
240 760
240 186
240 448
240 146
240 469
240 542
241 566
241 207
241 675
241 527
241 500
241 567
241 301
241 136
242 662
242 741
242 832
242 331
242 196
242 286
242 228
242 408
243 358
243 163
243 849
243 95
243 169
243 86
243 14
243 96
243 401
243 498
243 100
243 904
243 337
243 689
243 370
243 70
243 660
243 249
244 872
244 234
244 128
244 131
244 688
244 379
244 870
244 331
244 947
244 474
244 464
244 741
244 782
244 178
244 448
245 365
245 42
245 886
245 349
245 884
245 652
245 312
245 895
245 574
245 70
245 806
245 253
246 170
246 188
246 344
246 600
246 859
246 424
246 983
246 594
246 204
246 869
247 703
247 784
247 857
247 745
247 406
247 747
247 786
247 277
247 503
247 643
247 961
247 85
248 175
248 882
248 857
249 384
249 627
249 647
249 243
249 38
249 230
249 671
249 208
249 260
249 394
249 487
250 125
250 719
250 380
250 617
250 985
250 787
250 262
250 252
250 175
250 875
250 891
250 390
250 401
250 484
250 111
250 867
250 919
250 830
250 79
250 451
250 539
250 1
250 82
250 530
250 287
251 665
251 43
251 717
251 581
252 859
252 491
252 887
252 725
252 111
252 645
252 821
252 736
252 610
252 420
252 174
252 7
252 927
252 634
252 429
252 506
252 346
252 691
252 778
252 122
252 250
252 870
252 705
253 245
253 888
253 854
253 736
253 694
253 415
253 527
253 959
253 431
253 918
253 40
253 134
253 573
253 954
254 158
254 603
254 562
254 687
254 385
254 408
254 255
255 879
255 270
255 254
255 796
255 875
255 756
255 730
255 223
255 464
255 124
255 596
255 659
255 205
255 938
255 605
255 425
255 277
255 745
256 859
256 706
256 611
256 687
256 226
256 893
256 751
256 27
257 883
257 15
257 211
257 428
257 239
257 311
257 731
257 281
257 265
257 135
257 559
257 196
258 60
258 385
258 280
258 790
258 855
258 396
258 158
258 679
258 762
258 269
259 89
259 338
259 537
259 725
259 736
259 570
259 808
260 553
260 643
260 218
260 249
261 808
261 869
261 778
261 549
261 810
261 126
261 461
261 983
261 335
261 347
262 984
262 123
262 620
262 30
262 446
262 308
262 177
262 586
262 666
262 629
262 250
262 547
262 903
262 208
262 502
262 410
263 137
263 289
263 291
263 970
263 828
263 656
263 895
263 104
263 72
263 647
263 210
263 877
263 344
263 238
263 66
263 992
264 374
264 113
264 963
264 769
264 341
264 531
264 745
264 527
264 365
264 876
264 570
264 948
264 954
264 167
264 212
265 149
265 213
265 915
265 746
265 993
265 257
265 229
265 877
265 907
265 950
265 23
265 126
265 912
265 330
265 606
265 67
265 876
266 56
266 861
266 487
266 288
266 180
266 401
266 469
266 318
267 306
267 537
267 76
267 45
267 771
267 980
267 827
267 392
267 427
267 707
267 296
267 433
267 298
267 207
267 609
267 570
267 339
267 626
268 7
268 605
268 109
268 502
269 51
269 258
269 455
269 234
269 626
269 772
269 105
269 970
269 873
269 372
269 331
269 318
269 518
269 656
269 272
269 145
270 671
270 642
270 480
270 433
270 296
270 914
270 811
270 472
270 236
270 105
270 731
270 60
270 255
271 126
271 775
271 816
271 169
272 158
272 775
272 709
272 456
272 495
272 4
272 987
272 269
272 650
272 144
272 87
272 369
272 959
272 950
272 893
272 195
273 887
273 343
273 308
273 821
273 304
274 19
274 946
274 339
274 329
274 420
274 45
274 599
274 445
274 374
274 540
274 925
274 927
274 942
275 676
275 811
275 293
275 648
275 114
275 503
275 11
276 974
276 926
276 169
277 247
277 930
277 531
277 435
277 567
277 728
277 255
277 655
277 43
277 413
277 437
277 970
278 738
278 466
278 64
278 515
278 902
278 42
278 365
278 918
278 752
278 4
278 599
279 421
279 379
279 458
279 490
279 72
279 628
279 109
279 908
279 972
279 503
279 214
279 918
279 806
280 569
280 911
280 783
280 398
280 579
280 335
280 81
280 741
280 15
280 661
280 915
280 886
280 258
280 426
280 377
280 440
280 510
281 815
281 601
281 257
281 567
281 509
281 995
281 992
281 504
281 68
281 806
281 95
281 954
281 180
281 974
281 488
281 946
281 304
281 195
281 337
281 781
282 661
282 791
282 353
282 703
283 553
283 726
283 42
283 872
283 212
284 765
284 841
284 160
285 850
285 482
285 129
285 32
285 722
285 875
285 948
285 175
285 740
286 776
286 602
286 929
286 578
286 521
286 242
286 91
286 836
286 200
286 801
286 845
286 737
286 109
286 793
286 952
286 808
287 343
287 851
287 288
287 100
287 569
287 762
287 626
287 250
287 793
287 193
287 825
288 515
288 132
288 88
288 850
288 118
288 993
288 287
288 982
288 204
288 694
288 266
289 683
289 937
289 938
289 639
289 745
289 263
289 66
289 804
290 933
291 897
291 336
291 872
291 66
291 577
291 204
291 263
291 685
291 808
292 938
292 574
292 542
293 681
293 275
293 602
293 138
294 648
294 63
294 145
294 921
294 461
294 986
294 295
294 615
294 490
294 667
295 699
295 563
295 28
295 149
295 703
295 954
295 294
295 778
295 476
295 60
295 507
295 61
295 69
295 978
295 903
295 731
295 469
295 864
296 880
296 139
296 579
296 26
296 826
296 456
296 939
296 749
296 524
296 788
296 183
296 204
296 92
296 806
296 967
296 696
296 972
296 217
296 457
296 381
296 874
296 162
296 270
296 267
297 101
297 778
297 410
297 3
297 751
297 392
297 7
297 112
297 920
297 171
297 595
297 970
297 405
297 834
297 121
298 137
298 352
298 184
298 661
298 475
298 128
298 267
298 603
298 69
298 115
298 573
298 146
298 77
299 179
299 66
300 186
301 793
301 882
301 711
301 697
301 842
301 241
301 176
301 400
301 228
301 890
301 675
301 368
301 599
302 892
302 484
302 85
302 433
302 965
302 887
302 220
303 626
303 838
303 904
303 677
303 778
303 828
303 506
303 41
303 766
303 341
303 920
303 431
303 924
303 897
303 377
303 168
303 410
304 557
304 70
304 472
304 751
304 273
304 744
304 596
304 601
304 281
304 475
304 877
304 385
304 317
304 942
305 651
305 153
305 60
305 601
305 313
305 423
305 395
306 174
306 542
306 718
306 307
306 228
306 373
306 583
306 668
306 675
306 267
307 201
307 331
307 706
307 388
307 933
307 306
307 85
308 122
308 797
308 212
308 444
308 273
308 406
308 62
308 912
308 631
308 984
308 262
308 729
309 737
310 508
310 194
310 711
310 649
311 898
311 419
311 435
311 257
311 920
311 861
311 69
311 395
311 887
311 734
311 400
311 945
311 892
311 508
311 146
311 882
311 221
312 245
312 844
312 110
312 113
312 758
312 336
312 762
312 19
312 962
312 588
313 359
313 918
313 54
313 563
313 305
314 7
314 204
314 820
314 925
314 82
315 841
315 357
315 208
315 617
316 760
316 631
316 617
316 830
317 375
317 686
317 45
317 203
317 462
317 528
317 552
317 941
317 168
317 452
317 880
317 907
317 304
317 776
318 465
318 382
318 48
318 792
318 889
318 677
318 269
318 13
318 137
318 655
318 266
318 961
319 99
319 165
319 64
319 530
319 885
319 927
319 912
319 178
319 982
320 915
320 211
320 118
320 613
320 87
320 477
320 433
320 161
320 926
321 846
321 434
321 934
321 448
321 204
321 618
321 834
321 825
321 949
321 174
322 791
322 207
322 343
322 685
322 771
322 646
323 397
323 430
323 604
323 551
323 221
323 700
324 406
324 806
324 171
324 381
324 86
324 177
324 836
324 907
324 681
324 930
324 127
325 98
325 624
325 616
325 180
325 975
325 837
325 793
325 738
325 761
326 7
326 218
326 694
327 471
327 753
327 827
327 805
327 188
327 432
327 844
327 868
327 146
327 656
327 377
327 491
328 891
328 736
328 749
328 1000
328 432
328 365
328 938
328 733
328 815
328 210
328 562
328 870
328 490
329 701
329 726
329 630
329 15
329 237
329 811
329 587
329 961
329 274
330 428
330 530
330 613
330 830
330 265
330 975
330 13
330 805
330 419
330 501
330 946
330 66
331 25
331 234
331 816
331 70
331 415
331 307
331 269
331 535
331 347
331 233
331 664
331 407
331 604
331 976
331 560
331 852
331 934
331 611
331 211
331 244
331 949
331 609
331 242
331 870
331 711
332 14
332 726
332 798
332 175
332 877
332 830
332 482
332 763
333 795
333 707
333 894
333 577
333 77
333 657
333 668
333 996
333 408
333 412
334 430
334 210
334 782
334 915
334 984
334 389
334 397
334 450
334 667
335 185
335 773
335 348
335 163
335 261
335 619
335 983
335 848
335 581
335 88
335 171
335 280
335 40
335 662
335 408
335 440
335 671
336 291
336 54
336 312
336 667
337 943
337 532
337 404
337 369
337 844
337 170
337 281
337 660
337 639
337 960
337 821
337 184
337 243
338 507
338 677
338 381
338 660
338 712
338 819
338 363
338 259
338 531
338 814
338 741
338 207
338 607
338 469
338 541
338 690
338 872
339 108
339 473
339 455
339 96
339 267
339 474
339 449
339 526
339 47
339 764
339 884
339 68
339 168
339 655
339 274
340 370
340 77
341 3
341 919
341 127
341 25
341 459
341 777
341 303
341 391
341 164
341 951
341 95
341 924
341 890
341 731
341 660
341 472
341 264
341 700
342 49
342 828
342 397
342 471
342 37
342 982
342 175
342 623
342 706
342 191
342 890
342 573
342 208
342 726
342 106
342 711
342 156
343 639
343 701
343 448
343 367
343 322
343 692
343 127
343 629
343 601
343 116
343 52
343 160
343 683
343 937
343 287
343 214
343 273
344 263
344 428
344 695
344 611
344 368
344 851
344 741
344 15
344 246
344 153
345 801
345 47
345 355
345 909
345 613
345 58
345 220
345 916
345 443
345 955
345 602
345 922
345 729
346 80
346 556
346 782
346 42
346 252
346 808
347 41
347 509
347 261
347 952
347 417
347 90
347 375
347 859
347 115
347 915
347 447
347 921
347 784
347 129
347 47
347 331
347 239
347 363
347 99
348 335
348 370
348 643
348 910
348 779
348 677
349 354
349 769
349 497
349 165
349 940
349 651
349 959
349 468
349 422
349 433
349 215
349 916
349 22
349 184
349 404
349 245
350 791
350 918
350 757
350 217
350 131
351 199
351 737
351 701
351 937
351 45
351 567
351 816
351 925
351 195
352 505
352 131
352 394
352 753
352 453
352 847
352 226
352 298
352 547
352 115
352 910
352 462
352 882
352 530
352 389
353 399
353 432
353 675
353 223
353 390
353 457
353 690
353 795
353 908
353 910
353 815
353 90
353 475
353 879
353 162
353 10
353 282
353 728
353 214
353 547
353 206
353 426
353 660
353 104
353 450
354 349
354 884
354 137
354 40
354 451
354 541
354 377
354 65
355 57
355 631
355 84
355 345
355 434
355 658
355 386
355 114
355 489
355 173
355 459
355 503
355 915
355 804
356 715
356 48
356 551
356 171
356 824
356 540
356 907
356 741
356 859
356 99
356 987
356 404
356 883
356 978
356 675
356 789
356 65
357 890
357 930
357 421
357 441
357 373
357 431
357 822
357 820
357 618
357 925
357 315
357 698
357 590
357 201
357 163
357 778
357 195
358 811
358 243
359 940
359 660
359 313
359 580
359 835
359 416
359 679
359 458
359 843
359 872
359 778
359 740
360 15
360 598
360 903
360 892
361 171
361 643
361 508
361 603
361 220
361 90
362 883
362 617
362 841
362 791
362 22
362 991
362 169
362 68
362 667
363 571
363 347
363 425
363 409
363 788
363 96
363 210
363 338
363 472
364 551
364 28
364 789
364 926
365 646
365 328
365 264
365 278
365 600
365 434
365 226
365 810
365 609
365 528
365 594
365 971
365 146
365 916
365 895
365 245
366 802
366 189
366 560
366 616
366 151
366 977
366 186
366 687
366 629
366 627
366 588
366 230
367 467
367 453
367 488
367 98
367 567
367 71
367 17
367 190
367 343
367 369
367 573
367 174
368 861
368 532
368 492
368 682
368 301
368 51
368 503
368 210
368 344
368 920
368 664
368 948
368 85
368 926
369 991
369 272
369 439
369 456
369 681
369 628
369 367
369 976
369 818
369 694
369 718
369 821
369 562
369 945
369 590
369 971
369 854
369 617
369 337
369 53
370 7
370 499
370 712
370 961
370 243
370 129
370 894
370 200
370 348
370 801
370 498
370 2
370 340
370 544
370 630
370 726
370 404
370 912
370 100
370 637
370 571
370 995
370 195
370 452
371 782
371 715
371 576
371 91
371 213
371 584
371 197
371 381
371 846
371 537
371 588
371 802
371 448
371 837
371 4
371 490
372 940
372 643
372 551
372 269
373 958
373 718
373 457
373 969
373 670
373 787
373 659
373 761
373 524
373 385
373 792
373 306
373 973
373 382
373 357
373 703
373 809
373 758
374 51
374 633
374 606
374 117
374 523
374 135
374 213
374 7
374 755
374 264
374 150
374 578
374 274
375 434
375 503
375 845
375 749
375 347
375 317
376 886
376 808
376 860
376 969
376 843
376 991
376 78
376 896
377 233
377 402
377 354
377 238
377 327
377 303
377 144
377 235
377 638
377 280
377 774
377 491
377 736
377 946
377 456
377 599
378 81
379 244
379 279
379 175
379 738
379 626
379 655
380 720
380 250
380 455
381 690
381 99
381 296
381 537
381 33
381 371
381 400
381 851
381 577
381 338
381 598
381 652
381 180
381 462
381 711
381 324
382 318
382 760
382 832
382 115
382 639
382 897
382 373
382 689
383 851
383 617
383 972
383 508
383 731
383 4
383 389
384 249
385 846
385 254
385 827
385 187
385 304
385 768
385 822
385 716
385 373
385 551
385 258
385 984
385 995
385 694
385 876
386 575
386 481
386 747
386 449
386 789
386 146
386 455
386 355
386 209
387 220
387 933
387 839
387 208
388 403
388 307
388 153
388 992
388 162
388 207
388 976
388 195
388 601
388 50
388 632
388 908
388 34
388 492
388 570
388 530
388 419
389 99
389 858
389 739
389 220
389 334
389 853
389 818
389 190
389 482
389 352
389 383
389 844
389 915
389 11
389 542
389 67
389 671
390 953
390 818
390 434
390 663
390 688
390 139
390 239
390 969
390 613
390 536
390 353
390 702
390 528
390 250
390 106
390 711
391 341
391 191
391 801
391 52
391 881
391 167
392 656
392 398
392 702
392 534
392 934
392 998
392 97
392 496
392 801
392 834
392 82
392 150
392 267
392 297
393 131
393 120
393 738
393 924
393 643
393 487
393 559
394 395
394 929
394 249
394 204
394 31
394 560
394 490
394 620
394 974
394 352
394 922
394 196
395 81
395 311
395 394
395 559
395 305
396 497
396 990
396 964
396 398
396 1000
396 567
396 647
396 514
396 491
396 687
396 917
396 946
396 464
396 884
396 258
396 646
396 787
397 902
397 685
397 481
397 991
397 323
397 678
397 492
397 717
397 816
397 334
397 83
397 666
397 832
397 809
397 874
397 342
397 739
397 870
397 853
397 467
397 800
398 179
398 757
398 602
398 238
398 629
398 556
398 392
398 280
398 431
398 937
398 982
398 396
398 883
398 668
398 834
398 606
398 450
399 353
399 110
399 158
399 758
400 153
400 684
400 691
400 964
400 573
400 785
400 462
400 205
400 823
400 381
400 562
400 311
400 301
400 1
400 28
401 888
401 6
401 407
401 598
401 266
401 411
401 810
401 419
401 110
401 882
401 618
401 250
401 711
401 243
402 436
402 422
402 869
402 74
402 190
402 174
402 687
402 483
402 81
402 675
402 377
402 738
403 137
403 844
403 1000
403 214
403 221
403 388
403 829
403 68
403 893
403 126
403 519
404 880
404 370
404 949
404 537
404 43
404 13
404 629
404 167
404 349
404 594
404 656
404 356
404 834
404 164
404 337
405 236
405 934
405 297
405 472
405 673
405 814
405 434
405 671
405 199
405 966
405 655
405 744
405 820
405 720
405 562
405 985
405 519
405 558
405 705
405 545
405 978
405 115
405 916
405 443
405 954
406 247
406 982
406 34
406 308
406 872
406 324
407 938
407 331
407 401
407 687
407 204
407 662
407 924
408 335
408 680
408 254
408 758
408 705
408 662
408 795
408 333
408 152
408 242
408 983
408 65
409 424
409 814
409 110
409 363
409 570
410 23
410 447
410 961
410 262
410 847
410 468
410 303
410 608
410 158
410 947
410 547
410 297
411 832
411 401
412 717
412 239
412 828
412 333
412 73
412 188
412 626
413 571
413 171
413 192
413 277
413 887
414 94
414 881
414 952
415 434
415 331
415 726
415 971
415 570
415 581
415 253
416 164
416 691
416 359
416 437
416 765
416 428
416 748
416 510
416 559
417 592
417 664
417 347
417 689
417 559
418 915
418 145
419 388
419 612
419 736
419 235
419 533
419 330
419 401
419 311
419 65
420 945
420 252
420 551
420 274
421 227
421 12
421 906
421 109
421 923
421 474
421 683
421 357
421 100
421 279
421 834
421 58
422 402
422 741
422 349
422 949
422 502
422 995
422 468
422 559
422 992
423 949
423 562
423 425
423 662
423 776
423 956
423 602
423 305
424 246
424 713
424 409
424 737
424 999
424 108
424 673
424 137
424 996
424 121
424 150
424 626
424 922
424 87
425 141
425 438
425 708
425 572
425 646
425 255
425 783
425 74
425 864
425 423
425 166
425 838
425 363
425 462
425 843
425 758
426 963
426 77
426 690
426 750
426 130
426 353
426 280
426 479
426 159
426 683
426 223
426 574
426 193
426 970
426 778
426 32
426 85
427 955
427 267
427 655
427 516
428 85
428 116
428 891
428 15
428 703
428 416
428 170
428 576
428 257
428 577
428 344
428 959
428 330
428 605
428 674
428 705
428 228
428 804
429 83
429 749
429 924
429 252
429 503
429 933
429 204
429 778
430 446
430 706
430 855
430 901
430 181
430 144
430 76
430 897
430 566
430 323
430 334
430 521
430 86
430 603
430 844
430 186
430 991
430 950
431 905
431 197
431 221
431 253
431 946
431 805
431 821
431 679
431 26
431 398
431 15
431 607
431 303
431 38
431 357
431 32
431 196
432 30
432 778
432 675
432 327
432 240
432 818
432 328
432 214
432 150
432 662
432 856
432 353
432 80
432 1000
432 858
432 443
432 621
432 67
432 870
432 893
432 800
432 516
433 951
433 759
433 177
433 437
433 320
433 655
433 302
433 267
433 15
433 349
433 717
433 657
433 837
433 270
433 53
434 415
434 236
434 321
434 916
434 194
434 906
434 968
434 375
434 5
434 196
434 34
434 355
434 365
434 462
434 390
434 405
434 440
435 100
435 277
435 816
435 544
435 24
435 311
435 876
435 813
435 85
436 402
436 40
436 77
437 221
437 119
437 416
437 896
437 921
437 791
437 808
437 824
437 734
437 30
437 277
437 528
437 901
437 541
437 508
437 433
437 106
437 934
437 35
438 936
438 425
438 715
438 121
438 926
439 186
439 369
439 237
439 488
439 220
439 204
440 811
440 573
440 280
440 779
440 442
440 434
440 335
440 97
440 80
440 875
440 914
441 940
441 937
441 577
441 357
441 469
441 776
442 924
442 571
442 464
442 721
442 749
442 896
442 893
442 440
443 52
443 405
443 77
443 553
443 755
443 943
443 345
443 432
443 776
443 775
443 887
444 687
444 806
444 937
444 45
444 574
444 482
444 308
444 91
445 467
445 15
445 40
445 765
445 204
445 883
445 274
446 430
446 717
446 136
446 262
447 910
447 630
447 347
447 410
448 321
448 244
448 240
448 643
448 721
448 371
448 204
448 19
448 96
448 220
448 553
448 343
448 854
448 82
448 830
448 230
449 126
449 647
449 706
449 717
449 637
449 221
449 386
449 339
450 559
450 836
450 83
450 581
450 11
450 334
450 398
450 712
450 353
450 724
450 640
450 498
450 916
450 687
450 789
450 751
450 649
451 354
451 492
451 585
451 486
451 615
451 65
451 122
451 843
451 675
451 776
451 250
451 27
452 805
452 186
452 370
452 996
452 560
452 713
452 998
452 317
453 679
453 62
453 352
453 933
453 367
453 939
453 64
453 740
453 7
453 559
454 724
454 186
454 1
454 99
454 468
454 992
455 386
455 52
455 380
455 992
455 566
455 470
455 34
455 654
455 920
455 641
455 537
455 70
455 739
455 269
455 955
455 339
455 914
456 732
456 559
456 86
456 683
456 934
456 115
456 605
456 377
456 25
456 838
456 925
456 369
456 96
456 296
456 726
456 272
457 868
457 353
457 22
457 748
457 373
457 917
457 883
457 296
457 145
458 359
458 578
458 537
458 279
458 778
458 599
458 758
459 226
459 838
459 797
459 341
459 191
459 686
459 910
459 552
459 131
459 355
459 626
459 952
459 104
460 525
460 838
460 720
460 765
460 113
461 525
461 844
461 728
461 58
461 261
461 294
462 434
462 381
462 893
462 725
462 425
462 352
462 496
462 38
462 823
462 965
462 924
462 400
462 317
462 796
463 690
463 590
463 16
463 940
463 64
463 779
463 740
464 539
464 820
464 861
464 442
464 396
464 65
464 840
464 764
464 501
464 974
464 706
464 528
464 244
464 668
464 255
465 318
465 598
465 903
465 77
465 887
465 983
466 278
466 858
466 213
466 594
466 70
467 445
467 624
467 992
467 195
467 504
467 569
467 580
467 854
467 652
467 615
467 646
467 397
467 809
467 876
467 367
467 150
467 922
468 809
468 634
468 945
468 797
468 599
468 189
468 966
468 697
468 647
468 422
468 454
468 349
468 801
468 955
468 410
469 338
469 224
469 441
469 266
469 591
469 295
469 135
469 240
469 171
469 606
469 853
470 726
470 702
470 687
470 455
471 327
471 510
471 970
471 342
472 595
472 98
472 120
472 505
472 473
472 785
472 815
472 848
472 341
472 363
472 804
472 544
472 55
472 94
472 681
472 809
472 405
472 304
472 270
472 164
472 519
473 877
473 24
473 688
473 820
473 472
473 339
473 237
474 681
474 244
474 590
474 339
474 421
475 776
475 353
475 884
475 852
475 298
475 885
475 2
475 304
475 758
476 295
477 137
477 567
477 511
477 869
477 320
478 162
479 838
479 720
479 210
479 714
479 918
479 426
480 132
480 175
480 875
480 270
481 397
481 802
481 204
481 510
481 386
481 826
481 787
482 780
482 444
482 525
482 999
482 947
482 153
482 332
482 809
482 974
482 5
482 9
482 389
482 65
482 285
483 690
483 62
483 201
483 578
483 688
483 402
483 42
484 121
484 783
484 492
484 996
484 39
484 177
484 863
484 959
484 936
484 971
484 42
484 820
484 302
484 250
485 769
486 683
486 451
486 587
486 755
487 929
487 901
487 885
487 249
487 393
487 228
487 765
487 491
487 808
487 952
487 266
487 667
488 281
488 219
488 636
488 99
488 923
488 708
488 439
488 933
488 701
488 90
488 20
488 367
488 864
488 813
489 755
489 528
489 355
489 723
489 761
490 559
490 976
490 860
490 925
490 328
490 371
490 294
490 394
490 279
490 761
490 711
490 514
490 781
491 173
491 655
491 3
491 506
491 396
491 377
491 546
491 487
491 52
491 327
491 108
491 761
491 252
491 769
491 598
491 660
492 863
492 992
492 894
492 165
492 388
492 879
492 705
492 136
492 451
492 484
492 886
492 397
492 608
492 971
492 998
492 368
493 805
493 580
493 782
493 148
493 595
493 163
494 577
494 115
494 688
494 934
494 910
494 925
494 119
494 127
495 114
495 272
495 519
496 66
496 573
496 691
496 614
496 968
496 910
496 917
496 514
496 392
496 701
496 886
496 462
496 674
496 821
497 75
497 349
497 396
497 573
497 153
497 156
498 80
498 370
498 704
498 130
498 243
498 450
498 115
498 992
499 370
499 34
499 162
499 787
500 241
500 191
500 908
500 221
501 234
501 830
501 927
501 528
501 822
501 330
501 464
501 913
501 238
501 9
501 958
502 422
502 262
502 143
502 268
502 830
502 525
502 919
502 599
502 184
502 19
502 735
502 526
502 718
502 82
502 559
503 983
503 714
503 275
503 52
503 279
503 375
503 203
503 843
503 355
503 368
503 734
503 796
503 247
503 218
503 672
503 137
503 41
503 429
503 607
503 110
503 80
503 797
503 24
503 933
504 467
504 281
504 204
504 60
504 212
505 690
505 352
505 843
505 876
505 834
505 472
506 867
506 237
506 598
506 491
506 976
506 252
506 956
506 813
506 303
507 917
507 897
507 122
507 338
507 295
507 890
507 1000
507 910
507 916
507 109
507 660
508 310
508 833
508 361
508 889
508 383
508 228
508 767
508 437
508 311
508 640
508 852
508 60
508 131
508 559
508 808
509 186
509 47
509 844
509 720
509 714
509 281
509 347
509 28
509 893
509 958
509 87
510 909
510 731
510 471
510 940
510 183
510 797
510 128
510 681
510 481
510 416
510 280
510 567
510 665
510 106
510 841
510 781
511 26
511 713
511 935
511 477
511 902
511 679
511 716
511 825
511 87
512 220
512 240
512 536
513 661
513 556
513 161
513 67
514 809
514 490
514 759
514 802
514 769
514 841
514 396
514 496
514 599
515 278
515 810
515 208
515 288
516 117
516 205
516 755
516 683
516 432
516 620
516 427
516 115
516 637
516 834
517 47
517 115
517 608
517 704
517 551
517 913
518 96
518 810
518 849
518 830
518 829
518 8
518 269
518 900
518 640
518 120
518 232
519 911
519 757
519 893
519 472
519 134
519 727
519 903
519 495
519 403
519 912
519 598
519 552
519 811
519 405
520 673
520 765
520 727
520 842
521 430
521 775
521 679
521 286
521 702
522 990
522 661
522 193
522 703
523 915
523 755
523 91
523 374
523 221
523 887
524 660
524 296
524 816
524 373
524 917
524 34
524 615
524 9
525 460
525 461
525 155
525 763
525 815
525 482
525 637
525 502
525 694
526 775
526 502
526 80
526 896
526 697
526 9
526 135
526 696
526 609
526 726
526 70
526 339
526 690
527 264
527 889
527 253
527 241
527 961
527 90
527 32
528 913
528 862
528 464
528 489
528 863
528 501
528 676
528 390
528 437
528 365
528 317
528 992
528 44
529 673
529 556
529 923
530 135
530 996
530 352
530 542
530 250
530 388
530 895
530 69
530 206
530 330
530 75
530 882
530 319
530 781
530 703
531 277
531 535
531 112
531 338
531 264
531 164
532 748
532 368
532 981
532 150
532 337
533 577
533 723
533 209
533 419
534 581
534 952
534 232
534 636
534 233
534 848
534 706
534 126
534 94
534 934
534 392
534 646
535 822
535 531
535 811
535 171
535 740
535 64
535 234
535 331
535 595
535 703
535 82
535 643
535 559
535 138
536 622
536 731
536 240
536 512
536 225
536 722
536 134
536 181
536 747
536 232
536 16
536 876
536 390
536 130
536 853
537 643
537 259
537 807
537 455
537 200
537 458
537 837
537 371
537 866
537 963
537 883
537 683
537 404
537 797
537 381
537 567
537 48
537 14
537 267
538 991
538 749
538 609
538 660
538 958
539 200
539 692
539 889
539 250
539 731
539 632
539 916
539 964
539 887
539 975
539 7
539 869
539 848
539 464
539 559
539 922
540 137
540 83
540 635
540 217
540 876
540 356
540 274
541 978
541 969
541 831
541 338
541 672
541 559
541 920
541 5
541 354
541 930
541 551
541 162
541 437
542 292
542 744
542 781
542 389
542 240
542 556
542 146
542 736
542 153
542 749
542 868
542 137
542 681
542 728
542 737
542 891
542 570
542 530
542 131
542 306
543 769
543 178
543 731
543 100
543 870
544 984
544 931
544 216
544 829
544 660
544 435
544 221
544 370
544 686
544 925
544 472
544 922
545 725
545 405
546 705
546 731
546 608
546 745
546 42
546 937
546 940
546 491
547 410
547 161
547 352
547 656
547 262
547 724
547 353
547 578
547 741
547 604
548 562
548 112
548 47
548 223
548 44
548 60
548 13
548 995
548 948
549 226
549 938
549 54
549 24
549 984
549 261
549 761
549 173
550 117
550 968
550 691
550 223
550 577
550 783
550 606
550 643
550 852
550 925
550 44
551 364
551 74
551 907
551 323
551 993
551 833
551 385
551 517
551 149
551 47
551 372
551 646
551 541
551 420
551 887
551 749
551 615
551 356
551 846
551 35
552 519
552 623
552 180
552 575
552 459
552 743
552 317
552 674
553 554
553 799
553 761
553 88
553 620
553 260
553 138
553 283
553 779
553 448
553 99
553 126
553 741
553 618
553 163
553 443
554 553
554 976
554 974
554 718
554 955
555 40
555 960
555 645
555 7
556 582
556 67
556 529
556 883
556 579
556 346
556 854
556 967
556 513
556 611
556 915
556 398
556 158
556 577
556 661
556 948
556 542
556 808
557 972
557 13
557 834
557 304
558 187
558 608
558 820
558 405
559 535
559 508
559 393
559 59
559 257
559 395
559 790
559 743
559 67
559 453
559 539
559 502
559 821
559 422
559 960
559 81
559 416
559 155
559 769
559 417
559 763
559 188
559 745
559 762
559 839
559 456
559 811
559 541
559 643
559 450
559 490
560 331
560 366
560 394
560 837
560 452
561 201
561 53
562 850
562 125
562 719
562 548
562 369
562 576
562 423
562 588
562 47
562 183
562 933
562 400
562 254
562 192
562 328
562 68
562 405
562 649
563 906
563 991
563 934
563 629
563 313
563 68
563 868
563 210
563 295
564 104
564 852
564 631
564 721
564 173
564 662
564 205
564 891
565 829
565 130
565 665
565 14
566 959
566 430
566 455
566 745
566 241
566 711
566 787
566 876
567 351
567 599
567 241
567 49
567 477
567 163
567 93
567 510
567 537
567 19
567 917
567 40
567 594
567 396
567 277
567 648
567 281
567 615
567 367
567 146
568 913
568 825
569 467
569 280
569 598
569 810
569 287
569 984
569 217
569 872
569 671
569 781
570 593
570 852
570 267
570 409
570 259
570 415
570 264
570 93
570 220
570 388
570 542
570 45
570 733
570 646
570 830
571 413
571 600
571 790
571 442
571 962
571 733
571 370
571 714
571 590
571 765
571 611
571 363
572 592
572 877
572 949
572 909
572 924
572 425
572 606
572 162
573 7
573 783
573 253
573 766
573 497
573 298
573 956
573 689
573 806
573 367
573 212
573 587
573 59
573 342
573 737
573 687
573 496
573 174
573 892
573 400
573 440
574 691
574 584
574 444
574 245
574 633
574 426
574 924
574 157
574 292
574 228
574 141
574 81
574 983
574 724
574 687
575 220
575 903
575 78
575 110
575 552
575 872
575 386
576 972
576 214
576 892
576 428
576 562
576 371
576 781
577 428
577 556
577 441
577 533
577 103
577 381
577 186
577 291
577 494
577 948
577 661
577 848
577 767
577 598
577 333
577 875
577 550
577 825
577 32
578 547
578 183
578 458
578 665
578 483
578 625
578 820
578 159
578 659
578 374
578 791
578 657
578 882
578 286
578 121
579 595
579 296
579 280
579 556
579 637
579 927
580 467
580 359
580 701
580 493
580 740
581 696
581 415
581 6
581 924
581 238
581 773
581 152
581 251
581 335
581 662
581 169
581 534
581 450
582 556
582 900
582 916
582 779
583 104
583 89
583 962
583 81
583 306
583 875
583 803
583 658
583 861
583 902
583 687
583 607
583 771
584 630
584 574
584 371
584 655
585 451
585 131
585 127
586 171
586 765
586 736
586 262
586 662
586 738
586 677
586 195
586 758
587 674
587 329
587 486
587 830
587 154
587 161
587 666
587 918
587 22
587 720
587 648
587 573
588 999
588 697
588 366
588 218
588 1000
588 312
588 758
588 371
588 590
588 179
588 562
588 217
588 925
588 955
588 740
589 844
589 757
589 779
590 588
590 369
590 713
590 869
590 778
590 357
590 600
590 843
590 173
590 808
590 837
590 670
590 463
590 474
590 706
590 643
590 571
591 748
591 469
592 417
592 572
592 819
592 20
592 70
592 68
592 889
592 113
592 961
593 570
593 886
593 948
593 857
594 567
594 246
594 365
594 956
594 996
594 8
594 466
594 816
594 666
594 960
594 194
594 237
594 404
594 46
595 750
595 579
595 172
595 493
595 535
595 297
595 609
595 472
595 168
595 46
596 237
596 884
596 656
596 304
596 255
597 59
597 682
597 721
597 973
597 865
597 874
597 237
597 80
597 54
597 679
598 381
598 519
598 103
598 569
598 360
598 577
598 143
598 214
598 491
598 465
598 1000
598 506
598 401
598 864
599 278
599 514
599 458
599 59
599 751
599 100
599 377
599 701
599 301
599 138
599 886
599 567
599 715
599 502
599 468
599 274
600 174
600 590
600 178
600 365
600 571
600 246
601 909
601 918
601 201
601 388
601 343
601 281
601 304
601 305
602 975
602 618
602 6
602 345
602 86
602 88
602 207
602 834
602 898
602 125
602 293
602 937
602 423
602 614
602 398
602 716
602 193
602 286
603 983
603 254
603 298
603 783
603 193
603 819
603 361
603 430
603 837
603 58
604 784
604 639
604 983
604 730
604 323
604 206
604 857
604 609
604 765
604 947
604 817
604 191
604 189
604 58
604 809
604 808
604 547
604 331
604 890
605 255
605 268
605 428
605 223
605 456
605 201
605 887
605 711
606 953
606 469
606 81
606 96
606 550
606 896
606 265
606 828
606 572
606 677
606 398
606 16
606 374
606 188
607 583
607 627
607 338
607 726
607 503
607 187
607 431
607 70
607 954
608 517
608 6
608 670
608 754
608 558
608 492
608 897
608 546
608 410
609 860
609 654
609 734
609 228
609 595
609 629
609 642
609 331
609 708
609 885
609 538
609 267
609 929
609 648
609 665
609 815
609 604
609 895
609 526
609 365
610 48
610 252
610 40
610 641
610 652
610 837
610 138
611 655
611 571
611 124
611 784
611 256
611 556
611 344
611 933
611 764
611 331
612 7
612 769
612 14
612 895
612 176
612 419
613 874
613 159
613 345
613 772
613 14
613 928
613 67
613 682
613 330
613 70
613 390
613 320
613 196
614 810
614 791
614 496
614 948
614 701
614 602
614 626
615 567
615 198
615 75
615 524
615 294
615 803
615 45
615 68
615 551
615 940
615 451
615 467
615 217
615 232
615 813
616 366
616 55
616 325
617 826
617 832
617 801
617 150
617 383
617 362
617 847
617 316
617 733
617 991
617 315
617 91
617 369
617 62
617 250
617 162
618 321
618 167
618 553
618 401
618 211
618 210
618 357
618 912
618 45
618 779
618 602
619 335
619 120
619 813
619 694
620 553
620 701
620 226
620 80
620 394
620 727
620 262
620 169
620 516
621 925
621 901
621 986
621 432
621 849
621 944
621 158
621 808
622 923
622 187
622 726
622 536
622 752
622 32
623 342
623 110
623 6
623 681
623 687
623 204
623 552
623 893
624 467
624 82
624 325
625 175
625 81
625 578
625 965
625 837
625 956
625 643
625 168
626 890
626 412
626 825
626 424
626 633
626 267
626 50
626 379
626 614
626 168
626 459
626 978
626 635
626 109
626 287
626 269
626 303
626 131
626 90
626 167
627 366
627 607
627 249
628 369
628 900
628 918
628 174
628 279
628 82
629 398
629 404
629 815
629 216
629 343
629 366
629 609
629 745
629 762
629 563
629 262
629 825
630 370
630 805
630 974
630 973
630 875
630 584
630 213
630 167
630 329
630 966
630 447
630 681
630 793
630 981
630 683
630 671
630 922
631 652
631 957
631 774
631 194
631 682
631 138
631 308
631 316
631 355
631 564
631 954
631 160
631 167
632 776
632 971
632 34
632 539
632 660
632 28
632 238
632 825
632 388
633 681
633 728
633 130
633 574
633 374
633 796
633 626
634 788
634 3
634 696
634 252
634 186
634 141
634 468
635 129
635 208
635 707
635 540
635 831
635 936
635 626
635 133
635 915
635 201
635 858
635 62
636 105
636 41
636 488
636 945
636 641
636 179
636 42
636 820
636 64
636 534
637 23
637 840
637 449
637 919
637 113
637 525
637 211
637 765
637 516
637 579
637 370
637 698
637 712
637 718
637 665
637 843
638 844
638 972
638 135
638 377
638 32
639 112
639 337
639 204
639 899
639 792
639 382
639 80
639 289
639 859
639 604
639 54
639 343
639 163
640 877
640 69
640 208
640 109
640 518
640 508
640 450
640 751
641 902
641 192
641 610
641 636
641 159
641 765
641 455
641 891
641 949
641 666
641 937
641 885
641 702
642 189
642 94
642 845
642 609
642 1
642 270
642 671
643 808
643 117
643 67
643 247
643 372
643 260
643 996
643 393
643 109
643 550
643 361
643 590
643 348
643 207
643 559
643 535
643 625
643 537
643 448
643 656
644 900
644 916
645 555
645 252
645 237
645 675
646 805
646 534
646 322
646 396
646 944
646 45
646 8
646 115
646 570
646 365
646 132
646 425
646 110
646 930
646 551
646 467
647 144
647 118
647 230
647 263
647 859
647 449
647 62
647 396
647 656
647 468
647 209
647 752
647 249
648 651
648 223
648 567
648 587
648 784
648 190
648 275
648 16
648 609
648 813
648 294
649 450
649 925
649 159
649 177
649 839
649 12
649 853
649 562
649 310
649 752
649 688
650 702
650 272
651 349
651 648
651 161
651 35
651 305
652 181
652 794
652 47
652 610
652 993
652 381
652 54
652 676
652 712
652 59
652 692
652 631
652 206
652 467
652 245
652 842
653 7
653 874
653 981
653 11
654 609
654 455
655 584
655 339
655 427
655 972
655 233
655 379
655 221
655 688
655 717
655 859
655 491
655 433
655 611
655 277
655 318
655 405
655 674
656 404
656 838
656 52
656 757
656 596
656 643
656 327
656 269
656 647
656 888
656 112
656 392
656 547
656 915
656 890
656 263
656 228
657 578
657 981
657 143
657 433
657 866
657 864
657 1000
657 991
657 733
657 80
657 333
657 1
658 45
658 355
658 890
658 216
658 583
658 91
658 811
658 82
658 52
658 810
659 230
659 94
659 69
659 373
659 578
659 806
659 671
659 255
660 524
660 353
660 243
660 507
660 220
660 491
660 699
660 39
660 66
660 538
660 341
660 632
660 824
660 359
660 791
660 210
660 544
660 338
660 179
660 809
660 337
661 77
661 513
661 556
661 522
661 280
661 282
661 236
661 4
661 577
661 298
661 983
661 683
662 335
662 581
662 407
662 966
662 837
662 773
662 423
662 963
662 586
662 432
662 983
662 793
662 564
662 242
662 738
662 870
662 7
662 408
662 746
663 88
663 981
663 61
663 162
663 16
663 214
663 77
663 109
663 749
663 390
663 896
664 417
664 123
664 780
664 67
664 368
664 146
664 993
664 221
664 331
664 53
665 64
665 251
665 105
665 855
665 609
665 637
665 864
665 193
665 565
665 510
665 578
665 688
665 87
666 899
666 164
666 641
666 594
666 397
666 768
666 60
666 587
666 262
666 857
666 160
667 831
667 362
667 336
667 487
667 49
667 869
667 294
667 334
667 109
667 887
667 201
667 705
667 729
668 204
668 706
668 398
668 197
668 853
668 306
668 673
668 905
668 816
668 982
668 196
668 855
668 464
668 223
668 333
668 998
669 228
669 908
669 890
670 590
670 945
670 240
670 608
670 373
671 569
671 931
671 46
671 659
671 642
671 389
671 126
671 775
671 695
671 630
671 335
671 165
671 940
671 62
671 781
671 44
671 405
671 270
671 249
672 924
672 503
672 913
672 541
672 939
673 529
673 424
673 520
673 782
673 681
673 845
673 837
673 102
673 239
673 898
673 1
673 668
673 4
673 923
673 405
674 655
674 496
674 187
674 552
674 778
674 428
674 838
674 825
674 737
674 782
674 960
674 42
674 587
674 996
674 893
674 212
675 52
675 301
675 402
675 306
675 147
675 645
675 76
675 826
675 963
675 737
675 79
675 451
675 356
675 892
675 432
675 353
675 217
675 241
675 32
675 46
676 275
676 81
676 137
676 652
676 528
677 348
677 692
677 867
677 586
677 814
677 318
677 338
677 606
677 303
678 397
678 868
678 952
678 992
679 453
679 511
679 193
679 597
679 79
679 182
679 57
679 75
679 521
679 258
679 359
679 945
679 431
679 933
679 884
679 238
680 408
681 950
681 324
681 472
681 474
681 876
681 867
681 633
681 703
681 140
681 293
681 630
681 542
681 369
681 701
681 673
681 69
681 936
681 193
681 510
681 623
681 119
681 934
681 955
682 631
682 613
682 16
682 839
682 597
682 948
682 368
683 421
683 486
683 166
683 690
683 128
683 289
683 90
683 661
683 630
683 717
683 211
683 537
683 343
683 456
683 426
683 516
684 175
684 760
684 962
684 4
684 400
684 955
684 27
685 322
685 199
685 291
685 719
685 397
685 938
686 927
686 819
686 459
686 544
686 757
686 834
686 62
686 909
686 317
686 922
687 444
687 396
687 583
687 574
687 193
687 623
687 50
687 171
687 254
687 802
687 470
687 256
687 573
687 732
687 450
687 159
687 891
687 805
687 407
687 821
687 717
687 366
687 215
687 402
687 910
688 798
688 473
688 665
688 483
688 649
688 724
688 986
688 157
688 494
688 743
688 244
688 223
688 971
688 215
688 927
688 390
688 655
688 145
689 95
689 836
689 882
689 898
689 833
689 863
689 243
689 771
689 866
689 417
689 832
689 382
689 161
689 573
690 801
690 505
690 483
690 954
690 742
690 797
690 463
690 913
690 101
690 766
690 876
690 338
690 526
690 683
690 353
690 381
690 426
691 697
691 229
691 416
691 904
691 757
691 959
691 239
691 574
691 496
691 725
691 109
691 252
691 400
691 550
691 789
691 955
692 539
692 701
692 726
692 652
692 343
692 916
692 778
692 677
692 740
693 702
694 95
694 525
694 288
694 134
694 212
694 326
694 385
694 619
694 702
694 369
694 14
694 253
695 852
695 344
695 851
695 704
695 238
695 150
695 671
696 158
696 296
696 122
696 526
696 581
696 729
696 634
697 691
697 900
697 959
697 704
697 588
697 193
697 745
697 301
697 526
697 468
697 127
698 47
698 357
698 637
699 22
699 295
699 886
699 192
699 16
699 660
699 753
700 900
700 884
700 323
700 58
700 341
700 204
700 232
701 874
701 329
701 692
701 712
701 620
701 681
701 2
701 496
701 351
701 580
701 922
701 180
701 614
701 903
701 343
701 488
701 599
702 470
702 694
702 693
702 650
702 390
702 132
702 521
702 641
702 392
702 80
703 707
703 522
703 282
703 985
703 197
703 45
703 535
703 710
703 373
703 530
703 215
703 681
703 295
703 428
703 247
703 872
704 498
704 881
704 517
704 697
704 695
704 96
704 49
704 706
704 937
704 40
704 917
704 981
704 711
704 32
705 785
705 428
705 742
705 778
705 717
705 118
705 6
705 964
705 207
705 252
705 667
705 2
705 898
705 492
705 9
705 405
705 830
705 408
705 546
706 704
706 256
706 307
706 342
706 464
706 806
706 449
706 430
706 668
706 590
706 996
706 534
706 892
707 237
707 769
707 333
707 635
707 703
707 267
707 104
708 44
708 488
708 69
708 58
708 714
708 425
708 609
708 869
708 787
709 94
709 728
709 854
709 802
709 272
709 926
710 703
710 90
711 390
711 124
711 381
711 763
711 191
711 704
711 566
711 342
711 813
711 401
711 331
711 310
711 490
711 224
711 605
711 89
711 115
711 301
712 214
712 701
712 338
712 370
712 652
712 110
712 637
712 876
712 55
712 450
712 85
713 798
713 590
713 424
713 511
713 94
713 452
714 479
714 509
714 50
714 708
714 87
714 908
714 503
714 909
714 22
714 120
714 571
714 173
715 599
715 234
715 438
715 199
715 7
715 797
715 77
715 356
715 371
716 511
716 34
716 385
716 818
716 54
716 16
716 602
716 150
717 687
717 251
717 433
717 446
717 143
717 449
717 846
717 397
717 764
717 705
717 683
717 412
717 655
717 914
718 637
718 502
718 554
718 790
718 922
718 373
718 100
718 369
718 925
718 306
718 842
719 51
719 915
719 562
719 250
719 982
719 685
719 11
720 808
720 509
720 149
720 380
720 112
720 900
720 479
720 460
720 750
720 587
720 82
720 94
720 405
721 442
721 87
721 113
721 201
721 815
721 448
721 597
721 564
722 192
722 936
722 974
722 536
722 821
722 939
722 285
723 533
723 489
723 177
723 223
723 29
723 728
723 204
723 109
723 975
723 13
723 834
723 67
724 787
724 574
724 106
724 850
724 804
724 829
724 454
724 43
724 872
724 976
724 45
724 547
724 688
724 806
724 450
725 10
725 860
725 931
725 217
725 545
725 259
725 766
725 691
725 770
725 252
725 769
725 193
725 462
725 887
725 830
726 370
726 470
726 692
726 854
726 415
726 332
726 329
726 955
726 67
726 884
726 283
726 2
726 607
726 456
726 526
726 937
726 342
726 982
726 622
726 738
726 138
726 32
727 620
727 168
727 520
727 239
727 89
727 137
727 822
727 762
727 519
727 27
728 958
728 723
728 826
728 542
728 633
728 461
728 709
728 230
728 769
728 62
728 822
728 216
728 277
728 353
729 696
729 873
729 831
729 178
729 827
729 667
729 308
729 345
729 942
729 825
729 845
729 5
729 970
730 44
730 604
730 255
731 257
731 143
731 295
731 341
731 270
731 772
731 543
731 789
731 990
731 383
731 119
731 536
731 743
731 792
731 539
731 883
731 510
731 90
731 546
732 47
732 936
732 178
732 687
732 456
732 853
733 657
733 157
733 570
733 132
733 328
733 1000
733 571
733 975
733 617
734 503
734 797
734 437
734 311
734 609
734 768
735 232
735 502
735 905
735 877
735 769
735 40
735 829
735 134
735 887
735 914
736 1
736 328
736 179
736 944
736 377
736 928
736 173
736 586
736 259
736 897
736 252
736 802
736 542
736 253
736 870
736 419
737 865
737 97
737 351
737 573
737 674
737 286
737 960
737 824
737 309
737 888
737 542
737 775
737 424
737 96
737 675
737 169
737 789
738 60
738 586
738 325
738 402
738 726
738 869
738 662
738 379
738 278
738 103
738 393
738 136
738 176
738 188
739 455
739 397
739 981
739 751
739 389
739 740
740 453
740 463
740 692
740 359
740 739
740 944
740 224
740 588
740 285
740 580
740 852
740 535
741 344
741 871
741 547
741 553
741 422
741 743
741 931
741 244
741 280
741 338
741 932
741 174
741 356
741 242
742 974
742 915
742 690
742 937
742 226
742 134
742 705
743 915
743 688
743 967
743 731
743 865
743 80
743 94
743 552
743 64
743 741
743 78
743 216
743 106
743 559
744 228
744 184
744 146
744 405
744 872
744 542
744 304
745 289
745 559
745 629
745 1
745 920
745 566
745 971
745 255
745 138
745 697
745 247
745 188
745 208
745 264
745 546
746 221
746 662
746 193
746 110
746 265
746 4
747 247
747 536
747 386
748 457
748 236
748 416
748 150
748 836
748 591
748 884
748 532
748 3
748 213
748 936
749 551
749 538
749 429
749 542
749 965
749 144
749 328
749 936
749 802
749 107
749 375
749 442
749 663
749 296
750 720
750 595
750 210
750 426
750 801
751 785
751 256
751 640
751 216
751 450
751 806
751 599
751 739
751 304
751 297
752 649
752 967
752 123
752 278
752 917
752 647
752 622
753 128
753 161
753 699
753 327
753 352
753 60
753 19
754 940
754 766
754 608
754 77
754 793
754 761
755 489
755 523
755 998
755 102
755 374
755 486
755 18
755 89
755 443
755 150
755 516
756 211
756 206
756 255
757 799
757 71
757 91
757 207
757 350
757 186
757 879
757 814
757 589
757 691
757 398
757 132
757 686
757 656
757 519
758 475
758 425
758 87
758 399
758 81
758 78
758 458
758 952
758 164
758 129
758 373
758 997
758 586
758 978
758 312
758 588
758 927
758 408
759 85
759 179
759 215
759 73
759 19
759 433
759 852
759 180
759 974
759 514
760 786
760 240
760 34
760 684
760 952
760 134
760 141
760 382
760 316
760 854
760 237
761 489
761 24
761 754
761 549
761 325
761 887
761 116
761 953
761 490
761 49
761 59
761 553
761 239
761 373
761 949
761 942
761 491
762 727
762 798
762 629
762 258
762 5
762 187
762 559
762 988
762 131
762 914
762 884
762 287
762 312
762 160
762 32
762 126
763 525
763 559
763 957
763 839
763 332
763 19
763 238
763 711
763 927
764 113
764 219
764 717
764 611
764 103
764 148
764 70
764 925
764 147
764 851
764 464
764 174
764 1
764 208
764 339
765 815
765 586
765 973
765 999
765 139
765 416
765 883
765 487
765 445
765 284
765 197
765 520
765 778
765 571
765 72
765 803
765 460
765 604
765 791
765 841
765 641
765 130
765 868
765 637
765 857
765 27
766 754
766 793
766 55
766 303
766 103
766 137
766 725
766 573
766 690
766 4
767 508
767 94
767 16
767 577
767 808
768 125
768 203
768 666
768 841
768 846
768 75
768 855
768 734
768 908
768 810
768 924
768 945
768 385
768 956
769 514
769 491
769 877
769 735
769 79
769 190
769 728
769 30
769 543
769 707
769 612
769 221
769 485
769 725
769 798
769 349
769 264
769 559
770 725
770 811
770 174
771 172
771 801
771 157
771 322
771 583
771 213
771 689
771 811
771 810
771 267
772 43
772 613
772 731
772 221
772 269
773 62
773 335
773 848
773 662
773 824
773 581
773 864
774 631
774 924
774 232
774 377
775 271
775 443
775 777
775 737
775 999
775 521
775 83
775 62
775 526
775 811
775 217
775 48
775 272
775 952
775 671
775 35
776 317
776 632
776 929
776 443
776 475
776 423
776 451
776 441
776 101
776 158
776 286
776 872
777 22
777 112
777 122
777 775
777 822
777 341
777 216
777 131
778 36
778 836
778 458
778 429
778 844
778 426
778 357
778 41
778 989
778 30
778 692
778 359
778 841
778 19
778 432
778 590
778 295
778 765
778 261
778 876
778 303
778 674
778 705
778 787
778 252
778 297
779 618
779 67
779 348
779 589
779 463
779 582
779 202
779 47
779 787
779 78
779 553
779 42
779 957
779 440
780 482
780 664
780 131
780 212
781 530
781 871
781 281
781 902
781 510
781 898
781 226
781 490
781 569
781 576
781 542
781 671
782 346
782 202
782 334
782 674
782 120
782 244
782 791
782 371
782 673
782 903
782 493
782 975
782 106
783 48
783 603
783 280
783 484
783 425
783 573
783 834
783 550
783 145
784 15
784 604
784 80
784 94
784 247
784 611
784 648
784 77
784 347
785 70
785 400
785 472
785 705
785 751
785 926
786 760
786 44
786 247
786 834
787 778
787 708
787 985
787 908
787 973
787 869
787 396
787 566
787 499
787 236
787 481
787 796
787 250
787 724
787 373
787 779
787 104
788 296
788 122
788 363
788 55
788 35
788 634
789 450
789 184
789 356
789 115
789 889
789 160
789 149
789 364
789 852
789 691
789 737
789 206
789 731
789 984
789 386
790 79
790 571
790 258
790 718
790 559
791 112
791 578
791 938
791 322
791 614
791 69
791 765
791 828
791 660
791 350
791 951
791 235
791 282
791 362
791 437
791 782
791 930
791 808
791 145
792 852
792 200
792 933
792 731
792 50
792 190
792 318
792 639
792 79
792 373
792 65
793 286
793 754
793 933
793 325
793 662
793 100
793 164
793 630
793 89
793 766
793 44
793 134
793 301
793 287
794 877
794 652
794 838
794 220
794 64
795 353
795 211
795 814
795 333
795 129
795 408
795 804
796 633
796 462
796 66
796 503
796 80
796 787
796 255
796 926
796 842
797 834
797 715
797 537
797 903
797 954
797 907
797 459
797 240
797 175
797 503
797 734
797 205
797 887
797 147
797 690
797 308
797 510
797 811
797 970
797 948
797 468
798 174
798 332
798 769
798 713
798 232
798 26
798 854
798 688
798 762
798 96
798 58
799 553
799 233
799 757
800 942
800 432
800 397
800 143
800 972
801 345
801 66
801 750
801 391
801 392
801 854
801 468
801 120
801 690
801 617
801 370
801 903
801 106
801 771
801 286
801 954
802 41
802 67
802 215
802 736
802 896
802 481
802 11
802 371
802 58
802 709
802 235
802 937
802 191
802 366
802 687
802 749
802 238
802 514
803 765
803 583
803 615
803 834
804 98
804 995
804 355
804 428
804 289
804 795
804 960
804 43
804 826
804 83
804 865
804 963
804 54
804 724
804 472
804 65
805 630
805 431
805 852
805 40
805 330
805 327
805 687
805 493
805 646
805 452
805 952
806 444
806 889
806 815
806 279
806 245
806 751
806 184
806 146
806 120
806 724
806 659
806 706
806 296
806 281
806 573
806 121
806 324
807 946
807 537
807 962
807 135
807 158
808 556
808 259
808 220
808 291
808 487
808 767
808 346
808 508
808 791
808 621
808 971
808 286
808 720
808 643
808 590
808 437
808 604
808 261
808 195
808 376
809 157
809 908
809 467
809 991
809 864
809 482
809 397
809 472
809 169
809 660
809 373
809 132
809 604
809 468
809 514
810 614
810 211
810 768
810 833
810 91
810 569
810 515
810 886
810 771
810 658
810 884
810 401
810 930
810 365
810 518
810 261
810 28
811 850
811 519
811 358
811 174
811 826
811 559
811 797
811 658
811 775
811 329
811 771
811 956
811 770
811 535
811 275
811 825
811 270
811 440
811 87
813 69
813 615
813 619
813 648
813 506
813 111
813 882
813 189
813 488
813 199
813 435
813 153
813 711
814 108
814 795
814 838
814 409
814 78
814 54
814 964
814 928
814 338
814 757
814 405
814 677
814 914
815 847
815 216
815 100
815 609
815 629
815 721
815 120
815 525
815 27
815 941
815 328
815 921
815 353
815 765
815 184
815 281
815 869
815 806
815 472
816 894
816 435
816 152
816 594
816 524
816 271
816 905
816 866
816 220
816 189
816 351
816 188
816 331
816 397
816 668
816 820
816 887
816 46
817 937
817 103
817 604
817 923
818 432
818 918
818 130
818 716
818 369
818 161
818 217
818 390
818 82
818 389
818 164
819 592
819 211
819 338
819 603
819 686
819 874
820 897
820 636
820 178
820 484
820 558
820 816
820 314
820 134
820 473
820 920
820 181
820 357
820 115
820 829
820 578
820 464
820 405
820 82
820 857
820 129
821 687
821 996
821 337
821 273
821 722
821 496
821 252
821 431
821 130
821 369
821 559
822 385
822 728
822 92
822 3
822 87
822 971
822 501
822 727
822 777
822 137
822 535
822 924
822 357
822 920
823 462
823 400
824 773
824 186
824 437
824 737
824 356
824 660
825 632
825 577
825 511
825 321
825 834
825 629
825 811
825 212
825 568
825 287
825 674
825 626
825 729
826 206
826 481
826 216
826 937
826 957
826 846
826 617
826 296
826 728
826 811
826 675
826 804
827 868
827 80
827 327
827 984
827 385
827 65
827 942
827 267
827 729
828 201
828 83
828 791
828 606
828 263
828 976
828 918
828 342
828 303
828 412
829 735
829 224
829 565
829 113
829 820
829 146
829 403
829 544
829 983
829 724
829 518
829 900
830 997
830 448
830 316
830 705
830 332
830 206
830 570
830 725
830 115
830 908
830 330
830 178
830 120
830 518
830 501
830 502
830 587
830 250
831 635
831 541
831 66
831 729
831 667
832 119
832 411
832 397
832 40
832 382
832 617
832 137
832 874
832 982
832 916
832 242
832 67
832 138
832 689
833 214
833 238
833 689
833 508
833 810
833 551
834 392
834 516
834 80
834 53
834 932
834 398
834 888
834 297
834 786
834 723
834 505
834 64
834 557
834 783
834 421
834 321
834 803
834 404
834 1000
834 797
834 686
834 841
834 825
834 602
835 883
835 990
835 359
835 158
835 78
835 186
835 995
836 689
836 934
836 748
836 286
836 892
836 778
836 450
836 324
837 239
837 88
837 560
837 625
837 135
837 371
837 610
837 992
837 433
837 325
837 603
837 673
837 590
837 537
837 662
838 227
838 460
838 425
838 459
838 479
838 794
838 814
838 456
838 656
838 303
838 674
839 975
839 226
839 559
839 387
839 682
839 763
839 185
839 649
840 75
840 464
840 637
840 882
840 957
840 864
840 942
841 514
841 923
841 164
841 765
841 985
841 315
841 362
841 915
841 834
841 284
841 75
841 510
841 18
841 768
841 211
841 226
841 221
841 778
842 652
842 151
842 520
842 73
842 872
842 796
842 107
842 718
842 301
842 90
843 425
843 141
843 637
843 505
843 359
843 451
843 239
843 503
843 590
843 52
843 376
844 926
844 430
844 638
844 327
844 389
844 509
844 589
844 461
844 38
844 44
844 951
844 35
844 61
844 312
844 778
844 337
844 403
845 997
845 117
845 58
845 286
845 948
845 729
845 375
845 642
845 198
845 673
845 112
845 4
845 853
845 922
846 179
846 321
846 221
846 371
846 717
846 551
846 859
846 768
846 385
846 826
846 942
847 214
847 815
847 946
847 352
847 161
847 617
847 66
847 410
848 221
848 773
848 44
848 73
848 960
848 539
848 905
848 895
848 335
848 42
848 577
848 984
848 472
848 173
848 534
849 982
849 518
849 621
849 243
849 167
850 562
850 858
850 724
850 811
850 288
850 285
851 981
851 381
851 764
851 383
851 695
851 3
851 131
851 287
851 344
851 82
852 947
852 937
852 695
852 759
852 475
852 887
852 133
852 508
852 805
852 550
852 19
852 331
852 792
852 570
852 934
852 564
852 789
852 740
853 732
853 397
853 105
853 845
853 998
853 469
853 536
853 889
853 142
853 981
853 960
853 237
853 668
853 975
853 389
853 649
854 943
854 54
854 186
854 709
854 798
854 369
854 448
854 959
854 467
854 726
854 760
854 556
854 130
854 801
854 996
854 954
854 253
855 665
855 892
855 430
855 768
855 258
855 668
855 970
855 896
855 150
856 432
857 666
857 920
857 765
857 820
857 593
857 248
857 604
857 247
858 466
858 199
858 168
858 906
858 66
858 635
858 73
858 895
858 850
858 432
858 908
858 972
858 82
858 389
859 178
859 860
859 846
859 987
859 639
859 256
859 99
859 864
859 647
859 252
859 972
859 246
859 161
859 356
859 347
859 655
860 859
860 725
860 609
860 376
860 922
860 490
861 83
861 885
861 311
861 464
861 583
861 368
861 914
861 266
862 528
862 970
863 96
863 689
863 528
863 890
863 178
863 146
863 492
863 119
863 484
864 17
864 295
864 998
864 866
864 488
864 840
864 773
864 94
864 996
864 598
864 859
864 665
864 657
864 809
864 971
864 425
864 2
865 737
865 743
865 949
865 16
865 597
865 55
865 14
865 804
866 915
866 917
866 657
866 537
866 816
866 689
866 910
866 864
867 681
867 506
867 34
867 188
867 250
867 677
867 212
868 190
868 457
868 563
868 827
868 542
868 79
868 765
868 991
868 327
868 678
868 109
869 945
869 815
869 208
869 164
869 137
869 708
869 929
869 477
869 246
869 21
869 884
869 205
869 402
869 590
869 539
869 261
869 738
869 787
869 667
870 662
870 912
870 397
870 328
870 432
870 331
870 543
870 736
870 252
870 182
870 244
871 741
871 175
871 204
871 939
871 781
872 283
872 703
872 575
872 951
872 776
872 359
872 227
872 406
872 569
872 744
872 338
872 244
872 291
872 724
872 44
872 842
872 53
873 917
873 64
873 269
873 729
874 397
874 52
874 832
874 819
874 653
874 296
874 60
874 11
874 48
874 701
874 613
874 597
875 963
875 440
875 480
875 577
875 285
875 630
875 16
875 250
875 583
875 892
875 126
875 255
876 778
876 188
876 540
876 162
876 435
876 467
876 712
876 505
876 885
876 536
876 264
876 265
876 566
876 385
876 934
876 681
876 690
877 640
877 735
877 473
877 572
877 152
877 794
877 304
877 263
877 332
877 223
877 976
877 769
877 949
877 208
877 265
877 28
877 75
878 158
879 69
879 353
879 211
879 757
879 492
879 255
880 404
880 296
880 210
880 978
880 983
880 317
881 414
881 391
881 228
881 214
881 704
882 311
882 352
882 248
882 193
882 530
882 578
882 840
882 401
882 1000
882 220
882 689
882 301
882 221
882 813
883 257
883 234
883 356
883 835
883 10
883 217
883 362
883 731
883 153
883 445
883 947
883 398
883 457
883 206
883 917
883 556
883 765
883 537
883 135
884 354
884 475
884 810
884 115
884 596
884 762
884 679
884 396
884 87
884 726
884 959
884 748
884 130
884 869
884 245
884 339
884 700
885 641
885 475
885 78
885 96
885 861
885 103
885 609
885 876
885 319
885 55
885 487
886 492
886 115
886 593
886 699
886 280
886 496
886 599
886 126
886 15
886 130
886 810
886 956
886 245
886 376
887 302
887 891
887 667
887 443
887 605
887 725
887 523
887 465
887 816
887 735
887 413
887 252
887 852
887 797
887 311
887 551
887 539
887 109
887 121
887 761
887 273
888 972
888 945
888 401
888 737
888 656
888 834
888 253
889 527
889 539
889 223
889 806
889 318
889 508
889 789
889 853
889 592
890 604
890 341
890 863
890 209
890 507
890 101
890 78
890 342
890 117
890 301
890 967
890 658
890 656
890 669
890 357
890 89
890 16
890 626
891 641
891 564
891 202
891 328
891 166
891 542
891 915
891 7
891 428
891 250
891 687
891 892
891 232
891 887
891 926
892 675
892 855
892 40
892 311
892 576
892 891
892 875
892 836
892 573
892 706
892 152
892 360
892 211
892 207
892 302
893 973
893 100
893 256
893 212
893 442
893 432
893 509
893 104
893 403
893 674
893 74
893 272
893 85
893 623
893 83
893 47
893 113
893 462
893 217
893 173
893 519
894 816
894 370
894 333
894 492
895 530
895 245
895 848
895 609
895 365
895 612
895 858
895 971
895 263
896 442
896 141
896 376
896 987
896 19
896 663
896 855
896 230
896 437
896 606
896 216
896 110
896 802
896 526
897 135
897 507
897 193
897 608
897 736
897 303
897 382
897 990
897 981
897 430
897 291
897 215
897 820
898 70
898 673
898 155
898 5
898 174
898 705
898 689
898 936
898 311
898 135
898 602
898 87
898 781
898 127
899 934
899 666
899 639
900 41
900 628
900 582
900 697
900 644
900 142
900 829
900 720
900 120
900 518
900 700
900 27
901 430
901 621
901 437
901 487
902 397
902 962
902 641
902 278
902 583
902 511
902 781
903 125
903 465
903 782
903 3
903 801
903 85
903 140
903 360
903 166
903 942
903 701
903 575
903 183
903 295
903 31
903 120
903 262
903 110
903 797
903 939
903 519
904 691
904 238
904 971
904 303
904 243
905 949
905 431
905 848
905 735
905 816
905 239
905 668
905 28
906 858
906 434
906 918
906 218
906 174
906 563
906 150
906 421
907 797
907 551
907 265
907 356
907 163
907 317
907 324
908 768
908 830
908 714
908 858
908 669
908 500
908 175
908 388
908 809
908 353
908 933
908 279
908 787
909 601
909 233
909 714
909 345
909 686
909 572
909 510
910 687
910 494
910 866
910 924
910 447
910 348
910 352
910 459
910 507
910 66
910 967
910 353
910 496
910 65
910 127
910 27
911 233
911 280
911 519
912 155
912 34
912 265
912 308
912 618
912 319
912 177
912 370
912 870
912 519
913 40
913 125
913 568
913 501
913 934
913 170
913 999
913 517
913 672
913 117
913 690
913 528
913 7
913 938
913 81
914 717
914 440
914 995
914 814
914 992
914 861
914 455
914 735
914 126
914 1000
914 972
914 924
914 762
914 232
914 270
914 58
915 719
915 105
915 523
915 866
915 742
915 418
915 556
915 635
915 656
915 280
915 124
915 355
915 389
915 334
915 743
915 841
915 891
915 265
915 347
915 320
916 166
916 507
916 345
916 405
916 692
916 365
916 120
916 582
916 644
916 982
916 214
916 111
916 77
916 51
916 832
916 434
916 349
916 539
916 450
917 507
917 396
917 184
917 883
917 931
917 956
917 117
917 866
917 567
917 174
917 873
917 924
917 204
917 999
917 524
917 704
917 457
917 496
917 752
917 53
918 253
918 628
918 278
918 601
918 313
918 214
918 171
918 926
918 818
918 906
918 279
918 350
918 479
918 972
918 828
918 202
918 45
918 60
918 587
918 27
919 341
919 637
919 502
919 250
919 129
920 822
920 937
920 368
920 97
920 202
920 963
920 297
920 303
920 984
920 311
920 745
920 820
920 541
920 857
920 455
921 437
921 184
921 815
921 965
921 9
921 347
921 294
922 345
922 630
922 860
922 544
922 686
922 52
922 845
922 539
922 424
922 467
922 100
922 183
922 217
922 394
922 701
922 718
923 673
923 529
923 817
923 23
923 173
923 962
923 488
923 841
923 622
923 220
923 217
923 162
923 421
924 442
924 429
924 393
924 774
924 998
924 672
924 822
924 768
924 341
924 572
924 303
924 914
924 462
924 407
924 574
924 917
924 910
924 581
925 40
925 274
925 351
925 136
925 544
925 226
925 956
925 207
925 174
925 550
925 494
925 588
925 718
925 314
925 357
925 456
925 621
925 764
925 649
925 490
926 796
926 891
926 944
926 364
926 224
926 235
926 368
926 785
926 182
926 47
926 709
926 438
926 320
926 237
926 276
926 844
926 918
926 949
927 274
927 579
927 758
927 688
927 974
927 15
927 12
927 763
927 252
927 686
927 501
927 319
928 122
928 613
928 814
928 736
929 776
929 394
929 609
929 869
929 286
929 487
929 129
930 646
930 791
930 173
930 73
930 810
930 541
930 324
930 277
930 949
930 7
930 357
930 120
930 933
930 58
930 153
931 917
931 725
931 226
931 47
931 741
931 544
931 45
931 671
932 210
932 834
932 741
933 290
933 429
933 453
933 930
933 611
933 73
933 993
933 503
933 908
933 387
933 679
933 307
933 488
933 562
933 792
933 77
933 793
934 899
934 321
934 836
934 876
934 534
934 494
934 852
934 681
934 102
934 147
934 126
934 437
934 392
934 456
934 331
934 913
934 405
934 563
935 511
935 954
935 87
936 732
936 681
936 722
936 58
936 438
936 82
936 748
936 136
936 484
936 898
936 974
936 749
936 120
936 635
936 970
936 164
937 136
937 343
937 161
937 802
937 289
937 114
937 441
937 351
937 704
937 817
937 742
937 444
937 641
937 398
937 852
937 920
937 188
937 726
937 826
937 602
937 546
938 292
938 549
938 913
938 213
938 948
938 289
938 128
938 50
938 947
938 255
938 407
938 328
938 685
938 93
938 968
938 791
938 150
939 235
939 871
939 903
939 722
939 672
939 453
939 940
939 296
939 54
939 121
940 372
940 754
940 975
940 56
940 441
940 939
940 165
940 615
940 463
940 546
940 27
940 359
940 349
940 510
940 671
941 972
941 15
941 815
941 48
941 317
941 209
942 304
942 827
942 274
942 998
942 45
942 846
942 205
942 761
942 840
942 903
942 13
942 176
942 729
942 800
943 854
943 443
943 337
943 212
944 736
944 646
944 621
944 740
944 926
945 166
945 369
945 211
945 79
945 311
945 420
945 30
945 17
945 636
945 679
945 670
945 768
945 888
945 58
945 960
945 869
945 217
945 468
945 195
946 166
946 281
946 847
946 330
946 396
946 966
946 9
946 807
946 76
946 377
946 952
946 431
946 40
946 45
946 981
946 274
947 604
947 852
947 244
947 938
947 34
947 482
947 883
947 410
948 120
948 614
948 39
948 62
948 682
948 41
948 368
948 593
948 548
948 797
948 264
948 285
948 556
948 577
948 938
948 845
948 163
948 32
949 905
949 423
949 930
949 641
949 877
949 865
949 572
949 331
949 422
949 123
949 761
949 926
949 321
949 404
950 272
950 45
950 135
950 155
950 430
950 30
950 681
950 68
950 265
951 433
951 791
951 341
951 872
951 844
952 678
952 805
952 973
952 286
952 85
952 414
952 487
952 459
952 775
952 760
952 178
952 120
952 946
952 347
952 961
952 534
952 758
952 145
953 606
953 201
953 390
953 954
953 761
954 37
954 989
954 405
954 631
954 253
954 953
954 935
954 607
954 264
954 854
954 801
954 690
954 797
954 295
954 281
954 995
955 230
955 684
955 455
955 554
955 207
955 681
955 588
955 468
955 691
955 427
955 345
955 726
955 214
955 208
955 96
956 506
956 423
956 886
956 768
956 625
956 917
956 594
956 573
956 811
956 925
956 173
957 779
957 155
957 840
957 228
957 631
957 763
957 826
958 509
958 104
958 226
958 183
958 215
958 501
958 538
958 94
958 728
958 373
958 82
958 127
959 691
959 151
959 88
959 253
959 214
959 991
959 566
959 272
959 697
959 484
959 428
959 884
959 69
959 349
959 216
959 854
960 594
960 674
960 555
960 226
960 945
960 337
960 972
960 848
960 737
960 195
960 853
960 559
960 804
961 318
961 980
961 247
961 329
961 159
961 592
961 527
961 212
961 77
961 952
961 32
961 370
961 134
961 410
962 902
962 923
962 974
962 191
962 684
962 312
962 56
962 807
962 571
962 583
962 138
963 920
963 537
963 426
963 875
963 675
963 662
963 264
963 804
963 992
964 814
964 396
964 42
964 539
964 400
964 705
965 921
965 83
965 462
965 625
965 24
965 302
965 749
965 218
966 946
966 630
966 220
966 662
966 405
966 468
967 743
967 752
967 296
967 556
967 890
967 910
968 434
968 62
968 43
968 938
968 496
968 550
969 976
969 58
969 373
969 541
969 390
969 376
969 104
969 44
970 471
970 862
970 123
970 297
970 797
970 61
970 936
970 729
970 22
970 855
970 277
970 426
970 226
970 263
970 269
971 492
971 16
971 415
971 998
971 864
971 193
971 106
971 904
971 688
971 632
971 365
971 142
971 369
971 895
971 484
971 822
971 745
971 808
972 95
972 383
972 941
972 888
972 557
972 279
972 960
972 576
972 638
972 858
972 859
972 914
972 800
972 45
972 296
972 918
972 55
972 150
972 655
973 630
973 765
973 983
973 373
973 984
973 597
973 893
973 787
973 952
974 742
974 936
974 276
974 281
974 394
974 464
974 722
974 759
974 482
974 554
974 962
974 630
974 78
974 2
974 4
974 927
975 733
975 853
975 325
975 723
975 782
975 23
975 940
975 330
975 79
975 839
975 539
975 602
976 30
976 877
976 724
976 969
976 506
976 229
976 226
976 554
976 828
976 331
976 388
976 369
976 119
976 490
977 986
977 53
977 20
977 158
977 4
977 184
977 366
978 758
978 405
978 626
978 356
978 198
978 295
978 222
978 880
978 541
979 68
980 215
980 961
980 267
980 127
981 183
981 227
981 630
981 144
981 704
981 67
981 653
981 532
981 946
981 851
981 657
981 96
981 106
981 739
981 897
981 853
981 663
981 27
982 398
982 169
982 832
982 288
982 849
982 319
982 137
982 406
982 52
982 719
982 916
982 668
982 342
982 726
983 261
983 197
983 408
983 829
983 973
983 100
983 661
983 880
983 574
983 662
983 246
983 465
983 166
983 603
983 503
983 604
983 335
983 47
983 984
984 789
984 308
984 549
984 983
984 848
984 569
984 334
984 973
984 11
984 827
984 385
984 262
984 544
984 920
985 990
985 250
985 841
985 405
985 703
985 787
986 688
986 977
986 621
986 294
987 859
987 356
987 896
987 272
988 54
988 762
988 5
989 215
989 208
989 954
989 778
990 985
990 991
990 133
990 522
990 105
990 835
990 897
990 731
990 396
990 60
990 158
991 538
991 657
991 190
991 225
991 191
991 362
991 430
991 369
991 959
991 990
991 397
991 809
991 868
991 617
991 563
991 376
992 454
992 422
992 678
992 498
992 263
992 528
992 963
992 23
992 467
992 388
992 455
992 281
992 492
992 837
992 914
993 652
993 551
993 933
993 664
993 265
993 288
995 385
995 231
995 370
995 126
995 954
995 422
995 548
995 11
995 835
995 187
995 281
995 48
995 121
995 176
995 804
995 914
996 333
996 706
996 424
996 674
996 854
996 643
996 484
996 594
996 54
996 821
996 530
996 864
996 452
997 845
997 191
997 193
997 830
997 758
998 668
998 492
998 452
998 25
998 189
998 755
998 924
998 971
998 204
998 864
998 853
998 942
998 392
999 775
999 424
999 765
999 239
999 588
999 917
999 482
999 913
999 126
1000 882
1000 834
1000 211
1000 328
1000 598
1000 733
1000 177
1000 432
1000 914
1000 20
1000 52
1000 507
1000 232
1000 657
1000 588
1000 216
1000 396
1000 403
1000 46
