1 34
1 44
1 47
1 38
1 28
1 24
1 45
1 2
1 6
1 10
1 13
1 18
1 49
1 53
2 11
2 50
2 52
2 18
2 41
2 59
2 51
2 1
2 4
2 23
2 27
2 31
2 42
2 43
2 45
2 53
2 58
3 15
3 38
3 12
3 41
3 13
3 4
3 30
3 47
3 29
3 18
3 7
3 8
3 10
3 25
3 35
3 46
3 49
3 50
3 60
4 25
4 31
4 39
4 30
4 48
4 58
4 53
4 13
4 12
4 19
4 51
4 55
4 2
4 54
4 27
4 3
4 16
4 29
4 41
4 42
4 43
4 45
4 46
4 49
5 29
5 18
5 7
5 9
5 17
5 35
5 48
5 57
6 30
6 12
6 19
6 16
6 55
6 1
6 56
6 22
6 47
6 24
6 17
6 18
6 23
6 43
6 46
6 53
7 10
7 56
7 9
7 22
7 59
7 19
7 5
7 43
7 16
7 44
7 49
7 52
7 24
7 41
7 3
7 8
7 14
7 15
7 29
7 30
7 39
7 50
7 51
7 57
8 3
8 19
8 60
8 38
8 17
8 21
8 16
8 29
8 7
8 52
8 14
8 20
8 25
8 26
8 41
8 43
8 45
8 46
8 54
9 57
9 14
9 16
9 12
9 5
9 7
9 20
9 32
9 33
9 47
9 51
10 31
10 35
10 57
10 1
10 48
10 46
10 3
10 7
10 20
10 32
10 38
10 41
10 43
10 44
10 52
11 36
11 30
11 59
11 33
11 2
11 13
11 16
11 20
11 34
11 42
11 49
12 56
12 15
12 16
12 32
12 31
12 22
12 30
12 59
12 36
12 37
12 26
12 51
12 60
12 49
12 39
12 58
12 24
12 55
12 34
12 42
12 3
12 4
12 6
12 9
12 14
12 35
13 32
13 45
13 31
13 1
13 11
13 54
13 3
13 4
13 16
13 17
13 22
13 24
13 27
13 35
13 51
13 52
13 60
14 19
14 32
14 49
14 8
14 12
14 50
14 16
14 7
14 56
14 27
14 59
14 26
14 46
14 9
14 22
14 35
14 37
15 47
15 52
15 7
15 35
15 3
15 12
15 25
15 43
15 45
15 54
15 60
16 35
16 4
16 51
16 59
16 46
16 11
16 39
16 38
16 13
16 32
16 26
16 6
16 7
16 8
16 9
16 12
16 14
16 29
16 36
16 37
16 43
16 48
16 53
17 6
17 49
17 59
17 56
17 5
17 55
17 13
17 27
17 20
17 8
17 26
17 29
17 34
17 38
17 48
17 51
17 53
18 6
18 44
18 39
18 20
18 42
18 40
18 1
18 55
18 34
18 45
18 41
18 2
18 3
18 5
18 19
18 23
18 49
18 57
18 59
19 29
19 53
19 47
19 54
19 18
19 4
19 6
19 7
19 8
19 14
19 26
19 45
19 51
19 52
19 59
19 60
20 41
20 8
20 31
20 42
20 9
20 39
20 52
20 60
20 26
20 37
20 47
20 10
20 57
20 11
20 49
20 27
20 22
20 44
20 17
20 18
20 23
20 25
20 28
20 29
21 33
21 52
21 8
21 24
21 28
21 34
21 35
21 38
21 46
21 48
21 60
22 60
22 13
22 14
22 42
22 29
22 44
22 41
22 38
22 33
22 6
22 7
22 12
22 20
22 30
22 32
22 35
22 40
22 58
22 59
23 60
23 45
23 6
23 35
23 31
23 48
23 29
23 2
23 18
23 34
23 40
23 20
23 24
23 25
23 43
23 47
23 49
23 58
23 59
24 21
24 13
24 55
24 54
24 23
24 36
24 56
24 45
24 60
24 47
24 1
24 6
24 7
24 12
24 51
25 8
25 15
25 50
25 23
25 3
25 42
25 20
25 4
25 41
25 58
26 32
26 31
26 33
26 19
26 17
26 56
26 8
26 40
26 12
26 14
26 16
26 20
26 42
26 48
26 52
26 60
27 43
27 2
27 47
27 13
27 58
27 50
27 4
27 14
27 17
27 20
27 32
27 40
27 48
28 55
28 34
28 57
28 20
28 47
28 21
28 1
28 41
28 43
28 52
29 4
29 32
29 41
29 57
29 17
29 20
29 30
29 50
29 58
29 7
29 56
29 16
29 3
29 5
29 8
29 19
29 22
29 23
29 33
29 48
29 49
30 49
30 38
30 7
30 33
30 45
30 22
30 3
30 4
30 6
30 11
30 12
30 29
30 36
30 39
30 43
31 45
31 40
31 43
31 2
31 47
31 49
31 55
31 32
31 4
31 10
31 12
31 13
31 20
31 23
31 26
31 53
31 56
31 59
32 9
32 22
32 10
32 36
32 47
32 27
32 34
32 12
32 13
32 14
32 16
32 26
32 29
32 31
32 38
32 42
32 53
32 54
32 58
32 59
32 60
33 48
33 36
33 49
33 9
33 53
33 51
33 29
33 11
33 21
33 22
33 26
33 30
33 42
33 55
33 57
33 58
33 60
34 11
34 47
34 43
34 21
34 58
34 17
34 50
34 35
34 53
34 1
34 12
34 18
34 23
34 28
34 32
34 38
34 39
34 42
34 54
35 57
35 13
35 5
35 3
35 22
35 12
35 21
35 14
35 37
35 51
35 42
35 10
35 15
35 16
35 23
35 34
35 47
36 46
36 38
36 54
36 16
36 55
36 48
36 30
36 42
36 11
36 12
36 24
36 32
36 33
36 37
36 47
36 49
36 58
37 16
37 41
37 36
37 14
37 60
37 12
37 20
37 35
37 38
37 43
38 46
38 56
38 32
38 21
38 34
38 40
38 45
38 37
38 10
38 17
38 43
38 39
38 1
38 3
38 8
38 16
38 22
38 30
38 36
38 51
38 54
38 58
39 57
39 7
39 30
39 60
39 34
39 4
39 12
39 16
39 18
39 20
39 38
39 40
39 50
39 56
40 48
40 60
40 27
40 47
40 55
40 39
40 22
40 18
40 23
40 26
40 31
40 38
40 45
40 54
40 58
41 4
41 28
41 8
41 42
41 25
41 10
41 2
41 3
41 7
41 18
41 20
41 22
41 29
41 37
41 46
41 51
42 55
42 34
42 11
42 53
42 33
42 2
42 26
42 4
42 44
42 32
42 12
42 18
42 20
42 22
42 25
42 35
42 36
42 41
42 45
42 58
43 23
43 15
43 28
43 53
43 10
43 37
43 6
43 8
43 57
43 16
43 4
43 55
43 2
43 30
43 7
43 27
43 31
43 34
43 38
43 45
43 48
43 54
43 58
44 10
44 1
44 7
44 18
44 20
44 22
44 42
44 50
45 51
45 4
45 8
45 19
45 2
45 55
45 48
45 15
45 40
45 43
45 42
45 1
45 13
45 18
45 23
45 24
45 30
45 31
45 38
45 46
45 56
45 58
45 59
45 60
46 3
46 56
46 45
46 58
46 21
46 41
46 8
46 53
46 54
46 59
46 4
46 6
46 57
46 10
46 14
46 16
46 36
46 38
46 50
47 36
47 23
47 59
47 9
47 35
47 48
47 1
47 3
47 6
47 15
47 19
47 20
47 24
47 27
47 28
47 31
47 32
47 34
47 40
47 50
47 54
48 54
48 27
48 53
48 43
48 16
48 17
48 5
48 26
48 29
48 21
48 4
48 10
48 23
48 33
48 36
48 40
48 45
48 47
48 58
48 59
49 36
49 1
49 29
49 18
49 11
49 4
49 23
49 3
49 50
49 7
49 12
49 14
49 17
49 20
49 30
49 31
49 33
49 51
49 53
49 57
50 39
50 46
50 7
50 60
50 44
50 3
50 47
50 54
50 2
50 14
50 25
50 27
50 29
50 34
50 49
51 57
51 19
51 7
51 38
51 9
51 17
51 24
51 41
51 13
51 49
51 2
51 4
51 12
51 16
51 33
51 35
51 45
51 53
51 60
52 13
52 19
52 26
52 28
52 10
52 2
52 7
52 8
52 15
52 20
52 21
53 58
53 49
53 16
53 17
53 32
53 31
53 57
53 51
53 2
53 1
53 6
53 4
53 19
53 33
53 34
53 42
53 43
53 46
53 48
53 60
54 32
54 15
54 47
54 34
54 56
54 43
54 40
54 8
54 38
54 4
54 13
54 19
54 24
54 36
54 46
54 48
54 50
55 33
55 4
55 6
55 12
55 17
55 18
55 24
55 28
55 31
55 36
55 40
55 42
55 43
55 45
56 31
56 45
56 39
56 6
56 7
56 12
56 14
56 17
56 24
56 26
56 29
56 38
56 46
56 54
57 7
57 49
57 33
57 18
57 5
57 9
57 10
57 20
57 28
57 29
57 35
57 39
57 43
57 46
57 51
57 53
57 58
57 59
58 36
58 32
58 48
58 45
58 38
58 40
58 43
58 33
58 22
58 23
58 57
58 42
58 25
58 2
58 4
58 12
58 27
58 29
58 34
58 46
58 53
58 60
59 57
59 19
59 45
59 48
59 32
59 22
59 31
59 23
59 18
59 2
59 7
59 11
59 12
59 14
59 16
59 17
59 46
59 47
59 60
60 19
60 32
60 26
60 3
60 33
60 45
60 21
60 13
60 58
60 53
60 15
60 51
60 59
60 8
60 12
60 20
60 22
60 23
60 24
60 37
60 39
60 40
60 50
