1 920
2 370
3 7
4 261
4 643
4 680
4 300
4 36
4 596
4 498
4 470
4 994
4 962
4 225
5 508
5 40
5 993
5 538
6 780
6 533
6 781
6 970
7 16
7 584
7 922
7 898
7 3
7 781
7 804
7 118
7 956
7 280
7 813
7 162
7 281
7 39
8 56
8 161
8 293
8 371
8 478
8 954
8 542
8 353
8 144
9 524
9 705
9 304
9 53
9 966
9 329
11 973
11 826
11 304
11 519
12 448
12 372
12 661
12 204
12 71
12 170
12 82
13 459
15 384
15 841
15 609
15 292
15 438
15 853
15 35
15 353
15 613
15 68
15 650
15 466
15 410
16 456
16 938
16 7
17 816
17 879
17 250
17 582
17 170
18 356
18 370
19 453
19 29
19 69
20 817
20 427
20 928
20 504
20 197
20 357
20 730
21 449
21 653
21 188
22 879
23 975
23 940
24 474
24 657
25 60
25 903
26 198
26 525
26 400
27 80
27 852
28 806
28 347
28 103
28 467
28 820
28 547
28 216
28 620
29 19
29 929
29 695
29 718
29 48
29 116
29 625
29 546
29 758
29 836
29 643
30 235
30 196
31 630
31 571
31 601
31 356
32 302
32 787
32 836
32 253
32 555
32 943
32 593
32 766
32 893
32 165
32 416
32 119
32 139
32 292
33 198
33 269
34 162
34 237
34 336
34 456
34 410
35 15
35 220
35 915
36 4
37 819
37 88
37 401
37 922
37 149
37 82
37 391
37 792
38 471
38 159
38 966
38 901
39 975
39 579
39 646
39 7
40 700
40 5
40 586
40 764
40 155
40 162
40 285
40 532
40 749
40 907
40 621
40 377
40 157
41 570
41 870
41 823
41 524
41 776
41 300
41 940
42 158
42 355
42 657
43 601
43 82
44 614
44 196
44 266
44 937
44 390
44 86
44 204
44 484
44 561
44 472
45 696
45 377
45 500
45 524
45 605
45 207
45 361
45 515
45 435
45 418
45 210
46 220
48 965
48 29
49 342
51 402
51 425
51 69
51 821
52 601
52 472
53 924
53 9
53 653
55 402
55 879
55 243
55 938
55 188
55 430
56 179
56 8
56 250
56 166
56 130
56 284
57 940
58 284
59 509
59 747
59 571
59 449
59 61
59 928
60 417
60 648
60 268
60 845
60 702
60 285
60 706
60 93
60 25
60 212
60 528
60 470
61 182
61 994
61 87
61 591
61 302
61 323
61 786
61 682
61 59
61 303
62 121
62 642
62 958
62 300
62 574
62 533
62 162
62 184
62 219
62 157
63 250
63 792
64 289
65 594
65 189
66 879
67 370
67 878
67 717
67 230
68 86
68 15
68 582
69 19
69 385
69 932
69 636
69 51
69 330
69 658
69 598
69 791
70 459
70 983
70 126
71 271
71 12
71 702
71 940
73 616
73 504
74 289
75 657
76 425
77 620
77 139
77 579
77 220
78 286
79 395
79 382
80 723
80 518
80 291
80 676
80 511
80 863
80 872
80 702
80 27
80 379
80 875
80 579
80 210
81 722
81 965
81 966
81 593
81 166
81 322
82 819
82 674
82 437
82 12
82 782
82 246
82 151
82 857
82 818
82 335
82 614
82 43
82 467
82 653
82 524
82 167
82 37
83 879
83 373
83 903
84 355
85 598
85 383
86 434
86 68
86 418
86 884
86 584
86 815
86 729
86 44
87 616
87 406
87 61
88 37
89 157
89 303
90 978
91 649
92 652
93 60
94 388
95 530
95 643
95 735
95 140
95 555
95 374
96 166
97 445
97 139
97 873
98 822
98 618
99 604
99 961
101 318
101 237
101 581
101 770
102 983
103 359
103 179
103 28
104 210
104 197
105 579
106 255
107 336
107 804
108 949
110 650
110 420
110 457
110 370
111 924
112 781
112 922
112 374
113 228
115 661
116 762
116 962
116 244
116 602
116 687
116 29
116 145
116 324
116 415
116 230
117 265
117 406
117 551
117 220
117 778
118 445
118 7
119 219
119 32
120 958
120 284
120 599
121 62
121 309
121 646
122 630
122 739
122 687
123 616
123 186
124 928
125 903
126 768
126 792
126 390
126 484
126 70
126 370
126 316
126 445
126 132
126 680
126 524
126 410
127 954
127 565
127 250
127 453
128 633
128 879
129 602
129 197
130 805
130 330
130 519
130 789
130 996
130 229
130 944
130 932
130 56
130 451
131 474
132 525
132 126
133 742
134 937
134 730
135 625
135 420
135 189
135 415
136 509
136 966
136 189
137 693
137 920
137 816
137 322
137 568
138 227
138 581
139 977
139 550
139 229
139 97
139 77
139 473
139 881
139 646
139 32
140 95
140 983
140 878
140 915
141 201
141 258
141 195
141 918
141 629
142 878
142 852
142 742
143 949
144 667
144 192
144 882
144 974
144 8
144 154
144 861
144 915
145 656
145 397
145 604
145 527
145 116
145 193
145 569
145 392
145 589
145 175
145 878
146 538
147 732
148 978
149 396
149 757
149 400
149 37
150 732
151 748
151 82
152 781
152 778
153 565
153 453
154 144
155 855
155 40
156 303
157 847
157 477
157 481
157 250
157 62
157 40
157 89
157 918
157 329
157 852
158 848
158 203
158 161
158 242
158 42
158 679
158 169
159 478
159 492
159 438
159 38
159 937
159 961
159 227
160 663
160 420
160 583
161 320
161 387
161 982
161 280
161 632
161 8
161 158
161 472
162 187
162 34
162 62
162 40
162 453
162 7
164 289
165 32
166 919
166 328
166 693
166 300
166 423
166 358
166 408
166 409
166 556
166 81
166 96
166 636
166 56
167 928
167 188
167 82
169 734
169 910
169 782
169 158
169 646
170 785
170 17
170 286
170 747
170 992
170 400
170 564
170 968
170 693
170 12
170 319
171 186
171 966
171 934
171 220
171 778
171 199
171 938
172 400
173 781
174 365
175 525
175 356
175 145
176 972
176 415
178 918
178 770
178 599
179 103
179 984
179 820
179 56
179 508
180 538
181 255
182 954
182 687
182 61
184 803
184 62
184 591
184 757
184 727
184 992
184 974
185 430
186 123
186 689
186 534
186 825
186 776
186 171
187 162
187 961
188 892
188 243
188 294
188 421
188 903
188 167
188 397
188 21
188 55
189 392
189 603
189 777
189 136
189 471
189 977
189 487
189 65
189 274
189 135
190 508
190 197
190 415
191 421
192 144
192 983
193 781
193 227
193 509
193 145
193 915
194 680
194 935
194 967
195 141
195 618
196 478
196 30
196 378
196 507
196 44
196 197
196 456
197 20
197 196
197 700
197 420
197 564
197 838
197 847
197 602
197 129
197 715
197 957
197 190
197 361
197 104
197 837
197 545
197 606
198 238
198 609
198 26
198 857
198 33
199 388
199 237
199 201
199 521
199 171
199 873
199 987
199 211
199 762
199 910
200 806
200 477
200 632
200 715
201 141
201 204
201 509
201 199
202 918
202 940
203 158
203 646
204 201
204 12
204 849
204 767
204 253
204 897
204 345
204 214
204 527
204 744
204 999
204 44
206 453
207 832
207 45
207 453
207 415
208 816
208 788
210 980
210 104
210 613
210 388
210 301
210 80
210 766
210 232
210 253
210 462
210 217
210 45
211 811
211 355
211 199
212 711
212 60
212 286
213 789
214 204
214 903
215 732
216 28
217 219
217 983
217 210
218 630
218 873
218 538
219 384
219 702
219 440
219 567
219 405
219 62
219 951
219 706
219 119
219 988
219 217
219 774
220 986
220 35
220 481
220 939
220 117
220 77
220 316
220 46
220 171
220 787
220 948
220 725
223 675
223 928
223 734
223 930
223 890
223 476
223 280
224 556
224 878
225 289
225 4
226 639
226 758
226 450
226 526
226 406
226 584
226 320
227 468
227 859
227 138
227 547
227 193
227 526
227 608
227 159
228 113
228 743
228 356
228 789
228 285
228 676
228 561
228 928
228 580
228 775
228 856
228 234
228 277
229 139
229 130
229 852
230 675
230 245
230 429
230 116
230 67
231 616
231 748
232 210
233 835
233 393
233 564
233 551
234 425
234 228
235 543
235 30
235 715
235 637
235 553
236 388
236 357
236 742
237 101
237 307
237 467
237 679
237 330
237 333
237 773
237 378
237 546
237 34
237 199
237 852
237 374
238 198
238 922
239 571
242 158
242 370
242 915
243 695
243 376
243 874
243 418
243 55
243 869
243 333
243 551
243 188
244 116
244 356
245 452
245 663
245 556
245 631
245 673
245 703
245 230
246 286
246 82
247 581
248 415
250 455
250 433
250 17
250 127
250 254
250 334
250 63
250 762
250 338
250 378
250 725
250 721
250 500
250 56
250 157
251 400
252 903
252 915
253 204
253 32
253 210
254 604
254 250
254 646
255 640
255 106
255 931
255 282
255 273
255 964
255 181
255 364
255 828
255 599
255 332
256 415
256 568
257 978
258 790
258 869
258 141
259 687
259 453
259 415
260 265
261 4
261 876
261 742
264 670
265 117
265 648
265 595
265 522
265 260
265 840
265 607
266 44
266 778
267 551
268 388
268 60
269 302
269 503
269 899
269 527
269 33
269 822
269 831
269 696
269 653
269 430
270 289
271 769
271 71
271 430
272 937
272 966
273 255
274 189
274 652
274 918
274 470
275 702
275 353
275 778
276 583
277 228
279 289
279 568
280 161
280 7
280 223
281 7
282 255
283 568
284 58
284 369
284 921
284 991
284 56
284 532
284 970
284 867
284 120
284 485
284 784
284 695
285 687
285 40
285 60
285 228
286 658
286 934
286 339
286 744
286 78
286 972
286 246
286 971
286 794
286 212
286 170
287 342
288 966
288 571
289 346
289 74
289 164
289 673
289 225
289 557
289 896
289 64
289 810
289 270
289 916
289 279
290 319
291 616
291 80
292 15
292 32
292 653
293 8
293 382
294 632
294 188
298 804
298 876
299 920
299 629
300 62
300 686
300 166
300 601
300 355
300 901
300 41
300 4
301 613
301 210
301 456
302 269
302 32
302 61
303 156
303 692
303 61
303 652
303 89
304 9
304 355
304 11
304 748
304 582
305 848
305 612
305 691
305 969
305 600
305 601
305 793
305 538
306 374
306 410
306 548
307 602
307 525
307 620
307 237
308 477
309 886
309 121
309 518
309 613
309 420
309 350
309 903
309 657
312 508
312 876
313 472
314 658
314 599
315 788
315 415
316 220
316 126
318 101
319 290
319 391
319 438
319 769
319 865
319 170
319 852
320 161
320 661
320 226
321 504
322 813
322 932
322 137
322 926
322 662
322 376
322 478
322 81
322 419
322 859
322 742
323 353
323 61
324 404
324 116
324 396
324 960
324 808
324 837
324 592
324 743
325 448
325 430
326 877
326 397
326 821
326 400
327 565
328 615
328 747
328 166
328 793
328 918
329 592
329 157
329 532
329 9
329 579
329 928
330 69
330 400
330 237
330 130
331 395
332 255
332 831
332 557
332 625
332 615
332 544
332 408
332 380
333 243
333 565
333 972
333 237
334 406
334 250
335 983
335 82
336 388
336 34
336 344
336 435
336 107
336 419
336 495
336 911
336 728
336 477
336 952
337 788
337 410
338 250
339 286
341 420
341 747
342 49
342 844
342 666
342 351
342 503
342 287
343 370
343 453
344 453
344 336
345 204
346 289
347 28
347 353
347 983
347 599
347 670
348 789
349 459
350 625
350 309
351 342
353 851
353 275
353 485
353 854
353 487
353 546
353 347
353 632
353 323
353 827
353 8
353 15
354 949
355 84
355 300
355 400
355 211
355 708
355 837
355 727
355 304
355 42
356 416
356 425
356 244
356 175
356 420
356 31
356 18
356 991
356 990
356 228
357 20
357 551
357 455
357 789
357 550
357 884
357 465
357 236
357 493
357 853
358 832
358 166
359 103
360 934
361 45
361 918
361 197
362 711
364 255
365 967
365 174
365 850
365 420
365 661
366 966
366 629
368 785
369 625
369 961
369 425
369 652
369 284
370 798
370 923
370 18
370 794
370 764
370 2
370 110
370 458
370 547
370 242
370 67
370 343
370 126
371 395
371 8
372 12
372 873
372 922
373 723
373 83
373 618
373 604
373 387
373 884
373 863
373 560
374 306
374 112
374 95
374 736
374 980
374 237
374 863
375 978
375 876
376 469
376 243
376 449
376 322
376 748
377 630
377 40
377 45
377 742
378 965
378 196
378 250
378 237
378 548
379 811
379 80
380 937
380 397
380 456
380 332
382 79
382 533
382 433
382 943
382 293
382 449
382 599
383 687
383 85
383 852
384 219
384 15
384 470
385 69
385 804
386 792
387 161
387 373
387 579
387 903
388 236
388 94
388 268
388 199
388 336
388 210
389 598
389 840
390 44
390 126
391 319
391 37
392 728
392 189
392 508
392 145
393 233
394 732
395 371
395 594
395 708
395 79
395 331
396 149
396 324
396 915
396 568
397 639
397 326
397 409
397 380
397 954
397 652
397 145
397 188
398 663
398 937
399 653
400 815
400 330
400 251
400 326
400 172
400 149
400 974
400 26
400 355
400 170
401 607
401 37
402 51
402 443
402 414
402 513
402 55
402 570
402 928
403 581
404 324
405 219
406 117
406 334
406 87
406 733
406 593
406 226
408 166
408 778
408 332
409 397
409 166
409 934
410 306
410 804
410 813
410 126
410 417
410 34
410 15
410 696
410 608
410 337
412 822
413 571
413 504
414 402
415 464
415 553
415 525
415 735
415 248
415 932
415 256
415 259
415 615
415 437
415 633
415 176
415 190
415 207
415 315
415 135
415 912
415 116
416 356
416 32
417 946
417 60
417 410
418 663
418 86
418 243
418 551
418 45
418 938
419 322
419 336
420 889
420 135
420 160
420 341
420 722
420 990
420 110
420 309
420 966
420 365
420 356
420 197
421 191
421 629
421 582
421 188
421 742
422 781
423 166
423 793
424 583
425 591
425 631
425 51
425 234
425 558
425 76
425 369
425 813
425 857
425 356
427 20
427 653
429 804
429 230
430 880
430 958
430 962
430 185
430 734
430 723
430 271
430 269
430 627
430 55
430 511
430 325
430 777
431 983
431 938
431 742
433 767
433 525
433 250
433 382
433 579
433 903
434 86
434 840
435 702
435 445
435 45
435 336
437 655
437 649
437 470
437 415
437 82
438 319
438 159
438 15
440 975
440 219
440 538
441 456
442 551
442 445
442 548
443 402
445 118
445 716
445 933
445 720
445 435
445 97
445 752
445 442
445 688
445 922
445 126
448 325
448 570
448 496
448 12
449 895
449 21
449 537
449 376
449 382
449 690
449 59
449 453
450 958
450 226
451 130
452 670
452 245
452 568
453 19
453 754
453 207
453 153
453 343
453 206
453 344
453 259
453 449
453 162
453 857
453 127
453 470
454 879
454 620
455 250
455 918
455 357
456 16
456 441
456 556
456 34
456 716
456 380
456 196
456 702
456 301
456 700
457 110
457 876
458 370
459 628
459 70
459 823
459 349
459 13
460 551
461 469
461 629
462 210
462 472
463 687
463 983
464 656
464 415
465 646
465 357
465 470
466 15
466 571
466 918
467 28
467 237
467 82
468 227
469 486
469 461
469 836
469 376
470 978
470 554
470 496
470 453
470 60
470 384
470 857
470 840
470 437
470 520
470 609
470 274
470 465
470 4
471 807
471 976
471 38
471 689
471 477
471 826
471 723
471 513
471 930
471 189
472 611
472 996
472 44
472 161
472 474
472 752
472 462
472 831
472 313
472 617
472 52
472 718
472 528
473 139
474 645
474 24
474 131
474 829
474 472
476 223
477 580
477 861
477 308
477 471
477 157
477 200
477 336
478 159
478 196
478 966
478 565
478 8
478 508
478 322
479 556
479 937
479 873
481 157
481 220
482 489
483 702
483 538
484 594
484 44
484 126
485 353
485 284
486 921
486 907
486 469
486 711
487 353
487 189
487 742
488 601
489 482
489 918
489 778
490 556
490 793
490 878
492 159
493 983
493 357
495 661
495 336
496 448
496 938
496 470
498 687
498 579
498 748
498 4
500 250
500 45
501 616
501 711
501 769
501 993
502 865
503 342
503 269
503 568
504 20
504 321
504 937
504 950
504 755
504 578
504 413
504 73
504 582
505 508
505 620
507 618
507 196
507 652
508 5
508 179
508 505
508 190
508 576
508 478
508 392
508 312
509 694
509 783
509 193
509 201
509 59
509 136
509 990
509 840
510 525
511 80
511 430
513 402
513 471
514 903
515 45
516 656
518 309
518 80
518 876
519 11
519 130
520 816
520 961
520 470
521 789
521 199
522 265
522 873
524 9
524 661
524 45
524 126
524 41
524 82
525 307
525 510
525 26
525 175
525 132
525 433
525 533
525 934
525 415
526 227
526 226
527 204
527 269
527 145
528 60
528 472
530 95
531 571
531 792
531 548
532 556
532 40
532 582
532 329
532 284
533 62
533 937
533 525
533 6
533 382
533 922
534 616
534 186
535 711
535 629
537 449
538 675
538 180
538 815
538 146
538 218
538 483
538 997
538 440
538 5
538 570
538 945
538 305
540 687
540 571
542 563
542 8
543 235
543 993
544 922
544 332
545 197
546 986
546 353
546 29
546 237
547 28
547 227
547 370
548 306
548 705
548 531
548 442
548 378
548 610
548 877
548 893
548 881
549 822
549 938
550 822
550 139
550 357
551 117
551 775
551 696
551 460
551 418
551 267
551 1000
551 948
551 442
551 233
551 243
551 697
551 649
551 357
552 975
553 235
553 793
553 415
554 470
554 940
555 95
555 840
555 32
555 938
556 532
556 479
556 490
556 224
556 961
556 618
556 166
556 456
556 245
557 289
557 332
557 742
558 724
558 425
560 702
560 373
561 44
561 228
563 906
563 542
564 914
564 233
564 602
564 748
564 649
564 197
564 170
565 478
565 327
565 976
565 939
565 153
565 744
565 333
565 127
567 219
567 653
568 892
568 279
568 137
568 912
568 594
568 256
568 283
568 396
568 503
568 996
568 452
568 956
569 788
569 145
570 448
570 402
570 920
570 41
570 538
571 413
571 595
571 531
571 59
571 239
571 466
571 31
571 288
571 540
572 934
573 804
574 62
576 508
576 769
576 840
576 901
577 601
578 504
578 915
579 105
579 80
579 433
579 77
579 924
579 387
579 39
579 498
579 329
580 477
580 228
580 742
581 690
581 998
581 617
581 101
581 138
581 247
581 403
581 903
582 421
582 890
582 859
582 809
582 903
582 504
582 304
582 532
582 68
582 17
582 657
583 880
583 596
583 160
583 608
583 865
583 889
583 424
583 844
583 897
583 276
584 711
584 86
584 226
584 7
585 811
585 954
586 822
586 40
588 927
589 840
589 145
590 732
591 425
591 184
591 61
591 918
592 329
592 653
592 324
593 977
593 749
593 81
593 954
593 806
593 406
593 32
594 484
594 65
594 395
594 568
595 265
595 571
596 599
596 583
596 876
596 4
598 389
598 85
598 69
599 255
599 314
599 731
599 120
599 347
599 596
599 178
599 382
599 900
599 617
600 305
601 615
601 577
601 899
601 300
601 681
601 822
601 43
601 31
601 305
601 488
601 52
601 940
602 998
602 307
602 749
602 615
602 564
602 606
602 129
602 116
602 197
602 717
603 189
604 641
604 254
604 99
604 373
604 145
605 45
606 602
606 197
606 940
607 401
607 265
607 653
607 742
608 227
608 730
608 410
608 583
609 198
609 15
609 470
610 548
611 472
611 778
612 305
613 301
613 309
613 15
613 210
614 44
614 82
615 328
615 602
615 601
615 415
615 332
616 231
616 501
616 826
616 644
616 123
616 87
616 534
616 291
616 73
617 581
617 472
617 599
618 556
618 507
618 195
618 98
618 373
619 972
619 918
619 804
620 701
620 28
620 77
620 907
620 454
620 307
620 775
620 505
620 918
621 40
621 983
625 135
625 350
625 369
625 932
625 29
625 332
626 675
627 793
627 430
628 459
629 421
629 366
629 299
629 816
629 690
629 461
629 141
629 674
629 535
629 659
630 930
630 122
630 377
630 31
630 218
630 632
631 632
631 425
631 245
632 997
632 773
632 294
632 161
632 630
632 631
632 353
632 200
632 938
633 802
633 128
633 415
634 687
634 878
636 965
636 166
636 69
637 235
637 966
639 226
639 397
639 792
640 255
641 604
642 62
643 873
643 95
643 29
643 903
643 4
644 616
645 474
646 465
646 254
646 203
646 121
646 139
646 965
646 39
646 169
646 992
648 265
648 60
649 437
649 551
649 922
649 851
649 91
649 564
649 766
650 110
650 15
652 369
652 274
652 397
652 937
652 863
652 92
652 912
652 507
652 303
653 592
653 733
653 816
653 672
653 21
653 427
653 53
653 269
653 399
653 607
653 567
653 292
653 82
654 811
655 437
655 778
656 464
656 516
656 704
656 145
656 730
657 880
657 75
657 42
657 582
657 24
657 988
657 309
658 842
658 314
658 286
658 69
659 629
660 892
661 495
661 115
661 524
661 320
661 850
661 12
661 961
661 365
661 928
662 663
662 322
663 160
663 418
663 398
663 662
663 245
664 978
664 901
665 770
665 878
665 915
665 717
665 876
666 342
667 144
667 983
668 924
669 918
670 452
670 942
670 264
670 347
670 857
671 915
672 918
672 653
673 289
673 245
674 629
674 82
675 626
675 230
675 223
675 538
676 80
676 228
679 158
679 237
680 194
680 126
680 742
680 4
681 601
681 742
682 61
685 877
686 936
686 948
686 300
686 781
687 980
687 540
687 634
687 498
687 259
687 463
687 774
687 869
687 383
687 285
687 182
687 122
687 116
687 821
688 445
689 186
689 937
689 471
690 877
690 449
690 581
690 629
691 305
692 769
692 303
693 137
693 166
693 170
694 509
694 832
695 243
695 29
695 284
696 551
696 45
696 269
696 410
697 781
697 551
698 732
699 975
700 40
700 197
700 456
701 620
702 435
702 560
702 882
702 483
702 275
702 811
702 961
702 80
702 219
702 71
702 748
702 60
702 456
703 245
704 656
705 9
705 993
705 548
706 219
706 60
708 395
708 934
708 355
708 876
710 816
710 879
711 932
711 535
711 362
711 584
711 501
711 486
711 212
711 938
713 793
715 235
715 200
715 197
716 445
716 456
717 750
717 67
717 602
717 734
717 665
717 805
718 29
718 472
718 770
719 961
720 811
720 445
720 873
720 840
721 250
722 81
722 764
722 911
722 849
722 420
722 903
723 373
723 80
723 471
723 430
724 558
725 879
725 739
725 250
725 220
726 938
727 184
727 355
728 392
728 336
729 86
729 822
729 922
730 656
730 20
730 984
730 608
730 134
731 599
732 590
732 150
732 394
732 779
732 215
732 698
732 147
733 406
733 653
734 169
734 430
734 717
734 223
735 95
735 415
736 770
736 374
737 778
739 725
739 812
739 122
740 978
742 261
742 431
742 681
742 580
742 133
742 893
742 421
742 557
742 322
742 680
742 377
742 851
742 966
742 487
742 876
742 236
742 607
742 142
743 975
743 324
743 228
744 204
744 565
744 286
746 915
747 926
747 867
747 328
747 341
747 59
747 908
747 840
747 170
748 927
748 564
748 376
748 498
748 702
748 231
748 990
748 151
748 304
749 816
749 602
749 40
749 593
750 717
750 915
751 954
751 789
752 445
752 865
752 472
752 876
754 865
754 453
755 504
756 785
757 149
757 184
758 226
758 29
762 116
762 840
762 250
762 199
762 928
763 788
764 722
764 954
764 40
764 370
766 32
766 649
766 210
767 433
767 204
768 126
769 888
769 501
769 986
769 576
769 976
769 796
769 849
769 271
769 319
769 692
770 665
770 736
770 718
770 101
770 178
773 632
773 237
774 687
774 219
775 551
775 620
775 873
775 915
775 228
776 186
776 41
777 189
777 852
777 430
778 611
778 408
778 655
778 974
778 881
778 171
778 117
778 266
778 152
778 489
778 784
778 737
778 275
779 732
780 6
781 173
781 790
781 152
781 193
781 112
781 697
781 422
781 925
781 816
781 686
781 6
781 7
782 169
782 82
783 936
783 509
783 804
784 778
784 284
785 756
785 368
785 170
786 61
787 220
787 32
788 315
788 883
788 337
788 881
788 569
788 763
788 208
788 862
788 841
789 213
789 348
789 962
789 889
789 881
789 521
789 751
789 357
789 130
789 228
790 258
790 781
791 69
791 878
792 386
792 639
792 63
792 531
792 126
792 901
792 37
793 627
793 305
793 423
793 328
793 553
793 713
793 490
794 370
794 286
796 769
797 804
798 370
802 633
803 184
804 619
804 797
804 573
804 870
804 107
804 429
804 298
804 385
804 783
804 410
804 7
805 130
805 717
806 28
806 593
806 972
806 200
807 471
808 324
809 937
809 993
809 582
810 289
811 585
811 211
811 720
811 379
811 702
811 654
812 739
813 425
813 322
813 938
813 410
813 7
815 86
815 400
815 538
816 137
816 781
816 17
816 208
816 965
816 749
816 520
816 710
816 629
816 653
817 20
818 82
819 37
819 82
820 179
820 28
821 687
821 51
821 966
821 326
822 550
822 729
822 98
822 586
822 412
822 549
822 601
822 269
823 459
823 41
824 936
825 186
826 616
826 471
826 966
826 11
827 353
828 255
829 474
831 269
831 472
831 332
832 694
832 207
832 954
832 358
835 233
835 940
836 469
836 29
836 32
837 355
837 197
837 324
838 936
838 197
840 762
840 389
840 979
840 576
840 555
840 265
840 858
840 747
840 509
840 434
840 720
840 927
840 589
840 970
840 470
841 15
841 788
842 658
843 938
844 342
844 583
845 993
845 60
847 157
847 197
847 940
848 158
848 305
849 722
849 204
849 769
850 661
850 365
851 353
851 649
851 742
852 978
852 27
852 142
852 229
852 319
852 383
852 237
852 777
852 157
852 909
853 15
853 865
853 357
854 353
855 155
855 891
855 972
855 915
856 228
857 198
857 425
857 453
857 470
857 670
857 82
858 840
859 227
859 322
859 582
861 477
861 144
862 788
862 938
863 80
863 373
863 652
863 374
865 502
865 853
865 319
865 754
865 913
865 924
865 752
865 583
867 747
867 284
869 258
869 243
869 687
870 966
870 804
870 41
872 80
872 972
873 720
873 874
873 372
873 522
873 218
873 97
873 775
873 479
873 643
873 972
873 199
874 243
874 873
875 80
876 261
876 298
876 457
876 927
876 910
876 375
876 665
876 312
876 752
876 708
876 518
876 893
876 596
876 997
876 742
877 326
877 690
877 982
877 933
877 685
877 950
877 548
878 665
878 490
878 145
878 634
878 140
878 142
878 923
878 791
878 224
878 67
879 952
879 55
879 22
879 710
879 17
879 454
879 996
879 66
879 83
879 725
879 128
880 430
880 583
880 657
881 789
881 139
881 788
881 778
881 548
882 702
882 144
883 788
884 86
884 373
884 357
886 309
888 769
889 420
889 789
889 583
890 922
890 582
890 223
891 855
892 660
892 568
892 188
893 32
893 548
893 876
893 742
895 449
896 289
897 204
897 583
898 7
899 601
899 269
899 940
900 599
901 953
901 664
901 955
901 300
901 792
901 576
901 38
902 961
903 514
903 309
903 433
903 643
903 722
903 25
903 125
903 252
903 214
903 387
903 83
903 581
903 1000
903 582
903 188
905 918
906 563
907 486
907 40
907 620
908 747
909 938
909 852
910 169
910 199
910 876
911 722
911 336
912 652
912 415
912 568
913 958
913 865
914 564
915 665
915 750
915 775
915 242
915 578
915 396
915 252
915 140
915 746
915 855
915 193
915 35
915 144
915 671
916 289
918 905
918 591
918 619
918 328
918 620
918 489
918 669
918 455
918 466
918 141
918 178
918 157
918 202
918 274
918 361
918 672
919 166
920 137
920 1
920 957
920 299
920 570
920 934
921 486
921 284
922 544
922 445
922 372
922 988
922 112
922 238
922 890
922 729
922 533
922 649
922 7
922 37
923 370
923 878
924 959
924 668
924 53
924 111
924 865
924 579
925 781
926 747
926 322
927 588
927 748
927 840
927 876
928 20
928 167
928 124
928 762
928 402
928 661
928 59
928 329
928 228
928 223
929 29
930 630
930 471
930 223
931 255
932 711
932 625
932 69
932 322
932 130
932 415
933 877
933 445
934 572
934 171
934 409
934 942
934 920
934 708
934 965
934 525
934 360
934 286
935 194
936 783
936 838
936 824
936 686
937 380
937 134
937 809
937 272
937 479
937 689
937 398
937 533
937 159
937 44
937 652
937 504
938 16
938 555
938 862
938 496
938 418
938 909
938 171
938 632
938 711
938 431
938 549
938 726
938 843
938 55
938 813
939 565
939 220
940 57
940 41
940 554
940 847
940 23
940 606
940 71
940 601
940 202
940 835
940 899
942 934
942 670
943 382
943 32
944 130
945 538
946 417
948 551
948 686
948 220
949 143
949 108
949 354
950 877
950 504
951 219
952 879
952 336
953 901
954 127
954 182
954 991
954 764
954 751
954 585
954 8
954 832
954 593
954 397
955 901
956 7
956 568
957 920
957 197
958 913
958 120
958 450
958 62
958 430
959 924
960 324
961 556
961 719
961 99
961 702
961 902
961 369
961 520
961 187
961 661
961 159
962 789
962 116
962 430
962 4
964 255
965 378
965 636
965 81
965 48
965 816
965 934
965 646
966 478
966 366
966 38
966 870
966 637
966 288
966 9
966 420
966 171
966 272
966 136
966 826
966 81
966 821
966 742
967 194
967 365
968 170
969 305
970 6
970 840
970 284
971 286
972 806
972 619
972 872
972 176
972 333
972 873
972 855
972 286
973 11
974 184
974 144
974 400
974 778
975 23
975 440
975 39
975 699
975 743
975 552
976 471
976 565
976 769
977 593
977 139
977 189
978 90
978 148
978 740
978 664
978 375
978 257
978 852
978 470
979 840
980 687
980 210
980 374
982 161
982 877
983 335
983 347
983 217
983 431
983 667
983 192
983 70
983 463
983 140
983 621
983 493
983 102
984 179
984 730
986 546
986 769
986 220
987 199
988 219
988 922
988 657
990 420
990 509
990 356
990 748
991 954
991 356
991 284
992 184
992 646
992 170
993 809
993 5
993 705
993 543
993 501
993 845
994 61
994 4
996 879
996 130
996 472
996 568
997 632
997 876
997 538
998 602
998 581
999 204
1000 551
1000 903
