1 672
1 403
1 910
1 354
1 73
1 299
1 820
1 418
2 7
2 849
2 200
2 219
2 726
2 652
2 84
2 847
3 7
3 474
4 643
4 680
4 300
4 36
4 596
4 498
4 470
4 994
4 962
4 225
4 250
4 421
4 792
4 404
4 294
4 856
4 622
5 508
5 40
5 993
5 538
5 500
5 675
5 833
6 780
6 781
6 916
6 862
6 967
6 199
6 595
6 441
7 584
7 922
7 898
7 3
7 781
7 804
7 956
7 813
7 281
7 39
7 323
7 252
7 598
7 328
7 253
7 174
7 732
7 2
8 56
8 161
8 293
8 371
8 478
8 954
8 542
8 353
8 144
8 431
8 91
8 106
8 892
9 524
9 705
9 53
9 221
9 539
9 966
9 329
9 217
9 242
10 728
10 107
10 651
11 826
11 304
11 519
11 48
11 234
11 556
11 880
12 448
12 372
12 661
12 204
12 71
12 170
12 82
12 864
13 764
13 28
13 880
13 530
13 268
13 355
14 148
14 88
14 93
14 109
15 384
15 841
15 609
15 292
15 438
15 853
15 35
15 353
15 613
15 68
15 650
15 466
15 410
15 265
15 920
15 288
15 257
15 156
16 284
16 473
16 46
16 83
16 217
16 668
16 402
16 54
16 418
16 108
16 756
16 999
16 226
16 925
16 630
16 938
16 691
16 148
17 816
17 879
17 250
17 582
17 170
18 122
18 715
18 557
18 169
18 389
18 356
18 892
18 166
19 913
19 999
19 58
19 906
19 408
19 376
19 955
19 69
19 524
19 181
20 453
20 409
20 309
20 508
20 266
20 681
20 942
20 804
20 857
20 91
20 730
20 529
20 640
21 449
21 653
21 188
21 926
21 364
22 879
22 217
23 975
23 940
23 621
23 437
23 351
24 474
24 657
24 478
24 953
24 92
25 156
25 878
25 83
25 907
25 127
25 340
25 750
25 269
25 903
25 332
25 484
26 198
26 525
26 400
27 80
27 852
27 234
27 106
27 833
28 806
28 347
28 103
28 467
28 820
28 547
28 216
28 620
28 13
28 343
29 929
29 695
29 718
29 48
29 116
29 625
29 546
29 758
29 836
29 643
29 92
29 334
30 235
30 196
30 666
30 280
31 630
31 571
31 601
31 356
31 127
31 67
32 787
32 836
32 253
32 555
32 943
32 593
32 766
32 893
32 165
32 416
32 139
32 292
32 273
32 689
32 255
32 87
32 994
32 673
33 198
33 269
33 927
33 347
33 295
33 882
34 370
34 890
34 450
34 549
34 315
34 713
34 786
34 330
34 544
34 237
34 336
34 456
34 410
34 440
34 150
35 15
35 220
35 915
35 503
35 732
36 4
36 771
36 282
37 819
37 922
37 82
37 492
37 152
37 203
37 233
37 81
37 121
37 880
37 201
38 471
38 159
38 966
38 901
39 983
39 167
39 901
39 907
39 276
39 201
39 240
39 579
39 646
39 7
39 922
39 766
39 611
39 916
39 910
39 595
39 94
40 700
40 5
40 586
40 764
40 155
40 162
40 285
40 532
40 749
40 907
40 621
40 377
40 157
40 107
41 570
41 870
41 823
41 524
41 776
41 300
41 940
41 518
41 242
42 158
42 355
42 657
42 202
42 308
43 601
43 82
43 465
43 916
43 222
44 196
44 937
44 390
44 86
44 204
44 561
44 273
44 423
44 800
44 570
44 952
44 592
44 472
44 766
44 201
44 667
45 696
45 377
45 500
45 524
45 605
45 207
45 361
45 515
45 435
45 418
45 210
45 409
45 286
45 274
45 949
45 347
46 220
46 16
46 421
46 477
46 643
46 983
46 351
46 375
46 408
47 562
47 695
47 75
47 979
47 306
47 224
47 316
47 472
47 880
47 672
47 410
47 833
47 655
47 295
47 215
48 965
48 29
48 301
48 11
48 441
48 375
49 342
49 279
49 437
49 529
50 388
50 478
50 201
50 876
51 402
51 425
51 69
51 821
51 861
51 103
51 64
52 601
52 472
52 993
52 788
52 944
52 798
53 924
53 9
53 653
53 81
53 750
53 375
54 16
54 732
55 402
55 879
55 243
55 938
55 188
55 430
55 783
55 920
55 274
56 179
56 8
56 250
56 166
56 130
56 284
56 409
56 643
56 573
56 657
57 917
57 643
57 686
57 881
57 412
57 645
58 946
58 882
58 341
58 427
58 935
58 524
58 599
58 889
58 627
58 373
58 150
58 19
58 892
58 557
58 699
59 509
59 747
59 571
59 449
59 61
59 928
59 346
60 417
60 285
60 528
60 206
60 250
60 372
60 307
60 193
60 722
60 280
60 225
60 990
60 470
60 503
60 87
61 182
61 591
61 302
61 323
61 786
61 682
61 59
61 495
61 514
61 196
61 303
61 926
61 410
61 320
61 295
62 121
62 958
62 300
62 574
62 533
62 162
62 933
62 884
62 852
62 101
62 184
62 219
62 157
62 241
63 485
63 674
63 981
63 997
63 602
63 677
63 465
63 250
63 901
63 143
64 476
64 92
64 770
64 408
64 51
64 741
64 288
64 335
65 594
65 189
65 571
66 879
66 847
66 656
67 31
67 818
67 853
67 622
67 142
67 595
67 535
67 248
67 435
67 878
67 717
67 230
68 86
68 15
68 582
68 84
68 94
68 904
69 19
69 385
69 932
69 636
69 51
69 330
69 658
69 598
69 791
69 280
69 234
69 847
69 477
70 856
70 496
70 93
70 281
70 933
70 858
70 886
70 506
70 983
70 126
70 773
70 373
70 842
71 271
71 12
71 702
71 940
71 388
71 81
71 468
72 852
72 996
72 274
73 482
73 169
73 198
73 723
73 700
73 415
73 905
73 404
73 136
73 927
73 504
73 1
74 446
74 750
74 238
74 471
74 124
74 845
75 657
75 637
75 936
75 47
76 425
76 585
76 81
76 373
76 691
76 474
76 94
77 330
77 520
77 148
77 783
77 246
77 465
77 876
77 690
77 962
77 429
77 543
77 620
77 139
77 220
77 591
77 147
78 286
78 384
78 464
78 847
78 740
78 828
78 370
79 395
79 382
79 655
79 169
79 896
79 740
80 723
80 518
80 291
80 676
80 511
80 863
80 872
80 702
80 27
80 379
80 875
80 579
80 210
80 431
80 131
81 76
81 341
81 595
81 156
81 777
81 912
81 376
81 974
81 737
81 515
81 385
81 53
81 71
81 250
81 722
81 965
81 966
81 593
81 322
81 37
82 674
82 437
82 12
82 782
82 246
82 151
82 857
82 818
82 335
82 614
82 43
82 467
82 653
82 524
82 167
82 587
82 983
82 37
82 431
82 615
82 368
83 879
83 373
83 903
83 16
83 936
83 25
83 227
83 817
83 833
84 679
84 68
84 460
84 778
84 581
84 2
84 949
84 357
84 561
84 897
84 371
84 408
85 598
85 383
85 504
85 294
85 847
85 388
86 68
86 884
86 584
86 815
86 729
86 202
86 964
86 130
86 596
86 44
86 557
86 106
87 526
87 691
87 174
87 922
87 709
87 441
87 60
87 593
87 32
87 427
87 887
87 616
87 406
87 782
88 184
88 337
88 961
88 128
88 395
88 836
88 14
88 672
88 814
88 509
88 948
88 658
88 946
89 737
89 863
89 882
89 768
89 119
89 451
89 726
89 384
89 157
89 950
90 287
90 687
90 571
90 812
90 485
90 555
90 503
90 845
91 8
91 671
91 975
91 867
91 919
91 809
91 149
91 295
91 20
91 740
92 24
92 141
92 150
92 169
92 176
92 822
92 418
92 915
92 263
92 521
92 921
92 326
92 738
92 922
92 427
92 29
92 64
93 308
93 434
93 568
93 14
93 807
93 422
93 504
93 70
94 511
94 244
94 76
94 104
94 39
94 727
94 289
94 513
94 68
94 210
94 420
94 591
94 461
94 184
94 510
94 621
94 619
94 907
94 343
94 698
95 530
95 140
95 408
95 588
95 312
95 893
95 137
95 374
95 732
96 166
96 171
96 669
96 191
96 255
96 364
97 445
97 139
97 873
97 306
97 809
97 386
97 298
97 512
98 822
98 618
98 675
98 953
98 896
99 604
99 961
99 847
99 178
100 640
101 318
101 415
101 285
101 722
101 391
101 679
101 434
101 908
101 980
101 770
101 62
102 704
102 224
102 269
102 735
102 983
102 316
102 821
102 638
102 267
102 926
102 661
102 373
102 130
102 973
103 475
103 266
103 783
103 51
103 679
103 179
103 28
103 440
103 919
104 210
104 197
104 421
104 202
104 822
104 573
104 94
105 579
105 431
105 757
106 616
106 942
106 27
106 854
106 8
106 820
106 279
106 287
106 86
106 237
106 459
106 666
106 486
106 470
106 441
107 10
107 241
107 499
107 40
107 726
107 836
107 336
107 978
108 824
108 697
108 968
108 741
108 510
108 16
108 658
109 14
109 456
109 899
109 994
109 678
109 935
109 138
109 189
109 765
109 856
109 284
109 957
109 949
109 451
109 673
109 892
110 650
110 420
110 457
110 477
110 144
110 636
110 117
110 133
110 798
111 924
111 579
111 490
112 781
112 922
112 374
112 702
112 656
113 396
113 312
113 303
113 182
113 870
113 468
113 573
113 426
114 170
114 566
114 580
114 123
114 322
114 727
114 301
114 785
114 861
114 965
114 470
115 661
115 333
115 669
116 962
116 244
116 602
116 687
116 565
116 881
116 29
116 145
116 324
116 415
116 230
116 478
117 490
117 780
117 421
117 871
117 195
117 435
117 810
117 463
117 497
117 406
117 551
117 220
117 778
117 997
117 110
118 623
118 604
118 884
118 424
118 642
118 422
118 178
118 844
118 199
118 530
118 445
118 692
119 893
119 860
119 280
119 347
119 378
119 219
119 89
119 412
119 432
120 958
120 284
120 599
120 978
120 149
120 573
121 420
121 737
121 153
121 992
121 688
121 537
121 365
121 985
121 712
121 37
121 62
121 309
121 409
122 630
122 739
122 687
122 18
122 851
122 319
122 268
122 651
123 616
123 186
123 114
123 704
124 928
124 155
124 643
124 74
125 903
125 756
125 503
126 768
126 792
126 390
126 484
126 70
126 316
126 445
126 132
126 680
126 905
126 831
126 424
126 410
126 926
126 346
127 659
127 215
127 31
127 568
127 306
127 452
127 878
127 340
127 304
127 892
127 495
127 954
127 565
127 453
127 25
128 633
128 879
128 88
129 602
129 197
129 250
129 845
130 805
130 330
130 519
130 789
130 996
130 229
130 932
130 56
130 451
130 528
130 874
130 102
130 533
130 86
130 174
130 487
130 539
131 850
131 476
131 80
131 901
131 442
131 397
131 936
131 619
131 444
131 882
131 947
131 297
132 525
132 126
132 155
132 861
133 742
133 557
133 228
133 819
133 110
134 937
134 730
134 539
135 625
135 420
135 189
135 415
136 509
136 966
136 189
136 274
136 73
136 375
137 693
137 920
137 816
137 322
137 568
137 95
137 338
138 227
138 581
138 672
138 361
138 109
139 550
139 229
139 97
139 77
139 473
139 881
139 594
139 239
139 600
139 646
139 32
140 95
140 983
140 878
140 915
140 518
140 486
140 762
141 201
141 258
141 195
141 629
141 918
141 752
141 92
141 785
142 878
142 852
142 742
142 67
143 640
143 63
143 404
143 575
143 174
143 851
143 312
143 349
143 453
143 483
143 468
143 554
143 620
143 445
143 803
143 370
144 192
144 882
144 974
144 8
144 154
144 861
144 621
144 535
144 591
144 756
144 925
144 920
144 411
144 915
144 656
144 110
145 397
145 604
145 527
145 116
145 193
145 569
145 392
145 589
145 175
145 860
145 878
145 459
145 707
146 538
146 639
146 309
146 408
147 472
147 231
147 77
147 593
147 950
147 941
147 190
147 461
147 707
147 670
147 720
147 551
147 201
147 864
147 814
148 200
148 597
148 926
148 610
148 255
148 16
148 542
148 14
148 331
148 861
148 978
148 77
148 741
148 643
148 669
148 289
149 756
149 281
149 643
149 91
149 921
149 420
149 253
149 120
149 400
149 464
149 561
149 234
149 910
149 651
150 559
150 444
150 366
150 34
150 974
150 997
150 196
150 182
150 284
150 727
150 757
150 289
150 352
150 934
150 58
150 202
150 303
150 92
151 748
151 82
151 672
151 178
151 946
152 781
152 778
152 465
152 37
153 565
153 453
153 121
153 396
153 181
154 144
154 934
154 347
154 757
154 892
155 335
155 477
155 124
155 364
155 132
155 40
155 437
155 973
155 266
156 381
156 236
156 273
156 357
156 15
156 396
156 213
156 81
156 25
156 949
156 386
156 847
157 477
157 62
157 40
157 89
157 559
157 608
157 688
157 572
157 377
157 918
157 329
157 852
157 970
157 643
158 203
158 161
158 242
158 42
158 679
158 169
158 604
158 546
158 581
158 389
158 807
158 864
158 181
159 478
159 492
159 438
159 38
159 937
159 961
159 227
159 804
159 919
160 663
160 420
160 583
160 582
160 437
160 734
160 343
161 387
161 982
161 280
161 450
161 254
161 708
161 579
161 632
161 8
161 158
161 472
161 306
161 556
162 595
162 533
162 568
162 308
162 684
162 866
162 241
162 62
162 40
162 453
163 544
163 757
163 334
163 896
163 639
163 709
163 619
163 779
164 685
164 263
164 592
164 568
164 234
164 618
164 289
164 661
164 691
165 32
165 301
165 333
166 328
166 693
166 300
166 423
166 358
166 96
166 56
166 602
166 700
166 244
166 383
166 208
166 18
166 248
166 848
166 484
166 919
167 928
167 188
167 82
167 409
167 593
167 39
167 445
168 557
168 994
169 538
169 969
169 356
169 891
169 79
169 936
169 638
169 158
169 646
169 384
169 18
169 73
169 762
169 829
169 92
170 17
170 286
170 747
170 992
170 400
170 564
170 968
170 693
170 12
170 319
170 456
170 530
170 837
170 543
170 261
170 484
170 114
170 833
170 732
170 985
171 827
171 700
171 996
171 280
171 302
171 594
171 96
171 672
171 884
171 186
171 966
171 220
171 778
171 199
171 938
171 555
171 370
171 691
171 298
172 400
172 656
172 234
173 781
173 202
173 342
173 401
174 571
174 272
174 270
174 958
174 775
174 920
174 521
174 198
174 959
174 780
174 635
174 130
174 7
174 289
174 87
174 227
174 798
174 143
174 437
174 364
175 525
175 356
175 145
175 391
175 386
175 738
176 972
176 415
176 370
176 667
176 907
176 365
176 92
177 992
178 482
178 995
178 918
178 883
178 702
178 869
178 277
178 99
178 151
178 743
178 466
178 413
178 770
178 599
178 118
178 643
179 103
179 984
179 820
179 56
179 508
179 655
179 658
180 538
181 869
181 158
181 19
181 153
181 551
181 625
182 742
182 994
182 444
182 441
182 450
182 582
182 687
182 61
182 370
182 150
182 113
183 944
184 62
184 591
184 757
184 727
184 992
184 974
184 979
184 822
184 201
184 365
184 568
184 88
184 94
185 430
185 188
186 123
186 689
186 534
186 825
186 776
186 171
186 615
186 266
186 363
187 383
187 852
187 413
187 594
187 293
187 961
187 191
188 243
188 421
188 903
188 167
188 397
188 21
188 55
188 185
188 657
188 217
188 503
188 967
188 616
188 386
189 603
189 777
189 136
189 471
189 977
189 487
189 65
189 274
189 135
189 357
189 971
189 672
189 109
190 508
190 197
190 415
190 426
190 896
190 147
191 207
191 187
191 201
191 96
191 333
191 427
191 636
192 858
192 516
192 957
192 887
192 697
192 144
192 261
192 369
192 740
192 255
193 781
193 227
193 509
193 145
193 915
193 591
193 60
193 973
194 680
194 365
194 840
194 828
194 923
195 141
195 618
195 117
195 363
196 478
196 30
196 378
196 507
196 44
196 197
196 456
196 665
196 61
196 150
197 196
197 700
197 420
197 564
197 838
197 847
197 602
197 129
197 715
197 957
197 190
197 361
197 104
197 837
197 545
197 606
197 888
197 933
197 202
197 950
197 360
197 779
198 238
198 609
198 26
198 857
198 33
198 365
198 174
198 73
199 388
199 237
199 521
199 171
199 873
199 987
199 211
199 762
199 910
199 681
199 6
199 438
199 118
200 806
200 477
200 632
200 715
200 643
200 148
200 828
200 2
201 147
201 979
201 596
201 50
201 613
201 37
201 525
201 729
201 184
201 666
201 444
201 44
201 141
201 204
201 509
201 593
201 39
201 191
202 810
202 497
202 173
202 42
202 860
202 699
202 197
202 104
202 840
202 604
202 575
202 468
202 299
202 533
202 336
202 481
202 150
202 940
202 86
202 301
202 503
202 734
203 158
203 646
203 762
203 37
204 201
204 12
204 849
204 767
204 253
204 897
204 345
204 214
204 527
204 744
204 999
204 44
204 227
204 212
204 432
205 391
206 453
206 60
206 949
206 624
207 832
207 45
207 453
207 415
207 191
207 282
208 816
208 788
208 500
208 279
208 288
208 166
209 735
209 916
210 980
210 104
210 613
210 388
210 301
210 80
210 766
210 232
210 253
210 462
210 217
210 45
210 874
210 94
210 539
211 811
211 355
211 199
211 524
211 425
212 204
212 796
212 392
212 343
212 761
212 523
212 557
212 477
212 711
212 286
212 465
212 920
212 912
212 458
213 789
213 156
214 204
214 903
214 279
214 396
214 295
214 699
214 614
214 401
214 919
215 682
215 841
215 874
215 899
215 817
215 545
215 544
215 47
215 302
215 499
215 127
215 600
215 934
215 282
216 28
216 642
216 996
216 304
217 188
217 9
217 905
217 771
217 372
217 524
217 409
217 843
217 475
217 532
217 376
217 22
217 899
217 893
217 219
217 210
217 16
218 630
218 873
218 538
218 349
218 401
219 702
219 440
219 567
219 405
219 62
219 951
219 706
219 119
219 988
219 217
219 774
219 710
219 362
219 782
219 504
219 828
219 2
220 986
220 35
220 481
220 939
220 117
220 77
220 316
220 46
220 171
220 787
220 948
220 725
220 299
220 717
220 882
221 9
222 776
222 279
222 765
222 636
222 43
222 696
222 782
222 884
222 715
222 853
222 509
222 360
223 928
223 734
223 930
223 890
223 476
223 280
223 826
223 503
223 351
223 346
224 556
224 878
224 975
224 47
224 626
224 102
225 289
225 4
225 60
225 270
226 639
226 758
226 450
226 526
226 406
226 584
226 320
226 16
226 822
226 552
226 289
226 479
227 859
227 138
227 547
227 193
227 526
227 608
227 204
227 906
227 83
227 174
227 159
227 619
228 743
228 356
228 789
228 285
228 676
228 928
228 580
228 775
228 277
228 881
228 133
228 912
228 654
228 926
229 139
229 130
229 852
229 611
229 677
230 245
230 429
230 116
230 67
230 862
230 626
231 616
231 748
231 811
231 147
232 210
232 675
232 655
233 835
233 393
233 564
233 551
233 486
233 735
233 314
233 798
233 37
234 808
234 327
234 27
234 301
234 149
234 573
234 635
234 741
234 847
234 443
234 670
234 669
234 365
234 69
234 11
234 172
234 264
234 940
234 425
234 923
234 164
235 543
235 30
235 715
235 553
235 616
235 998
235 776
235 745
235 779
236 388
236 357
236 742
236 156
237 307
237 467
237 679
237 330
237 378
237 546
237 34
237 106
237 443
237 391
237 948
237 199
237 852
237 374
237 270
238 198
238 922
238 305
238 279
238 741
238 810
238 74
238 622
239 571
239 139
239 643
240 39
240 973
240 771
241 307
241 467
241 993
241 62
241 162
241 692
241 404
241 107
242 41
242 485
242 9
242 893
242 444
242 158
242 915
242 431
242 437
242 673
243 695
243 376
243 874
243 418
243 55
243 869
243 333
243 551
243 188
244 116
244 356
244 166
244 477
244 289
244 368
244 94
245 663
245 556
245 631
245 673
245 703
245 830
245 230
245 851
245 910
246 286
246 82
246 77
247 581
247 456
248 415
248 67
248 799
248 919
248 166
250 455
250 433
250 17
250 254
250 63
250 762
250 378
250 725
250 56
250 383
250 386
250 896
250 426
250 129
250 515
250 936
250 558
250 856
250 548
250 731
250 60
250 81
250 983
250 4
250 699
251 400
252 903
252 915
252 7
253 204
253 32
253 210
253 149
253 437
253 7
254 604
254 250
254 646
254 161
254 279
254 692
254 935
255 931
255 964
255 664
255 32
255 383
255 484
255 523
255 662
255 696
255 192
255 96
255 992
255 272
255 427
255 892
255 573
255 148
256 415
256 568
256 392
256 873
256 616
256 740
257 366
257 15
257 769
257 634
257 938
257 322
257 422
257 957
257 997
257 440
258 790
258 869
258 141
258 369
258 503
259 687
259 453
259 415
259 357
259 670
260 265
260 404
260 396
260 762
260 916
261 192
261 720
261 170
261 323
261 492
261 984
261 266
261 304
261 910
261 401
261 368
261 626
262 557
262 595
262 426
262 779
263 977
263 396
263 164
263 92
263 842
263 799
264 670
264 926
264 788
264 234
265 648
265 595
265 522
265 260
265 324
265 15
265 693
265 611
265 959
265 666
265 391
265 840
265 607
265 486
266 482
266 186
266 155
266 790
266 725
266 778
266 261
266 20
266 953
266 103
266 360
267 551
267 728
267 503
267 792
267 919
267 102
268 552
268 122
268 670
268 578
268 742
268 13
268 880
268 851
268 757
269 302
269 503
269 899
269 527
269 33
269 822
269 831
269 696
269 653
269 430
269 621
269 25
269 338
269 102
270 942
270 625
270 225
270 237
270 776
270 727
270 334
270 974
270 560
270 437
270 465
270 874
270 174
270 770
270 394
270 391
270 432
271 769
271 71
271 430
271 874
271 810
271 308
271 516
272 937
272 966
272 174
272 255
273 895
273 493
273 32
273 392
273 44
273 360
273 458
273 156
274 136
274 493
274 755
274 830
274 72
274 45
274 560
274 55
274 366
274 347
274 189
274 652
274 470
275 702
275 353
275 778
275 561
275 707
276 583
276 809
276 39
276 762
276 289
277 228
277 585
277 305
277 178
277 842
279 238
279 208
279 796
279 49
279 692
279 214
279 923
279 254
279 568
279 337
279 319
279 973
279 222
279 106
279 721
280 30
280 300
280 536
280 399
280 69
280 670
280 382
280 161
280 223
280 119
280 437
280 171
280 60
280 512
280 985
281 7
281 149
281 70
282 590
282 470
282 299
282 36
282 316
282 444
282 215
282 207
282 370
283 442
283 925
283 741
283 287
283 940
283 440
283 923
283 335
283 314
283 539
284 369
284 921
284 991
284 56
284 532
284 970
284 867
284 120
284 485
284 784
284 695
284 542
284 879
284 16
284 468
284 150
284 109
285 687
285 40
285 60
285 228
285 101
285 516
286 934
286 339
286 744
286 78
286 972
286 246
286 971
286 794
286 212
286 45
286 170
286 601
286 757
287 342
287 283
287 90
287 106
287 740
288 733
288 992
288 15
288 64
288 901
288 208
288 966
288 667
288 595
288 640
288 946
289 346
289 225
289 762
289 226
289 579
289 664
289 244
289 741
289 456
289 148
289 276
289 934
289 785
289 734
289 164
289 150
289 174
289 94
290 319
290 351
290 624
291 616
291 80
291 555
291 394
291 704
291 364
292 15
292 32
292 653
292 735
292 335
292 457
293 8
293 382
293 187
293 926
293 503
294 662
294 4
294 365
294 357
294 496
294 85
294 632
294 434
294 619
294 942
294 340
295 438
295 546
295 865
295 33
295 61
295 636
295 915
295 773
295 477
295 91
295 214
295 47
295 692
295 656
295 723
295 698
296 409
296 692
296 477
296 946
297 705
297 941
297 619
297 131
297 328
297 674
297 825
297 335
297 896
298 631
298 669
298 532
298 171
298 496
298 97
298 369
298 804
298 817
298 985
299 570
299 445
299 339
299 657
299 498
299 220
299 887
299 468
299 496
299 431
299 629
299 202
299 305
299 1
299 282
300 62
300 686
300 166
300 601
300 355
300 901
300 41
300 4
300 440
300 280
301 541
301 114
301 621
301 945
301 48
301 315
301 202
301 165
301 210
301 456
301 783
301 547
301 304
301 449
301 234
301 573
301 707
302 915
302 659
302 596
302 269
302 61
302 171
302 215
303 61
303 652
303 749
303 788
303 150
303 563
303 497
303 845
303 113
303 626
304 862
304 426
304 799
304 607
304 216
304 261
304 913
304 301
304 805
304 467
304 355
304 11
304 748
304 582
304 336
304 811
304 127
304 320
305 848
305 612
305 969
305 299
305 238
305 277
305 486
305 601
305 793
305 538
305 392
305 946
306 97
306 897
306 161
306 625
306 388
306 548
306 127
306 47
307 602
307 525
307 620
307 237
307 60
307 408
307 241
308 525
308 42
308 931
308 713
308 834
308 271
308 162
308 384
308 490
308 648
308 93
309 886
309 121
309 518
309 420
309 350
309 715
309 533
309 976
309 146
309 814
309 903
309 657
309 453
309 20
309 918
309 363
310 561
312 508
312 876
312 95
312 585
312 465
312 619
312 899
312 337
312 113
312 143
313 472
313 728
314 233
314 673
314 789
314 621
314 642
314 460
314 937
314 853
314 283
314 599
314 626
315 788
315 415
315 301
315 34
315 732
315 349
315 368
316 220
316 126
316 643
316 47
316 798
316 102
316 282
317 782
318 101
318 555
318 750
318 595
319 290
319 438
319 565
319 279
319 122
319 463
319 769
319 865
319 170
319 852
319 386
319 458
320 304
320 61
320 939
320 393
320 551
320 794
320 226
320 418
320 792
320 672
320 431
320 557
321 504
321 464
322 813
322 932
322 137
322 662
322 376
322 478
322 81
322 419
322 859
322 463
322 947
322 742
322 384
322 114
322 257
323 353
323 61
323 7
323 261
323 335
323 432
323 364
324 116
324 396
324 960
324 808
324 837
324 592
324 743
324 885
324 936
324 265
324 394
325 448
325 430
325 613
325 479
325 359
325 935
325 706
326 877
326 397
326 821
326 400
326 466
326 92
326 640
327 565
327 637
327 463
327 619
327 234
328 877
328 669
328 949
328 491
328 365
328 860
328 787
328 393
328 991
328 747
328 166
328 793
328 918
328 926
328 822
328 7
328 297
329 592
329 157
329 532
329 9
329 579
329 928
330 69
330 400
330 237
330 130
330 409
330 34
330 77
330 757
331 395
331 665
331 741
331 490
331 669
331 148
332 831
332 557
332 625
332 615
332 544
332 408
332 380
332 25
332 465
333 463
333 165
333 476
333 115
333 785
333 680
333 357
333 243
333 565
333 972
333 851
333 191
334 581
334 464
334 916
334 532
334 434
334 975
334 803
334 29
334 406
334 949
334 270
334 375
334 163
335 386
335 911
335 650
335 915
335 323
335 543
335 297
335 283
335 292
335 64
335 82
335 155
336 34
336 344
336 435
336 107
336 419
336 495
336 911
336 728
336 477
336 952
336 468
336 876
336 304
336 766
336 202
336 556
336 445
336 441
337 512
337 279
337 312
337 646
337 715
337 812
337 455
337 345
337 410
337 876
337 88
338 586
338 669
338 874
338 269
338 876
338 550
338 137
338 507
338 969
338 598
338 425
339 286
339 299
339 882
340 483
340 353
340 881
340 859
340 764
340 742
340 865
340 294
340 25
340 127
341 420
341 747
341 954
341 58
341 81
341 458
342 49
342 844
342 287
342 658
342 989
342 173
342 874
343 644
343 377
343 936
343 625
343 807
343 94
343 728
343 160
343 645
343 637
343 843
343 28
343 865
343 453
343 552
343 212
343 557
344 453
344 336
345 204
345 478
345 880
345 337
345 994
346 414
346 126
346 223
346 59
346 841
346 490
346 938
346 289
346 845
346 365
347 491
347 595
347 355
347 948
347 441
347 852
347 654
347 45
347 33
347 943
347 842
347 743
347 154
347 980
347 28
347 353
347 599
347 670
347 809
347 119
347 274
347 667
348 789
348 613
348 973
348 799
349 691
349 927
349 632
349 667
349 670
349 924
349 701
349 218
349 745
349 801
349 643
349 315
349 444
349 556
349 614
349 143
350 625
350 309
351 23
351 290
351 46
351 797
351 223
351 904
352 434
352 771
352 150
353 851
353 275
353 485
353 854
353 487
353 546
353 347
353 632
353 323
353 827
353 8
353 15
353 757
353 944
353 340
354 949
354 756
354 1
354 359
355 300
355 400
355 211
355 708
355 837
355 727
355 304
355 42
355 13
355 660
355 756
355 848
355 552
355 347
356 416
356 425
356 244
356 175
356 420
356 31
356 18
356 991
356 990
356 228
356 169
356 975
356 732
357 551
357 455
357 789
357 550
357 884
357 465
357 236
357 493
357 853
357 259
357 720
357 627
357 189
357 333
357 431
357 84
357 294
357 156
358 832
358 166
358 486
358 365
359 354
359 433
359 364
359 325
359 815
359 859
359 986
359 475
359 483
359 701
359 585
359 916
359 740
360 222
360 197
360 994
360 616
360 266
360 540
360 273
360 649
360 750
360 375
361 859
361 527
361 138
361 843
361 45
361 197
361 547
361 723
361 992
362 711
362 219
363 195
363 500
363 731
363 309
363 186
363 516
364 369
364 21
364 323
364 467
364 631
364 174
364 96
364 291
364 859
364 581
364 626
364 647
364 155
364 756
364 652
364 359
365 967
365 850
365 420
365 661
365 844
365 346
365 184
365 198
365 358
365 176
365 121
365 294
365 234
365 194
365 328
365 985
366 966
366 629
366 274
366 656
366 150
366 257
368 244
368 82
368 315
368 468
368 261
368 713
368 983
369 544
369 258
369 526
369 192
369 602
369 387
369 632
369 441
369 917
369 535
369 940
369 416
369 625
369 961
369 425
369 284
369 770
369 298
369 364
370 400
370 932
370 176
370 171
370 392
370 182
370 282
370 801
370 711
370 143
370 967
370 994
370 637
370 78
370 34
371 395
371 8
371 84
371 487
371 992
371 707
372 12
372 873
372 922
372 217
372 60
372 912
373 83
373 618
373 604
373 387
373 884
373 863
373 560
373 102
373 861
373 760
373 595
373 70
373 76
373 888
373 58
373 579
374 112
374 95
374 736
374 980
374 237
374 863
374 655
374 741
374 752
374 988
374 512
375 136
375 46
375 334
375 48
375 831
375 587
375 53
375 602
375 835
375 360
375 692
375 681
375 522
375 524
375 967
375 876
375 847
376 469
376 243
376 449
376 322
376 748
376 19
376 217
376 803
376 81
376 568
376 953
377 630
377 40
377 45
377 742
377 977
377 343
377 157
377 973
378 965
378 196
378 250
378 237
378 548
378 119
379 811
379 80
379 437
380 937
380 397
380 456
380 332
380 783
380 811
380 996
380 486
380 934
381 431
381 847
381 156
382 79
382 533
382 433
382 943
382 293
382 449
382 599
382 404
382 280
383 687
383 85
383 852
383 187
383 250
383 255
383 564
383 895
383 935
383 166
384 744
384 804
384 169
384 308
384 78
384 466
384 641
384 645
384 322
384 758
384 15
384 470
384 388
384 547
384 89
384 516
385 69
385 804
385 81
385 624
386 188
386 405
386 97
386 156
386 175
386 319
386 792
386 250
386 600
386 615
386 691
386 335
386 856
387 161
387 373
387 579
387 903
387 369
387 970
387 949
388 236
388 736
388 628
388 50
388 645
388 71
388 986
388 644
388 384
388 800
388 85
388 199
388 210
388 466
388 552
388 771
388 306
389 598
389 840
389 18
389 158
390 44
390 126
391 175
391 205
391 665
391 270
391 991
391 807
391 237
391 265
391 101
391 750
392 849
392 924
392 305
392 256
392 273
392 912
392 522
392 508
392 145
392 848
392 370
392 212
392 779
392 750
393 233
393 852
393 320
393 328
393 927
394 324
394 893
394 270
394 861
394 502
394 524
394 291
394 851
394 792
394 920
394 692
394 595
395 371
395 594
395 708
395 79
395 331
395 640
395 88
396 942
396 263
396 536
396 682
396 260
396 214
396 153
396 888
396 324
396 915
396 568
396 113
396 458
396 156
397 639
397 326
397 409
397 380
397 954
397 652
397 145
397 188
397 621
397 579
397 449
397 561
397 452
397 131
398 663
398 937
398 431
398 916
399 653
399 280
399 741
399 864
400 815
400 330
400 251
400 326
400 172
400 149
400 974
400 26
400 355
400 170
400 370
400 672
401 643
401 680
401 261
401 987
401 218
401 214
401 802
401 173
401 607
402 51
402 443
402 414
402 513
402 55
402 570
402 928
402 524
402 16
402 934
403 581
403 1
404 4
404 382
404 241
404 260
404 615
404 693
404 655
404 488
404 996
404 895
404 73
404 912
404 143
405 219
405 386
405 910
405 947
406 117
406 334
406 87
406 733
406 593
406 226
406 847
406 457
407 640
407 740
407 904
408 307
408 779
408 611
408 801
408 84
408 419
408 974
408 746
408 146
408 46
408 778
408 332
408 19
408 95
408 892
408 547
408 531
408 64
409 938
409 878
409 942
409 121
409 296
409 56
409 330
409 167
409 45
409 397
409 934
409 217
409 20
409 970
409 988
410 804
410 813
410 126
410 417
410 34
410 15
410 696
410 608
410 337
410 61
410 658
410 477
410 810
410 944
410 47
411 672
411 144
412 981
412 928
412 542
412 800
412 119
412 57
412 551
413 571
413 504
413 187
413 782
413 463
413 430
413 178
413 591
413 640
414 402
414 637
414 785
414 500
414 346
414 817
415 464
415 553
415 525
415 735
415 248
415 932
415 256
415 259
415 615
415 437
415 633
415 176
415 190
415 207
415 315
415 135
415 912
415 116
415 970
415 101
415 591
415 73
415 691
415 833
416 356
416 32
416 369
416 431
416 916
416 814
417 946
417 60
417 410
418 320
418 432
418 1
418 596
418 560
418 740
418 663
418 243
418 551
418 45
418 938
418 16
418 92
419 322
419 336
419 503
419 518
419 643
419 408
420 889
420 135
420 160
420 341
420 722
420 990
420 110
420 309
420 966
420 365
420 356
420 197
420 121
420 149
420 94
421 104
421 4
421 46
421 631
421 715
421 605
421 188
421 742
421 117
422 781
422 732
422 118
422 93
422 257
423 166
423 793
423 44
423 651
424 583
424 126
424 118
424 973
425 631
425 51
425 234
425 558
425 76
425 369
425 813
425 857
425 338
425 211
425 356
425 899
426 826
426 683
426 190
426 835
426 113
426 454
426 262
426 463
426 945
426 946
426 250
426 304
426 441
427 92
427 886
427 191
427 255
427 721
427 653
427 58
427 87
427 486
427 557
427 474
429 804
429 230
429 77
429 856
429 946
430 958
430 962
430 185
430 734
430 723
430 271
430 269
430 627
430 55
430 511
430 325
430 777
430 413
430 759
431 416
431 8
431 983
431 487
431 936
431 320
431 80
431 357
431 381
431 992
431 105
431 398
431 82
431 242
431 938
431 742
431 954
431 997
431 880
431 299
432 545
432 119
432 270
432 621
432 625
432 465
432 323
432 204
432 700
432 609
432 496
432 418
432 916
432 640
433 767
433 525
433 250
433 382
433 579
433 903
433 500
433 359
433 847
434 702
434 352
434 294
434 479
434 947
434 485
434 583
434 778
434 510
434 910
434 743
434 840
434 334
434 101
434 762
434 93
435 702
435 445
435 45
435 336
435 117
435 67
436 896
437 160
437 960
437 579
437 280
437 49
437 155
437 253
437 23
437 242
437 462
437 379
437 899
437 966
437 174
437 649
437 470
437 415
437 82
437 270
438 319
438 159
438 15
438 199
438 295
438 732
438 539
439 503
439 556
439 651
440 300
440 597
440 257
440 34
440 283
440 103
440 758
440 521
440 219
440 538
440 782
440 752
440 648
441 937
441 336
441 6
441 426
441 898
441 106
441 521
441 801
441 48
441 837
441 674
441 456
441 182
441 369
441 87
441 347
441 557
441 452
442 551
442 445
442 548
442 702
442 585
442 728
442 283
442 131
443 402
443 237
443 468
443 234
443 918
443 985
444 182
444 201
444 242
444 349
444 734
444 935
444 131
444 150
444 282
445 118
445 716
445 933
445 720
445 435
445 97
445 442
445 688
445 336
445 807
445 837
445 167
445 922
445 126
445 299
445 143
446 74
446 529
446 539
446 704
447 583
447 864
448 325
448 570
448 496
448 12
449 21
449 537
449 376
449 382
449 690
449 59
449 979
449 301
449 720
449 523
449 397
449 453
449 922
450 958
450 226
450 182
450 34
450 161
450 626
451 130
451 89
451 817
451 626
451 109
452 926
452 441
452 495
452 971
452 527
452 397
452 568
452 564
452 127
452 935
453 754
453 207
453 153
453 343
453 206
453 344
453 259
453 449
453 162
453 857
453 127
453 309
453 690
453 470
453 20
453 742
453 692
453 919
453 143
454 879
454 620
454 426
455 250
455 918
455 357
455 619
455 337
455 829
455 651
456 441
456 556
456 34
456 716
456 380
456 196
456 702
456 301
456 700
456 247
456 730
456 524
456 170
456 706
456 289
456 912
456 109
457 960
457 543
457 292
457 406
457 809
457 110
457 666
457 539
458 319
458 212
458 561
458 396
458 520
458 341
458 621
458 808
458 273
458 601
458 752
458 640
459 628
459 823
459 145
459 874
459 106
459 972
459 643
459 516
460 551
460 84
460 916
460 673
460 314
461 469
461 629
461 861
461 614
461 94
461 147
462 210
462 472
462 437
462 912
463 327
463 478
463 413
463 505
463 929
463 687
463 322
463 333
463 117
463 319
463 529
463 426
464 783
464 627
464 149
464 714
464 965
464 78
464 321
464 985
464 492
464 415
464 613
464 334
465 43
465 753
465 741
465 270
465 971
465 152
465 332
465 828
465 212
465 312
465 357
465 470
465 855
465 77
465 63
465 432
466 967
466 596
466 582
466 326
466 748
466 845
466 803
466 388
466 754
466 15
466 571
466 384
466 600
466 178
466 529
466 829
466 828
467 28
467 237
467 82
467 880
467 304
467 241
467 364
468 443
468 829
468 682
468 725
468 113
468 801
468 284
468 942
468 869
468 71
468 979
468 336
468 202
468 299
468 953
468 910
468 368
468 143
469 486
469 461
469 836
469 376
469 970
469 500
470 554
470 496
470 453
470 60
470 384
470 857
470 840
470 437
470 520
470 609
470 274
470 465
470 106
470 114
470 4
470 282
471 807
471 976
471 38
471 689
471 477
471 826
471 723
471 513
471 930
471 189
471 783
471 490
471 74
472 44
472 161
472 474
472 752
472 462
472 831
472 313
472 617
472 52
472 718
472 528
472 562
472 960
472 47
472 147
473 139
473 16
474 645
474 24
474 427
474 556
474 3
474 719
474 76
474 582
474 728
474 792
474 472
475 217
475 524
475 359
475 103
476 223
476 333
476 503
476 64
476 131
477 580
477 410
477 296
477 46
477 244
477 606
477 727
477 791
477 69
477 471
477 157
477 200
477 336
477 155
477 212
477 295
477 110
477 856
478 550
478 50
478 24
478 116
478 345
478 159
478 196
478 966
478 8
478 508
478 322
478 463
478 912
478 946
479 325
479 226
479 830
479 530
479 563
479 937
479 873
479 840
479 434
479 672
479 985
480 861
481 775
481 994
481 853
481 886
481 490
481 220
481 585
481 202
481 516
482 489
482 750
482 73
482 734
482 178
482 266
483 702
483 538
483 359
483 810
483 143
483 340
484 978
484 908
484 755
484 170
484 25
484 518
484 166
484 594
484 126
484 255
484 658
485 353
485 284
485 434
485 672
485 242
485 920
485 63
485 90
486 921
486 106
486 924
486 427
486 358
486 233
486 698
486 963
486 755
486 380
486 767
486 685
486 759
486 140
486 265
486 469
486 711
486 305
487 371
487 771
487 130
487 867
487 555
487 353
487 189
487 803
487 936
487 431
487 904
488 601
488 404
489 482
489 918
489 778
489 658
490 308
490 765
490 111
490 471
490 652
490 589
490 331
490 793
490 878
490 117
490 481
490 346
491 639
491 347
491 328
492 159
492 261
492 464
492 37
493 645
493 536
493 980
493 973
493 357
493 637
493 675
493 773
493 993
493 274
493 949
493 646
493 273
495 661
495 336
495 127
495 61
495 452
495 947
496 448
496 938
496 470
496 637
496 299
496 294
496 70
496 298
496 432
497 202
497 117
497 573
497 636
497 303
498 687
498 579
498 748
498 4
498 954
498 299
498 895
498 942
498 794
499 531
499 107
499 215
500 208
500 5
500 469
500 433
500 414
500 45
500 503
500 762
500 942
500 669
500 529
500 363
500 985
501 616
501 711
501 769
501 993
502 865
502 394
503 633
503 60
503 619
503 202
503 500
503 476
503 267
503 35
503 792
503 223
503 963
503 850
503 419
503 984
503 258
503 293
503 439
503 125
503 694
503 188
503 269
503 568
503 90
504 321
504 937
504 755
504 578
504 413
504 73
504 85
504 219
504 685
504 93
504 582
504 707
505 508
505 620
505 845
505 463
506 845
506 692
506 70
506 779
506 721
507 618
507 196
507 652
507 338
508 5
508 179
508 505
508 190
508 576
508 478
508 392
508 312
508 20
508 556
509 694
509 783
509 193
509 201
509 59
509 136
509 990
509 840
509 222
509 88
510 525
510 434
510 108
510 94
511 80
511 430
511 94
512 748
512 374
512 97
512 280
512 910
512 645
512 337
513 402
513 471
513 94
514 903
514 61
515 45
515 250
515 81
516 271
516 671
516 285
516 384
516 481
516 682
516 459
516 363
516 192
516 918
518 41
518 547
518 535
518 702
518 419
518 739
518 801
518 659
518 140
518 309
518 80
518 484
518 864
519 11
519 130
520 816
520 961
520 470
520 77
520 874
520 458
521 789
521 199
521 585
521 440
521 174
521 441
521 92
522 265
522 873
522 392
522 547
522 895
522 375
523 449
523 770
523 212
523 734
523 973
523 255
524 691
524 475
524 211
524 402
524 809
524 456
524 19
524 767
524 9
524 661
524 45
524 41
524 82
524 217
524 58
524 394
524 847
524 375
525 307
525 510
525 26
525 175
525 132
525 433
525 533
525 934
525 415
525 997
525 201
525 308
526 227
526 226
526 369
526 87
526 648
527 204
527 269
527 145
527 922
527 361
527 591
527 452
527 699
528 60
528 472
528 665
528 130
528 904
529 985
529 758
529 20
529 463
529 49
529 446
529 466
529 981
529 500
529 916
529 699
530 95
530 970
530 13
530 170
530 953
530 479
530 118
530 738
531 654
531 499
531 963
531 408
531 571
531 548
531 920
531 953
531 946
532 556
532 40
532 582
532 329
532 284
532 217
532 334
532 565
532 691
532 298
533 833
533 822
533 130
533 788
533 62
533 937
533 525
533 382
533 922
533 162
533 202
533 309
534 616
534 186
534 677
535 711
535 629
535 369
535 518
535 144
535 67
535 706
536 493
536 396
536 280
537 449
537 121
538 180
538 815
538 146
538 218
538 483
538 997
538 440
538 5
538 570
538 945
538 305
538 869
538 169
538 880
538 626
539 912
539 566
539 438
539 457
539 574
539 134
539 886
539 446
539 602
539 210
539 283
539 130
539 811
539 9
539 752
540 687
540 571
540 555
540 360
541 301
542 563
542 8
542 284
542 412
542 148
543 235
543 993
543 77
543 170
543 880
543 335
543 864
543 457
544 922
544 332
544 582
544 369
544 639
544 773
544 34
544 734
544 215
544 163
545 197
545 950
545 665
545 215
545 432
546 986
546 353
546 29
546 237
546 158
546 295
546 673
546 973
546 799
546 738
547 384
547 697
547 301
547 361
547 554
547 522
547 408
547 28
547 227
547 518
548 306
548 705
548 531
548 442
548 378
548 610
548 877
548 893
548 881
548 973
548 250
549 822
549 938
549 675
549 34
549 573
549 983
550 822
550 139
550 357
550 756
550 970
550 478
550 949
550 338
551 117
551 775
551 696
551 460
551 418
551 267
551 1000
551 948
551 442
551 233
551 243
551 697
551 412
551 562
551 147
551 357
551 918
551 320
551 734
551 673
551 636
551 181
552 765
552 388
552 343
552 355
552 226
552 953
552 268
553 235
553 793
553 415
553 983
554 470
554 940
554 547
554 656
554 143
554 949
554 880
555 775
555 877
555 896
555 318
555 291
555 819
555 171
555 540
555 840
555 32
555 938
555 487
555 657
555 992
555 829
555 90
556 532
556 224
556 600
556 888
556 439
556 508
556 336
556 650
556 161
556 11
556 961
556 618
556 456
556 245
556 349
556 474
557 778
557 997
557 427
557 441
557 168
557 86
557 798
557 320
557 58
557 343
557 133
557 980
557 701
557 262
557 332
557 742
557 18
557 773
557 212
558 724
558 425
558 773
558 250
558 738
559 157
559 573
559 150
560 702
560 373
560 418
560 274
560 706
560 270
561 589
561 608
561 149
561 275
561 686
561 641
561 397
561 310
561 853
561 831
561 44
561 637
561 84
561 934
561 458
562 472
562 551
562 573
562 47
563 906
563 542
563 479
563 303
564 585
564 452
564 598
564 737
564 638
564 383
564 831
564 914
564 233
564 602
564 748
564 197
564 170
565 327
565 976
565 939
565 153
565 744
565 333
565 127
565 532
565 319
565 116
566 114
566 539
567 219
567 653
567 639
567 912
568 279
568 137
568 912
568 594
568 256
568 396
568 503
568 452
568 956
568 893
568 376
568 184
568 162
568 927
568 127
568 164
568 814
568 93
569 788
569 145
569 840
569 927
569 810
570 448
570 402
570 920
570 41
570 538
570 299
570 692
570 44
570 810
571 413
571 531
571 59
571 239
571 466
571 31
571 540
571 986
571 65
571 675
571 174
571 90
571 946
572 934
572 809
572 157
572 771
573 872
573 113
573 953
573 120
573 497
573 854
573 301
573 56
573 599
573 549
573 559
573 255
573 562
573 104
573 927
573 234
574 62
574 539
575 202
575 651
575 143
576 508
576 769
576 840
576 901
576 764
576 910
577 601
578 504
578 915
578 268
579 105
579 80
579 433
579 924
579 387
579 39
579 498
579 905
579 397
579 111
579 373
579 329
579 161
579 656
579 665
579 437
579 289
580 477
580 228
580 742
580 600
580 114
581 690
581 998
581 617
581 138
581 247
581 403
581 743
581 634
581 903
581 926
581 334
581 158
581 667
581 84
581 364
582 890
582 859
582 809
582 903
582 504
582 304
582 532
582 68
582 17
582 160
582 544
582 657
582 182
582 466
582 474
583 596
583 160
583 608
583 865
583 889
583 424
583 844
583 897
583 276
583 447
583 434
583 699
584 711
584 86
584 226
584 7
584 882
584 753
584 626
585 973
585 277
585 76
585 521
585 481
585 442
585 359
585 990
585 312
585 821
585 949
585 954
585 564
585 910
586 822
586 40
586 338
587 82
587 375
588 927
588 95
588 919
589 840
589 145
589 876
589 561
589 490
589 734
590 732
590 282
591 415
591 900
591 722
591 708
591 527
591 193
591 597
591 77
591 413
591 982
591 184
591 61
591 144
591 691
591 94
592 329
592 653
592 324
592 164
592 44
593 749
593 81
593 954
593 806
593 406
593 626
593 201
593 167
593 32
593 87
593 648
593 147
594 484
594 65
594 395
594 568
594 187
594 782
594 139
594 171
595 6
595 318
595 288
595 262
595 39
595 394
595 265
595 162
595 81
595 67
595 347
595 373
596 599
596 583
596 876
596 4
596 418
596 466
596 86
596 918
596 201
596 916
596 302
597 440
597 861
597 591
597 148
598 389
598 85
598 69
598 564
598 7
598 338
599 314
599 731
599 120
599 347
599 596
599 178
599 382
599 900
599 617
599 938
599 58
599 573
599 842
600 386
600 603
600 215
600 580
600 466
600 852
600 777
600 728
600 949
600 139
600 556
601 615
601 577
601 300
601 681
601 822
601 43
601 31
601 305
601 488
601 52
601 286
601 808
601 458
601 940
601 666
602 998
602 307
602 749
602 615
602 564
602 606
602 129
602 116
602 197
602 717
602 166
602 764
602 369
602 778
602 947
602 63
602 375
602 539
603 189
603 811
603 600
603 899
604 641
604 254
604 99
604 373
604 145
604 202
604 158
604 118
605 45
605 421
606 602
606 197
606 940
606 477
606 953
606 828
607 401
607 265
607 653
607 742
607 304
608 227
608 730
608 410
608 583
608 157
608 561
609 198
609 15
609 470
609 935
609 432
610 548
610 798
610 148
611 616
611 849
611 229
611 39
611 810
611 265
611 408
612 305
613 891
613 348
613 782
613 325
613 694
613 464
613 917
613 744
613 15
613 210
613 675
613 672
613 201
614 824
614 461
614 851
614 697
614 782
614 214
614 772
614 349
614 985
614 82
614 954
614 926
614 904
615 879
615 936
615 759
615 386
615 711
615 904
615 836
615 82
615 186
615 602
615 601
615 415
615 332
615 404
616 231
616 501
616 826
616 644
616 123
616 87
616 534
616 291
616 256
616 188
616 235
616 611
616 907
616 360
616 106
616 740
617 581
617 472
617 599
617 814
618 556
618 507
618 195
618 98
618 373
618 164
618 817
619 227
619 163
619 766
619 312
619 455
619 94
619 978
619 327
619 294
619 972
619 804
619 503
619 131
619 297
620 701
620 28
620 77
620 907
620 454
620 307
620 775
620 505
620 918
620 143
621 397
621 94
621 862
621 269
621 891
621 23
621 40
621 301
621 144
621 804
621 992
621 314
621 458
621 626
621 432
622 736
622 238
622 4
622 67
623 118
624 911
624 665
624 290
624 887
624 702
624 732
624 959
624 695
624 385
624 206
625 135
625 350
625 369
625 932
625 29
625 332
625 306
625 343
625 270
625 181
625 432
626 451
626 224
626 314
626 584
626 303
626 230
626 450
626 538
626 881
626 261
626 621
626 593
626 364
627 793
627 430
627 58
627 357
627 464
627 655
628 459
628 388
629 366
629 299
629 816
629 690
629 461
629 141
629 674
629 535
629 659
629 644
629 845
629 953
630 930
630 122
630 377
630 31
630 218
630 632
630 16
631 632
631 425
631 245
631 954
631 421
631 298
631 364
632 997
632 773
632 294
632 161
632 630
632 631
632 353
632 200
632 938
632 369
632 863
632 349
633 802
633 128
633 415
633 503
634 687
634 878
634 581
634 257
635 819
635 773
635 892
635 174
635 234
636 551
636 699
636 798
636 191
636 497
636 965
636 69
636 295
636 110
636 222
637 493
637 496
637 955
637 889
637 668
637 561
637 414
637 976
637 638
637 327
637 653
637 75
637 880
637 966
637 639
637 766
637 343
637 370
638 977
638 637
638 652
638 564
638 169
638 102
639 491
639 890
639 637
639 762
639 567
639 544
639 146
639 940
639 226
639 397
639 822
639 779
639 163
640 413
640 876
640 683
640 20
640 458
640 395
640 976
640 407
640 288
640 814
640 100
640 691
640 432
640 326
640 702
640 143
641 604
641 384
641 561
641 740
642 216
642 118
642 314
643 124
643 816
643 148
643 804
643 46
643 56
643 239
643 988
643 316
643 178
643 419
643 915
643 895
643 157
643 200
643 651
643 826
643 873
643 29
643 903
643 4
643 57
643 149
643 349
643 459
643 401
644 616
644 388
644 629
644 343
645 474
645 384
645 57
645 388
645 493
645 899
645 343
645 512
646 254
646 203
646 139
646 965
646 39
646 169
646 699
646 997
646 493
646 337
647 364
648 862
648 526
648 593
648 308
648 440
648 943
648 265
649 437
649 823
649 672
649 741
649 863
649 874
649 360
649 650
649 700
649 698
650 110
650 15
650 658
650 649
650 556
650 335
651 122
651 797
651 889
651 149
651 10
651 439
651 455
651 423
651 840
651 832
651 898
651 575
651 643
652 274
652 397
652 937
652 507
652 638
652 2
652 887
652 942
652 364
652 965
652 941
652 303
652 949
652 490
653 592
653 733
653 816
653 672
653 21
653 427
653 53
653 269
653 399
653 607
653 567
653 292
653 82
653 637
653 927
654 811
654 531
654 347
654 228
655 893
655 844
655 179
655 627
655 846
655 232
655 667
655 79
655 885
655 47
655 778
655 374
655 404
656 172
656 112
656 144
656 295
656 554
656 579
656 800
656 366
656 780
656 66
656 730
656 942
657 75
657 42
657 582
657 24
657 309
657 555
657 56
657 922
657 299
657 741
657 188
657 919
658 410
658 88
658 108
658 650
658 484
658 489
658 179
658 69
658 977
658 342
658 704
659 629
659 302
659 127
659 518
660 892
660 355
661 495
661 115
661 524
661 850
661 12
661 164
661 751
661 102
661 961
661 365
661 928
661 804
661 757
662 663
662 322
662 294
662 741
662 967
662 255
663 160
663 418
663 398
663 662
663 245
664 978
664 901
664 255
664 792
664 289
665 196
665 545
665 579
665 331
665 528
665 941
665 769
665 844
665 702
665 985
665 878
665 915
665 717
665 876
665 764
665 677
665 391
665 988
665 624
666 457
666 30
666 106
666 857
666 601
666 265
666 201
666 861
666 804
667 44
667 176
667 347
667 783
667 288
667 887
667 581
667 948
667 983
667 349
667 655
668 924
668 637
668 16
668 680
669 683
669 331
669 96
669 148
669 500
669 115
669 234
669 328
669 338
669 298
670 942
670 264
670 347
670 857
670 259
670 280
670 349
670 234
670 268
670 147
671 915
671 680
671 91
671 516
672 933
672 138
672 485
672 479
672 189
672 320
672 762
672 831
672 151
672 400
672 827
672 613
672 411
672 700
672 653
672 649
672 1
672 171
672 47
672 88
673 551
673 546
673 797
673 857
673 897
673 460
673 776
673 784
673 109
673 242
673 32
673 245
673 926
673 809
673 314
674 629
674 82
674 942
674 691
674 63
674 441
674 814
674 297
675 613
675 990
675 571
675 232
675 493
675 98
675 958
675 5
675 944
675 850
675 725
675 549
675 947
675 983
675 680
675 907
675 988
676 80
676 228
677 736
677 665
677 229
677 889
677 534
677 723
677 63
678 109
679 158
679 237
679 101
679 84
679 103
680 675
680 668
680 671
680 194
680 126
680 4
680 333
680 723
680 401
681 601
681 742
681 20
681 199
681 965
681 375
682 61
682 396
682 851
682 468
682 215
682 516
683 669
683 426
683 640
683 738
684 162
685 877
685 504
685 486
685 164
686 936
686 948
686 300
686 781
686 57
686 561
686 741
687 980
687 540
687 634
687 498
687 259
687 463
687 774
687 869
687 383
687 285
687 182
687 122
687 116
687 821
687 90
688 445
688 121
688 157
688 934
688 880
689 186
689 937
689 471
689 32
690 877
690 449
690 581
690 629
690 453
690 77
690 876
691 76
691 171
691 16
691 415
691 532
691 164
691 920
691 386
691 748
691 591
691 674
691 524
691 87
691 349
691 640
692 394
692 849
692 241
692 719
692 847
692 570
692 785
692 118
692 295
692 296
692 506
692 453
692 254
692 769
692 279
692 375
693 137
693 166
693 170
693 265
693 404
694 509
694 832
694 613
694 936
694 728
694 503
695 243
695 29
695 284
695 47
695 624
696 551
696 45
696 269
696 410
696 222
696 255
697 781
697 551
697 547
697 108
697 192
697 863
697 614
698 812
698 997
698 295
698 94
698 649
698 865
698 714
698 486
698 882
699 58
699 527
699 885
699 791
699 583
699 250
699 929
699 529
699 214
699 202
699 646
699 636
700 40
700 197
700 456
700 166
700 672
700 73
700 171
700 649
700 828
700 432
701 620
701 349
701 557
701 359
702 435
702 560
702 483
702 275
702 112
702 767
702 442
702 640
702 811
702 961
702 80
702 219
702 71
702 748
702 456
702 434
702 518
702 665
702 178
702 624
703 245
703 949
703 899
703 706
704 951
704 757
704 882
704 446
704 123
704 658
704 291
704 102
705 9
705 993
705 548
705 829
705 297
706 827
706 932
706 325
706 456
706 535
706 703
706 560
706 219
707 953
707 371
707 275
707 145
707 301
707 504
707 147
708 395
708 934
708 355
708 876
708 161
708 874
708 591
709 87
709 163
710 816
710 879
710 219
710 947
711 932
711 535
711 362
711 584
711 501
711 486
711 212
711 938
711 970
711 615
711 942
711 370
711 842
712 121
713 793
713 34
713 308
713 368
714 874
714 464
714 698
715 235
715 200
715 197
715 421
715 18
715 309
715 337
715 732
715 222
716 445
716 456
716 983
716 829
717 67
717 602
717 734
717 665
717 805
717 220
717 764
717 848
717 814
717 904
718 29
718 472
718 770
719 961
719 692
719 474
720 811
720 445
720 873
720 840
720 261
720 357
720 449
720 147
721 279
721 506
721 945
721 427
722 81
722 764
722 911
722 849
722 420
722 903
722 101
722 591
722 762
722 60
723 295
723 361
723 845
723 677
723 680
723 80
723 471
723 430
723 73
724 558
725 879
725 739
725 250
725 220
725 936
725 675
725 468
725 762
725 738
725 266
726 938
726 107
726 89
726 2
727 184
727 355
727 477
727 741
727 114
727 150
727 270
727 94
727 946
728 600
728 313
728 267
728 815
728 442
728 10
728 694
728 769
728 336
728 992
728 343
728 474
729 86
729 822
729 922
729 201
730 656
730 20
730 984
730 608
730 134
730 456
731 599
731 928
731 250
731 363
732 590
732 315
732 770
732 35
732 715
732 422
732 95
732 7
732 438
732 54
732 356
732 170
732 942
732 624
733 406
733 653
733 918
733 288
733 910
734 589
734 781
734 544
734 482
734 289
734 202
734 523
734 824
734 160
734 444
734 551
734 430
734 717
734 223
735 233
735 209
735 292
735 415
735 102
736 770
736 374
736 388
736 677
736 622
737 778
737 81
737 121
737 564
737 892
737 89
738 558
738 872
738 848
738 683
738 530
738 546
738 725
738 175
738 92
739 725
739 812
739 122
739 848
739 518
740 91
740 192
740 287
740 641
740 359
740 407
740 256
740 616
740 78
740 79
740 801
740 978
740 418
741 148
741 761
741 374
741 238
741 727
741 662
741 331
741 64
741 686
741 399
741 657
741 649
741 465
741 108
741 283
741 234
741 794
741 289
742 431
742 681
742 580
742 133
742 893
742 421
742 557
742 322
742 377
742 851
742 966
742 876
742 236
742 607
742 142
742 776
742 453
742 777
742 182
742 977
742 268
742 340
743 975
743 324
743 228
743 434
743 581
743 347
743 178
744 204
744 565
744 286
744 384
744 613
745 235
745 349
746 915
746 408
747 926
747 867
747 328
747 341
747 59
747 908
747 840
747 170
748 927
748 564
748 376
748 498
748 702
748 231
748 990
748 151
748 304
748 997
748 466
748 691
748 916
748 512
749 816
749 602
749 40
749 593
749 303
750 53
750 981
750 952
750 752
750 391
750 360
750 797
750 482
750 318
750 392
750 915
750 25
750 74
750 978
750 803
751 954
751 789
751 975
751 661
752 759
752 440
752 458
752 374
752 539
752 971
752 141
752 865
752 472
752 876
752 750
753 967
753 940
753 584
753 465
753 892
754 865
754 453
754 466
754 817
754 978
755 504
755 274
755 486
755 484
756 836
756 853
756 364
756 354
756 125
756 550
756 16
756 809
756 144
756 895
756 355
756 149
757 330
757 105
757 268
757 859
757 286
757 777
757 154
757 661
757 353
757 184
757 856
757 150
757 163
757 704
758 226
758 29
758 384
758 440
758 529
759 855
759 993
759 430
759 486
759 615
759 752
759 828
760 373
761 212
761 741
762 260
762 725
762 203
762 276
762 500
762 434
762 722
762 169
762 946
762 140
762 840
762 250
762 199
762 639
762 809
762 672
762 289
762 851
763 788
763 855
763 779
764 665
764 808
764 717
764 992
764 576
764 886
764 602
764 901
764 893
764 722
764 954
764 40
764 13
764 340
765 892
765 552
765 490
765 222
765 109
766 637
766 982
766 39
766 44
766 336
766 32
766 210
766 619
766 895
767 433
767 204
767 524
767 702
767 486
768 126
768 847
768 89
768 833
769 888
769 501
769 986
769 576
769 976
769 796
769 849
769 271
769 319
769 692
769 728
769 665
769 257
770 736
770 718
770 101
770 178
770 270
770 369
770 523
770 926
770 732
770 64
770 904
771 572
771 894
771 352
771 240
771 36
771 388
771 217
771 487
772 614
773 635
773 70
773 873
773 493
773 558
773 557
773 968
773 864
773 544
773 632
773 874
773 295
774 687
774 219
774 874
774 919
775 551
775 620
775 873
775 915
775 228
775 555
775 174
775 481
776 186
776 41
776 235
776 742
776 923
776 673
776 270
776 222
777 189
777 852
777 430
777 81
777 600
777 742
777 757
778 408
778 655
778 974
778 881
778 171
778 117
778 266
778 152
778 489
778 784
778 737
778 275
778 602
778 952
778 977
778 434
778 84
778 557
779 785
779 197
779 262
779 962
779 506
779 163
779 392
779 763
779 639
779 235
779 408
780 6
780 117
780 174
780 656
781 173
781 790
781 152
781 193
781 112
781 697
781 422
781 925
781 816
781 686
781 6
781 7
781 734
781 847
782 854
782 219
782 87
782 594
782 413
782 317
782 440
782 82
782 613
782 614
782 222
783 301
783 875
783 380
783 471
783 923
783 55
783 509
783 804
783 77
783 464
783 667
783 103
783 927
784 778
784 284
784 673
785 289
785 114
785 896
785 414
785 141
785 333
785 692
785 973
785 779
786 61
786 34
786 788
787 220
787 32
787 328
788 315
788 883
788 881
788 569
788 763
788 208
788 862
788 841
788 264
788 52
788 786
788 533
788 303
789 213
789 348
789 962
789 889
789 881
789 521
789 751
789 357
789 130
789 228
789 314
790 258
790 781
790 266
791 69
791 878
791 477
791 810
791 699
792 386
792 320
792 664
792 394
792 4
792 267
792 126
792 901
792 503
792 918
792 474
793 627
793 305
793 423
793 328
793 553
793 713
793 490
793 810
793 864
794 498
794 741
794 286
794 320
794 882
795 997
795 928
796 769
796 279
796 212
797 804
797 750
797 351
797 673
797 651
798 52
798 610
798 110
798 174
798 233
798 316
798 880
798 557
798 636
799 806
799 348
799 263
799 248
799 546
799 809
799 304
799 829
800 656
800 44
800 412
800 388
801 970
801 518
801 468
801 349
801 370
801 441
801 740
801 408
802 633
802 401
803 844
803 972
803 487
803 376
803 143
803 813
803 750
803 334
803 466
804 619
804 797
804 870
804 429
804 298
804 385
804 783
804 906
804 661
804 982
804 666
804 621
804 159
804 410
804 7
804 384
804 20
804 810
804 643
804 842
805 130
805 717
805 304
806 28
806 593
806 972
806 200
806 916
806 799
807 471
807 926
807 158
807 391
807 445
807 343
807 93
808 324
808 764
808 601
808 234
808 458
809 276
809 572
809 762
809 347
809 91
809 799
809 942
809 756
809 97
809 673
809 856
809 937
809 582
809 524
809 457
810 483
810 238
810 410
810 890
810 569
810 570
810 791
810 271
810 804
810 793
810 202
810 117
810 611
811 211
811 720
811 379
811 702
811 654
811 304
811 380
811 231
811 603
811 856
811 539
811 908
811 895
812 739
812 337
812 90
812 698
813 425
813 322
813 938
813 410
813 7
813 803
813 842
814 568
814 617
814 887
814 717
814 922
814 416
814 674
814 147
814 309
814 640
814 88
815 86
815 400
815 538
815 728
815 359
816 137
816 781
816 17
816 208
816 965
816 749
816 520
816 710
816 629
816 653
816 643
817 298
817 840
817 414
817 451
817 909
817 754
817 618
817 83
817 215
818 82
818 67
819 635
819 133
819 37
819 555
820 179
820 28
820 1
820 106
821 687
821 51
821 966
821 326
821 585
821 967
821 935
821 102
822 550
822 729
822 98
822 586
822 549
822 328
822 104
822 226
822 639
822 601
822 269
822 533
822 184
822 92
823 459
823 41
823 649
824 936
824 108
824 734
824 614
825 186
825 950
825 847
825 297
825 904
826 616
826 471
826 966
826 11
826 223
826 643
826 426
827 353
827 672
827 171
827 706
828 200
828 896
828 989
828 466
828 700
828 759
828 219
828 606
828 78
828 465
828 194
829 169
829 466
829 799
829 555
829 455
829 716
829 705
829 468
830 274
830 907
830 479
830 245
831 269
831 472
831 332
831 126
831 564
831 672
831 561
831 375
832 694
832 207
832 954
832 358
832 935
832 651
833 170
833 415
833 83
833 27
833 768
833 5
833 533
833 47
834 308
835 233
835 940
835 426
835 375
836 469
836 29
836 32
836 756
836 107
836 615
836 923
836 88
837 355
837 197
837 324
837 170
837 445
837 441
838 936
838 197
838 926
838 919
839 842
840 762
840 389
840 979
840 576
840 555
840 265
840 858
840 747
840 509
840 434
840 720
840 589
840 970
840 950
840 569
840 865
840 479
840 978
840 470
840 202
840 194
840 651
840 817
841 15
841 788
841 346
841 215
842 813
842 599
842 263
842 839
842 277
842 804
842 711
842 70
842 347
843 938
843 217
843 361
843 916
843 343
844 342
844 583
844 803
844 365
844 665
844 655
844 118
845 867
845 346
845 505
845 866
845 90
845 629
845 74
845 129
845 506
845 993
845 466
845 723
845 303
846 655
847 69
847 433
847 781
847 768
847 85
847 2
847 885
847 956
847 963
847 825
847 99
847 156
847 78
847 381
847 524
847 66
847 375
847 406
847 197
847 940
847 692
847 873
847 234
848 392
848 991
848 355
848 739
848 166
848 869
848 717
848 305
848 738
849 722
849 204
849 769
849 392
849 611
849 692
849 2
850 661
850 365
850 855
850 675
850 503
850 131
851 864
851 245
851 333
851 762
851 122
851 682
851 268
851 353
851 742
851 394
851 942
851 614
851 143
852 27
852 142
852 229
852 319
852 383
852 237
852 777
852 157
852 909
852 393
852 72
852 62
852 187
852 600
852 347
853 15
853 865
853 357
853 756
853 861
853 481
853 67
853 561
853 918
853 314
853 222
854 353
854 782
854 573
854 106
855 891
855 465
855 763
855 759
855 850
855 972
855 915
856 757
856 429
856 924
856 4
856 477
856 386
856 811
856 809
856 70
856 250
856 109
857 198
857 425
857 453
857 470
857 670
857 82
857 20
857 666
857 673
858 840
858 192
858 70
859 227
859 322
859 582
859 361
859 757
859 359
859 340
859 364
860 202
860 119
860 145
860 328
861 480
861 51
861 132
861 114
861 666
861 853
861 461
861 597
861 144
861 394
861 373
861 148
862 788
862 938
862 6
862 621
862 304
862 230
862 648
863 632
863 697
863 931
863 80
863 373
863 374
863 649
863 983
863 89
864 158
864 147
864 518
864 399
864 793
864 12
864 893
864 917
864 543
864 447
864 773
864 851
865 502
865 853
865 319
865 754
865 913
865 924
865 752
865 583
865 840
865 295
865 343
865 340
865 698
866 162
866 845
866 882
867 747
867 284
867 845
867 487
867 91
869 258
869 243
869 687
869 848
869 468
869 538
869 178
869 181
870 966
870 804
870 41
870 113
871 117
872 80
872 972
872 573
872 738
873 720
873 372
873 522
873 218
873 97
873 775
873 479
873 643
873 256
873 921
873 847
873 965
873 972
873 199
873 773
874 773
874 270
874 210
874 708
874 520
874 912
874 774
874 271
874 714
874 243
874 649
874 459
874 342
874 338
874 130
874 215
875 80
875 783
876 927
876 910
876 375
876 665
876 312
876 752
876 708
876 893
876 596
876 337
876 589
876 50
876 690
876 984
876 742
876 936
876 336
876 77
876 338
876 640
877 326
877 690
877 982
877 933
877 685
877 950
877 548
877 555
877 328
878 665
878 490
878 145
878 634
878 140
878 142
878 923
878 791
878 224
878 67
878 409
878 25
878 127
878 912
879 952
879 55
879 22
879 710
879 17
879 454
879 996
879 66
879 83
879 725
879 128
879 284
879 615
880 37
880 431
880 899
880 268
880 345
880 798
880 543
880 467
880 538
880 688
880 11
880 554
880 637
880 13
880 47
881 789
881 139
881 788
881 778
881 548
881 57
881 228
881 116
881 626
881 340
882 131
882 794
882 584
882 220
882 33
882 698
882 339
882 866
882 144
882 58
882 89
882 704
883 788
883 996
883 178
884 86
884 373
884 357
884 62
884 118
884 171
884 222
885 324
885 655
885 992
885 847
885 699
886 309
886 764
886 427
886 481
886 70
886 539
887 652
887 87
887 299
887 667
887 192
887 814
887 624
888 769
888 918
888 197
888 396
888 373
888 556
889 420
889 789
889 583
889 637
889 58
889 677
889 651
889 946
890 922
890 582
890 223
890 639
890 34
890 994
890 810
891 855
891 613
891 621
891 169
892 660
892 753
892 58
892 255
892 18
892 408
892 737
892 765
892 973
892 635
892 109
892 154
892 8
892 127
893 32
893 548
893 876
893 742
893 764
893 217
893 568
893 119
893 242
893 394
893 655
893 95
893 864
894 771
895 756
895 498
895 383
895 811
895 522
895 766
895 643
895 273
895 404
896 297
896 190
896 79
896 98
896 961
896 436
896 948
896 250
896 555
896 785
896 828
896 163
897 204
897 583
897 306
897 84
897 673
898 7
898 441
898 651
899 645
899 425
899 312
899 951
899 703
899 603
899 269
899 940
899 217
899 880
899 437
899 215
899 109
900 599
900 591
900 985
901 664
901 955
901 300
901 792
901 576
901 38
901 63
901 764
901 39
901 288
901 131
902 961
903 514
903 309
903 433
903 643
903 722
903 25
903 125
903 252
903 214
903 387
903 83
903 581
903 1000
903 582
903 188
904 770
904 717
904 1000
904 920
904 351
904 825
904 68
904 487
904 528
904 407
904 614
904 615
905 918
905 217
905 126
905 579
905 73
906 563
906 19
906 227
906 804
907 176
907 997
907 616
907 94
907 675
907 830
907 40
907 620
907 25
907 39
908 747
908 811
908 101
908 484
908 916
909 938
909 852
909 817
910 733
910 405
910 149
910 993
910 39
910 261
910 576
910 585
910 245
910 951
910 468
910 199
910 876
910 434
910 1
910 944
910 512
911 722
911 336
911 335
911 624
912 404
912 567
912 372
912 478
912 212
912 878
912 456
912 462
912 415
912 568
912 392
912 81
912 874
912 228
912 539
913 958
913 865
913 19
913 304
914 564
914 988
915 665
915 750
915 775
915 242
915 578
915 396
915 252
915 140
915 746
915 855
915 193
915 35
915 144
915 671
915 302
915 295
915 643
915 335
915 92
916 843
916 416
916 460
916 398
916 806
916 529
916 209
916 43
916 908
916 260
916 39
916 432
916 359
916 596
916 748
916 6
916 334
917 613
917 57
917 369
917 864
918 905
918 328
918 620
918 489
918 455
918 157
918 551
918 957
918 888
918 309
918 733
918 792
918 596
918 141
918 443
918 516
918 853
918 178
919 248
919 166
919 588
919 774
919 214
919 267
919 657
919 159
919 103
919 838
919 453
919 940
919 91
920 137
920 957
920 570
920 212
920 55
920 394
920 15
920 531
920 485
920 934
920 144
920 174
920 691
920 904
921 486
921 284
921 873
921 149
921 92
922 544
922 445
922 372
922 988
922 112
922 238
922 890
922 729
922 533
922 527
922 449
922 657
922 92
922 39
922 7
922 37
922 87
922 814
923 776
923 283
923 234
923 194
923 836
923 878
923 783
923 279
924 959
924 668
924 53
924 111
924 865
924 579
924 392
924 486
924 349
924 856
925 781
925 16
925 983
925 144
925 283
926 838
926 770
926 102
926 673
926 807
926 61
926 228
926 933
926 126
926 293
926 581
926 614
926 328
926 21
926 264
926 747
926 452
926 148
927 588
927 568
927 653
927 33
927 573
927 569
927 783
927 393
927 748
927 876
927 349
927 73
928 167
928 124
928 402
928 661
928 59
928 795
928 731
928 329
928 228
928 223
928 412
928 988
929 29
929 463
929 699
930 630
930 471
930 223
930 967
931 255
931 863
931 308
932 711
932 625
932 69
932 322
932 130
932 415
932 370
932 706
933 877
933 445
933 62
933 926
933 672
933 197
933 70
934 572
934 409
934 920
934 708
934 525
934 154
934 215
934 380
934 968
934 402
934 688
934 561
934 286
934 289
934 150
935 821
935 832
935 383
935 452
935 444
935 325
935 254
935 609
935 58
935 109
936 838
936 824
936 694
936 75
936 725
936 876
936 324
936 83
936 487
936 942
936 686
936 250
936 431
936 615
936 343
936 169
936 131
937 380
937 134
937 809
937 272
937 479
937 689
937 398
937 533
937 159
937 44
937 652
937 504
937 994
937 314
937 441
938 16
938 555
938 862
938 496
938 418
938 909
938 171
938 632
938 711
938 431
938 549
938 726
938 843
938 55
938 813
938 409
938 599
938 947
938 346
938 257
939 565
939 220
939 320
940 41
940 554
940 847
940 23
940 606
940 71
940 601
940 202
940 835
940 899
940 283
940 369
940 639
940 234
940 992
940 753
940 919
941 950
941 665
941 652
941 297
941 147
942 294
942 851
942 656
942 674
942 498
942 711
942 732
942 972
942 500
942 670
942 409
942 652
942 20
942 970
942 809
942 396
942 468
942 936
942 270
942 106
943 382
943 32
943 347
943 648
944 183
944 353
944 910
944 410
944 52
944 675
945 538
945 301
945 426
945 721
946 88
946 429
946 889
946 151
946 296
946 478
946 531
946 727
946 288
946 571
946 305
946 417
946 58
946 762
946 426
947 495
947 405
947 710
947 938
947 602
947 131
947 322
947 434
947 675
947 985
948 551
948 686
948 220
948 667
948 949
948 347
948 237
948 896
948 88
949 354
949 652
949 948
949 206
949 600
949 550
949 156
949 45
949 493
949 703
949 334
949 387
949 554
949 585
949 84
949 328
949 109
950 957
950 545
950 197
950 825
950 941
950 89
950 877
950 840
950 147
951 219
951 899
951 953
951 910
951 704
952 879
952 336
952 954
952 975
952 750
952 778
952 44
953 376
953 266
953 552
953 531
953 951
953 606
953 468
953 629
953 24
953 968
953 530
953 98
953 573
953 707
954 127
954 991
954 764
954 751
954 585
954 614
954 631
954 952
954 498
954 341
954 431
954 8
954 832
954 593
954 397
955 901
955 19
955 637
956 7
956 568
956 847
957 920
957 197
957 918
957 996
957 950
957 192
957 257
957 109
958 913
958 120
958 450
958 62
958 430
958 675
958 174
959 924
959 265
959 174
959 624
960 324
960 472
960 437
960 457
961 556
961 719
961 99
961 702
961 902
961 369
961 520
961 187
961 661
961 159
961 896
961 88
962 789
962 116
962 430
962 4
962 77
962 779
963 503
963 531
963 486
963 847
964 255
964 86
965 378
965 636
965 81
965 48
965 681
965 114
965 816
965 646
965 873
965 464
965 652
966 478
966 366
966 38
966 870
966 637
966 288
966 9
966 420
966 171
966 272
966 136
966 826
966 81
966 821
966 742
966 437
967 662
967 930
967 188
967 821
967 365
967 6
967 466
967 973
967 370
967 753
967 375
968 170
968 773
968 108
968 934
968 953
969 305
969 169
969 338
970 801
970 983
970 415
970 985
970 550
970 387
970 409
970 530
970 711
970 469
970 942
970 157
970 840
970 284
970 973
971 286
971 983
971 189
971 465
971 452
971 752
972 806
972 619
972 872
972 176
972 333
972 873
972 855
972 286
972 803
972 459
972 942
972 978
973 424
973 155
973 240
973 785
973 970
973 279
973 377
973 193
973 967
973 548
973 102
973 348
973 546
973 523
973 585
973 493
973 892
974 184
974 144
974 400
974 778
974 81
974 150
974 270
974 408
975 23
975 743
975 224
975 751
975 952
975 356
975 334
975 91
976 471
976 565
976 769
976 637
976 309
976 640
977 742
977 263
977 638
977 658
977 778
977 377
977 189
978 148
978 740
978 664
978 107
978 120
978 750
978 972
978 754
978 840
978 619
978 484
979 840
979 184
979 201
979 449
979 468
979 47
980 687
980 210
980 374
980 493
980 101
980 347
980 557
981 412
981 750
981 63
981 529
982 161
982 877
982 766
982 804
982 591
983 667
983 70
983 140
983 971
983 716
983 675
983 925
983 553
983 863
983 250
983 368
983 46
983 549
983 82
983 970
983 431
983 39
983 102
984 179
984 730
984 261
984 503
984 876
985 479
985 365
985 987
985 900
985 443
985 298
985 989
985 500
985 947
985 170
985 280
985 970
985 121
985 464
985 665
985 529
985 614
986 546
986 769
986 220
986 388
986 571
986 359
987 199
987 401
987 985
988 914
988 374
988 409
988 928
988 675
988 665
988 219
988 922
988 643
989 342
989 828
989 985
990 420
990 509
990 356
990 748
990 585
990 675
990 60
991 954
991 356
991 284
991 848
991 328
991 391
992 555
992 728
992 371
992 361
992 621
992 885
992 940
992 177
992 184
992 170
992 764
992 121
992 431
992 288
992 255
993 5
993 705
993 543
993 501
993 845
993 493
993 759
993 52
993 910
993 241
994 345
994 168
994 890
994 937
994 32
994 4
994 182
994 481
994 370
994 360
994 109
995 178
996 957
996 72
996 380
996 883
996 216
996 879
996 130
996 404
996 171
997 431
997 748
997 795
997 525
997 117
997 632
997 538
997 646
997 907
997 557
997 63
997 150
997 257
997 698
998 602
998 581
998 235
999 204
999 19
999 16
1000 551
1000 903
1000 904
