1 87
1 34
1 89
1 29
1 73
1 62
1 98
1 18
1 12
1 72
1 27
1 75
1 85
1 81
1 96
1 19
1 24
1 46
1 30
1 70
1 52
1 69
1 42
1 54
1 67
1 23
1 28
1 83
1 58
1 47
1 56
1 3
1 94
1 39
1 64
1 6
1 16
1 35
1 37
1 45
1 55
1 57
1 61
1 71
1 76
1 90
1 17
1 78
1 97
1 79
1 91
1 48
1 36
1 20
1 2
1 99
1 38
1 80
1 51
1 14
1 4
1 7
1 9
1 41
1 26
1 93
1 77
1 66
1 82
1 50
1 11
1 22
1 88
1 44
1 60
1 43
1 15
1 53
1 25
1 8
1 40
1 31
1 68
1 33
1 95
1 63
1 84
1 100
1 74
1 32
1 21
1 92
2 35
2 31
2 67
2 8
2 49
2 33
2 76
2 50
2 21
2 5
2 43
2 7
2 53
2 16
2 85
2 81
2 3
2 70
2 46
2 37
2 6
2 63
2 87
2 47
2 24
2 54
2 88
2 83
2 64
2 60
2 40
2 57
2 52
2 28
2 20
2 77
2 99
2 45
2 9
2 38
2 98
2 18
2 90
2 13
2 1
2 89
2 55
2 32
2 86
2 75
2 80
2 94
2 71
2 22
2 12
2 93
2 23
2 72
2 58
2 74
2 19
2 14
2 51
2 69
2 68
2 82
2 62
2 41
2 25
2 39
2 73
2 4
2 17
2 26
2 27
2 29
2 44
2 66
2 84
2 96
2 100
2 78
2 97
2 79
2 59
2 91
2 10
2 48
2 36
2 42
2 11
2 92
2 15
2 34
3 57
3 25
3 4
3 7
3 92
3 52
3 20
3 90
3 89
3 18
3 33
3 48
3 63
3 69
3 70
3 75
3 76
3 85
3 96
3 100
3 78
3 97
3 79
3 59
3 10
3 36
3 2
3 42
3 99
3 38
3 94
3 14
3 9
3 41
3 26
3 98
3 93
3 62
3 77
3 66
3 16
3 50
3 5
3 22
3 88
3 44
3 60
3 43
3 15
3 87
3 53
3 35
3 37
3 8
3 31
3 68
3 86
3 84
3 54
3 74
3 1
3 30
3 39
3 46
3 34
3 47
3 21
3 81
4 2
4 76
4 96
4 82
4 43
4 5
4 61
4 55
4 31
4 49
4 33
4 50
4 26
4 35
4 15
4 12
4 89
4 47
4 83
4 8
4 29
4 87
4 52
4 85
4 7
4 27
4 93
4 88
4 30
4 39
4 34
4 11
4 67
4 77
4 70
4 1
4 60
4 16
4 23
4 75
4 40
4 53
4 57
4 73
4 45
4 54
4 58
4 56
4 100
4 64
4 84
4 44
4 22
4 21
4 6
4 62
4 19
4 86
4 28
4 24
4 81
4 46
4 13
4 71
4 69
4 65
4 68
4 41
4 37
4 3
4 63
4 72
4 74
4 99
4 17
4 78
4 97
4 79
4 59
4 91
4 10
4 48
4 36
4 20
4 42
4 80
4 94
4 51
4 14
4 9
4 98
4 66
4 92
4 90
4 32
5 26
5 36
5 60
5 45
5 49
5 61
5 37
5 73
5 89
5 30
5 22
5 63
5 29
5 6
5 18
5 24
5 86
5 28
5 84
5 57
5 32
5 35
5 67
5 68
5 53
5 15
5 8
5 69
5 23
5 83
5 75
5 87
5 96
5 34
5 52
5 55
5 31
5 92
5 72
5 11
5 82
5 12
5 27
5 25
5 58
5 46
5 3
5 47
5 90
5 56
5 88
5 33
5 4
5 40
5 43
5 44
5 71
5 76
5 77
5 79
5 81
5 85
5 100
5 17
5 78
5 97
5 59
5 91
5 10
5 48
5 20
5 2
5 42
5 99
5 38
5 80
5 94
5 51
5 14
5 7
5 9
5 41
5 98
5 93
5 62
5 66
5 16
5 50
5 95
5 74
5 70
5 21
6 81
6 96
6 21
6 43
6 52
6 45
6 17
6 87
6 14
6 38
6 39
6 49
6 64
6 66
6 88
6 95
6 78
6 97
6 79
6 59
6 91
6 48
6 36
6 20
6 2
6 42
6 99
6 80
6 51
6 4
6 7
6 9
6 41
6 26
6 98
6 93
6 77
6 16
6 76
6 82
6 50
6 11
6 5
6 22
6 44
6 60
6 92
6 15
6 90
6 53
6 35
6 37
6 25
6 89
6 31
6 68
6 33
6 86
6 84
6 54
6 100
6 74
6 32
6 69
6 30
6 24
6 70
6 1
6 34
6 58
6 85
7 85
7 45
7 64
7 22
7 56
7 16
7 69
7 57
7 20
7 18
7 81
7 84
7 77
7 37
7 92
7 62
7 90
7 35
7 32
7 89
7 12
7 19
7 72
7 26
7 46
7 50
7 47
7 88
7 5
7 9
7 29
7 33
7 49
7 21
7 76
7 15
7 67
7 6
7 27
7 55
7 24
7 53
7 63
7 54
7 39
7 58
7 31
7 83
7 68
7 1
7 93
7 44
7 23
7 43
7 25
7 98
7 87
7 40
7 65
7 100
7 60
7 41
7 11
7 28
7 3
7 38
7 52
7 61
7 66
7 73
7 96
7 17
7 78
7 97
7 79
7 59
7 91
7 10
7 48
7 36
7 2
7 42
7 99
7 80
7 94
7 51
7 14
7 4
7 86
7 30
7 70
7 34
8 71
8 96
8 14
8 91
8 80
8 85
8 72
8 34
8 64
8 39
8 68
8 65
8 52
8 55
8 12
8 40
8 69
8 1
8 53
8 81
8 27
8 67
8 19
8 100
8 70
8 43
8 13
8 28
8 30
8 75
8 56
8 48
8 49
8 31
8 54
8 58
8 77
8 46
8 25
8 32
8 18
8 47
8 73
8 95
8 74
8 61
8 23
8 3
8 24
8 2
8 22
8 44
8 45
8 57
8 17
8 78
8 97
8 79
8 59
8 10
8 36
8 20
8 42
8 99
8 38
8 94
8 51
8 4
8 9
8 41
8 26
8 98
8 93
8 62
8 66
8 16
8 76
8 82
8 50
8 11
8 5
8 88
8 60
8 92
8 15
8 90
8 87
8 35
8 37
8 89
8 33
8 63
8 84
8 21
8 86
9 39
9 74
9 52
9 99
9 35
9 72
9 33
9 40
9 5
9 12
9 6
9 63
9 32
9 56
9 23
9 85
9 89
9 34
9 1
9 16
9 19
9 90
9 43
9 30
9 49
9 77
9 65
9 61
9 69
9 22
9 70
9 27
9 81
9 53
9 98
9 4
9 15
9 44
9 42
9 84
9 28
9 66
9 46
9 26
9 75
9 18
9 29
9 73
9 50
9 93
9 76
9 96
9 88
9 45
9 25
9 37
9 83
9 47
9 71
9 11
9 64
9 8
9 82
9 3
9 21
9 38
9 41
9 55
9 57
9 58
9 62
9 86
9 100
9 17
9 78
9 97
9 79
9 59
9 91
9 10
9 48
9 36
9 20
9 2
9 80
9 94
9 51
9 14
9 7
9 60
9 92
9 31
9 54
9 24
10 12
10 91
10 58
10 84
10 66
10 68
10 13
10 41
10 100
10 22
10 43
10 2
10 53
10 96
10 32
10 75
10 8
10 72
10 46
10 18
10 48
10 31
10 70
10 49
10 81
10 7
10 47
10 4
10 50
10 65
10 5
10 83
10 3
10 40
10 98
10 36
10 45
10 92
10 14
10 52
10 88
10 90
10 87
10 93
10 51
10 24
10 99
10 39
10 54
10 44
10 21
10 71
10 35
10 38
10 9
10 60
10 74
10 63
10 57
10 23
10 16
10 27
10 15
10 56
10 55
10 29
10 95
10 20
10 26
10 11
10 19
10 25
10 28
10 30
10 34
10 37
10 61
10 64
10 67
10 69
10 73
10 77
10 79
10 80
10 82
10 17
10 78
10 97
10 59
10 94
10 62
10 76
10 89
10 33
11 24
11 89
11 52
11 74
11 15
11 87
11 18
11 96
11 49
11 71
11 56
11 55
11 69
11 53
11 70
11 32
11 88
11 64
11 6
11 83
11 84
11 85
11 58
11 60
11 73
11 82
11 43
11 46
11 33
11 90
11 68
11 95
11 1
11 23
11 47
11 67
11 8
11 81
11 27
11 65
11 19
11 39
11 40
11 97
11 75
11 92
11 34
11 45
11 100
11 2
11 29
11 22
11 62
11 86
11 12
11 13
11 14
11 17
11 25
11 35
11 37
11 61
11 63
11 77
11 78
11 79
11 59
11 91
11 10
11 48
11 36
11 20
11 42
11 99
11 38
11 80
11 94
11 51
11 4
11 7
11 9
11 41
11 26
11 98
11 93
11 66
11 16
11 76
11 50
11 5
11 44
11 31
11 30
11 21
12 53
12 93
12 44
12 76
12 73
12 50
12 64
12 13
12 10
12 20
12 29
12 30
12 55
12 56
12 63
12 68
12 88
12 17
12 78
12 79
12 59
12 91
12 48
12 36
12 2
12 42
12 99
12 38
12 80
12 94
12 51
12 14
12 4
12 7
12 9
12 41
12 26
12 98
12 62
12 77
12 66
12 16
12 82
12 11
12 5
12 22
12 60
12 92
12 15
12 90
12 87
12 37
12 25
12 8
12 40
12 89
12 31
12 33
12 95
12 86
12 74
12 32
12 1
12 69
12 24
12 39
12 46
12 34
12 21
12 58
12 85
12 45
13 35
13 78
13 11
13 90
13 26
13 10
13 12
13 41
13 55
13 58
13 80
13 81
13 88
13 91
13 17
13 97
13 79
13 59
13 48
13 36
13 20
13 2
13 42
13 99
13 94
13 51
13 14
13 4
13 98
13 93
13 62
13 77
13 16
13 76
13 82
13 22
13 44
13 43
13 92
13 15
13 53
13 37
13 8
13 86
13 63
13 84
13 54
13 100
13 32
13 69
13 74
13 30
13 46
13 95
13 34
13 21
13 45
14 94
14 64
14 25
14 11
14 49
14 24
14 39
14 27
14 6
14 62
14 97
14 91
14 35
14 84
14 89
14 55
14 60
14 15
14 4
14 75
14 18
14 13
14 9
14 57
14 87
14 3
14 95
14 16
14 19
14 65
14 46
14 53
14 23
14 7
14 28
14 83
14 81
14 30
14 85
14 66
14 72
14 96
14 69
14 88
14 74
14 58
14 47
14 21
14 26
14 29
14 71
14 41
14 44
14 76
14 67
14 12
14 90
14 93
14 37
14 82
14 20
14 63
14 31
14 70
14 98
14 34
14 5
14 61
14 1
14 92
14 33
14 8
14 32
14 54
14 56
14 77
14 100
14 17
14 78
14 79
14 59
14 10
14 48
14 36
14 2
14 42
14 99
14 38
14 80
14 51
14 50
14 22
14 43
14 86
14 45
15 38
15 98
15 16
15 34
15 37
15 72
15 44
15 90
15 30
15 68
15 83
15 40
15 47
15 23
15 99
15 50
15 71
15 89
15 29
15 85
15 49
15 73
15 52
15 70
15 96
15 6
15 45
15 25
15 54
15 18
15 36
15 92
15 91
15 64
15 86
15 3
15 61
15 87
15 74
15 56
15 27
15 12
15 100
15 65
15 24
15 95
15 13
15 8
15 2
15 46
15 63
15 55
15 1
15 28
15 31
15 58
15 69
15 75
15 81
15 84
15 97
15 17
15 78
15 79
15 59
15 10
15 20
15 42
15 80
15 94
15 51
15 14
15 4
15 7
15 9
15 41
15 26
15 93
15 62
15 77
15 66
15 76
15 82
15 11
15 5
15 22
15 88
15 60
15 43
15 53
15 35
15 33
15 32
15 39
16 42
16 56
16 1
16 33
16 83
16 18
16 85
16 62
16 65
16 91
16 40
16 25
16 39
16 63
16 11
16 58
16 77
16 31
16 68
16 23
16 28
16 75
16 86
16 82
16 41
16 69
16 49
16 72
16 89
16 37
16 45
16 3
16 35
16 12
16 92
16 64
16 46
16 76
16 61
16 5
16 13
16 84
16 81
16 67
16 55
16 30
16 74
16 50
16 24
16 34
16 47
16 88
16 29
16 6
16 60
16 73
16 19
16 8
16 22
16 71
16 52
16 32
16 7
16 15
16 26
16 27
16 53
16 90
16 96
16 100
16 17
16 78
16 97
16 79
16 59
16 10
16 48
16 36
16 20
16 2
16 99
16 38
16 80
16 94
16 51
16 14
16 4
16 9
16 98
16 43
16 87
16 95
16 54
16 21
17 11
17 27
17 94
17 97
17 31
17 2
17 96
17 45
17 70
17 9
17 49
17 48
17 61
17 20
17 68
17 41
17 91
17 18
17 33
17 80
17 25
17 38
17 39
17 74
17 90
17 76
17 52
17 19
17 28
17 1
17 67
17 89
17 71
17 69
17 98
17 84
17 30
17 55
17 99
17 26
17 65
17 81
17 23
17 78
17 10
17 15
17 12
17 32
17 47
17 53
17 22
17 62
17 87
17 82
17 93
17 14
17 7
17 50
17 100
17 46
17 35
17 13
17 29
17 60
17 77
17 44
17 92
17 51
17 8
17 86
17 56
17 16
17 85
17 58
17 5
17 88
17 42
17 43
17 37
17 36
17 75
17 66
17 4
17 6
17 34
17 40
17 57
17 59
17 63
17 79
17 24
17 21
17 54
18 59
18 100
18 49
18 67
18 64
18 54
18 3
18 39
18 7
18 16
18 29
18 32
18 38
18 93
18 96
18 17
18 78
18 97
18 79
18 91
18 10
18 48
18 20
18 2
18 42
18 99
18 80
18 14
18 9
18 41
18 26
18 98
18 62
18 77
18 66
18 76
18 82
18 50
18 11
18 5
18 22
18 44
18 60
18 92
18 15
18 87
18 53
18 35
18 8
18 40
18 31
18 68
18 95
18 86
18 74
18 1
18 69
18 24
18 70
18 47
18 21
18 58
18 81
18 85
19 44
19 45
19 10
19 68
19 22
19 49
19 92
19 20
19 43
19 73
19 82
19 93
19 17
19 78
19 97
19 79
19 91
19 48
19 36
19 2
19 42
19 99
19 38
19 80
19 51
19 14
19 4
19 7
19 9
19 26
19 98
19 62
19 77
19 66
19 16
19 76
19 50
19 11
19 88
19 90
19 87
19 53
19 35
19 37
19 25
19 8
19 40
19 31
19 33
19 95
19 86
19 63
19 54
19 100
19 74
19 32
19 1
19 69
19 30
19 70
19 46
19 34
19 47
19 21
19 81
19 85
20 86
20 96
20 68
20 71
20 12
20 75
20 70
20 19
20 27
20 25
20 46
20 62
20 55
20 77
20 34
20 85
20 81
20 67
20 52
20 50
20 6
20 100
20 39
20 99
20 66
20 58
20 4
20 45
20 26
20 65
20 22
20 23
20 16
20 89
20 51
20 76
20 84
20 24
20 32
20 83
20 13
20 8
20 1
20 69
20 31
20 43
20 5
20 44
20 72
20 61
20 11
20 53
20 9
20 33
20 41
20 47
20 37
20 82
20 15
20 64
20 90
20 18
20 35
20 73
20 92
20 93
20 80
20 40
20 21
20 48
20 3
20 7
20 28
20 49
20 56
20 57
20 60
20 88
20 17
20 78
20 97
20 79
20 59
20 91
20 10
20 36
20 2
20 42
20 38
20 94
20 14
20 98
20 95
20 63
20 74
20 30
21 39
21 9
21 24
21 45
21 29
21 17
21 1
21 19
21 69
21 72
21 55
21 61
21 11
21 71
21 49
21 56
21 18
21 46
21 70
21 89
21 8
21 5
21 58
21 73
21 85
21 32
21 13
21 67
21 52
21 33
21 12
21 27
21 81
21 3
21 57
21 25
21 74
21 65
21 76
21 84
21 16
21 75
21 40
21 62
21 6
21 28
21 35
21 36
21 41
21 64
21 88
21 95
21 96
21 78
21 97
21 79
21 59
21 91
21 10
21 48
21 20
21 2
21 99
21 38
21 94
21 51
21 14
21 4
21 7
21 26
21 98
21 93
21 77
21 66
21 82
21 50
21 22
21 44
21 60
21 43
21 90
21 87
21 53
21 68
21 86
21 63
21 100
21 30
21 34
21 47
22 40
22 37
22 73
22 8
22 12
22 34
22 30
22 3
22 29
22 92
22 1
22 53
22 23
22 65
22 6
22 72
22 44
22 33
22 46
22 90
22 95
22 75
22 83
22 15
22 88
22 54
22 58
22 84
22 25
22 52
22 64
22 70
22 96
22 67
22 18
22 35
22 68
22 13
22 91
22 69
22 81
22 100
22 87
22 43
22 89
22 85
22 38
22 21
22 74
22 47
22 24
22 14
22 55
22 7
22 10
22 19
22 32
22 45
22 57
22 61
22 79
22 17
22 78
22 97
22 59
22 48
22 36
22 20
22 2
22 42
22 99
22 80
22 94
22 51
22 4
22 9
22 41
22 26
22 98
22 93
22 62
22 77
22 66
22 16
22 76
22 82
22 50
22 11
22 5
22 60
22 31
22 39
23 76
23 71
23 25
23 26
23 44
23 53
23 60
23 61
23 92
23 17
23 78
23 97
23 79
23 59
23 91
23 10
23 48
23 36
23 20
23 2
23 42
23 99
23 38
23 80
23 94
23 14
23 4
23 7
23 9
23 98
23 93
23 62
23 77
23 16
23 82
23 50
23 11
23 5
23 22
23 43
23 15
23 90
23 35
23 37
23 8
23 40
23 89
23 31
23 68
23 33
23 95
23 86
23 63
23 84
23 54
23 100
23 74
23 1
23 69
23 30
23 24
23 70
23 39
23 34
23 47
23 58
23 81
23 45
24 68
24 70
24 33
24 87
24 55
24 58
24 80
24 67
24 31
24 23
24 73
24 75
24 94
24 85
24 47
24 17
24 57
24 18
24 29
24 93
24 34
24 39
24 26
24 72
24 64
24 51
24 12
24 45
24 46
24 52
24 9
24 61
24 56
24 71
24 6
24 27
24 14
24 21
24 35
24 65
24 66
24 89
24 78
24 79
24 59
24 91
24 10
24 48
24 36
24 20
24 2
24 42
24 99
24 38
24 4
24 7
24 41
24 98
24 62
24 77
24 16
24 76
24 82
24 50
24 11
24 5
24 22
24 88
24 44
24 60
24 43
24 92
24 15
24 90
24 53
24 37
24 25
24 40
24 8
24 95
24 86
24 63
24 84
24 54
24 100
24 74
24 32
24 1
24 69
24 30
24 81
25 91
25 35
25 11
25 78
25 10
25 85
25 23
25 63
25 92
25 88
25 73
25 81
25 37
25 89
25 19
25 31
25 75
25 95
25 71
25 52
25 83
25 47
25 72
25 40
25 39
25 58
25 33
25 84
25 57
25 56
25 27
25 54
25 55
25 30
25 12
25 69
25 93
25 90
25 96
25 70
25 24
25 86
25 74
25 61
25 28
25 6
25 1
25 64
25 45
25 29
25 68
25 3
25 14
25 20
25 34
25 49
25 51
25 65
25 98
25 17
25 97
25 79
25 59
25 48
25 36
25 2
25 99
25 38
25 80
25 94
25 7
25 9
25 41
25 26
25 62
25 77
25 66
25 16
25 76
25 82
25 50
25 5
25 22
25 44
25 60
25 43
25 15
25 87
25 53
25 8
25 100
25 32
25 46
25 21
26 45
26 71
26 80
26 40
26 53
26 2
26 73
26 47
26 46
26 23
26 57
26 82
26 54
26 16
26 94
26 77
26 81
26 31
26 76
26 67
26 65
26 21
26 1
26 95
26 69
26 88
26 33
26 43
26 22
26 34
26 93
26 63
26 89
26 60
26 8
26 64
26 30
26 87
26 52
26 84
26 25
26 90
26 58
26 98
26 79
26 37
26 50
26 61
26 68
26 11
26 3
26 92
26 19
26 56
26 86
26 39
26 6
26 18
26 12
26 55
26 51
26 35
26 32
26 15
26 83
26 5
26 13
26 27
26 36
26 44
26 72
26 74
26 85
26 17
26 78
26 97
26 59
26 91
26 10
26 48
26 20
26 42
26 99
26 38
26 14
26 4
26 7
26 9
26 41
26 62
26 24
27 2
27 94
27 73
27 82
27 77
27 40
27 16
27 43
27 90
27 75
27 26
27 14
27 17
27 20
27 30
27 38
27 59
27 63
27 66
27 97
27 91
27 10
27 48
27 36
27 99
27 51
27 4
27 7
27 9
27 98
27 93
27 76
27 11
27 5
27 88
27 60
27 15
27 87
27 35
27 37
27 25
27 8
27 89
27 68
27 33
27 86
27 84
27 100
27 74
27 32
27 1
27 69
27 39
27 46
27 70
27 24
27 47
27 21
27 58
27 81
27 45
28 78
28 48
28 66
28 21
28 20
28 10
28 31
28 47
28 15
28 54
28 68
28 80
28 96
28 17
28 97
28 79
28 59
28 91
28 36
28 2
28 42
28 99
28 38
28 94
28 51
28 14
28 4
28 7
28 9
28 41
28 98
28 93
28 62
28 77
28 16
28 76
28 82
28 50
28 5
28 44
28 60
28 43
28 92
28 90
28 87
28 53
28 35
28 37
28 25
28 8
28 89
28 33
28 95
28 86
28 63
28 84
28 100
28 74
28 32
28 1
28 69
28 30
28 70
28 39
28 46
28 58
28 81
28 85
28 45
29 88
29 18
29 2
29 41
29 34
29 61
29 63
29 12
29 73
29 95
29 30
29 53
29 1
29 42
29 83
29 87
29 17
29 97
29 79
29 59
29 91
29 10
29 48
29 36
29 99
29 38
29 80
29 94
29 51
29 14
29 4
29 7
29 9
29 98
29 62
29 77
29 66
29 16
29 76
29 82
29 50
29 11
29 5
29 22
29 44
29 60
29 43
29 92
29 15
29 90
29 35
29 37
29 25
29 40
29 89
29 31
29 68
29 33
29 86
29 100
29 74
29 32
29 69
29 54
29 24
29 70
29 47
29 21
29 85
30 31
30 10
30 48
30 55
30 90
30 38
30 45
30 57
30 12
30 81
30 27
30 82
30 100
30 11
30 21
30 70
30 54
30 64
30 13
30 93
30 75
30 7
30 24
30 6
30 80
30 71
30 47
30 67
30 3
30 39
30 20
30 23
30 52
30 56
30 61
30 28
30 19
30 83
30 34
30 87
30 29
30 46
30 58
30 76
30 91
30 92
30 17
30 78
30 97
30 79
30 59
30 36
30 42
30 99
30 94
30 51
30 14
30 4
30 9
30 41
30 26
30 98
30 62
30 77
30 66
30 16
30 50
30 5
30 22
30 88
30 44
30 60
30 43
30 15
30 53
30 37
30 25
30 8
30 40
30 89
30 68
30 33
30 95
30 86
30 63
30 84
30 74
30 32
30 1
30 69
30 85
31 81
31 35
31 83
31 93
31 38
31 15
31 76
31 6
31 57
31 55
31 69
31 18
31 85
31 67
31 84
31 19
31 34
31 65
31 100
31 95
31 88
31 92
31 39
31 33
31 46
31 64
31 23
31 74
31 63
31 1
31 37
31 60
31 70
31 11
31 52
31 82
31 47
31 72
31 12
31 54
31 3
31 32
31 61
31 56
31 66
31 22
31 71
31 29
31 9
31 2
31 4
31 17
31 28
31 30
31 49
31 59
31 73
31 96
31 78
31 97
31 79
31 91
31 10
31 48
31 36
31 20
31 42
31 99
31 80
31 94
31 51
31 14
31 7
31 41
31 26
31 62
31 77
31 16
31 50
31 5
31 44
31 43
31 90
31 87
31 53
31 25
31 8
31 40
31 89
31 68
31 86
31 24
31 58
31 45
32 22
32 14
32 88
32 18
32 99
32 67
32 92
32 50
32 93
32 45
32 63
32 71
32 28
32 75
32 29
32 52
32 39
32 56
32 49
32 85
32 57
32 25
32 15
32 61
32 24
32 34
32 6
32 12
32 30
32 72
32 83
32 13
32 96
32 19
32 1
32 65
32 73
32 64
32 58
32 27
32 87
32 4
32 37
32 38
32 55
32 81
32 84
32 100
32 17
32 78
32 97
32 79
32 59
32 91
32 10
32 48
32 36
32 20
32 2
32 42
32 80
32 94
32 51
32 7
32 9
32 41
32 26
32 98
32 62
32 77
32 66
32 16
32 11
32 5
32 44
32 60
32 43
32 90
32 53
32 35
32 8
32 40
32 89
32 31
32 68
32 33
32 95
32 86
32 54
32 74
32 69
32 70
32 46
32 21
33 56
33 40
33 58
33 57
33 94
33 83
33 3
33 74
33 70
33 15
33 96
33 75
33 64
33 100
33 84
33 52
33 45
33 27
33 10
33 12
33 69
33 1
33 41
33 6
33 54
33 39
33 61
33 67
33 95
33 81
33 19
33 65
33 29
33 63
33 28
33 23
33 71
33 30
33 42
33 8
33 32
33 49
33 72
33 16
33 24
33 34
33 73
33 17
33 78
33 97
33 79
33 59
33 91
33 48
33 36
33 20
33 2
33 38
33 80
33 51
33 14
33 4
33 7
33 9
33 26
33 98
33 93
33 62
33 77
33 66
33 76
33 82
33 50
33 11
33 5
33 22
33 88
33 44
33 60
33 43
33 92
33 90
33 87
33 53
33 35
33 25
33 89
33 31
33 68
33 86
33 46
33 21
33 85
34 17
34 25
34 84
34 74
34 85
34 33
34 10
34 75
34 40
34 64
34 7
34 58
34 55
34 47
34 19
34 71
34 56
34 83
34 2
34 13
34 21
34 57
34 67
34 12
34 6
34 3
34 23
34 52
34 69
34 49
34 45
34 96
34 1
34 15
34 20
34 29
34 76
34 79
34 81
34 92
34 78
34 97
34 59
34 91
34 48
34 36
34 42
34 99
34 38
34 80
34 94
34 51
34 14
34 4
34 9
34 41
34 26
34 98
34 93
34 62
34 77
34 66
34 16
34 82
34 50
34 11
34 5
34 22
34 88
34 44
34 60
34 43
34 90
34 87
34 53
34 35
34 37
34 8
34 89
34 31
34 68
34 86
34 63
34 54
34 100
34 32
34 30
34 24
34 39
34 46
35 69
35 94
35 96
35 44
35 56
35 77
35 21
35 24
35 1
35 11
35 49
35 73
35 75
35 70
35 74
35 27
35 81
35 36
35 63
35 29
35 28
35 95
35 100
35 34
35 6
35 46
35 15
35 68
35 55
35 47
35 65
35 67
35 33
35 45
35 37
35 57
35 83
35 8
35 19
35 40
35 23
35 48
35 90
35 85
35 3
35 89
35 32
35 18
35 2
35 9
35 13
35 14
35 25
35 31
35 43
35 61
35 64
35 86
35 93
35 17
35 78
35 97
35 79
35 59
35 91
35 10
35 20
35 42
35 99
35 38
35 80
35 51
35 4
35 7
35 41
35 26
35 98
35 62
35 66
35 16
35 76
35 82
35 50
35 5
35 22
35 88
35 60
35 92
35 87
35 53
35 54
35 39
35 58
36 58
36 70
36 73
36 21
36 26
36 49
36 37
36 56
36 82
36 65
36 77
36 99
36 11
36 33
36 28
36 12
36 88
36 13
36 51
36 6
36 74
36 67
36 22
36 32
36 81
36 60
36 8
36 66
36 54
36 14
36 9
36 100
36 31
36 68
36 98
36 34
36 7
36 89
36 3
36 40
36 64
36 45
36 46
36 16
36 19
36 90
36 52
36 38
36 61
36 62
36 24
36 39
36 55
36 83
36 57
36 41
36 20
36 1
36 47
36 96
36 53
36 69
36 71
36 95
36 75
36 30
36 27
36 23
36 92
36 87
36 85
36 93
36 4
36 80
36 25
36 50
36 29
36 94
36 2
36 63
36 5
36 17
36 78
36 97
36 79
36 59
36 91
36 10
36 48
36 42
36 43
36 15
36 35
36 84
37 10
37 32
37 40
37 61
37 87
37 42
37 1
37 11
37 81
37 30
37 97
37 89
37 24
37 84
37 60
37 79
37 74
37 71
37 43
37 45
37 6
37 46
37 13
37 12
37 68
37 39
37 100
37 8
37 67
37 3
37 23
37 75
37 70
37 34
37 72
37 96
37 28
37 27
37 58
37 65
37 19
37 29
37 64
37 54
37 69
37 93
37 52
37 85
37 95
37 15
37 22
37 36
37 47
37 55
37 63
37 17
37 78
37 59
37 91
37 48
37 20
37 2
37 99
37 38
37 80
37 94
37 51
37 14
37 4
37 7
37 9
37 41
37 26
37 98
37 62
37 77
37 66
37 16
37 76
37 82
37 50
37 5
37 88
37 44
37 92
37 90
37 53
37 35
37 25
37 31
38 6
38 40
38 47
38 18
38 96
38 89
38 32
38 9
38 27
38 7
38 67
38 50
38 37
38 56
38 80
38 19
38 85
38 39
38 28
38 57
38 20
38 72
38 68
38 11
38 51
38 95
38 1
38 53
38 86
38 74
38 41
38 29
38 33
38 59
38 79
38 64
38 14
38 52
38 73
38 63
38 87
38 26
38 93
38 71
38 70
38 43
38 8
38 44
38 3
38 21
38 94
38 23
38 65
38 100
38 61
38 75
38 5
38 16
38 62
38 25
38 88
38 83
38 49
38 24
38 84
38 82
38 92
38 46
38 34
38 12
38 45
38 35
38 15
38 30
38 31
38 58
38 69
38 90
38 17
38 78
38 97
38 91
38 10
38 48
38 36
38 2
38 42
38 99
38 98
38 77
38 22
38 60
38 54
38 81
39 6
39 52
39 58
39 69
39 28
39 23
39 75
39 27
39 71
39 67
39 85
39 83
39 72
39 86
39 64
39 65
39 3
39 87
39 35
39 34
39 96
39 46
39 81
39 47
39 22
39 12
39 15
39 59
39 9
39 14
39 18
39 21
39 40
39 42
39 45
39 50
39 55
39 57
39 61
39 62
39 74
39 99
39 17
39 78
39 97
39 79
39 91
39 10
39 48
39 36
39 20
39 2
39 38
39 80
39 94
39 51
39 4
39 7
39 41
39 26
39 98
39 93
39 77
39 66
39 16
39 76
39 82
39 11
39 88
39 44
39 60
39 43
39 90
39 53
39 37
39 25
39 8
39 89
39 31
39 68
39 33
39 95
39 84
39 54
39 100
39 32
39 1
39 30
39 24
39 70
40 77
40 17
40 5
40 39
40 80
40 65
40 30
40 72
40 89
40 18
40 50
40 12
40 46
40 23
40 70
40 81
40 67
40 95
40 32
40 86
40 74
40 31
40 47
40 69
40 29
40 24
40 57
40 83
40 1
40 85
40 73
40 64
40 52
40 87
40 49
40 68
40 75
40 19
40 78
40 45
40 71
40 100
40 54
40 22
40 26
40 27
40 33
40 34
40 37
40 38
40 48
40 53
40 58
40 60
40 61
40 84
40 88
40 97
40 79
40 59
40 91
40 10
40 36
40 20
40 2
40 42
40 99
40 94
40 51
40 4
40 7
40 9
40 41
40 98
40 93
40 62
40 66
40 16
40 76
40 82
40 11
40 44
40 43
40 92
40 15
40 90
40 35
40 25
40 8
40 63
40 21
41 69
41 100
41 9
41 13
41 21
41 65
41 92
41 76
41 34
41 62
41 6
41 73
41 12
41 68
41 35
41 59
41 70
41 1
41 87
41 57
41 37
41 56
41 32
41 67
41 52
41 42
41 44
41 15
41 72
41 5
41 81
41 50
41 55
41 53
41 47
41 98
41 54
41 11
41 84
41 80
41 83
41 46
41 85
41 26
41 45
41 30
41 28
41 25
41 43
41 82
41 24
41 40
41 90
41 22
41 18
41 39
41 64
41 93
41 31
41 8
41 3
41 71
41 77
41 89
41 96
41 95
41 63
41 74
41 10
41 29
41 58
41 60
41 61
41 88
41 17
41 78
41 97
41 79
41 91
41 48
41 36
41 20
41 2
41 99
41 38
41 94
41 51
41 14
41 4
41 7
41 66
41 16
41 33
41 86
42 39
42 56
42 29
42 64
42 72
42 88
42 71
42 52
42 24
42 46
42 67
42 73
42 43
42 6
42 20
42 90
42 2
42 49
42 92
42 12
42 4
42 53
42 31
42 85
42 30
42 23
42 5
42 19
42 84
42 18
42 11
42 47
42 87
42 61
42 76
42 7
42 26
42 8
42 66
42 38
42 70
42 50
42 32
42 22
42 57
42 35
42 34
42 89
42 54
42 80
42 14
42 98
42 13
42 75
42 62
42 36
42 44
42 28
42 99
42 96
42 77
42 55
42 3
42 93
42 69
42 94
42 15
42 40
42 81
42 68
42 16
42 37
42 95
42 17
42 97
42 79
42 59
42 91
42 48
42 51
42 9
42 41
42 82
42 33
42 86
42 63
42 1
42 74
42 58
42 45
43 5
43 83
43 35
43 19
43 46
43 73
43 96
43 53
43 100
43 63
43 98
43 23
43 15
43 57
43 40
43 33
43 34
43 54
43 90
43 91
43 13
43 85
43 66
43 49
43 65
43 71
43 56
43 36
43 24
43 45
43 68
43 58
43 39
43 29
43 64
43 1
43 86
43 3
43 70
43 16
43 67
43 25
43 95
43 28
43 31
43 55
43 14
43 21
43 89
43 47
43 92
43 32
43 30
43 76
43 4
43 6
43 27
43 69
43 72
43 74
43 84
43 17
43 78
43 97
43 79
43 59
43 10
43 48
43 20
43 2
43 42
43 99
43 38
43 80
43 94
43 51
43 7
43 9
43 41
43 26
43 93
43 62
43 77
43 82
43 50
43 11
43 22
43 88
43 44
43 60
43 87
43 37
43 8
43 81
44 61
44 8
44 23
44 2
44 90
44 78
44 66
44 56
44 26
44 87
44 5
44 67
44 32
44 6
44 88
44 24
44 49
44 3
44 68
44 34
44 60
44 55
44 53
44 46
44 29
44 89
44 13
44 69
44 39
44 47
44 64
44 31
44 37
44 30
44 21
44 74
44 57
44 54
44 83
44 85
44 43
44 73
44 81
44 52
44 18
44 40
44 25
44 11
44 28
44 63
44 95
44 72
44 33
44 1
44 12
44 15
44 19
44 35
44 58
44 77
44 84
44 96
44 100
44 17
44 97
44 79
44 59
44 91
44 10
44 48
44 20
44 42
44 99
44 38
44 80
44 94
44 51
44 14
44 4
44 7
44 9
44 41
44 98
44 93
44 62
44 76
44 82
44 50
44 22
44 86
44 45
45 91
45 54
45 75
45 8
45 74
45 1
45 65
45 39
45 60
45 66
45 22
45 85
45 96
45 81
45 61
45 27
45 99
45 13
45 67
45 44
45 23
45 78
45 42
45 28
45 72
45 12
45 31
45 14
45 77
45 6
45 7
45 17
45 19
45 26
45 30
45 32
45 49
45 52
45 55
45 63
45 71
45 83
45 97
45 79
45 59
45 10
45 48
45 36
45 20
45 2
45 38
45 80
45 94
45 51
45 4
45 9
45 41
45 98
45 93
45 62
45 16
45 76
45 82
45 50
45 11
45 5
45 88
45 43
45 92
45 15
45 90
45 87
45 53
45 35
45 37
45 25
45 40
45 89
45 68
45 33
45 95
45 86
45 84
45 100
45 69
45 24
45 70
45 46
45 34
45 21
46 78
46 67
46 30
46 3
46 33
46 19
46 85
46 95
46 32
46 96
46 53
46 48
46 75
46 49
46 72
46 28
46 27
46 65
46 57
46 94
46 47
46 34
46 64
46 58
46 45
46 62
46 12
46 81
46 61
46 55
46 13
46 73
46 52
46 25
46 20
46 26
46 43
46 54
46 59
46 86
46 17
46 97
46 79
46 91
46 10
46 36
46 2
46 42
46 99
46 38
46 80
46 51
46 14
46 4
46 7
46 9
46 41
46 93
46 77
46 66
46 16
46 76
46 82
46 50
46 11
46 5
46 22
46 88
46 44
46 60
46 92
46 15
46 90
46 87
46 35
46 37
46 8
46 40
46 89
46 31
46 68
46 63
46 84
46 100
46 74
46 1
46 69
46 24
46 70
46 39
46 21
47 65
47 80
47 37
47 72
47 81
47 70
47 86
47 75
47 83
47 52
47 71
47 3
47 61
47 27
47 23
47 18
47 56
47 55
47 19
47 21
47 29
47 58
47 49
47 74
47 64
47 67
47 95
47 57
47 85
47 89
47 26
47 28
47 38
47 17
47 78
47 97
47 79
47 59
47 91
47 10
47 48
47 36
47 20
47 2
47 42
47 99
47 94
47 51
47 14
47 4
47 7
47 9
47 41
47 98
47 93
47 62
47 77
47 66
47 16
47 82
47 50
47 11
47 5
47 22
47 88
47 44
47 60
47 43
47 92
47 15
47 90
47 87
47 53
47 35
47 25
47 8
47 40
47 31
47 68
47 63
47 84
47 54
47 100
47 1
47 69
47 30
47 24
47 39
47 46
47 34
48 57
48 92
48 83
48 3
48 61
48 81
48 40
48 100
48 14
48 98
48 62
48 36
48 55
48 2
48 13
48 72
48 39
48 22
48 1
48 26
48 38
48 64
48 53
48 6
48 68
48 95
48 42
48 9
48 7
48 19
48 51
48 31
48 93
48 25
48 90
48 89
48 32
48 85
48 16
48 24
48 21
48 43
48 73
48 27
48 45
48 56
48 76
48 23
48 5
48 69
48 77
48 29
48 88
48 12
48 75
48 44
48 70
48 65
48 47
48 33
48 11
48 34
48 66
48 18
48 37
48 82
48 50
48 60
48 4
48 67
48 84
48 41
48 28
48 30
48 52
48 63
48 71
48 17
48 78
48 97
48 79
48 59
48 91
48 10
48 20
48 99
48 80
48 35
48 8
48 74
48 46
48 86
48 58
49 45
49 20
49 6
49 58
49 31
49 75
49 25
49 14
49 18
49 19
49 36
49 54
49 56
49 63
49 66
49 73
49 76
49 81
49 90
49 93
49 94
49 98
49 17
49 78
49 97
49 79
49 59
49 91
49 10
49 2
49 42
49 99
49 38
49 80
49 51
49 4
49 7
49 9
49 62
49 77
49 16
49 82
49 50
49 11
49 5
49 88
49 44
49 60
49 43
49 92
49 15
49 87
49 35
49 8
49 40
49 68
49 33
49 95
49 86
49 84
49 74
49 32
49 46
49 34
49 47
49 21
50 72
50 97
50 61
50 76
50 90
50 57
50 39
50 25
50 37
50 30
50 35
50 58
50 87
50 67
50 14
50 21
50 75
50 52
50 73
50 8
50 92
50 45
50 31
50 63
50 84
50 74
50 49
50 6
50 60
50 65
50 11
50 56
50 3
50 43
50 88
50 66
50 33
50 46
50 68
50 18
50 44
50 47
50 70
50 24
50 28
50 64
50 23
50 69
50 34
50 5
50 81
50 1
50 22
50 71
50 19
50 85
50 29
50 54
50 12
50 32
50 55
50 80
50 89
50 95
50 17
50 78
50 79
50 59
50 91
50 10
50 48
50 36
50 20
50 2
50 42
50 99
50 38
50 94
50 51
50 4
50 7
50 9
50 41
50 26
50 98
50 93
50 62
50 77
50 16
50 82
50 15
50 53
50 40
50 86
50 100
51 25
51 74
51 97
51 59
51 87
51 90
51 42
51 27
51 34
51 92
51 5
51 12
51 69
51 81
51 37
51 73
51 60
51 61
51 44
51 96
51 98
51 15
51 56
51 6
51 82
51 14
51 50
51 39
51 33
51 57
51 67
51 52
51 85
51 70
51 45
51 19
51 31
51 77
51 46
51 72
51 41
51 35
51 75
51 95
51 32
51 68
51 22
51 86
51 30
51 84
51 54
51 13
51 66
51 4
51 8
51 71
51 7
51 47
51 63
51 9
51 28
51 93
51 11
51 76
51 49
51 1
51 43
51 16
51 88
51 21
51 40
51 64
51 29
51 58
51 89
51 100
51 17
51 78
51 79
51 91
51 10
51 48
51 36
51 20
51 2
51 99
51 38
51 80
51 94
51 26
51 62
51 24
52 48
52 76
52 84
52 7
52 94
52 45
52 86
52 72
52 3
52 6
52 9
52 39
52 54
52 56
52 65
52 79
52 100
52 17
52 78
52 97
52 59
52 91
52 10
52 36
52 20
52 2
52 42
52 99
52 38
52 80
52 51
52 4
52 41
52 26
52 98
52 93
52 62
52 77
52 66
52 16
52 82
52 50
52 11
52 5
52 22
52 88
52 44
52 60
52 92
52 15
52 87
52 53
52 37
52 25
52 8
52 40
52 89
52 31
52 68
52 33
52 95
52 63
52 74
52 32
52 1
52 69
52 30
52 24
52 70
52 46
52 34
52 47
52 21
52 58
53 84
53 23
53 16
53 40
53 25
53 70
53 68
53 55
53 18
53 28
53 75
53 60
53 34
53 37
53 35
53 45
53 13
53 57
53 96
53 6
53 47
53 21
53 39
53 15
53 73
53 93
53 19
53 56
53 100
53 30
53 31
53 89
53 86
53 58
53 69
53 88
53 83
53 71
53 32
53 63
53 3
53 24
53 61
53 67
53 72
53 64
53 50
53 85
53 52
53 79
53 33
53 54
53 65
53 90
53 1
53 12
53 26
53 29
53 77
53 99
53 17
53 78
53 97
53 59
53 91
53 10
53 48
53 36
53 20
53 2
53 42
53 38
53 80
53 94
53 14
53 4
53 7
53 9
53 41
53 98
53 66
53 76
53 82
53 11
53 5
53 22
53 44
53 43
53 92
53 87
53 8
53 74
53 46
53 95
54 71
54 93
54 52
54 28
54 14
54 46
54 88
54 49
54 79
54 3
54 19
54 16
54 34
54 13
54 9
54 81
54 85
54 75
54 65
54 61
54 47
54 83
54 98
54 35
54 38
54 100
54 89
54 58
54 73
54 6
54 24
54 56
54 39
54 97
54 23
54 32
54 64
54 96
54 29
54 67
54 17
54 55
54 18
54 26
54 45
54 57
54 66
54 70
54 95
54 78
54 59
54 91
54 10
54 36
54 2
54 42
54 99
54 80
54 94
54 51
54 4
54 7
54 41
54 62
54 77
54 76
54 82
54 50
54 22
54 44
54 60
54 43
54 92
54 15
54 90
54 87
54 53
54 37
54 25
54 8
54 40
54 31
54 68
54 33
54 86
54 63
54 84
54 1
54 69
54 30
55 64
55 85
55 37
55 69
55 45
55 1
55 39
55 79
55 32
55 65
55 9
55 50
55 12
55 13
55 4
55 20
55 24
55 30
55 81
55 94
55 100
55 17
55 78
55 97
55 59
55 10
55 48
55 36
55 2
55 42
55 99
55 80
55 14
55 7
55 41
55 26
55 98
55 93
55 77
55 66
55 16
55 76
55 82
55 11
55 5
55 22
55 44
55 60
55 43
55 92
55 15
55 90
55 87
55 53
55 35
55 25
55 8
55 89
55 31
55 68
55 95
55 63
55 84
55 74
55 70
55 46
55 34
55 47
55 21
55 58
55 54
56 12
56 91
56 49
56 14
56 58
56 20
56 52
56 7
56 16
56 33
56 35
56 36
56 42
56 44
56 64
56 65
56 95
56 17
56 78
56 10
56 48
56 99
56 38
56 80
56 51
56 4
56 9
56 41
56 26
56 98
56 93
56 62
56 77
56 66
56 76
56 82
56 50
56 11
56 5
56 88
56 60
56 43
56 92
56 15
56 87
56 53
56 25
56 8
56 89
56 31
56 68
56 84
56 54
56 100
56 74
56 32
56 1
56 69
56 30
56 24
56 70
56 86
56 34
56 47
56 21
56 81
56 85
57 1
57 92
57 17
57 54
57 96
57 93
57 20
57 59
57 94
57 98
57 9
57 39
57 22
57 80
57 8
57 3
57 7
57 26
57 30
57 33
57 48
57 50
57 64
57 69
57 82
57 90
57 100
57 78
57 97
57 79
57 91
57 10
57 36
57 2
57 42
57 99
57 38
57 51
57 14
57 4
57 41
57 62
57 77
57 66
57 76
57 5
57 88
57 44
57 60
57 43
57 87
57 53
57 35
57 25
57 40
57 31
57 95
57 86
57 63
57 74
57 32
57 24
57 70
57 46
57 34
57 47
57 21
57 58
57 81
57 85
58 40
58 95
58 9
58 15
58 74
58 51
58 41
58 38
58 30
58 44
58 13
58 75
58 61
58 12
58 27
58 52
58 28
58 55
58 64
58 92
58 31
58 18
58 57
58 48
58 35
58 96
58 42
58 85
58 83
58 81
58 65
58 23
58 6
58 10
58 33
58 36
58 49
58 56
58 98
58 17
58 78
58 97
58 79
58 59
58 91
58 20
58 2
58 99
58 80
58 94
58 14
58 4
58 7
58 26
58 93
58 62
58 77
58 66
58 16
58 76
58 82
58 50
58 11
58 5
58 22
58 88
58 43
58 90
58 87
58 53
58 37
58 25
58 8
58 89
58 68
58 86
58 63
58 84
58 54
58 100
58 32
58 1
58 69
58 24
58 70
58 39
58 46
58 34
58 47
58 21
59 27
59 70
59 17
59 65
59 69
59 46
59 89
59 31
59 15
59 44
59 50
59 84
59 91
59 47
59 81
59 6
59 29
59 20
59 64
59 26
59 97
59 98
59 10
59 87
59 95
59 5
59 32
59 45
59 92
59 8
59 12
59 80
59 100
59 63
59 28
59 33
59 35
59 21
59 37
59 42
59 85
59 58
59 24
59 66
59 60
59 72
59 53
59 73
59 16
59 67
59 54
59 25
59 55
59 96
59 75
59 62
59 43
59 88
59 22
59 99
59 23
59 7
59 30
59 4
59 49
59 94
59 3
59 36
59 14
59 76
59 48
59 40
59 61
59 83
59 9
59 13
59 93
59 11
59 52
59 71
59 34
59 2
59 18
59 51
59 57
59 90
59 78
59 79
59 38
59 41
59 82
59 74
59 39
60 85
60 82
60 20
60 41
60 96
60 40
60 83
60 23
60 34
60 39
60 46
60 66
60 12
60 70
60 8
60 29
60 54
60 75
60 55
60 87
60 72
60 90
60 30
60 56
60 52
60 25
60 49
60 33
60 28
60 38
60 18
60 3
60 64
60 81
60 65
60 84
60 43
60 1
60 47
60 21
60 57
60 68
60 6
60 89
60 100
60 22
60 24
60 86
60 69
60 32
60 35
60 15
60 67
60 9
60 63
60 27
60 73
60 45
60 71
60 17
60 97
60 79
60 59
60 91
60 10
60 48
60 36
60 2
60 99
60 80
60 94
60 51
60 14
60 4
60 7
60 26
60 93
60 62
60 77
60 16
60 76
60 50
60 11
60 5
60 44
60 92
60 53
60 37
60 31
60 95
61 10
61 7
61 40
61 35
61 80
61 23
61 88
61 1
61 90
61 22
61 41
61 39
61 11
61 4
61 29
61 37
61 44
61 48
61 50
61 66
61 72
61 82
61 17
61 78
61 97
61 79
61 59
61 91
61 36
61 20
61 42
61 99
61 38
61 51
61 14
61 9
61 26
61 98
61 93
61 62
61 77
61 16
61 76
61 5
61 92
61 15
61 87
61 53
61 25
61 8
61 89
61 31
61 68
61 33
61 95
61 86
61 63
61 84
61 54
61 100
61 74
61 32
61 69
61 30
61 24
61 70
61 46
61 47
61 21
61 58
61 81
61 85
61 45
62 39
62 87
62 71
62 9
62 94
62 69
62 10
62 26
62 85
62 18
62 5
62 15
62 68
62 44
62 35
62 64
62 45
62 19
62 58
62 54
62 29
62 24
62 89
62 13
62 61
62 56
62 31
62 12
62 95
62 76
62 30
62 70
62 86
62 52
62 25
62 90
62 66
62 49
62 40
62 34
62 33
62 72
62 88
62 32
62 8
62 28
62 92
62 3
62 51
62 82
62 77
62 47
62 73
62 99
62 78
62 23
62 83
62 43
62 22
62 67
62 57
62 60
62 50
62 96
62 81
62 37
62 1
62 14
62 16
62 20
62 100
62 17
62 97
62 79
62 59
62 91
62 48
62 36
62 2
62 42
62 38
62 80
62 4
62 7
62 41
62 98
62 93
62 11
62 63
62 84
62 74
62 46
62 21
63 12
63 11
63 99
63 17
63 4
63 45
63 37
63 71
63 3
63 27
63 49
63 96
63 48
63 83
63 30
63 8
63 57
63 61
63 21
63 65
63 98
63 13
63 47
63 1
63 64
63 74
63 52
63 54
63 19
63 62
63 58
63 34
63 42
63 20
63 40
63 55
63 81
63 28
63 75
63 70
63 24
63 87
63 67
63 46
63 69
63 85
63 23
63 25
63 29
63 32
63 84
63 92
63 93
63 100
63 97
63 79
63 59
63 91
63 10
63 36
63 2
63 38
63 80
63 94
63 51
63 14
63 7
63 9
63 41
63 26
63 77
63 16
63 76
63 82
63 50
63 5
63 88
63 44
63 60
63 43
63 15
63 90
63 53
63 35
63 89
63 31
63 68
63 33
63 95
63 86
64 77
64 21
64 10
64 35
64 57
64 74
64 100
64 56
64 6
64 75
64 7
64 12
64 14
64 18
64 42
64 55
64 93
64 95
64 78
64 97
64 79
64 59
64 91
64 48
64 36
64 20
64 2
64 99
64 38
64 80
64 94
64 51
64 4
64 9
64 41
64 26
64 98
64 62
64 66
64 16
64 76
64 82
64 50
64 11
64 22
64 44
64 60
64 43
64 92
64 15
64 87
64 53
64 37
64 25
64 8
64 40
64 89
64 31
64 68
64 33
64 86
64 63
64 84
64 54
64 32
64 1
64 30
64 24
64 70
64 39
64 46
64 34
64 47
64 58
64 85
65 52
65 25
65 24
65 56
65 16
65 40
65 41
65 45
65 47
65 55
65 59
65 83
65 84
65 17
65 78
65 79
65 91
65 10
65 48
65 36
65 20
65 99
65 38
65 80
65 94
65 14
65 4
65 7
65 9
65 26
65 98
65 93
65 77
65 76
65 82
65 50
65 11
65 22
65 88
65 60
65 43
65 92
65 15
65 90
65 87
65 53
65 35
65 37
65 8
65 31
65 68
65 33
65 95
65 63
65 54
65 74
65 32
65 69
65 70
65 39
65 46
65 21
65 58
65 81
65 85
66 87
66 24
66 49
66 85
66 89
66 6
66 54
66 71
66 27
66 7
66 92
66 2
66 61
66 57
66 29
66 86
66 11
66 82
66 46
66 12
66 55
66 69
66 32
66 22
66 76
66 100
66 30
66 58
66 39
66 25
66 52
66 35
66 88
66 3
66 33
66 80
66 90
66 19
66 1
66 37
66 70
66 40
66 5
66 4
66 41
66 68
66 21
66 72
66 81
66 83
66 34
66 47
66 64
66 96
66 53
66 8
66 18
66 67
66 75
66 56
66 15
66 10
66 28
66 44
66 45
66 95
66 17
66 78
66 97
66 79
66 59
66 91
66 48
66 36
66 20
66 42
66 99
66 94
66 51
66 14
66 9
66 98
66 93
66 62
66 77
66 50
66 60
66 43
66 31
66 84
67 10
67 2
67 18
67 20
67 32
67 38
67 46
67 71
67 86
67 88
67 92
67 93
67 99
67 100
67 17
67 78
67 97
67 79
67 59
67 91
67 48
67 36
67 42
67 80
67 94
67 51
67 14
67 4
67 7
67 41
67 26
67 98
67 62
67 77
67 66
67 16
67 76
67 82
67 50
67 11
67 5
67 22
67 44
67 60
67 43
67 90
67 87
67 53
67 35
67 37
67 8
67 40
67 89
67 31
67 68
67 33
67 95
67 63
67 84
67 74
67 1
67 69
67 30
67 24
67 70
67 39
67 34
67 47
67 21
67 81
67 54
67 85
67 45
68 93
68 76
68 12
68 89
68 28
68 85
68 45
68 86
68 61
68 70
68 32
68 98
68 75
68 46
68 52
68 34
68 58
68 73
68 65
68 39
68 54
68 69
68 18
68 1
68 95
68 100
68 29
68 55
68 6
68 47
68 63
68 23
68 31
68 74
68 33
68 56
68 83
68 21
68 72
68 30
68 49
68 3
68 27
68 64
68 67
68 10
68 19
68 20
68 24
68 81
68 84
68 94
68 17
68 78
68 97
68 79
68 91
68 48
68 36
68 2
68 99
68 38
68 80
68 51
68 4
68 7
68 41
68 26
68 62
68 66
68 16
68 82
68 50
68 11
68 5
68 22
68 88
68 44
68 60
68 43
68 92
68 15
68 90
68 87
68 53
68 35
68 37
68 25
68 8
68 40
68 42
69 3
69 88
69 15
69 71
69 90
69 38
69 43
69 57
69 10
69 100
69 45
69 96
69 29
69 82
69 24
69 30
69 56
69 6
69 28
69 52
69 12
69 65
69 61
69 58
69 75
69 18
69 23
69 70
69 72
69 32
69 46
69 47
69 98
69 27
69 19
69 54
69 67
69 13
69 7
69 35
69 41
69 55
69 59
69 62
69 73
69 92
69 17
69 78
69 97
69 79
69 91
69 48
69 36
69 20
69 2
69 42
69 99
69 80
69 94
69 51
69 14
69 4
69 9
69 26
69 93
69 77
69 66
69 16
69 50
69 11
69 5
69 22
69 44
69 60
69 87
69 53
69 37
69 25
69 8
69 40
69 89
69 31
69 68
69 33
69 95
69 86
69 63
69 84
69 74
69 1
69 39
69 34
69 21
70 54
70 96
70 3
70 99
70 92
70 28
70 7
70 86
70 55
70 74
70 61
70 58
70 18
70 56
70 97
70 71
70 52
70 85
70 32
70 6
70 72
70 64
70 81
70 5
70 57
70 83
70 91
70 46
70 29
70 45
70 23
70 19
70 65
70 67
70 75
70 39
70 100
70 27
70 94
70 17
70 20
70 24
70 36
70 47
70 59
70 79
70 82
70 98
70 78
70 10
70 48
70 2
70 42
70 38
70 80
70 51
70 14
70 4
70 9
70 41
70 93
70 62
70 77
70 66
70 76
70 50
70 11
70 22
70 88
70 60
70 43
70 15
70 87
70 53
70 35
70 37
70 25
70 8
70 40
70 89
70 31
70 68
70 33
70 95
70 63
70 84
70 1
70 69
70 30
70 21
71 1
71 45
71 98
71 48
71 67
71 96
71 5
71 60
71 91
71 74
71 8
71 20
71 23
71 26
71 32
71 42
71 54
71 62
71 63
71 66
71 69
71 75
71 87
71 88
71 92
71 95
71 100
71 17
71 97
71 59
71 10
71 36
71 2
71 99
71 38
71 80
71 94
71 51
71 14
71 4
71 9
71 41
71 93
71 16
71 82
71 50
71 11
71 43
71 15
71 90
71 53
71 37
71 25
71 40
71 89
71 31
71 33
71 86
71 84
71 30
71 24
71 70
71 39
71 34
71 47
71 21
71 81
71 85
72 61
72 43
72 100
72 4
72 26
72 84
72 15
72 42
72 47
72 50
72 52
72 73
72 78
72 97
72 79
72 59
72 91
72 10
72 48
72 20
72 2
72 99
72 38
72 80
72 94
72 51
72 14
72 7
72 9
72 41
72 98
72 93
72 62
72 77
72 66
72 16
72 76
72 5
72 22
72 88
72 44
72 60
72 92
72 90
72 87
72 53
72 37
72 25
72 8
72 40
72 89
72 31
72 68
72 33
72 95
72 74
72 32
72 1
72 69
72 24
72 70
72 39
72 46
72 86
72 21
72 81
72 85
72 45
73 19
73 69
73 33
73 7
73 80
73 94
73 98
73 31
73 92
73 49
73 10
73 72
73 1
73 12
73 22
73 26
73 27
73 29
73 36
73 81
73 85
73 86
73 88
73 78
73 97
73 79
73 59
73 91
73 48
73 20
73 2
73 42
73 99
73 38
73 51
73 4
73 9
73 41
73 93
73 62
73 77
73 16
73 76
73 82
73 50
73 11
73 5
73 44
73 60
73 43
73 15
73 90
73 87
73 53
73 35
73 25
73 8
73 40
73 89
73 68
73 84
73 54
73 100
73 74
73 32
73 24
73 46
73 95
73 21
74 43
74 4
74 99
74 26
74 39
74 52
74 61
74 49
74 32
74 29
74 69
74 81
74 56
74 67
74 65
74 3
74 6
74 57
74 73
74 62
74 24
74 19
74 28
74 53
74 96
74 20
74 1
74 18
74 85
74 23
74 72
74 12
74 46
74 55
74 48
74 30
74 27
74 75
74 5
74 87
74 100
74 13
74 88
74 98
74 42
74 59
74 83
74 9
74 34
74 45
74 51
74 58
74 64
74 71
74 17
74 78
74 97
74 79
74 10
74 36
74 2
74 38
74 80
74 94
74 14
74 41
74 93
74 77
74 16
74 76
74 82
74 50
74 11
74 22
74 44
74 15
74 90
74 35
74 37
74 25
74 8
74 40
74 89
74 31
74 68
74 33
74 86
74 63
74 84
74 70
74 95
74 47
74 21
75 71
75 98
75 3
75 96
75 15
75 20
75 27
75 34
75 45
75 49
75 64
75 81
75 86
75 89
75 90
75 17
75 78
75 97
75 79
75 59
75 91
75 10
75 48
75 36
75 2
75 42
75 99
75 38
75 80
75 94
75 51
75 14
75 4
75 9
75 93
75 77
75 66
75 16
75 76
75 82
75 50
75 11
75 5
75 22
75 88
75 60
75 87
75 53
75 35
75 37
75 25
75 8
75 40
75 68
75 33
75 95
75 63
75 84
75 54
75 100
75 74
75 32
75 1
75 69
75 30
75 24
75 70
75 39
75 46
75 47
75 58
75 21
75 85
76 1
76 3
76 5
76 34
76 78
76 96
76 49
76 30
76 92
76 91
76 64
76 56
76 24
76 73
76 95
76 72
76 63
76 29
76 25
76 28
76 74
76 70
76 84
76 58
76 60
76 89
76 40
76 88
76 35
76 37
76 90
76 27
76 54
76 75
76 57
76 53
76 44
76 33
76 46
76 6
76 65
76 45
76 83
76 81
76 15
76 100
76 8
76 19
76 39
76 86
76 13
76 61
76 55
76 82
76 11
76 22
76 10
76 18
76 67
76 4
76 12
76 23
76 31
76 50
76 52
76 68
76 94
76 17
76 97
76 79
76 59
76 48
76 20
76 2
76 42
76 99
76 80
76 51
76 14
76 7
76 9
76 41
76 26
76 98
76 93
76 62
76 77
76 66
76 16
76 43
76 87
76 21
76 85
77 89
77 78
77 10
77 79
77 53
77 5
77 11
77 14
77 44
77 87
77 96
77 57
77 19
77 58
77 37
77 33
77 13
77 66
77 23
77 65
77 24
77 69
77 29
77 15
77 49
77 63
77 46
77 22
77 34
77 67
77 52
77 81
77 1
77 54
77 84
77 12
77 75
77 30
77 18
77 76
77 3
77 38
77 56
77 28
77 100
77 6
77 21
77 82
77 50
77 43
77 31
77 47
77 72
77 25
77 39
77 90
77 32
77 86
77 70
77 60
77 61
77 55
77 74
77 73
77 20
77 26
77 27
77 35
77 40
77 64
77 83
77 85
77 88
77 99
77 17
77 97
77 48
77 36
77 2
77 42
77 80
77 94
77 51
77 4
77 7
77 9
77 41
77 98
77 93
77 62
77 16
77 92
77 8
77 95
77 45
78 88
78 15
78 66
78 33
78 39
78 30
78 23
78 86
78 75
78 98
78 22
78 97
78 68
78 4
78 56
78 64
78 7
78 96
78 47
78 11
78 41
78 61
78 14
78 26
78 35
78 50
78 59
78 36
78 1
78 43
78 72
78 10
78 58
78 94
78 87
78 5
78 90
78 12
78 3
78 67
78 83
78 9
78 34
78 51
78 99
78 91
78 93
78 16
78 6
78 80
78 19
78 32
78 18
78 69
78 2
78 81
78 31
78 49
78 73
78 65
78 57
78 52
78 55
78 21
78 79
78 74
78 70
78 92
78 48
78 54
78 24
78 53
78 8
78 95
78 85
78 20
78 37
78 38
78 13
78 25
78 28
78 44
78 46
78 76
78 77
78 82
78 100
78 17
78 62
78 40
78 89
78 84
78 45
79 10
79 100
79 22
79 5
79 52
79 34
79 70
79 29
79 17
79 35
79 31
79 92
79 82
79 14
79 73
79 9
79 12
79 91
79 60
79 44
79 2
79 67
79 99
79 72
79 88
79 7
79 75
79 81
79 58
79 40
79 39
79 28
79 11
79 69
79 59
79 66
79 43
79 4
79 93
79 57
79 24
79 42
79 16
79 87
79 47
79 62
79 65
79 19
79 41
79 95
79 33
79 18
79 61
79 20
79 89
79 94
79 48
79 74
79 36
79 6
79 25
79 3
79 63
79 13
79 51
79 15
79 86
79 98
79 96
79 49
79 83
79 23
79 8
79 1
79 68
79 45
79 30
79 21
79 32
79 50
79 80
79 46
79 64
79 76
79 55
79 77
79 85
79 78
79 97
79 38
79 26
79 53
79 37
79 84
79 54
80 50
80 83
80 10
80 13
80 28
80 98
80 87
80 54
80 12
80 29
80 23
80 9
80 32
80 84
80 69
80 19
80 60
80 75
80 25
80 15
80 63
80 6
80 14
80 65
80 92
80 4
80 31
80 74
80 52
80 90
80 22
80 48
80 53
80 39
80 56
80 89
80 71
80 35
80 1
80 33
80 62
80 94
80 5
80 76
80 91
80 100
80 44
80 70
80 55
80 68
80 37
80 67
80 11
80 93
80 34
80 77
80 81
80 46
80 58
80 64
80 45
80 51
80 72
80 49
80 85
80 7
80 43
80 88
80 95
80 16
80 18
80 8
80 26
80 40
80 47
80 57
80 61
80 73
80 96
80 97
80 17
80 78
80 79
80 59
80 36
80 20
80 2
80 42
80 99
80 38
80 41
80 66
80 82
80 86
80 30
80 24
81 90
81 15
81 87
81 85
81 49
81 73
81 96
81 32
81 55
81 75
81 5
81 34
81 13
81 68
81 43
81 38
81 28
81 67
81 27
81 72
81 18
81 83
81 61
81 99
81 23
81 3
81 95
81 65
81 56
81 71
81 57
81 19
81 24
81 84
81 6
81 20
81 30
81 31
81 37
81 47
81 48
81 17
81 78
81 97
81 79
81 59
81 91
81 10
81 36
81 2
81 80
81 94
81 51
81 14
81 4
81 7
81 9
81 41
81 26
81 98
81 93
81 62
81 77
81 66
81 16
81 76
81 50
81 11
81 22
81 88
81 44
81 60
81 35
81 25
81 42
81 8
81 40
81 89
81 33
81 86
81 63
81 54
81 100
81 74
81 1
81 70
81 39
81 46
81 21
81 58
81 45
82 19
82 100
82 91
82 57
82 78
82 10
82 61
82 70
82 23
82 86
82 49
82 65
82 80
82 74
82 43
82 56
82 15
82 96
82 58
82 42
82 68
82 87
82 13
82 34
82 29
82 21
82 54
82 47
82 52
82 45
82 73
82 93
82 1
82 75
82 46
82 33
82 83
82 59
82 50
82 67
82 64
82 89
82 53
82 44
82 6
82 55
82 84
82 88
82 71
82 28
82 35
82 39
82 85
82 12
82 37
82 63
82 24
82 8
82 22
82 25
82 18
82 40
82 4
82 26
82 27
82 30
82 36
82 60
82 90
82 95
82 17
82 97
82 79
82 48
82 20
82 2
82 99
82 38
82 94
82 51
82 14
82 9
82 41
82 98
82 62
82 77
82 66
82 16
82 76
82 11
82 5
82 31
82 69
83 94
83 45
83 65
83 77
83 29
83 16
83 31
83 33
83 43
83 48
83 60
83 80
83 97
83 98
83 78
83 79
83 59
83 91
83 10
83 36
83 20
83 2
83 99
83 38
83 14
83 4
83 7
83 9
83 41
83 26
83 62
83 66
83 76
83 82
83 11
83 5
83 22
83 88
83 44
83 92
83 15
83 90
83 53
83 35
83 25
83 40
83 89
83 68
83 95
83 63
83 54
83 100
83 32
83 1
83 30
83 74
83 70
83 39
83 34
83 86
83 47
83 58
83 81
84 44
84 40
84 63
84 32
84 65
84 94
84 43
84 15
84 68
84 2
84 87
84 27
84 49
84 56
84 96
84 61
84 62
84 73
84 79
84 39
84 1
84 30
84 66
84 69
84 8
84 45
84 71
84 28
84 13
84 74
84 3
84 23
84 70
84 54
84 36
84 24
84 6
84 75
84 85
84 55
84 46
84 92
84 58
84 67
84 64
84 78
84 47
84 10
84 34
84 52
84 53
84 72
84 93
84 95
84 97
84 100
84 17
84 59
84 91
84 48
84 20
84 42
84 99
84 38
84 80
84 51
84 14
84 4
84 7
84 9
84 41
84 26
84 98
84 77
84 16
84 76
84 82
84 50
84 11
84 5
84 22
84 88
84 60
84 90
84 37
84 25
84 89
84 31
84 33
84 86
84 21
84 81
85 79
85 73
85 3
85 96
85 91
85 87
85 77
85 5
85 26
85 56
85 33
85 12
85 72
85 67
85 18
85 29
85 75
85 64
85 99
85 57
85 6
85 19
85 65
85 71
85 61
85 28
85 76
85 30
85 7
85 8
85 16
85 20
85 25
85 34
85 45
85 55
85 60
85 66
85 81
85 94
85 17
85 78
85 97
85 59
85 48
85 36
85 2
85 42
85 38
85 80
85 51
85 14
85 4
85 9
85 41
85 98
85 93
85 62
85 82
85 50
85 11
85 22
85 44
85 43
85 92
85 15
85 90
85 53
85 35
85 37
85 40
85 89
85 31
85 68
85 95
85 63
85 84
85 54
85 100
85 74
85 32
85 1
85 24
85 70
85 39
85 46
85 86
85 47
85 21
85 58
86 75
86 35
86 9
86 73
86 92
86 67
86 46
86 71
86 64
86 95
86 24
86 50
86 30
86 96
86 23
86 74
86 29
86 61
86 7
86 18
86 21
86 45
86 49
86 12
86 42
86 34
86 13
86 41
86 81
86 54
86 63
86 58
86 44
86 6
86 3
86 91
86 31
86 84
86 28
86 33
86 14
86 19
86 69
86 57
86 80
86 27
86 32
86 72
86 48
86 56
86 85
86 93
86 99
86 83
86 8
86 20
86 47
86 52
86 17
86 78
86 97
86 79
86 2
86 38
86 94
86 51
86 4
86 26
86 98
86 62
86 77
86 66
86 16
86 76
86 82
86 11
86 5
86 88
86 60
86 43
86 15
86 90
86 87
86 53
86 25
86 40
86 89
86 68
86 70
86 39
87 71
87 29
87 12
87 56
87 25
87 34
87 65
87 86
87 89
87 73
87 18
87 27
87 43
87 61
87 31
87 67
87 70
87 49
87 68
87 8
87 69
87 64
87 28
87 54
87 95
87 57
87 58
87 21
87 47
87 19
87 76
87 72
87 16
87 53
87 55
87 75
87 33
87 46
87 52
87 3
87 45
87 35
87 1
87 6
87 24
87 37
87 44
87 51
87 62
87 66
87 81
87 85
87 96
87 17
87 78
87 97
87 79
87 59
87 91
87 10
87 36
87 2
87 42
87 99
87 38
87 80
87 94
87 14
87 4
87 7
87 41
87 26
87 98
87 93
87 77
87 82
87 50
87 11
87 5
87 22
87 88
87 60
87 92
87 15
87 90
87 40
87 63
87 84
87 100
87 32
87 74
87 39
87 30
88 95
88 20
88 12
88 21
88 67
88 13
88 93
88 77
88 71
88 41
88 73
88 40
88 6
88 96
88 37
88 86
88 46
88 68
88 100
88 35
88 52
88 15
88 57
88 8
88 56
88 65
88 92
88 83
88 49
88 63
88 87
88 30
88 72
88 70
88 34
88 81
88 75
88 47
88 89
88 27
88 58
88 90
88 24
88 33
88 84
88 19
88 43
88 39
88 1
88 45
88 3
88 25
88 29
88 32
88 42
88 54
88 61
88 69
88 78
88 94
88 17
88 97
88 79
88 59
88 91
88 10
88 48
88 36
88 2
88 99
88 38
88 80
88 51
88 14
88 4
88 7
88 9
88 26
88 98
88 62
88 66
88 16
88 76
88 82
88 50
88 11
88 5
88 22
88 44
88 53
88 31
88 74
89 98
89 51
89 24
89 93
89 50
89 75
89 96
89 32
89 83
89 84
89 71
89 69
89 45
89 61
89 33
89 63
89 67
89 56
89 95
89 58
89 78
89 52
89 74
89 30
89 46
89 81
89 28
89 100
89 6
89 34
89 73
89 64
89 55
89 10
89 39
89 31
89 8
89 85
89 29
89 86
89 12
89 23
89 72
89 27
89 70
89 1
89 3
89 38
89 59
89 66
89 68
89 77
89 17
89 97
89 79
89 91
89 48
89 36
89 20
89 2
89 42
89 99
89 80
89 94
89 14
89 4
89 7
89 9
89 41
89 26
89 62
89 16
89 76
89 82
89 11
89 5
89 22
89 88
89 44
89 60
89 43
89 92
89 15
89 90
89 87
89 53
89 35
89 37
89 25
89 40
89 54
89 47
89 21
90 49
90 16
90 59
90 57
90 82
90 75
90 95
90 38
90 1
90 86
90 58
90 74
90 63
90 31
90 39
90 54
90 96
90 84
90 23
90 28
90 40
90 34
90 89
90 12
90 4
90 21
90 32
90 47
90 73
90 45
90 46
90 85
90 68
90 65
90 6
90 100
90 55
90 72
90 67
90 19
90 71
90 24
90 33
90 87
90 29
90 83
90 8
90 37
90 3
90 13
90 15
90 27
90 30
90 44
90 50
90 61
90 69
90 81
90 99
90 17
90 78
90 97
90 91
90 10
90 48
90 36
90 20
90 2
90 42
90 80
90 94
90 51
90 14
90 7
90 9
90 41
90 26
90 98
90 93
90 62
90 77
90 66
90 76
90 11
90 5
90 22
90 88
90 60
90 43
90 92
90 53
90 35
90 25
91 13
91 30
91 98
91 94
91 61
91 37
91 18
91 53
91 7
91 95
91 54
91 47
91 99
91 11
91 69
91 75
91 19
91 90
91 84
91 33
91 58
91 64
91 28
91 72
91 96
91 83
91 4
91 100
91 57
91 88
91 42
91 40
91 81
91 60
91 27
91 67
91 73
91 1
91 24
91 21
91 35
91 46
91 92
91 52
91 65
91 87
91 32
91 26
91 68
91 34
91 89
91 5
91 41
91 2
91 66
91 49
91 6
91 38
91 63
91 9
91 62
91 51
91 48
91 12
91 31
91 36
91 20
91 29
91 50
91 44
91 39
91 23
91 8
91 10
91 14
91 16
91 25
91 45
91 56
91 71
91 76
91 82
91 85
91 93
91 17
91 78
91 97
91 79
91 59
91 80
91 22
91 43
91 15
91 86
91 70
92 63
92 67
92 34
92 71
92 69
92 23
92 30
92 49
92 46
92 60
92 100
92 35
92 83
92 72
92 9
92 12
92 37
92 64
92 90
92 4
92 18
92 2
92 54
92 13
92 77
92 33
92 61
92 68
92 89
92 56
92 53
92 87
92 65
92 8
92 29
92 85
92 55
92 96
92 45
92 52
92 40
92 24
92 47
92 28
92 6
92 1
92 3
92 19
92 25
92 32
92 41
92 48
92 57
92 66
92 70
92 73
92 76
92 86
92 95
92 17
92 78
92 97
92 79
92 59
92 91
92 10
92 36
92 20
92 42
92 38
92 80
92 94
92 51
92 14
92 7
92 26
92 98
92 93
92 62
92 16
92 50
92 11
92 5
92 22
92 88
92 43
92 15
92 31
92 84
92 58
93 18
93 67
93 63
93 19
93 91
93 35
93 49
93 96
93 84
93 64
93 70
93 81
93 65
93 47
93 45
93 90
93 52
93 77
93 85
93 60
93 74
93 72
93 44
93 69
93 13
93 1
93 11
93 73
93 6
93 50
93 92
93 61
93 40
93 46
93 39
93 8
93 56
93 27
93 21
93 15
93 87
93 66
93 62
93 22
93 76
93 75
93 99
93 23
93 55
93 34
93 33
93 100
93 43
93 71
93 3
93 58
93 28
93 95
93 5
93 12
93 31
93 32
93 54
93 57
93 68
93 88
93 89
93 17
93 78
93 97
93 79
93 59
93 10
93 48
93 36
93 20
93 2
93 42
93 38
93 80
93 94
93 51
93 14
93 4
93 7
93 9
93 41
93 26
93 98
93 82
93 53
93 37
93 25
93 30
93 24
93 86
94 88
94 68
94 49
94 85
94 55
94 76
94 86
94 3
94 47
94 67
94 64
94 31
94 51
94 34
94 5
94 7
94 74
94 12
94 43
94 87
94 69
94 75
94 4
94 10
94 66
94 72
94 28
94 71
94 13
94 16
94 25
94 54
94 9
94 82
94 89
94 98
94 37
94 58
94 15
94 41
94 92
94 50
94 20
94 30
94 45
94 39
94 22
94 81
94 40
94 11
94 29
94 77
94 8
94 65
94 60
94 90
94 32
94 23
94 63
94 21
94 53
94 100
94 93
94 96
94 44
94 14
94 17
94 26
94 27
94 33
94 35
94 52
94 57
94 62
94 73
94 83
94 84
94 91
94 95
94 78
94 97
94 79
94 59
94 36
94 2
94 42
94 99
94 38
94 80
94 1
94 24
94 46
94 70
95 66
95 56
95 64
95 21
95 94
95 6
95 84
95 92
95 54
95 42
95 71
95 82
95 50
95 52
95 67
95 96
95 18
95 85
95 5
95 20
95 49
95 69
95 65
95 83
95 55
95 1
95 19
95 30
95 77
95 28
95 75
95 63
95 23
95 24
95 32
95 57
95 72
95 61
95 45
95 100
95 39
95 70
95 12
95 16
95 74
95 13
95 60
95 73
95 53
95 29
95 58
95 88
95 90
95 78
95 97
95 79
95 59
95 91
95 10
95 48
95 36
95 99
95 38
95 80
95 51
95 14
95 41
95 26
95 93
95 62
95 76
95 11
95 22
95 44
95 43
95 15
95 87
95 35
95 37
95 25
95 8
95 40
95 89
95 31
95 68
95 33
95 86
95 46
95 47
95 81
96 18
96 44
96 16
96 21
96 80
96 3
96 7
96 31
96 2
96 28
96 87
96 4
96 6
96 8
96 17
96 20
96 35
96 38
96 57
96 60
96 63
96 70
96 71
96 75
96 76
96 81
96 85
96 93
96 78
96 97
96 79
96 59
96 91
96 10
96 36
96 42
96 94
96 51
96 14
96 9
96 41
96 62
96 77
96 66
96 82
96 11
96 5
96 22
96 88
96 43
96 92
96 15
96 90
96 53
96 37
96 25
96 89
96 33
96 95
96 86
96 84
96 74
96 32
96 1
96 69
96 54
96 39
96 46
96 34
96 58
96 45
97 15
97 80
97 83
97 40
97 84
97 76
97 9
97 47
97 100
97 6
97 90
97 1
97 64
97 99
97 67
97 88
97 19
97 92
97 95
97 30
97 86
97 96
97 8
97 25
97 35
97 75
97 77
97 85
97 39
97 57
97 36
97 49
97 33
97 58
97 45
97 81
97 66
97 23
97 53
97 44
97 42
97 43
97 2
97 89
97 32
97 28
97 61
97 22
97 71
97 31
97 26
97 46
97 79
97 73
97 41
97 4
97 60
97 93
97 48
97 13
97 94
97 21
97 69
97 10
97 20
97 7
97 74
97 18
97 82
97 5
97 62
97 87
97 52
97 72
97 91
97 63
97 38
97 34
97 16
97 3
97 27
97 55
97 29
97 68
97 14
97 17
97 50
97 51
97 78
97 59
97 98
97 11
97 37
97 54
97 70
98 58
98 83
98 25
98 70
98 49
98 3
98 86
98 39
98 13
98 52
98 22
98 47
98 8
98 87
98 12
98 11
98 97
98 33
98 62
98 28
98 55
98 23
98 64
98 82
98 20
98 81
98 40
98 93
98 19
98 32
98 61
98 66
98 24
98 5
98 21
98 27
98 100
98 67
98 50
98 76
98 72
98 29
98 90
98 88
98 77
98 34
98 18
98 38
98 45
98 56
98 6
98 37
98 16
98 4
98 53
98 65
98 44
98 35
98 85
98 84
98 30
98 92
98 1
98 15
98 57
98 71
98 73
98 75
98 80
98 89
98 91
98 17
98 78
98 79
98 59
98 10
98 48
98 36
98 2
98 42
98 99
98 94
98 51
98 14
98 7
98 9
98 41
98 26
98 43
98 68
98 63
98 54
98 69
98 74
99 4
99 53
99 67
99 77
99 90
99 39
99 7
99 52
99 54
99 18
99 83
99 1
99 55
99 88
99 76
99 64
99 11
99 41
99 22
99 31
99 87
99 47
99 82
99 57
99 38
99 8
99 25
99 30
99 80
99 46
99 6
99 50
99 51
99 35
99 3
99 23
99 66
99 72
99 28
99 48
99 44
99 84
99 95
99 49
99 94
99 26
99 89
99 27
99 16
99 37
99 40
99 12
99 34
99 24
99 71
99 60
99 68
99 65
99 75
99 43
99 19
99 5
99 14
99 29
99 98
99 61
99 73
99 13
99 21
99 56
99 58
99 69
99 9
99 32
99 63
99 70
99 74
99 100
99 17
99 78
99 97
99 79
99 59
99 91
99 10
99 36
99 20
99 2
99 42
99 93
99 62
99 15
99 86
99 81
99 85
99 45
100 9
100 55
100 84
100 2
100 99
100 5
100 62
100 63
100 32
100 3
100 51
100 16
100 44
100 78
100 71
100 57
100 67
100 52
100 14
100 25
100 83
100 1
100 39
100 6
100 45
100 28
100 85
100 29
100 27
100 21
100 50
100 58
100 75
100 56
100 47
100 46
100 34
100 81
100 13
100 19
100 73
100 61
100 24
100 23
100 87
100 10
100 18
100 41
100 64
100 69
100 72
100 79
100 82
100 17
100 97
100 59
100 91
100 48
100 36
100 20
100 38
100 80
100 94
100 4
100 7
100 98
100 93
100 77
100 66
100 76
100 11
100 22
100 88
100 60
100 43
100 92
100 15
100 90
100 53
100 35
100 37
100 8
100 40
100 89
100 31
100 68
100 33
100 95
100 54
100 74
100 30
100 70
