1 869
2 902
3 102
3 316
3 445
5 381
5 427
5 913
5 570
5 80
6 210
7 485
7 971
7 65
7 677
7 777
7 243
7 986
7 247
7 877
7 11
7 977
7 875
7 791
7 320
7 306
8 355
8 431
9 405
9 474
10 614
10 823
11 279
11 375
11 7
11 827
13 471
13 428
14 341
14 561
14 692
15 178
16 214
16 301
16 68
16 450
16 402
16 80
16 989
17 944
18 199
19 762
19 917
20 768
21 538
21 252
21 336
22 926
23 487
23 411
23 143
23 925
24 713
24 750
24 714
24 709
24 583
24 353
24 825
24 687
25 606
25 926
26 143
27 514
27 353
27 925
28 880
29 959
29 154
29 810
30 322
30 252
30 724
30 311
30 323
32 386
32 128
32 566
32 175
32 867
32 279
32 271
32 219
32 606
32 687
33 372
33 375
33 471
33 599
34 360
34 945
35 713
35 167
36 919
37 154
37 768
38 834
38 158
38 445
39 177
40 409
40 503
40 66
40 74
40 102
40 324
40 905
40 110
40 469
40 701
40 139
40 87
40 801
40 848
40 323
41 827
41 44
42 495
43 441
44 135
44 41
44 757
44 453
44 374
44 593
44 603
44 708
44 913
44 945
45 315
45 259
45 358
45 175
45 217
45 302
45 429
45 67
45 366
45 97
45 665
45 441
45 336
49 471
49 711
49 202
50 949
50 316
50 859
51 137
52 632
52 84
52 80
53 538
53 154
53 407
54 761
54 859
54 917
55 491
56 803
56 467
56 733
56 197
56 164
56 811
56 918
56 862
56 95
56 676
56 547
56 900
57 391
57 592
57 153
57 883
57 989
58 202
59 586
59 322
59 450
60 559
60 689
60 268
60 349
60 386
60 849
60 531
60 102
60 519
60 189
61 762
61 692
62 102
62 736
62 632
62 869
63 136
63 450
63 883
63 673
64 962
64 736
64 415
64 604
65 969
65 7
66 544
66 521
66 40
67 45
67 351
67 797
67 174
68 16
68 231
68 772
69 808
70 200
70 353
72 762
72 174
73 762
74 637
74 524
74 922
74 40
75 834
75 687
76 444
76 98
76 536
76 529
76 628
76 475
76 832
76 774
76 250
76 899
76 88
77 983
77 917
78 834
78 847
79 834
79 93
79 983
80 399
80 507
80 152
80 52
80 756
80 354
80 831
80 16
80 550
80 5
80 740
80 751
80 490
80 846
81 226
81 869
82 841
84 354
84 120
84 52
84 225
84 609
84 496
84 280
84 816
86 323
86 495
87 841
87 353
87 40
87 823
88 480
88 76
88 934
88 910
88 848
88 549
88 426
88 878
88 991
88 135
89 480
89 724
89 371
89 178
90 955
90 167
91 284
92 186
92 300
92 121
92 480
92 337
92 637
92 521
92 996
92 806
92 597
92 783
92 758
92 959
92 472
93 302
93 186
93 200
93 79
93 878
93 199
94 490
94 650
94 262
94 551
94 574
94 108
95 395
95 488
95 774
95 766
95 219
95 586
95 172
95 56
96 652
97 491
97 316
97 45
98 213
98 828
98 125
98 76
98 524
98 431
99 432
99 431
99 917
100 652
101 992
101 808
102 62
102 565
102 433
102 295
102 3
102 271
102 310
102 149
102 60
102 40
102 137
102 563
104 774
104 415
105 237
105 296
105 224
105 195
105 324
105 750
105 745
106 978
106 351
106 986
106 864
106 852
106 929
106 706
106 907
106 857
107 762
107 810
108 94
109 992
110 753
110 990
110 40
112 204
114 487
115 118
115 692
115 798
116 829
116 687
116 699
116 890
117 176
117 564
117 788
117 711
118 588
118 521
118 547
118 127
118 245
118 872
118 161
118 115
118 306
118 919
118 303
119 701
119 604
120 263
120 487
120 334
120 419
120 820
120 892
120 755
120 137
120 687
120 84
120 604
121 92
121 955
122 405
123 762
124 823
125 98
125 316
126 666
127 720
127 381
127 857
127 665
127 545
127 756
127 118
127 825
128 32
128 362
129 820
129 712
129 764
131 950
131 584
132 246
132 262
132 687
133 760
133 514
135 44
135 88
136 842
136 63
136 153
137 409
137 871
137 955
137 51
137 909
137 102
137 316
137 165
137 833
137 120
137 167
138 893
139 329
139 893
139 143
139 1000
139 40
139 768
140 268
140 316
140 711
141 373
142 701
142 250
143 666
143 897
143 314
143 704
143 963
143 26
143 904
143 139
143 881
143 187
143 23
143 484
143 619
143 512
143 561
144 827
146 711
146 373
146 829
147 353
147 250
147 373
148 521
148 336
149 308
149 102
149 536
149 463
149 711
151 250
151 797
152 80
153 777
153 136
153 741
153 976
153 534
153 57
154 37
154 871
154 304
154 29
154 772
154 53
154 934
154 688
155 808
156 922
156 210
157 679
158 792
158 38
158 955
158 288
158 395
158 390
158 161
158 940
158 325
158 945
159 415
159 432
160 350
160 917
161 252
161 118
161 158
161 711
162 981
162 913
162 499
162 705
162 622
163 355
163 1000
163 869
163 174
164 56
164 218
164 859
164 917
165 902
165 841
165 353
165 137
165 797
166 250
166 919
167 315
167 137
167 90
167 192
167 35
167 456
167 905
167 803
168 762
168 692
169 899
170 925
170 315
170 624
170 825
170 841
170 621
170 820
170 554
170 715
170 750
170 958
170 942
171 268
171 231
171 652
172 95
172 711
172 210
173 202
173 204
174 335
174 910
174 255
174 235
174 949
174 492
174 163
174 67
174 869
174 72
174 653
174 711
174 610
174 443
175 32
175 45
176 117
176 604
177 935
177 689
177 774
177 778
177 357
177 487
177 39
177 308
177 860
178 446
178 635
178 373
178 465
178 586
178 394
178 254
178 752
178 89
178 403
178 291
178 15
179 820
180 431
180 604
180 945
181 983
182 471
182 411
182 919
183 737
183 534
183 983
185 820
186 92
186 93
186 892
187 341
187 143
188 945
188 204
188 220
189 600
189 716
189 481
189 599
189 512
189 425
189 856
189 933
189 713
189 332
189 60
189 808
191 252
192 167
192 692
193 764
194 199
195 105
196 893
197 56
199 994
199 194
199 412
199 432
199 752
199 574
199 515
199 766
199 18
199 93
199 986
200 70
200 321
200 928
200 93
200 606
201 899
201 890
202 58
202 469
202 173
202 761
202 235
202 721
202 232
202 49
202 990
202 847
202 504
202 347
202 718
202 363
202 795
202 354
202 586
203 692
204 660
204 527
204 504
204 627
204 724
204 987
204 729
204 112
204 844
204 487
204 188
204 565
204 431
204 949
204 761
204 341
204 938
204 173
204 528
204 500
206 565
207 848
208 341
208 825
210 6
210 211
210 709
210 883
210 516
210 629
210 786
210 462
210 770
210 264
210 286
210 466
210 172
210 156
210 404
210 692
211 210
212 375
212 445
212 823
213 98
214 16
214 316
215 252
216 733
216 990
216 808
217 280
217 362
217 45
217 917
218 649
218 164
218 410
218 368
218 501
219 253
219 272
219 95
219 32
219 323
220 660
220 254
220 686
220 351
220 951
220 697
220 389
220 717
220 887
220 996
220 188
220 616
220 786
220 950
221 893
221 711
222 303
223 643
223 922
224 252
224 105
225 361
225 755
225 687
225 84
225 402
225 495
226 773
226 326
226 979
226 324
226 834
226 380
226 81
226 340
226 482
226 445
226 646
226 926
227 483
227 540
227 555
227 521
227 461
227 854
228 762
229 311
229 772
229 945
230 311
230 925
230 883
231 258
231 885
231 171
231 68
231 558
231 408
231 676
231 664
231 887
231 810
232 510
232 441
232 202
233 311
234 570
234 955
235 961
235 202
235 174
237 492
237 105
239 905
239 438
239 582
239 269
239 508
239 568
239 296
239 918
239 465
239 262
239 797
240 837
241 662
242 279
242 353
242 472
243 7
244 724
245 118
246 132
246 820
247 7
248 583
248 467
248 983
249 598
249 827
250 807
250 151
250 147
250 528
250 536
250 395
250 610
250 76
250 800
250 166
250 959
250 413
250 142
250 1000
250 730
251 492
252 314
252 292
252 598
252 224
252 161
252 215
252 30
252 642
252 398
252 541
252 556
252 669
252 21
252 191
252 663
252 657
253 219
253 450
254 561
254 220
254 178
255 599
255 795
255 174
256 991
257 724
257 353
257 407
258 329
258 231
258 415
259 925
259 45
260 385
261 632
262 132
262 94
262 330
262 606
262 239
262 371
263 941
263 293
263 782
263 616
263 572
263 305
263 120
263 472
264 713
264 210
266 430
266 690
266 385
266 432
267 736
268 171
268 140
268 872
268 423
268 60
268 926
269 239
270 760
270 405
271 102
271 32
272 716
272 219
272 620
272 996
272 290
273 530
273 880
273 917
276 949
276 530
277 441
277 880
279 912
279 505
279 11
279 403
279 242
279 358
279 32
279 989
280 587
280 364
280 650
280 857
280 217
280 516
280 405
280 411
280 955
280 84
281 666
281 316
282 797
283 880
284 775
284 91
284 777
284 501
284 471
284 966
284 794
285 303
286 902
286 760
286 210
287 699
287 808
288 158
289 945
290 272
290 786
290 772
290 823
291 178
292 252
293 263
294 404
295 102
295 772
296 756
296 955
296 105
296 239
296 837
298 841
300 92
301 16
301 922
301 646
302 93
302 355
302 825
302 45
303 222
303 459
303 380
303 285
303 844
303 348
303 118
303 417
304 562
304 154
305 263
305 373
305 859
306 388
306 7
306 118
306 905
306 975
308 149
308 177
308 829
310 760
310 102
310 341
311 229
311 233
311 997
311 30
311 230
311 625
311 786
311 755
311 704
311 919
313 786
313 887
313 926
314 252
314 143
315 167
315 45
315 170
316 734
316 125
316 50
316 465
316 281
316 140
316 839
316 754
316 214
316 97
316 3
316 137
316 687
317 411
318 372
318 619
319 524
319 999
319 893
319 892
319 847
320 574
320 515
320 330
320 717
320 7
320 467
320 892
320 823
321 200
321 992
322 419
322 597
322 838
322 30
322 59
322 357
322 530
322 825
322 795
323 86
323 500
323 684
323 556
323 30
323 40
323 541
323 714
323 844
323 219
323 859
324 965
324 652
324 40
324 226
324 105
325 909
325 158
325 983
326 226
326 730
327 712
329 433
329 139
329 736
329 594
329 258
329 406
329 955
329 692
330 585
330 377
330 320
330 367
330 262
330 852
330 779
330 677
330 829
331 404
332 189
334 120
335 174
336 446
336 45
336 21
336 925
336 566
336 930
336 859
336 148
336 399
336 478
336 439
336 748
336 828
337 92
337 1000
337 992
338 902
338 405
338 718
338 402
338 823
340 226
340 599
340 472
341 453
341 719
341 208
341 310
341 746
341 14
341 636
341 187
341 644
341 204
342 474
343 405
343 471
343 450
344 367
344 585
345 834
347 902
347 760
347 786
347 375
347 959
347 202
348 457
348 959
348 562
348 303
349 60
349 922
349 887
350 160
350 820
351 678
351 67
351 478
351 409
351 612
351 106
351 220
352 771
352 450
352 385
353 953
353 525
353 147
353 27
353 933
353 165
353 257
353 70
353 548
353 997
353 87
353 242
353 834
353 24
353 514
354 84
354 373
354 402
354 80
354 202
355 302
355 954
355 8
355 567
355 163
355 666
355 390
355 964
355 750
357 539
357 920
357 728
357 835
357 997
357 433
357 322
357 969
357 177
357 917
358 279
358 825
358 45
360 363
360 34
360 732
360 844
360 548
360 598
361 225
361 880
362 528
362 709
362 647
362 128
362 828
362 217
362 971
362 467
362 561
363 360
363 202
363 798
364 280
364 711
365 829
366 45
367 344
367 330
367 432
368 737
368 218
369 630
369 883
370 604
371 399
371 376
371 561
371 89
371 587
371 262
371 505
372 318
372 33
372 739
372 721
372 854
372 424
372 467
372 711
373 146
373 515
373 354
373 814
373 536
373 901
373 844
373 451
373 141
373 396
373 305
373 674
373 147
373 178
374 44
375 212
375 433
375 347
375 939
375 754
375 501
375 852
375 11
375 33
375 967
375 925
376 371
377 330
377 869
377 926
377 407
380 736
380 226
380 472
380 303
381 5
381 127
383 713
385 266
385 352
385 664
385 260
385 590
386 827
386 32
386 60
386 797
387 510
388 306
389 598
389 220
390 355
390 158
391 724
391 57
391 673
392 990
392 445
393 887
394 415
394 919
394 178
395 95
395 250
395 158
396 373
397 949
397 797
398 252
398 959
398 562
399 371
399 80
399 336
400 630
401 826
402 409
402 16
402 354
402 668
402 225
402 338
402 790
403 977
403 655
403 598
403 279
403 604
403 178
404 895
404 511
404 294
404 425
404 996
404 210
404 592
404 422
404 331
404 405
405 845
405 912
405 280
405 835
405 122
405 9
405 338
405 921
405 744
405 669
405 343
405 270
405 709
405 434
405 404
406 329
406 990
407 446
407 377
407 969
407 257
407 843
407 53
407 649
407 468
407 752
407 829
408 231
408 959
408 772
409 772
409 432
409 40
409 1000
409 402
409 137
409 351
410 218
411 750
411 280
411 23
411 436
411 641
411 182
411 317
411 878
411 415
411 432
411 899
412 614
412 199
413 250
414 959
415 625
415 419
415 258
415 104
415 411
415 512
415 394
415 924
415 464
415 159
415 728
415 641
415 635
415 64
415 687
417 303
418 999
418 768
419 322
419 940
419 415
419 120
420 992
421 687
422 772
422 404
423 268
423 858
423 909
424 372
424 875
425 701
425 892
425 404
425 189
426 88
427 5
427 829
428 656
428 795
428 992
428 989
428 853
428 13
428 610
428 482
428 434
429 712
429 45
430 266
431 763
431 99
431 975
431 98
431 875
431 865
431 586
431 8
431 556
431 956
431 180
431 740
431 605
431 782
431 204
432 409
432 558
432 99
432 266
432 367
432 411
432 518
432 635
432 935
432 640
432 159
432 199
433 357
433 102
433 329
433 375
433 859
434 405
434 428
435 902
435 841
436 411
437 909
438 239
439 336
441 763
441 43
441 504
441 45
441 675
441 232
441 997
441 277
441 753
441 877
442 487
442 562
443 902
443 940
443 797
443 174
444 76
445 392
445 869
445 212
445 566
445 3
445 806
445 733
445 226
445 526
445 38
446 407
446 336
446 890
446 178
447 837
448 688
449 1000
450 848
450 691
450 352
450 670
450 343
450 63
450 253
450 500
450 59
450 16
450 531
450 699
450 823
451 373
452 820
453 341
453 44
455 764
456 167
457 629
457 348
457 745
457 508
459 303
460 954
461 227
461 646
462 999
462 210
463 149
463 859
464 415
464 699
465 760
465 316
465 239
465 621
465 178
466 902
466 210
467 320
467 618
467 793
467 756
467 248
467 372
467 689
467 526
467 954
467 856
467 362
467 56
468 407
469 40
469 202
471 182
471 777
471 793
471 786
471 49
471 13
471 533
471 586
471 33
471 343
471 474
471 284
472 927
472 570
472 263
472 689
472 380
472 514
472 617
472 92
472 242
472 340
473 656
474 862
474 9
474 539
474 342
474 482
474 471
474 759
474 989
475 76
476 521
476 514
476 606
477 606
477 491
477 772
478 869
478 351
478 336
479 822
480 766
480 784
480 89
480 92
480 688
480 810
480 88
481 990
481 699
481 189
482 940
482 474
482 226
482 428
483 227
483 990
484 143
484 922
484 492
484 917
485 7
487 114
487 774
487 23
487 442
487 177
487 120
487 204
488 95
490 94
490 80
491 788
491 575
491 97
491 551
491 897
491 477
491 55
492 237
492 668
492 251
492 691
492 484
492 510
492 799
492 174
495 86
495 754
495 225
495 735
495 898
495 540
495 42
495 926
495 768
496 84
496 890
498 893
498 772
499 635
499 162
500 538
500 450
500 323
500 204
501 375
501 284
501 621
501 218
502 632
502 909
503 999
503 40
504 441
504 202
504 204
505 279
505 371
505 823
507 621
507 80
507 945
508 457
508 239
509 660
510 816
510 972
510 853
510 518
510 232
510 544
510 387
510 492
510 599
511 404
512 415
512 143
512 859
512 189
514 680
514 476
514 133
514 27
514 353
514 837
514 472
515 320
515 373
515 199
516 729
516 280
516 210
518 510
518 432
519 60
520 772
521 148
521 476
521 66
521 92
521 227
521 118
521 730
523 563
524 319
524 74
524 939
524 98
524 712
524 697
524 711
525 353
525 1000
525 925
525 919
526 630
526 467
526 445
527 204
528 362
528 250
528 204
529 733
529 76
529 599
530 273
530 322
530 943
530 541
530 276
530 565
530 711
531 60
531 990
531 450
531 890
532 621
533 471
533 599
534 594
534 183
534 153
534 827
536 76
536 149
536 250
536 373
537 991
537 606
538 21
538 500
538 751
538 53
539 357
539 474
539 883
540 227
540 495
541 940
541 252
541 530
541 323
543 892
543 604
544 816
544 66
544 510
544 786
544 774
545 127
547 118
547 56
548 954
548 360
548 353
549 724
549 88
550 922
550 80
551 94
551 491
552 919
553 954
554 730
554 170
555 570
555 227
556 252
556 323
556 431
557 764
558 231
558 432
559 60
559 826
560 890
561 884
561 626
561 14
561 940
561 143
561 362
561 254
561 584
561 371
562 765
562 888
562 398
562 842
562 965
562 697
562 304
562 442
562 610
562 348
563 994
563 905
563 102
563 740
563 523
563 917
564 117
564 820
565 206
565 102
565 530
565 204
566 965
566 32
566 445
566 847
566 336
567 715
567 355
567 827
568 239
568 823
570 555
570 234
570 5
570 991
570 472
572 263
574 94
574 320
574 199
575 858
575 491
575 688
577 599
580 859
582 239
583 248
583 24
583 834
584 131
584 764
584 561
585 344
585 330
585 890
586 59
586 471
586 95
586 431
586 202
586 178
587 280
587 712
587 371
588 118
589 652
589 893
590 385
591 823
592 949
592 57
592 404
593 44
594 534
594 329
594 712
594 955
595 954
595 883
595 808
597 322
597 92
597 834
597 890
598 389
598 914
598 249
598 736
598 403
598 252
598 360
598 883
599 255
599 33
599 529
599 340
599 684
599 533
599 636
599 510
599 577
599 883
599 692
599 768
599 189
599 823
600 798
600 189
600 983
600 699
602 990
603 940
603 44
604 180
604 813
604 370
604 756
604 611
604 120
604 866
604 875
604 176
604 744
604 543
604 64
604 119
604 621
604 403
605 730
605 687
605 431
606 477
606 200
606 32
606 25
606 476
606 537
606 783
606 941
606 262
606 636
606 792
607 656
609 84
610 562
610 250
610 174
610 428
611 989
611 604
612 969
612 351
612 823
613 810
614 781
614 677
614 10
614 412
616 263
616 837
616 220
617 713
617 472
618 724
618 467
619 318
619 651
619 979
619 143
620 272
621 507
621 680
621 532
621 501
621 787
621 465
621 673
621 604
621 170
622 162
622 925
623 736
623 926
624 922
624 673
624 170
625 311
625 415
625 983
626 786
626 561
626 795
627 730
627 204
628 76
629 457
629 632
629 210
630 369
630 759
630 526
630 400
630 955
630 926
631 890
632 961
632 717
632 261
632 848
632 52
632 502
632 62
632 637
632 629
632 823
634 762
635 499
635 415
635 432
635 772
635 847
635 178
636 341
636 606
636 599
637 74
637 92
637 632
638 687
640 999
640 432
641 411
641 415
641 859
641 646
641 826
642 252
643 668
643 223
644 341
644 688
645 925
646 717
646 226
646 687
646 980
646 461
646 852
646 641
646 301
647 362
647 909
648 695
649 218
649 407
650 94
650 841
650 280
650 829
651 619
652 100
652 757
652 96
652 698
652 171
652 888
652 589
652 324
652 917
653 174
654 992
655 403
655 837
656 473
656 607
656 743
656 796
656 823
656 428
657 252
657 820
658 917
658 890
659 673
660 509
660 917
660 204
660 220
662 241
663 252
664 231
664 385
665 127
665 45
666 818
666 281
666 126
666 143
666 355
667 774
668 643
668 841
668 492
668 402
669 252
669 405
670 834
670 450
671 893
671 795
673 63
673 892
673 786
673 624
673 717
673 391
673 659
673 962
673 621
674 373
675 919
675 441
676 231
676 56
677 330
677 614
677 7
677 711
678 351
678 837
679 978
679 741
679 749
679 964
679 157
679 726
679 735
679 686
679 852
680 514
680 621
681 711
682 827
683 949
684 599
684 323
685 990
685 887
685 847
686 679
686 220
687 116
687 75
687 421
687 225
687 954
687 120
687 132
687 32
687 864
687 24
687 316
687 893
687 605
687 638
687 858
687 415
687 985
687 646
688 927
688 575
688 902
688 154
688 480
688 773
688 448
688 644
688 977
689 177
689 467
689 60
689 847
689 472
690 266
690 989
691 492
691 450
692 994
692 14
692 210
692 329
692 192
692 740
692 599
692 203
692 61
692 707
692 168
692 115
693 983
695 648
696 893
697 562
697 524
697 730
697 220
698 652
698 925
699 600
699 287
699 450
699 116
699 481
699 910
699 464
699 734
699 848
699 808
700 712
701 119
701 142
701 948
701 714
701 425
701 40
704 858
704 311
704 143
705 162
706 106
707 692
708 44
709 405
709 24
709 362
709 210
711 146
711 117
711 677
711 161
711 221
711 172
711 372
711 49
711 524
711 149
711 681
711 140
711 364
711 530
711 174
712 845
712 954
712 700
712 429
712 814
712 129
712 594
712 327
712 587
712 729
712 524
713 383
713 908
713 35
713 851
713 617
713 264
713 24
713 189
714 701
714 24
714 323
715 567
715 760
715 170
716 272
716 189
717 723
717 719
717 320
717 632
717 673
717 646
717 220
718 792
718 338
718 961
718 770
718 202
718 808
719 341
719 717
720 127
721 372
721 797
721 202
723 717
724 244
724 30
724 89
724 391
724 549
724 257
724 618
724 887
724 204
726 679
727 762
727 768
728 357
728 415
729 516
729 902
729 712
729 204
730 627
730 521
730 605
730 326
730 250
730 697
730 975
730 554
731 949
731 890
732 360
733 529
733 216
733 445
733 56
734 316
734 699
735 495
735 679
736 64
736 380
736 267
736 924
736 598
736 623
736 62
736 329
737 368
737 183
738 786
739 372
740 431
740 80
740 563
740 692
741 153
741 909
741 679
742 810
743 656
744 405
744 922
744 797
744 604
745 457
745 105
746 341
748 983
748 336
749 841
749 679
750 411
750 355
750 24
750 105
750 170
750 826
751 538
751 760
751 810
751 80
752 926
752 199
752 178
752 407
753 110
753 949
753 441
754 965
754 375
754 316
754 495
755 225
755 311
755 120
756 785
756 757
756 296
756 759
756 127
756 953
756 467
756 80
756 604
757 652
757 756
757 825
757 44
758 92
758 859
759 873
759 630
759 474
759 756
760 310
760 133
760 751
760 347
760 465
760 286
760 715
760 270
761 853
761 54
761 841
761 202
761 204
762 61
762 73
762 107
762 168
762 72
762 634
762 228
762 727
762 123
762 19
763 932
763 441
763 431
764 792
764 455
764 129
764 193
764 557
764 584
765 984
765 562
766 480
766 95
766 834
766 199
767 925
768 139
768 495
768 418
768 20
768 37
768 727
768 599
770 718
770 892
770 210
771 352
771 956
772 409
772 408
772 477
772 290
772 635
772 295
772 520
772 498
772 68
772 422
772 229
772 154
773 226
773 688
774 817
774 667
774 544
774 104
774 76
774 835
774 95
774 487
774 177
774 917
775 284
776 869
776 983
777 471
777 153
777 284
777 7
777 990
778 177
779 330
780 954
781 614
781 797
782 263
782 431
783 92
783 606
784 480
785 756
786 290
786 626
786 347
786 313
786 738
786 544
786 471
786 311
786 673
786 210
786 945
786 220
787 902
787 621
788 117
788 491
789 869
790 402
791 7
792 158
792 718
792 764
792 606
793 471
793 467
793 945
794 284
794 989
795 255
795 981
795 626
795 671
795 322
795 973
795 202
795 428
796 656
797 744
797 397
797 67
797 781
797 443
797 239
797 998
797 282
797 165
797 721
797 386
797 151
798 600
798 115
798 872
798 363
798 973
798 987
799 940
799 492
800 250
801 40
801 880
802 883
803 56
803 887
803 167
804 826
805 880
806 92
806 445
807 250
808 69
808 699
808 101
808 155
808 925
808 189
808 718
808 595
808 287
808 216
810 613
810 751
810 881
810 107
810 935
810 742
810 231
810 480
810 934
810 29
811 56
813 604
814 712
814 373
816 544
816 510
816 84
817 774
817 925
817 847
818 666
820 129
820 350
820 872
820 657
820 564
820 452
820 246
820 179
820 185
820 922
820 120
820 170
821 925
822 479
823 656
823 320
823 124
823 10
823 212
823 290
823 888
823 591
823 632
823 831
823 568
823 87
823 612
823 599
823 450
823 338
823 505
825 848
825 757
825 24
825 208
825 322
825 358
825 127
825 302
825 170
826 804
826 641
826 885
826 750
826 401
826 559
827 386
827 11
827 249
827 534
827 144
827 567
827 682
827 41
827 892
828 98
828 362
828 1000
828 336
829 146
829 427
829 308
829 116
829 365
829 650
829 330
829 407
831 80
831 823
832 76
832 899
832 890
833 137
834 894
834 345
834 988
834 75
834 79
834 78
834 960
834 583
834 597
834 995
834 766
834 38
834 670
834 900
834 353
834 226
835 357
835 405
835 774
837 678
837 867
837 447
837 514
837 296
837 616
837 858
837 240
837 655
838 322
839 316
841 749
841 87
841 435
841 668
841 165
841 650
841 298
841 82
841 761
841 847
841 170
842 136
842 562
843 407
844 360
844 373
844 323
844 204
844 303
845 712
845 405
846 80
847 817
847 984
847 78
847 856
847 689
847 685
847 566
847 896
847 319
847 841
847 635
847 959
847 202
848 207
848 974
848 825
848 450
848 632
848 40
848 88
848 699
849 893
849 60
851 713
852 330
852 375
852 106
852 679
852 646
853 761
853 510
853 428
854 372
854 227
856 954
856 467
856 847
856 189
857 127
857 280
857 106
858 704
858 423
858 885
858 575
858 687
858 837
859 946
859 433
859 580
859 641
859 758
859 305
859 164
859 984
859 512
859 50
859 323
859 463
859 54
859 336
860 177
862 474
862 56
864 949
864 687
864 106
865 431
866 604
867 32
867 837
869 905
869 776
869 965
869 789
869 377
869 81
869 62
869 163
869 1
869 478
869 445
869 174
871 137
871 154
872 268
872 820
872 118
872 798
873 759
875 7
875 424
875 431
875 604
876 893
877 7
877 441
878 411
878 93
878 88
880 801
880 805
880 28
880 961
880 277
880 937
880 939
880 273
880 283
880 361
881 143
881 883
881 810
881 945
882 983
883 881
883 598
883 539
883 595
883 230
883 369
883 802
883 952
883 57
883 984
883 914
883 63
883 599
883 210
883 983
884 561
885 231
885 858
885 826
887 952
887 724
887 231
887 349
887 393
887 313
887 685
887 803
887 220
888 652
888 562
888 892
888 823
889 959
889 917
890 446
890 832
890 201
890 631
890 116
890 531
890 496
890 731
890 930
890 585
890 597
890 658
890 560
891 926
892 927
892 425
892 543
892 827
892 319
892 320
892 770
892 186
892 888
892 120
892 673
893 671
893 138
893 589
893 876
893 928
893 221
893 849
893 696
893 498
893 196
893 319
893 139
893 687
894 834
894 959
894 990
895 404
896 847
897 969
897 491
897 143
898 959
898 495
899 169
899 411
899 832
899 201
899 76
900 834
900 56
901 373
902 787
902 466
902 729
902 968
902 443
902 2
902 347
902 435
902 286
902 165
902 338
902 688
903 949
904 143
905 869
905 925
905 239
905 40
905 167
905 306
905 563
907 106
907 919
908 713
909 437
909 741
909 325
909 423
909 502
909 647
909 137
910 1000
910 174
910 88
910 699
912 279
912 405
913 5
913 162
913 44
914 598
914 883
917 660
917 77
917 484
917 19
917 357
917 54
917 273
917 652
917 774
917 164
917 889
917 217
917 939
917 563
917 658
917 160
917 99
918 922
918 239
918 56
919 675
919 552
919 118
919 311
919 182
919 166
919 907
919 394
919 525
919 36
920 357
920 949
921 405
921 926
922 156
922 484
922 820
922 550
922 74
922 301
922 980
922 349
922 918
922 744
922 223
922 624
924 736
924 415
925 905
925 817
925 259
925 230
925 525
925 821
925 23
925 698
925 27
925 375
925 645
925 767
925 622
925 170
925 808
925 336
926 752
926 313
926 377
926 931
926 891
926 25
926 495
926 921
926 630
926 22
926 987
926 623
926 226
926 268
927 892
927 688
927 472
928 200
928 893
929 106
930 890
930 336
931 926
932 763
933 353
933 189
934 955
934 154
934 810
934 88
935 177
935 432
935 810
937 880
938 204
939 375
939 524
939 880
939 917
940 603
940 799
940 482
940 419
940 541
940 443
940 158
940 561
941 263
941 606
941 992
942 170
943 954
943 530
944 17
945 229
945 44
945 974
945 793
945 289
945 786
945 34
945 158
945 881
945 507
945 188
945 180
945 977
946 859
948 701
949 592
949 276
949 683
949 753
949 397
949 987
949 731
949 903
949 50
949 864
949 920
949 174
949 204
950 131
950 220
951 969
951 220
952 991
952 887
952 883
953 353
953 756
954 943
954 553
954 548
954 780
954 856
954 460
954 595
954 712
954 355
954 467
954 687
955 280
955 934
955 90
955 121
955 296
955 329
955 594
955 234
955 630
955 158
955 1000
955 137
956 771
956 999
956 431
958 170
959 961
959 408
959 92
959 347
959 889
959 894
959 414
959 398
959 348
959 29
959 898
959 250
959 847
960 834
961 235
961 959
961 632
961 718
961 880
962 64
962 673
963 143
963 1000
964 355
964 679
965 566
965 324
965 754
965 562
965 869
966 284
967 375
968 902
969 357
969 612
969 897
969 65
969 951
969 407
971 7
971 362
972 510
973 795
973 798
974 848
974 945
975 730
975 306
975 431
976 153
977 403
977 7
977 688
977 945
978 106
978 679
979 619
979 226
980 922
980 646
981 162
981 795
983 600
983 882
983 883
983 248
983 183
983 325
983 77
983 181
983 748
983 79
983 625
983 776
983 693
984 765
984 847
984 883
984 859
985 687
986 7
986 106
986 992
986 199
987 949
987 926
987 798
987 204
988 834
989 611
989 16
989 794
989 474
989 690
989 57
989 279
989 428
990 392
990 406
990 216
990 531
990 685
990 110
990 483
990 481
990 777
990 894
990 602
990 202
991 952
991 256
991 537
991 570
991 88
992 101
992 321
992 986
992 941
992 420
992 109
992 337
992 654
992 428
994 563
994 199
994 692
995 834
996 272
996 92
996 404
996 220
997 357
997 311
997 353
997 441
998 797
999 418
999 462
999 956
999 640
999 503
999 319
1000 409
1000 963
1000 250
1000 828
1000 163
1000 139
1000 337
1000 525
1000 955
1000 449
1000 910
