1 869
1 858
1 225
1 373
1 974
1 331
1 937
2 902
2 66
3 102
3 316
3 445
4 470
4 371
4 100
4 660
4 464
4 92
4 260
4 316
4 766
4 755
4 435
4 770
4 528
4 377
4 772
5 381
5 427
5 913
5 570
5 80
5 971
5 832
5 474
5 589
6 210
6 250
6 13
6 849
6 825
6 66
6 834
7 677
7 777
7 986
7 875
7 320
7 238
7 472
7 484
7 425
7 594
7 252
7 501
7 797
7 995
7 984
7 306
7 894
7 543
7 595
7 387
8 81
8 854
8 159
8 661
8 68
8 249
8 767
8 968
8 910
8 226
8 315
8 792
8 560
8 911
8 355
8 920
8 186
8 945
8 208
8 595
9 249
9 635
9 604
9 823
9 242
9 405
9 13
9 283
9 906
10 988
10 660
10 476
10 658
10 920
10 760
10 193
10 676
10 412
10 720
10 443
10 823
10 60
10 924
10 677
10 623
11 947
11 234
11 658
11 166
11 279
11 375
11 827
11 655
11 319
12 443
12 926
12 25
12 183
12 136
12 587
12 144
12 868
13 9
13 6
13 985
13 356
13 609
13 471
13 353
13 906
14 341
14 561
14 692
14 803
14 47
15 178
15 880
15 653
16 214
16 301
16 68
16 742
16 127
16 302
16 895
16 388
16 985
16 737
16 133
16 785
16 499
16 887
16 970
16 450
16 402
16 80
16 844
16 858
16 603
16 616
17 944
17 63
17 565
17 528
17 74
17 543
18 199
18 894
18 511
18 590
19 962
19 192
19 905
19 298
19 88
19 554
19 922
19 917
19 402
19 919
20 768
20 652
21 538
21 252
21 336
21 658
21 941
21 763
22 926
22 623
23 476
23 575
23 343
23 101
23 281
23 357
23 216
23 30
23 493
23 920
23 431
23 632
23 896
23 487
23 411
23 925
23 492
23 980
23 589
23 629
24 713
24 714
24 709
24 583
24 255
24 353
24 825
24 687
24 750
24 625
24 345
24 769
24 722
25 244
25 527
25 84
25 933
25 996
25 12
25 265
25 224
25 606
25 858
25 166
25 655
26 143
26 763
26 769
27 782
27 943
27 604
27 148
27 87
27 750
27 34
27 416
27 50
27 30
27 353
27 925
27 201
27 593
27 891
28 355
28 77
28 29
28 839
28 181
28 525
28 275
28 125
28 708
28 850
28 793
28 280
28 974
28 722
29 959
29 154
29 810
29 732
29 183
29 28
30 322
30 252
30 724
30 311
30 323
30 281
30 732
30 27
30 23
30 629
30 944
32 386
32 128
32 566
32 175
32 867
32 279
32 271
32 219
32 606
32 687
32 999
33 372
33 375
33 471
33 599
33 600
33 644
33 656
34 360
34 945
34 319
34 27
34 924
34 201
35 132
35 952
35 595
35 114
35 278
35 104
35 831
35 167
35 139
35 766
35 415
35 974
35 513
36 919
36 667
37 154
37 768
38 834
38 158
38 445
39 177
39 281
39 102
39 437
40 409
40 503
40 66
40 102
40 324
40 905
40 110
40 469
40 701
40 139
40 87
40 801
40 848
40 630
40 744
40 323
40 643
40 519
41 418
41 544
41 885
41 762
41 623
41 707
41 76
41 290
41 827
41 616
41 518
41 944
42 495
42 759
42 485
42 791
43 441
43 531
43 752
43 208
43 989
44 135
44 757
44 708
44 913
44 356
44 699
44 216
44 403
44 824
44 74
44 359
44 200
44 945
44 750
45 315
45 259
45 358
45 175
45 217
45 302
45 429
45 67
45 366
45 97
45 665
45 441
45 336
45 256
45 223
45 243
45 387
46 808
47 685
47 903
47 494
47 405
47 402
47 190
47 512
47 501
47 131
47 205
47 887
47 14
47 793
47 436
48 975
48 234
48 463
48 391
48 820
48 449
49 471
49 711
49 202
49 894
49 989
49 629
49 518
50 227
50 808
50 656
50 591
50 754
50 316
50 859
50 27
50 943
50 430
51 137
51 63
51 541
51 65
51 425
51 742
52 979
52 526
52 445
52 632
52 80
52 803
53 538
53 154
53 407
53 208
54 761
54 859
54 917
55 491
55 255
55 541
55 625
56 803
56 467
56 733
56 197
56 164
56 811
56 918
56 862
56 676
56 547
56 900
56 963
56 320
56 894
56 808
56 272
56 417
56 430
57 391
57 592
57 153
57 883
57 989
57 474
58 202
58 474
58 924
58 279
58 403
58 219
58 590
59 586
59 322
59 450
59 745
59 643
59 208
60 559
60 689
60 268
60 10
60 408
60 79
60 328
60 160
60 439
60 723
60 845
60 178
60 189
60 310
60 436
61 762
61 692
61 528
61 485
62 102
62 736
62 632
62 869
62 201
62 401
63 17
63 769
63 804
63 432
63 51
63 748
63 785
63 136
63 883
63 673
63 599
63 477
63 77
64 962
64 736
64 415
64 604
64 675
64 910
64 937
65 974
65 311
65 51
65 254
65 494
65 372
65 415
65 615
65 282
65 939
65 969
65 877
65 411
66 662
66 473
66 486
66 2
66 6
66 897
66 546
66 152
66 544
66 521
66 40
67 45
67 351
67 797
67 174
67 675
67 856
67 387
68 16
68 231
68 772
68 620
68 8
68 207
69 801
69 793
69 387
69 973
69 402
69 826
69 909
69 625
69 808
69 609
69 510
69 80
69 884
69 943
69 477
69 301
69 995
69 827
69 655
69 219
69 488
70 200
70 353
70 575
71 243
72 536
72 690
72 119
72 720
72 762
72 446
72 229
72 226
72 683
73 762
73 320
73 116
73 706
73 834
74 637
74 17
74 616
74 741
74 603
74 524
74 922
74 301
74 44
74 653
75 433
75 770
75 299
75 289
75 580
75 802
75 564
75 687
76 444
76 98
76 536
76 529
76 628
76 475
76 832
76 838
76 445
76 774
76 250
76 88
76 698
76 632
76 41
76 931
77 205
77 127
77 103
77 63
77 744
77 98
77 147
77 731
77 105
77 952
77 373
77 917
77 817
77 219
77 589
77 513
77 28
78 199
78 160
78 819
78 562
78 419
78 847
79 242
79 988
79 663
79 333
79 786
79 867
79 829
79 450
79 365
79 93
79 983
79 60
79 162
79 746
79 157
79 677
79 181
80 399
80 507
80 152
80 52
80 756
80 831
80 16
80 550
80 5
80 740
80 751
80 490
80 846
80 453
80 625
80 69
80 440
81 226
81 869
81 852
81 8
81 690
81 983
82 841
82 751
82 974
82 374
83 774
83 850
84 354
84 120
84 609
84 280
84 946
84 506
84 783
84 232
84 824
84 997
84 372
84 25
84 987
84 345
85 711
85 133
85 144
86 323
86 495
86 807
86 903
87 841
87 353
87 40
87 823
87 27
87 285
88 480
88 76
88 910
88 848
88 549
88 426
88 878
88 991
88 135
88 362
88 975
88 949
88 324
88 19
88 539
88 616
88 943
88 345
89 480
89 724
89 371
89 178
89 176
89 252
89 104
90 955
90 167
90 437
91 284
91 934
91 623
91 513
91 374
92 186
92 300
92 121
92 480
92 337
92 637
92 521
92 996
92 806
92 597
92 783
92 758
92 959
92 472
92 354
92 4
93 186
93 200
93 79
93 878
93 870
93 809
93 199
93 250
93 417
94 490
94 650
94 262
94 551
94 574
94 108
94 263
95 395
95 774
95 766
95 708
95 561
95 394
95 813
95 437
95 985
96 851
96 790
96 916
96 533
96 953
96 999
96 906
96 493
96 409
96 174
96 793
96 386
97 491
97 316
97 45
97 926
98 213
98 828
98 125
98 76
98 524
98 431
98 77
98 479
99 432
99 431
99 917
99 932
100 557
100 402
100 816
100 164
100 789
100 189
100 764
100 222
100 4
101 992
101 808
101 23
102 62
102 565
102 433
102 295
102 3
102 271
102 310
102 738
102 39
102 149
102 40
102 137
102 563
102 313
102 116
103 77
103 807
104 482
104 89
104 923
104 554
104 404
104 774
104 35
104 395
105 237
105 296
105 224
105 195
105 324
105 745
105 450
105 410
105 619
105 77
105 144
105 171
105 208
105 387
106 978
106 351
106 986
106 864
106 852
106 929
106 907
106 857
106 131
106 856
107 173
107 298
107 991
107 147
107 558
107 620
107 762
107 859
107 646
108 94
108 927
108 732
108 858
108 971
108 653
108 519
109 992
109 541
109 453
109 225
110 753
110 990
110 40
110 281
110 742
112 204
112 759
112 250
113 586
113 653
114 487
114 35
114 311
115 118
115 692
115 798
115 817
115 144
115 518
116 570
116 572
116 73
116 102
116 818
116 196
116 829
116 687
116 890
116 894
116 583
116 745
117 564
117 788
117 683
117 968
117 331
117 184
117 206
117 852
117 481
117 711
117 222
118 588
118 521
118 547
118 127
118 245
118 872
118 161
118 115
118 244
118 963
118 306
118 919
118 443
118 910
119 701
119 604
119 732
119 644
119 848
119 72
119 935
120 263
120 487
120 334
120 419
120 820
120 755
120 137
120 440
120 425
120 687
120 84
120 604
120 675
120 928
120 496
120 743
121 92
121 955
121 349
121 919
121 153
121 812
121 485
122 405
122 959
122 287
122 325
122 243
122 816
122 542
123 762
123 590
124 823
124 791
125 98
125 316
125 28
126 482
126 852
126 396
126 279
126 931
126 217
126 202
126 228
126 954
126 445
126 950
126 436
126 903
127 720
127 381
127 857
127 665
127 545
127 756
127 118
127 825
127 16
127 77
127 909
127 653
127 222
127 903
128 32
128 362
128 858
128 757
129 820
129 712
129 764
129 392
129 155
129 830
130 353
131 950
131 584
131 255
131 252
131 453
131 106
131 47
131 882
132 246
132 262
132 687
132 320
132 35
132 536
133 85
133 180
133 687
133 928
133 345
133 511
133 808
133 372
133 760
133 16
133 731
133 926
134 531
135 44
135 88
135 255
136 842
136 63
136 605
136 899
136 12
136 834
136 928
136 769
137 409
137 871
137 955
137 51
137 909
137 102
137 165
137 833
137 519
137 230
137 717
137 120
137 167
138 893
138 842
138 620
138 693
139 800
139 454
139 466
139 854
139 35
139 524
139 395
139 574
139 942
139 329
139 893
139 143
139 1000
139 40
139 587
139 683
139 440
140 268
140 316
140 711
141 666
141 565
141 714
141 482
142 147
142 408
142 885
142 306
142 901
142 766
142 612
142 826
142 250
142 603
142 634
143 666
143 897
143 314
143 704
143 963
143 26
143 904
143 139
143 881
143 187
143 484
143 619
143 512
143 921
143 561
144 359
144 615
144 115
144 595
144 105
144 530
144 493
144 781
144 522
144 12
144 392
144 85
144 419
145 655
145 509
146 711
146 373
146 829
147 353
147 250
147 373
147 77
147 142
147 625
147 741
147 107
148 521
148 336
148 892
148 27
148 971
148 698
149 308
149 102
149 536
149 463
149 711
149 731
149 800
149 834
151 250
151 797
151 750
151 949
151 607
152 80
152 820
152 229
152 66
152 732
153 777
153 976
153 534
153 899
153 159
153 121
153 57
154 37
154 871
154 304
154 29
154 772
154 53
154 934
154 688
154 888
154 660
155 562
155 503
155 129
155 561
155 212
156 922
156 210
156 834
157 369
157 933
157 975
157 896
157 487
157 792
157 79
157 603
157 632
158 792
158 38
158 955
158 288
158 395
158 390
158 161
158 940
158 325
158 945
158 250
159 415
159 432
159 852
159 844
159 153
159 8
159 742
159 222
159 707
160 350
160 917
160 60
160 658
160 229
160 78
160 983
161 252
161 118
161 158
161 711
161 736
161 348
161 171
161 693
162 981
162 913
162 499
162 705
162 236
162 571
162 79
163 565
163 395
163 455
163 943
163 320
163 485
163 355
163 1000
163 869
163 471
163 722
163 255
164 56
164 218
164 859
164 917
164 100
165 902
165 841
165 353
165 137
165 797
165 549
166 353
166 289
166 214
166 771
166 944
166 25
166 797
166 626
166 738
166 831
166 305
166 871
166 323
166 515
166 250
166 751
166 832
166 11
166 641
166 949
167 315
167 137
167 90
167 192
167 35
167 456
167 905
167 803
167 644
167 995
167 903
168 793
168 307
168 520
168 282
168 430
168 692
168 776
169 899
169 316
169 171
170 925
170 315
170 624
170 825
170 841
170 621
170 820
170 554
170 715
170 750
170 958
170 942
170 496
170 276
170 830
171 940
171 566
171 235
171 409
171 105
171 161
171 169
171 913
171 514
171 268
171 231
171 844
171 848
171 496
172 198
172 188
172 392
172 250
172 490
172 711
172 210
172 614
172 808
173 202
173 204
173 107
173 430
173 546
174 335
174 255
174 949
174 67
174 610
174 522
174 569
174 96
174 268
174 259
174 338
174 197
174 595
174 979
174 842
174 660
175 32
175 45
175 488
176 411
176 89
176 322
176 490
176 604
176 732
176 803
176 934
176 250
176 543
177 935
177 689
177 774
177 778
177 357
177 487
177 39
177 308
177 860
177 303
177 430
178 635
178 373
178 465
178 586
178 394
178 254
178 752
178 89
178 403
178 291
178 15
178 597
178 536
178 850
178 60
179 820
179 223
180 431
180 604
180 945
180 133
181 79
181 766
181 265
181 519
181 257
181 423
181 477
181 436
181 28
182 471
182 411
182 919
182 971
182 287
183 187
183 697
183 12
183 29
183 737
183 534
183 616
183 937
184 844
184 117
184 455
184 536
184 243
184 412
184 247
185 875
185 630
185 690
186 847
186 725
186 921
186 8
186 587
186 514
186 290
186 511
186 648
186 623
186 244
186 92
186 93
186 830
187 341
187 143
187 183
187 272
188 945
188 204
188 220
188 172
189 600
189 716
189 481
189 599
189 512
189 425
189 933
189 713
189 332
189 60
189 754
189 808
189 100
190 208
190 47
190 440
191 252
191 201
192 167
192 692
192 19
192 864
192 960
193 764
193 842
193 10
193 541
193 961
194 199
194 622
194 816
195 105
195 832
195 593
196 893
196 116
196 769
196 891
197 56
197 255
197 565
197 752
197 174
197 653
198 443
198 172
198 864
199 994
199 194
199 412
199 432
199 574
199 515
199 766
199 18
199 93
199 986
199 519
199 402
199 961
199 752
199 395
199 78
200 70
200 321
200 279
200 464
200 880
200 732
200 93
200 606
200 616
200 221
200 44
201 191
201 611
201 27
201 62
201 629
201 34
201 938
201 868
201 565
201 939
201 855
201 230
201 890
201 614
201 776
201 643
201 791
202 58
202 469
202 173
202 761
202 235
202 721
202 232
202 49
202 990
202 847
202 504
202 347
202 718
202 363
202 795
202 586
202 303
202 597
202 126
203 692
203 994
203 395
204 660
204 527
204 504
204 724
204 987
204 729
204 112
204 844
204 487
204 188
204 565
204 431
204 949
204 761
204 341
204 938
204 173
204 528
204 500
204 513
204 707
205 77
205 47
206 565
206 117
206 752
207 482
207 256
207 596
207 611
207 978
207 409
207 599
207 68
207 946
207 539
207 910
208 566
208 447
208 190
208 704
208 782
208 105
208 59
208 8
208 53
208 514
208 43
208 341
208 530
209 951
209 998
209 825
209 697
209 859
209 586
209 910
209 387
209 542
209 960
210 6
210 211
210 709
210 883
210 516
210 629
210 786
210 462
210 770
210 264
210 286
210 466
210 172
210 156
210 404
210 692
210 774
211 210
211 627
211 377
211 488
211 816
211 653
212 375
212 445
212 823
212 155
212 417
213 98
213 572
214 16
214 316
214 166
215 852
215 630
215 268
215 940
215 967
215 890
215 220
215 420
215 860
215 869
216 733
216 990
216 808
216 44
216 23
216 583
216 303
216 496
216 542
217 280
217 362
217 45
217 917
217 126
217 910
218 649
218 164
218 410
218 368
218 501
218 255
218 880
219 356
219 669
219 77
219 69
219 864
219 317
219 823
219 784
219 58
219 622
219 334
219 990
219 848
219 253
219 272
219 32
219 323
219 558
219 453
220 254
220 686
220 351
220 951
220 697
220 389
220 717
220 887
220 996
220 188
220 616
220 786
220 950
220 432
220 215
221 568
221 411
221 705
221 480
221 634
221 527
221 687
221 468
221 636
221 273
221 672
221 200
221 711
221 437
221 743
222 987
222 100
222 729
222 159
222 772
222 117
222 543
222 127
222 853
222 266
222 350
222 303
222 281
222 844
222 322
222 301
223 179
223 942
223 45
223 914
223 266
223 374
223 229
223 922
223 868
224 252
224 105
224 25
224 653
225 361
225 755
225 1
225 560
225 927
225 373
225 572
225 109
225 687
225 402
225 495
226 773
226 326
226 979
226 324
226 834
226 380
226 81
226 340
226 482
226 72
226 445
226 926
226 718
226 446
226 8
226 949
227 483
227 540
227 555
227 521
227 461
227 854
227 50
227 769
228 762
228 926
228 126
228 233
228 807
229 152
229 852
229 784
229 349
229 160
229 72
229 402
229 772
229 945
229 354
229 223
230 311
230 925
230 883
230 137
230 201
230 485
231 258
231 885
231 171
231 68
231 558
231 408
231 676
231 664
231 858
231 887
231 461
231 906
232 510
232 441
232 202
232 892
232 955
232 84
232 722
233 312
233 728
233 837
233 228
233 545
233 272
233 659
233 548
233 452
233 909
233 646
233 263
233 579
234 570
234 955
234 934
234 11
234 401
234 48
235 330
235 562
235 892
235 460
235 315
235 338
235 432
235 653
235 961
235 202
235 474
235 171
236 549
236 162
236 893
236 742
236 430
237 492
237 105
237 459
238 7
238 675
238 762
238 991
238 949
239 905
239 438
239 582
239 269
239 508
239 568
239 296
239 918
239 465
239 262
239 797
239 453
240 837
240 474
240 834
240 994
240 941
240 825
240 519
241 662
241 255
241 477
241 971
241 583
242 279
242 353
242 472
242 9
242 79
243 285
243 71
243 45
243 659
243 678
243 803
243 122
243 859
243 426
243 387
243 781
243 184
243 581
243 508
243 641
243 385
244 724
244 118
244 25
244 186
244 766
244 401
244 666
245 118
246 132
246 820
246 395
247 666
247 797
247 641
247 280
247 261
247 834
247 184
247 310
247 437
247 900
247 294
248 583
248 467
248 983
248 563
248 539
248 630
248 518
249 598
249 827
249 892
249 9
249 8
250 151
250 147
250 610
250 76
250 166
250 959
250 413
250 142
250 158
250 93
250 388
250 834
250 176
250 6
250 953
250 565
250 703
250 322
250 386
250 112
250 1000
250 172
250 600
250 724
250 324
250 731
250 431
251 492
251 844
251 415
252 314
252 292
252 598
252 224
252 161
252 30
252 642
252 398
252 541
252 556
252 669
252 21
252 191
252 663
252 657
252 632
252 441
252 131
252 89
252 7
252 935
253 219
253 450
253 927
253 431
253 906
254 561
254 220
254 178
254 482
254 565
254 432
254 373
254 65
255 55
255 131
255 449
255 424
255 363
255 381
255 872
255 241
255 135
255 197
255 218
255 296
255 163
255 795
255 174
255 24
255 732
255 496
256 45
256 443
256 763
256 207
256 387
257 724
257 353
257 407
257 181
257 722
258 329
258 231
258 415
258 549
258 701
259 925
259 45
259 174
259 900
260 385
260 817
260 741
260 4
261 632
261 247
262 132
262 94
262 330
262 606
262 239
262 371
262 834
262 660
263 941
263 782
263 305
263 273
263 910
263 461
263 94
263 610
263 233
263 120
263 472
263 842
263 303
263 812
264 713
264 210
264 803
264 877
264 386
265 25
265 620
265 629
265 181
265 653
266 676
266 899
266 803
266 852
266 780
266 385
266 528
266 223
266 722
266 222
267 736
267 928
268 171
268 140
268 872
268 423
268 698
268 60
268 174
268 646
268 215
268 928
268 440
269 239
269 903
270 760
270 405
270 750
271 102
271 32
271 983
271 589
271 579
271 513
271 276
272 716
272 219
272 996
272 290
272 56
272 732
272 338
272 519
272 187
272 523
272 324
272 233
273 530
273 880
273 917
273 643
273 263
273 221
274 956
274 943
275 849
275 28
276 170
276 792
276 672
276 412
276 484
276 356
276 927
276 754
276 271
276 747
276 698
276 786
276 518
276 949
276 852
276 509
276 346
277 441
277 880
277 764
277 974
277 513
278 311
278 35
278 616
279 912
279 505
279 11
279 403
279 242
279 358
279 527
279 58
279 32
279 894
279 877
279 200
279 126
279 641
279 614
280 364
280 650
280 857
280 217
280 516
280 339
280 28
280 405
280 411
280 955
280 84
280 849
280 579
280 247
280 882
281 222
281 731
281 857
281 445
281 776
281 767
281 578
281 30
281 991
281 39
281 110
281 584
281 409
281 316
281 23
281 660
282 797
282 168
282 65
283 9
283 684
283 912
283 331
283 491
283 590
284 775
284 91
284 777
284 501
284 471
284 966
284 794
284 346
285 623
285 800
285 406
285 391
285 87
285 707
285 941
285 243
285 864
285 595
286 902
286 760
286 210
286 614
286 643
287 548
287 122
287 577
287 182
287 475
287 886
287 642
287 464
287 435
287 699
287 418
287 977
287 457
287 864
287 653
288 158
288 575
289 945
289 955
289 558
289 166
289 742
289 75
290 272
290 786
290 772
290 823
290 746
290 186
290 679
290 41
290 641
290 742
290 944
291 178
292 252
292 632
292 937
293 486
293 522
293 395
293 730
294 692
294 580
294 449
294 604
294 407
294 247
294 404
294 894
295 102
295 772
295 658
295 731
296 756
296 955
296 105
296 239
296 837
296 600
296 255
296 519
297 985
298 841
298 19
298 107
298 722
298 513
299 75
300 92
300 600
300 562
300 415
301 74
301 484
301 222
301 949
301 69
301 923
301 840
301 917
301 16
301 922
301 793
302 656
302 774
302 427
302 355
302 45
302 16
302 579
303 222
303 380
303 177
303 263
303 216
303 983
303 756
303 736
303 202
303 666
303 864
303 690
303 903
304 562
304 154
304 579
305 263
305 373
305 859
305 934
305 446
305 166
305 572
306 388
306 7
306 118
306 905
306 916
306 324
306 142
307 892
307 168
308 149
308 177
308 829
308 810
309 310
309 377
309 679
309 928
309 517
310 900
310 60
310 247
310 816
310 764
310 789
310 317
310 309
310 760
310 102
310 675
311 997
311 30
311 230
311 625
311 786
311 755
311 704
311 993
311 693
311 278
311 114
311 919
311 392
311 65
312 233
313 880
313 102
313 650
313 508
313 988
313 400
313 786
313 887
313 546
313 903
314 252
314 143
314 509
314 850
315 167
315 45
315 170
315 583
315 980
315 235
315 8
315 960
316 734
316 125
316 50
316 465
316 281
316 140
316 839
316 754
316 214
316 97
316 3
316 570
316 169
316 687
316 565
316 774
316 995
316 983
316 4
317 411
317 310
317 219
317 331
317 660
318 372
318 619
318 670
319 840
319 34
319 673
319 496
319 715
319 11
319 524
319 892
319 847
319 455
320 574
320 515
320 932
320 132
320 536
320 73
320 330
320 717
320 7
320 467
320 823
320 163
320 56
321 200
321 992
322 419
322 597
322 838
322 30
322 59
322 720
322 972
322 222
322 412
322 865
322 432
322 357
322 825
322 795
322 176
322 660
322 250
323 86
323 500
323 684
323 556
323 30
323 40
323 541
323 714
323 844
323 219
323 859
323 934
323 377
323 480
323 166
323 517
324 964
324 88
324 888
324 900
324 306
324 573
324 514
324 250
324 965
324 40
324 226
324 105
324 562
324 558
324 731
324 272
324 935
325 789
325 122
325 356
325 909
325 158
325 517
326 226
326 730
326 844
326 660
326 808
327 712
328 60
329 433
329 139
329 736
329 594
329 258
329 406
329 955
329 692
329 910
330 585
330 377
330 320
330 367
330 262
330 852
330 779
330 677
330 829
330 235
331 1
331 438
331 556
331 375
331 830
331 887
331 915
331 588
331 317
331 540
331 420
331 828
331 429
331 889
331 975
331 600
331 512
331 416
331 117
331 508
331 283
332 189
332 910
332 816
333 852
333 79
333 395
333 436
334 120
334 971
334 543
334 219
334 589
335 174
335 656
335 565
336 446
336 45
336 21
336 925
336 566
336 930
336 859
336 148
336 399
336 478
336 439
336 748
336 828
336 558
337 92
337 1000
337 992
337 921
337 808
337 985
338 902
338 405
338 718
338 402
338 823
338 757
338 272
338 174
338 235
339 348
339 280
340 226
340 599
340 472
340 443
341 453
341 719
341 208
341 14
341 636
341 187
341 567
341 859
341 831
341 904
341 204
341 539
341 900
342 474
342 539
342 742
343 405
343 471
343 450
343 23
344 367
344 585
344 491
344 743
345 676
345 540
345 407
345 634
345 24
345 88
345 881
345 84
345 979
345 457
345 731
345 133
345 510
346 284
346 276
346 707
346 466
346 943
346 920
346 845
346 509
346 850
347 902
347 760
347 786
347 375
347 959
347 202
347 457
347 943
347 906
348 339
348 161
348 458
348 975
348 690
348 457
348 959
348 562
348 590
349 466
349 877
349 606
349 121
349 395
349 865
349 773
349 754
349 371
349 826
349 633
349 981
349 732
349 788
349 922
349 887
349 229
349 422
350 160
350 820
350 643
350 222
351 678
351 67
351 478
351 409
351 612
351 106
351 220
351 844
352 771
352 450
352 385
352 432
353 953
353 525
353 147
353 27
353 933
353 165
353 257
353 70
353 548
353 997
353 87
353 242
353 24
353 514
353 862
353 605
353 130
353 477
353 13
353 166
353 769
353 374
354 527
354 890
354 939
354 714
354 786
354 709
354 92
354 229
354 533
354 84
355 302
355 954
355 8
355 567
355 163
355 666
355 390
355 964
355 750
355 894
355 28
356 44
356 13
356 219
356 325
356 670
356 276
357 539
357 920
357 728
357 835
357 997
357 433
357 322
357 969
357 177
357 917
357 23
357 514
358 279
358 825
358 45
359 144
359 44
359 510
360 363
360 34
360 844
360 548
360 598
360 630
360 843
361 689
361 456
361 773
361 891
361 225
361 832
361 620
362 528
362 709
362 647
362 128
362 828
362 217
362 971
362 467
362 561
362 732
362 88
363 360
363 202
363 798
363 255
363 844
363 496
363 670
364 280
364 711
364 961
364 395
364 706
365 829
365 961
365 79
365 745
365 611
365 579
366 45
366 453
366 459
367 344
367 330
367 432
367 741
367 937
368 737
368 218
369 630
369 883
369 675
369 157
369 834
370 604
370 924
370 611
370 816
371 399
371 376
371 561
371 89
371 587
371 262
371 505
371 349
371 4
372 318
372 33
372 739
372 721
372 854
372 424
372 467
372 711
372 133
372 65
372 84
372 479
373 146
373 515
373 814
373 536
373 901
373 844
373 451
373 396
373 305
373 674
373 147
373 254
373 953
373 1
373 178
373 77
373 225
374 447
374 82
374 565
374 353
374 91
374 885
374 732
374 223
375 212
375 433
375 347
375 939
375 754
375 501
375 852
375 11
375 33
375 967
375 925
375 471
375 793
375 331
376 371
376 634
376 436
377 442
377 915
377 323
377 426
377 309
377 389
377 211
377 719
377 630
377 4
377 875
377 330
377 869
377 407
377 508
378 583
378 653
380 736
380 226
380 472
380 303
381 5
381 127
381 255
381 514
381 446
381 995
381 891
381 401
382 944
383 713
383 807
383 517
385 266
385 352
385 664
385 260
385 243
385 607
385 932
386 431
386 626
386 96
386 264
386 601
386 815
386 827
386 32
386 797
386 894
386 698
386 768
386 250
387 983
387 635
387 863
387 256
387 823
387 732
387 7
387 105
387 209
387 498
387 45
387 67
387 243
387 69
388 306
388 16
388 250
388 625
389 598
389 220
389 377
390 355
390 158
390 446
390 837
390 943
390 807
391 724
391 57
391 673
391 707
391 652
391 764
391 285
391 48
392 864
392 311
392 876
392 454
392 483
392 616
392 129
392 990
392 172
392 144
393 887
394 415
394 919
394 178
394 844
394 95
394 763
395 104
395 199
395 333
395 434
395 830
395 681
395 493
395 364
395 722
395 246
395 203
395 95
395 158
395 477
395 971
395 139
395 163
395 349
395 293
395 848
396 373
396 126
396 988
397 949
397 797
397 692
398 252
398 959
398 562
398 603
399 371
399 80
399 336
399 934
400 630
400 313
400 542
400 882
401 556
401 703
401 244
401 62
401 452
401 585
401 234
401 381
401 752
402 409
402 16
402 668
402 225
402 338
402 790
402 19
402 489
402 844
402 229
402 199
402 69
402 47
402 100
402 903
403 977
403 598
403 559
403 639
403 58
403 279
403 604
403 178
403 44
404 895
404 294
404 425
404 996
404 210
404 592
404 405
404 757
404 940
404 577
404 104
404 988
405 845
405 912
405 280
405 835
405 122
405 9
405 338
405 921
405 744
405 669
405 343
405 270
405 709
405 434
405 404
405 995
405 425
405 47
406 329
406 990
406 892
406 656
406 285
407 377
407 969
407 257
407 843
407 53
407 649
407 468
407 752
407 829
407 823
407 971
407 345
407 294
408 231
408 959
408 772
408 927
408 60
408 920
408 142
408 488
408 791
409 772
409 432
409 40
409 1000
409 402
409 137
409 351
409 281
409 171
409 975
409 207
409 96
409 850
410 218
410 934
410 105
411 750
411 280
411 23
411 641
411 182
411 317
411 878
411 65
411 415
411 432
411 176
411 461
411 221
412 518
412 661
412 184
412 942
412 660
412 199
412 322
412 10
412 961
412 276
412 868
413 250
413 753
413 683
414 959
414 453
414 983
415 625
415 419
415 258
415 411
415 512
415 394
415 924
415 464
415 159
415 728
415 641
415 635
415 64
415 460
415 300
415 769
415 914
415 35
415 251
415 687
415 501
415 65
415 461
415 436
416 27
416 699
416 331
416 430
417 673
417 93
417 56
417 897
417 212
417 619
417 943
418 980
418 959
418 455
418 942
418 287
418 684
418 999
418 834
418 946
418 41
418 769
419 322
419 940
419 415
419 120
419 144
419 78
420 992
420 750
420 437
420 215
420 331
421 687
422 491
422 755
422 349
422 568
422 619
422 772
422 630
423 268
423 858
423 909
423 934
423 971
423 899
423 181
424 372
424 875
424 255
424 507
424 946
424 956
424 634
425 802
425 972
425 839
425 405
425 51
425 909
425 626
425 955
425 528
425 562
425 701
425 404
425 189
425 946
425 7
425 120
425 891
426 88
426 894
426 377
426 243
427 5
427 829
427 302
427 928
427 508
427 791
428 656
428 989
428 853
428 610
428 434
428 589
428 950
428 923
428 767
428 934
428 488
429 712
429 45
429 793
429 331
430 50
430 863
430 502
430 795
430 851
430 902
430 173
430 236
430 900
430 416
430 56
430 872
430 934
430 177
430 168
431 763
431 99
431 975
431 98
431 875
431 865
431 586
431 556
431 180
431 740
431 605
431 782
431 253
431 250
431 204
431 23
431 386
431 921
431 983
432 409
432 99
432 367
432 411
432 518
432 635
432 935
432 640
432 159
432 254
432 352
432 199
432 63
432 322
432 220
432 235
432 477
432 517
433 357
433 102
433 329
433 375
433 859
433 611
433 75
434 405
434 428
434 446
434 395
435 902
435 841
435 949
435 287
435 742
435 519
435 4
436 60
436 47
436 543
436 333
436 655
436 884
436 415
436 181
436 832
436 773
436 376
436 731
436 126
437 687
437 420
437 623
437 488
437 528
437 221
437 95
437 892
437 90
437 785
437 247
437 446
437 508
437 39
437 946
437 539
437 457
437 864
438 239
438 842
438 746
438 511
438 331
439 336
439 894
439 60
440 682
440 80
440 652
440 739
440 884
440 268
440 190
440 139
440 120
440 653
440 886
441 763
441 43
441 504
441 45
441 232
441 997
441 277
441 753
441 877
441 735
441 937
441 252
441 587
441 903
442 487
442 562
442 377
443 12
443 118
443 633
443 256
443 832
443 757
443 340
443 198
443 902
443 940
443 797
443 10
444 76
444 864
444 517
445 869
445 212
445 566
445 3
445 806
445 733
445 226
445 526
445 38
445 474
445 956
445 834
445 281
445 76
445 52
445 126
445 656
446 305
446 72
446 647
446 522
446 226
446 381
446 434
446 640
446 777
446 390
446 336
446 890
446 717
446 437
446 472
446 690
447 837
447 644
447 208
447 960
447 374
448 688
448 893
449 1000
449 255
449 956
449 670
449 294
449 48
450 848
450 691
450 352
450 670
450 343
450 253
450 500
450 59
450 16
450 531
450 573
450 669
450 838
450 699
450 823
450 105
450 79
450 825
451 373
451 629
451 641
452 820
452 401
452 233
452 667
453 484
453 517
453 219
453 957
453 503
453 366
453 109
453 239
453 414
453 131
453 535
453 985
453 885
453 341
453 80
453 745
453 903
454 139
454 392
454 655
455 966
455 487
455 800
455 577
455 996
455 769
455 530
455 184
455 319
455 418
455 163
455 543
456 167
456 361
456 830
457 348
457 437
457 347
457 287
457 644
457 732
457 652
457 701
457 660
457 643
457 345
458 894
458 810
458 877
458 348
458 837
459 479
459 552
459 892
459 860
459 366
459 237
459 496
459 558
459 731
459 924
459 980
459 641
460 954
460 927
460 620
460 415
460 235
461 991
461 411
461 512
461 415
461 647
461 982
461 891
461 231
461 227
461 887
461 263
461 807
462 999
462 210
462 485
462 519
463 149
463 859
463 971
463 757
463 48
464 415
464 699
464 600
464 200
464 287
464 927
464 4
465 760
465 316
465 239
465 621
465 178
465 627
465 741
466 902
466 210
466 139
466 946
466 349
466 643
466 346
467 320
467 618
467 793
467 756
467 248
467 372
467 689
467 526
467 954
467 856
467 362
467 56
467 770
467 575
467 620
468 407
468 971
468 221
469 40
469 202
470 743
470 4
471 182
471 777
471 793
471 786
471 49
471 13
471 533
471 586
471 33
471 343
471 163
471 661
471 375
471 582
471 715
471 284
471 474
472 570
472 263
472 689
472 380
472 514
472 617
472 92
472 242
472 340
472 825
472 588
472 548
472 446
472 7
472 883
473 923
473 904
473 600
473 66
473 508
474 862
474 342
474 482
474 235
474 58
474 57
474 471
474 240
474 926
474 5
474 989
474 848
474 445
474 762
474 542
475 76
475 287
475 834
476 521
476 514
476 606
476 10
476 23
477 181
477 834
477 395
477 241
477 69
477 63
477 782
477 864
477 432
477 606
477 353
478 869
478 351
478 336
479 822
479 935
479 98
479 372
479 597
479 459
479 816
480 766
480 784
480 89
480 323
480 614
480 92
480 688
480 88
480 583
480 701
480 221
480 926
481 990
481 699
481 189
481 565
481 117
481 961
482 746
482 141
482 948
482 254
482 708
482 505
482 597
482 940
482 474
482 226
482 104
482 511
482 126
482 207
483 227
483 990
483 995
483 713
483 392
484 143
484 922
484 492
484 917
484 301
484 7
484 453
484 587
484 276
485 61
485 819
485 738
485 742
485 959
485 42
485 462
485 121
485 230
485 746
485 163
485 741
485 509
486 934
486 66
486 293
487 114
487 774
487 23
487 442
487 177
487 120
487 204
487 157
487 455
487 629
488 831
488 749
488 211
488 782
488 408
488 69
488 711
488 902
488 839
488 175
488 428
488 603
488 759
488 437
488 643
488 517
489 990
489 402
490 94
490 80
490 172
490 176
491 788
491 575
491 97
491 551
491 897
491 55
491 786
491 816
491 283
491 344
491 717
491 521
491 991
491 422
492 237
492 668
492 251
492 691
492 484
492 510
492 799
492 23
492 810
492 656
493 23
493 395
493 825
493 144
493 96
494 817
494 65
494 910
494 47
494 886
495 86
495 754
495 225
495 735
495 898
495 540
495 42
495 768
495 706
496 255
496 216
496 669
496 170
496 814
496 171
496 363
496 946
496 120
496 890
496 842
496 319
496 459
496 670
498 893
498 772
498 983
498 899
498 387
498 812
499 635
499 162
499 16
499 745
499 518
499 903
500 538
500 450
500 323
500 204
500 890
500 961
501 415
501 594
501 883
501 375
501 284
501 218
501 7
501 47
502 632
502 909
502 508
502 975
502 430
503 999
503 40
503 453
503 155
503 690
504 441
504 202
504 204
504 646
504 956
504 519
505 279
505 371
505 823
505 482
506 877
506 84
507 678
507 424
507 80
507 945
508 331
508 377
508 243
508 996
508 809
508 502
508 914
508 874
508 473
508 427
508 239
508 313
508 437
509 346
509 485
509 850
509 276
509 941
509 621
509 948
509 145
509 314
509 706
509 629
510 816
510 972
510 853
510 232
510 544
510 359
510 666
510 688
510 879
510 539
510 345
510 492
510 599
510 717
510 69
511 768
511 438
511 482
511 689
511 18
511 842
511 133
511 186
511 985
512 415
512 143
512 859
512 189
512 461
512 331
512 47
513 271
513 298
513 852
513 683
513 35
513 277
513 91
513 77
513 532
513 204
513 741
514 476
514 381
514 650
514 357
514 353
514 837
514 472
514 324
514 186
514 171
514 208
515 320
515 373
515 199
515 562
515 166
516 729
516 280
516 210
517 432
517 1000
517 309
517 607
517 973
517 383
517 778
517 325
517 488
517 951
517 323
517 806
517 924
517 444
517 453
518 49
518 248
518 650
518 763
518 670
518 41
518 902
518 115
518 499
518 432
518 810
518 536
518 412
518 848
518 276
519 240
519 435
519 504
519 108
519 296
519 900
519 462
519 725
519 40
519 969
519 137
519 272
519 199
519 181
519 530
519 886
519 926
520 772
520 168
520 589
521 148
521 476
521 66
521 92
521 227
521 118
521 730
521 491
522 174
522 925
522 600
522 446
522 144
522 293
522 750
523 563
523 823
523 272
523 941
524 319
524 74
524 939
524 98
524 712
524 697
524 711
524 139
524 558
524 932
525 353
525 1000
525 925
525 919
525 28
526 630
526 467
526 445
526 52
526 880
526 868
527 204
527 354
527 25
527 279
527 987
527 221
527 593
527 742
528 744
528 17
528 61
528 4
528 861
528 623
528 542
528 266
528 362
528 204
528 622
528 437
528 425
529 733
529 76
529 599
529 757
530 273
530 208
530 813
530 657
530 901
530 519
530 711
530 980
530 455
530 883
530 144
531 134
531 762
531 909
531 43
531 990
531 450
531 890
532 621
532 513
533 471
533 599
533 354
533 666
533 690
533 96
534 594
534 183
534 153
534 827
534 980
534 772
534 655
535 842
535 453
536 178
536 815
536 661
536 727
536 132
536 184
536 518
536 866
536 549
536 800
536 76
536 149
536 373
536 989
536 320
536 72
536 856
536 542
537 991
537 606
538 21
538 500
538 751
538 53
538 742
538 975
539 675
539 342
539 797
539 763
539 894
539 207
539 248
539 88
539 437
539 341
539 796
539 960
539 357
539 883
539 510
540 227
540 495
540 732
540 345
540 331
541 824
541 639
541 55
541 193
541 695
541 51
541 580
541 109
541 630
541 940
541 252
541 323
541 868
542 400
542 209
542 706
542 216
542 474
542 536
542 576
542 609
542 122
542 528
542 816
542 800
543 334
543 17
543 7
543 676
543 590
543 903
543 176
543 455
543 976
543 970
543 604
543 983
543 943
543 436
543 222
543 743
544 816
544 66
544 510
544 786
544 774
544 562
544 41
545 127
545 233
546 173
546 998
546 944
546 577
546 912
546 313
546 849
546 66
547 118
547 56
547 934
548 954
548 360
548 353
548 472
548 287
548 233
549 870
549 236
549 806
549 165
549 258
549 88
549 707
549 820
549 536
549 848
549 658
550 922
550 80
551 94
551 491
551 920
551 808
552 919
552 614
552 459
553 954
554 730
554 170
554 19
554 104
554 683
555 570
555 227
556 252
556 323
556 431
556 699
556 401
556 974
556 331
557 764
557 800
557 100
558 459
558 676
558 324
558 289
558 336
558 219
558 524
558 760
558 231
558 920
558 107
559 60
559 826
559 949
559 403
560 890
560 675
560 225
560 752
560 593
560 8
560 850
561 884
561 626
561 14
561 940
561 143
561 362
561 254
561 584
561 371
561 675
561 95
561 155
562 765
562 888
562 398
562 965
562 697
562 304
562 442
562 610
562 348
562 515
562 324
562 726
562 998
562 544
562 300
562 869
562 586
562 155
562 78
562 425
562 235
563 905
563 102
563 740
563 523
563 248
563 917
563 644
563 629
564 117
564 820
564 632
564 943
564 75
565 206
565 335
565 17
565 254
565 316
565 901
565 197
565 481
565 102
565 204
565 658
565 250
565 163
565 201
565 141
565 374
566 965
566 32
566 445
566 847
566 336
566 171
566 208
567 715
567 355
567 827
567 341
567 776
568 239
568 823
568 808
568 750
568 575
568 221
568 422
569 174
569 991
570 555
570 234
570 5
570 991
570 472
570 116
570 316
570 593
571 162
571 816
572 213
572 305
572 658
572 116
572 225
573 450
573 324
574 94
574 320
574 199
574 139
574 988
575 70
575 467
575 604
575 568
575 288
575 886
575 771
575 491
575 688
575 23
576 542
577 599
577 455
577 287
577 935
577 404
577 546
577 807
577 988
578 281
578 928
578 932
579 952
579 802
579 233
579 589
579 984
579 365
579 620
579 304
579 302
579 280
579 271
580 859
580 541
580 294
580 75
581 892
581 243
582 239
582 688
582 471
582 852
582 988
583 769
583 116
583 925
583 997
583 378
583 614
583 480
583 216
583 241
583 315
583 248
583 24
583 856
584 131
584 764
584 561
584 281
584 769
585 344
585 330
585 890
585 834
585 401
586 59
586 113
586 858
586 209
586 562
586 882
586 471
586 431
586 202
586 178
586 643
587 139
587 484
587 953
587 794
587 717
587 12
587 441
587 637
587 712
587 371
587 186
587 926
588 118
588 472
588 331
589 730
589 978
589 520
589 601
589 5
589 77
589 23
589 271
589 334
589 893
589 428
589 701
589 579
590 283
590 123
590 679
590 348
590 18
590 970
590 983
590 58
590 840
590 804
590 702
590 875
590 882
590 645
590 637
590 543
591 823
591 50
592 949
592 57
592 404
592 652
592 924
593 944
593 27
593 195
593 570
593 662
593 560
593 527
593 674
593 713
593 742
594 534
594 329
594 712
594 955
594 501
594 652
594 7
594 677
595 8
595 999
595 285
595 7
595 618
595 902
595 954
595 883
595 35
595 144
595 174
595 834
596 207
597 717
597 202
597 638
597 699
597 743
597 938
597 911
597 322
597 92
597 890
597 482
597 178
597 741
597 763
597 479
598 389
598 914
598 249
598 736
598 403
598 252
598 360
598 883
598 751
599 33
599 529
599 340
599 684
599 533
599 636
599 510
599 577
599 883
599 63
599 692
599 768
599 189
599 823
599 629
599 207
599 850
599 868
600 250
600 464
600 473
600 300
600 33
600 522
600 296
600 189
600 331
601 386
601 589
601 910
601 937
601 882
602 990
602 646
602 816
603 16
603 664
603 142
603 1000
603 488
603 398
603 758
603 940
603 74
603 157
604 180
604 813
604 370
604 756
604 611
604 120
604 866
604 875
604 176
604 744
604 543
604 64
604 119
604 621
604 403
604 575
604 27
604 9
604 294
605 730
605 687
605 431
605 353
605 136
605 753
605 826
606 477
606 200
606 32
606 25
606 476
606 537
606 783
606 941
606 262
606 636
606 792
606 349
606 741
607 624
607 994
607 151
607 616
607 385
607 517
608 946
608 660
608 903
609 84
609 13
609 69
609 542
610 562
610 250
610 174
610 428
610 263
611 365
611 433
611 370
611 908
611 617
611 604
611 201
611 893
611 207
612 969
612 351
612 823
612 142
612 745
613 810
613 858
613 690
613 937
614 781
614 172
614 998
614 786
614 286
614 772
614 201
614 552
614 279
614 480
614 583
614 675
615 971
615 144
615 65
616 88
616 278
616 41
616 978
616 795
616 16
616 183
616 720
616 607
616 200
616 837
616 220
616 74
616 392
616 706
616 931
617 713
617 472
617 683
617 690
617 611
617 830
618 724
618 467
618 660
618 742
618 595
618 830
619 318
619 651
619 979
619 143
619 746
619 105
619 422
619 417
620 752
620 839
620 265
620 965
620 460
620 949
620 636
620 361
620 68
620 138
620 467
620 849
620 107
620 579
621 680
621 532
621 787
621 465
621 995
621 672
621 673
621 604
621 170
621 509
622 528
622 194
622 784
622 925
622 701
622 219
623 91
623 791
623 10
623 22
623 736
623 646
623 528
623 437
623 186
623 41
623 991
623 285
624 922
624 673
624 170
624 999
624 946
624 769
624 607
624 743
625 388
625 147
625 826
625 933
625 55
625 24
625 311
625 415
625 652
625 80
625 69
626 786
626 561
626 795
626 675
626 166
626 386
626 425
627 465
627 211
627 778
627 730
628 76
629 509
629 265
629 451
629 599
629 487
629 563
629 30
629 49
629 23
629 771
629 632
629 210
629 201
630 369
630 759
630 526
630 400
630 185
630 750
630 865
630 969
630 248
630 935
630 422
630 955
630 360
630 40
630 377
630 215
630 541
630 660
631 890
632 961
632 717
632 261
632 52
632 502
632 62
632 637
632 629
632 564
632 874
632 76
632 292
632 823
632 808
632 666
632 999
632 23
632 252
632 910
632 157
633 443
633 349
633 882
634 376
634 142
634 424
634 221
634 345
635 499
635 415
635 432
635 772
635 847
635 178
635 961
635 9
635 974
635 387
636 341
636 606
636 599
636 949
636 620
636 221
636 906
637 74
637 92
637 632
637 880
637 587
637 590
637 906
638 687
638 597
639 917
639 844
639 541
639 403
639 776
639 900
640 999
640 432
640 750
640 446
641 166
641 279
641 964
641 290
641 459
641 243
641 451
641 411
641 415
641 859
641 826
641 660
641 247
642 252
642 287
643 668
643 586
643 59
643 457
643 350
643 273
643 917
643 817
643 819
643 801
643 40
643 783
643 286
643 488
643 826
643 466
643 201
643 927
644 741
644 659
644 119
644 447
644 563
644 704
644 167
644 33
644 865
644 688
644 877
644 776
644 457
645 925
645 766
645 590
646 504
646 623
646 602
646 268
646 107
646 233
646 893
646 922
646 691
646 759
646 943
646 742
647 362
647 909
647 652
647 446
647 461
647 722
648 695
648 186
648 977
649 218
649 407
650 94
650 841
650 280
650 829
650 313
650 514
650 518
651 619
652 592
652 625
652 391
652 457
652 594
652 647
652 988
652 20
652 735
652 812
652 682
652 917
652 440
653 440
653 287
653 74
653 127
653 15
653 197
653 859
653 378
653 211
653 224
653 108
653 113
653 265
653 235
654 992
654 949
654 995
654 683
655 891
655 917
655 69
655 855
655 25
655 11
655 145
655 534
655 760
655 454
655 837
655 660
655 436
656 335
656 947
656 731
656 406
656 831
656 871
656 33
656 944
656 445
656 492
656 428
656 50
656 302
657 252
657 820
657 530
658 989
658 160
658 565
658 21
658 572
658 295
658 549
658 10
658 11
659 673
659 644
659 233
659 243
660 281
660 655
660 457
660 608
660 618
660 322
660 174
660 262
660 630
660 326
660 641
660 154
660 317
660 917
660 204
660 10
660 412
660 4
661 471
661 536
661 8
661 412
662 241
662 776
662 66
662 593
663 252
663 79
663 886
664 231
664 385
664 603
665 127
665 45
666 818
666 303
666 632
666 533
666 244
666 143
666 355
666 701
666 141
666 510
666 910
666 247
667 828
667 998
667 452
667 36
667 684
667 939
667 901
667 977
668 643
668 841
668 492
668 402
669 252
669 405
669 450
669 219
669 496
670 356
670 449
670 363
670 318
670 496
670 450
670 736
670 518
671 893
671 795
672 621
672 221
672 276
673 63
673 892
673 786
673 624
673 717
673 391
673 659
673 962
673 621
673 319
673 943
673 417
674 373
674 924
674 935
674 593
675 561
675 310
675 857
675 120
675 64
675 369
675 67
675 238
675 813
675 560
675 810
675 626
675 614
675 919
675 539
675 977
676 231
676 56
676 10
676 558
676 543
676 266
676 345
677 947
677 594
677 79
677 930
677 10
677 330
677 7
677 711
678 351
678 837
678 770
678 507
678 243
679 978
679 741
679 749
679 964
679 726
679 735
679 686
679 852
679 309
679 290
679 921
679 943
679 590
679 807
680 993
680 945
680 767
680 621
681 711
681 395
682 827
682 877
682 652
682 440
683 72
683 654
683 413
683 554
683 617
683 796
683 962
683 139
683 998
683 739
683 117
683 513
684 599
684 323
684 751
684 768
684 418
684 283
684 667
685 990
685 887
685 847
685 816
685 47
686 679
686 220
686 980
687 116
687 75
687 421
687 225
687 954
687 120
687 132
687 32
687 864
687 24
687 316
687 893
687 605
687 638
687 858
687 415
687 985
687 772
687 860
687 133
687 437
687 221
688 575
688 902
688 154
688 480
688 773
688 448
688 644
688 977
688 582
688 510
688 690
689 177
689 467
689 60
689 847
689 472
689 920
689 736
689 361
689 511
690 503
690 185
690 303
690 952
690 706
690 533
690 688
690 446
690 81
690 617
690 613
690 735
690 874
690 989
690 844
690 858
690 348
690 880
690 72
691 492
691 450
691 646
692 994
692 14
692 210
692 329
692 192
692 740
692 599
692 203
692 61
692 168
692 115
692 397
692 752
692 294
693 993
693 161
693 138
693 311
693 834
693 886
694 698
695 648
695 541
696 893
697 562
697 524
697 730
697 220
697 183
697 975
697 209
698 694
698 998
698 76
698 148
698 889
698 386
698 976
698 925
698 920
698 268
698 276
699 287
699 450
699 481
699 910
699 464
699 734
699 848
699 416
699 556
699 808
699 44
699 597
700 712
700 955
701 119
701 948
701 714
701 425
701 666
701 457
701 622
701 258
701 589
701 822
701 480
701 884
701 815
701 40
701 977
701 807
702 590
702 903
703 803
703 250
703 401
703 882
704 858
704 311
704 143
704 644
704 208
704 988
705 162
705 221
706 73
706 509
706 730
706 616
706 364
706 741
706 495
706 690
706 542
707 204
707 549
707 391
707 285
707 792
707 159
707 41
707 941
707 926
707 346
708 44
708 927
708 482
708 95
708 28
709 405
709 24
709 362
709 210
709 354
709 768
709 827
710 745
710 974
711 146
711 117
711 677
711 161
711 221
711 172
711 372
711 49
711 524
711 149
711 681
711 140
711 364
711 530
711 85
711 488
712 845
712 954
712 700
712 429
712 814
712 129
712 594
712 327
712 587
712 729
712 524
712 724
712 945
713 383
713 908
713 851
713 617
713 264
713 991
713 927
713 593
713 483
713 24
713 189
714 701
714 24
714 323
714 354
714 141
714 941
714 899
715 567
715 760
715 170
715 471
715 319
716 272
716 189
716 769
716 937
717 723
717 719
717 320
717 510
717 446
717 797
717 632
717 673
717 220
717 894
717 491
717 597
717 137
717 587
718 792
718 338
718 961
718 770
718 226
718 202
719 341
719 717
719 377
720 127
720 322
720 10
720 72
720 616
720 983
720 937
721 372
721 797
721 202
721 852
721 812
721 985
722 257
722 647
722 232
722 24
722 28
722 266
722 163
722 298
722 395
723 717
723 60
724 244
724 30
724 89
724 391
724 257
724 618
724 712
724 966
724 250
724 887
724 204
725 186
725 519
726 679
726 562
726 891
727 762
727 768
727 536
728 357
728 415
728 852
728 921
728 941
728 233
729 516
729 902
729 712
729 204
729 222
730 627
730 521
730 605
730 326
730 697
730 975
730 554
730 802
730 706
730 589
730 293
731 840
731 436
731 133
731 149
731 895
731 885
731 295
731 250
731 738
731 324
731 459
731 890
731 281
731 656
731 77
731 757
731 345
732 119
732 457
732 915
732 362
732 540
732 783
732 255
732 108
732 29
732 30
732 176
732 152
732 272
732 349
732 200
732 387
732 374
733 529
733 216
733 445
733 56
734 316
734 699
734 924
735 495
735 679
735 441
735 820
735 919
735 652
735 690
735 906
736 64
736 380
736 267
736 598
736 623
736 62
736 161
736 689
736 670
736 329
736 303
737 368
737 183
737 16
738 786
738 102
738 731
738 166
738 485
738 868
739 372
739 683
739 850
739 440
740 431
740 80
740 563
740 692
741 147
741 367
741 260
741 606
741 485
741 597
741 982
741 513
741 793
741 465
741 833
741 909
741 679
741 751
741 644
741 74
741 706
742 236
742 538
742 646
742 793
742 990
742 342
742 593
742 290
742 923
742 51
742 772
742 435
742 159
742 873
742 289
742 110
742 618
742 527
742 16
742 485
743 344
743 543
743 120
743 221
743 760
743 770
743 903
743 470
743 624
743 597
743 932
744 405
744 922
744 797
744 604
744 528
744 77
744 40
745 612
745 799
745 59
745 499
745 916
745 116
745 710
745 453
745 906
745 365
745 105
745 877
746 290
746 438
746 79
746 619
746 482
746 485
747 766
747 276
748 983
748 336
748 63
748 937
749 841
749 679
749 832
749 488
749 882
750 803
750 568
750 44
750 640
750 916
750 270
750 420
750 24
750 151
750 522
750 411
750 355
750 170
750 826
750 27
750 630
750 985
751 598
751 741
751 684
751 166
751 82
751 538
751 760
751 80
751 887
751 994
752 197
752 795
752 199
752 206
752 43
752 560
752 401
752 926
752 178
752 407
752 692
752 620
753 110
753 413
753 605
753 441
753 893
753 830
754 965
754 375
754 316
754 495
754 50
754 349
754 189
754 276
755 225
755 311
755 120
755 422
755 4
756 785
756 757
756 296
756 759
756 127
756 953
756 467
756 80
756 604
756 980
756 303
757 128
757 780
757 936
757 529
757 731
757 787
757 463
757 338
757 989
757 756
757 825
757 44
757 443
757 971
757 892
757 404
758 92
758 859
758 603
758 934
759 873
759 488
759 646
759 112
759 42
759 630
759 756
760 310
760 133
760 751
760 347
760 465
760 286
760 715
760 270
760 10
760 558
760 655
760 743
761 853
761 54
761 841
761 202
761 204
762 61
762 73
762 107
762 72
762 228
762 727
762 123
762 894
762 238
762 474
762 531
762 817
762 41
762 900
762 985
763 21
763 394
763 26
763 597
763 256
763 441
763 431
763 539
763 776
763 518
764 792
764 129
764 193
764 557
764 584
764 100
764 277
764 391
764 769
764 310
765 984
765 562
766 244
766 747
766 788
766 645
766 35
766 480
766 95
766 199
766 142
766 856
766 181
766 906
766 4
767 925
767 281
767 680
767 428
767 8
768 495
768 20
768 37
768 727
768 599
768 684
768 709
768 386
768 511
769 353
769 979
769 26
769 196
769 836
769 136
769 24
769 584
769 624
769 227
769 964
769 716
769 838
769 418
769 63
769 583
769 764
769 455
769 415
770 678
770 4
770 995
770 837
770 467
770 992
770 827
770 718
770 210
770 75
770 743
771 352
771 956
771 575
771 166
771 935
771 629
772 409
772 408
772 290
772 635
772 295
772 520
772 498
772 68
772 422
772 229
772 4
772 534
772 154
772 614
772 742
772 687
772 222
773 226
773 688
773 349
773 361
773 436
774 544
774 104
774 76
774 835
774 316
774 83
774 897
774 210
774 95
774 487
774 177
774 917
774 793
774 302
774 921
774 891
775 284
775 960
776 662
776 201
776 644
776 763
776 567
776 168
776 815
776 639
776 950
776 869
776 281
777 471
777 153
777 284
777 7
777 990
777 446
777 924
778 177
778 627
778 517
779 330
779 791
780 954
780 757
780 816
780 266
781 614
781 797
781 971
781 144
781 243
782 263
782 431
782 27
782 477
782 488
782 208
783 92
783 606
783 732
783 84
783 643
784 480
784 622
784 229
784 837
784 219
785 756
785 63
785 16
785 437
785 796
785 926
785 974
785 975
786 290
786 626
786 347
786 313
786 738
786 544
786 471
786 311
786 673
786 210
786 945
786 220
786 354
786 491
786 614
786 79
786 975
786 276
786 868
787 902
787 621
787 757
788 117
788 491
788 810
788 349
788 766
789 869
789 310
789 325
789 807
789 100
790 402
790 96
791 989
791 956
791 832
791 408
791 986
791 42
791 824
791 427
791 201
791 977
791 892
791 124
791 779
791 798
791 623
792 158
792 718
792 764
792 606
792 707
792 157
792 935
792 8
792 276
793 28
793 301
793 774
793 889
793 375
793 96
793 429
793 47
793 471
793 467
793 899
793 168
793 741
793 742
793 69
794 284
794 989
794 587
795 255
795 981
795 626
795 671
795 322
795 973
795 202
795 752
795 616
795 974
795 430
796 843
796 785
796 806
796 994
796 539
796 683
797 744
797 397
797 67
797 781
797 443
797 239
797 998
797 282
797 165
797 721
797 386
797 151
797 717
797 539
797 166
797 7
797 247
798 115
798 872
798 363
798 973
798 987
798 917
798 935
798 791
799 940
799 492
799 745
800 542
800 149
800 557
800 982
800 139
800 455
800 536
800 285
801 40
801 880
801 643
801 69
802 883
802 730
802 987
802 425
802 75
802 579
803 936
803 703
803 14
803 176
803 264
803 845
803 52
803 56
803 750
803 167
803 266
803 243
804 826
804 63
804 590
805 880
806 92
806 445
806 549
806 796
806 517
807 103
807 789
807 461
807 383
807 701
807 86
807 228
807 577
807 679
807 390
808 699
808 101
808 189
808 216
808 56
808 46
808 632
808 568
808 172
808 326
808 337
808 551
808 50
808 133
808 987
808 69
809 93
809 977
809 508
810 613
810 881
810 934
810 29
810 308
810 458
810 788
810 518
810 984
810 492
810 675
810 946
811 56
811 892
811 924
812 721
812 263
812 845
812 498
812 121
812 925
812 652
813 604
813 530
813 675
813 924
813 95
814 712
814 373
814 496
814 903
815 701
815 776
815 386
815 536
815 848
816 542
816 971
816 571
816 780
816 122
816 370
816 332
816 211
816 602
816 479
816 685
816 194
816 544
816 510
816 927
816 491
816 310
816 100
817 494
817 821
817 893
817 830
817 115
817 762
817 77
817 260
817 925
817 847
817 980
817 643
818 666
818 116
819 959
819 920
819 869
819 643
819 78
819 485
820 129
820 350
820 872
820 657
820 564
820 452
820 246
820 179
820 152
820 549
820 735
820 922
820 120
820 170
820 852
820 48
821 925
821 817
822 479
822 701
823 320
823 124
823 10
823 212
823 290
823 888
823 591
823 632
823 831
823 568
823 87
823 612
823 599
823 450
823 338
823 505
823 523
823 852
823 407
823 9
823 219
823 387
824 541
824 977
824 44
824 84
824 791
825 848
825 757
825 24
825 322
825 358
825 127
825 493
825 450
825 6
825 240
825 170
825 472
825 209
826 804
826 641
826 885
826 750
826 559
826 605
826 349
826 142
826 625
826 643
826 69
827 386
827 11
827 249
827 534
827 567
827 682
827 41
827 69
827 709
827 770
827 887
828 98
828 362
828 1000
828 336
828 667
828 331
829 146
829 427
829 308
829 116
829 365
829 650
829 330
829 407
829 79
830 836
830 456
830 129
830 753
830 618
830 186
830 617
830 170
830 943
830 817
830 888
830 395
830 331
831 80
831 823
831 656
831 341
831 35
831 166
831 488
832 195
832 749
832 5
832 361
832 166
832 76
832 890
832 443
832 436
832 791
833 137
833 961
833 924
833 741
833 868
833 882
834 38
834 240
834 418
834 884
834 136
834 262
834 969
834 933
834 693
834 585
834 156
834 369
834 475
834 921
834 73
834 6
834 595
834 149
834 226
834 477
834 250
834 445
834 941
834 247
835 357
835 405
835 774
836 769
836 830
837 678
837 867
837 447
837 514
837 296
837 616
837 240
837 655
837 458
837 390
837 784
837 770
837 233
838 322
838 450
838 76
838 921
838 769
839 316
839 620
839 488
839 425
839 28
840 319
840 301
840 731
840 590
840 868
841 749
841 87
841 435
841 668
841 165
841 650
841 298
841 82
841 761
841 847
841 170
842 496
842 174
842 263
842 193
842 438
842 138
842 535
842 511
842 136
843 407
843 360
843 796
843 906
844 16
844 326
844 184
844 159
844 222
844 402
844 171
844 251
844 363
844 394
844 639
844 690
844 351
844 360
844 373
844 323
844 204
845 712
845 405
845 803
845 60
845 812
845 346
846 80
846 961
847 817
847 984
847 78
847 856
847 689
847 685
847 566
847 896
847 319
847 841
847 635
847 959
847 202
847 186
848 119
848 474
848 171
848 815
848 518
848 549
848 395
848 825
848 450
848 40
848 88
848 699
848 219
849 860
849 546
849 275
849 995
849 620
849 280
849 6
849 893
849 932
850 739
850 599
850 346
850 83
850 178
850 409
850 560
850 314
850 1000
850 509
850 28
851 713
851 926
851 96
851 430
852 721
852 967
852 820
852 582
852 333
852 159
852 954
852 823
852 728
852 276
852 81
852 330
852 375
852 106
852 679
852 117
852 215
852 229
852 126
852 266
852 513
853 761
853 510
853 428
853 888
853 222
854 372
854 227
854 139
854 8
855 201
855 655
856 106
856 583
856 67
856 940
856 536
856 766
856 954
856 467
856 847
856 960
857 127
857 280
857 106
857 281
857 675
857 864
858 704
858 423
858 885
858 25
858 108
858 128
858 1
858 613
858 16
858 690
858 687
858 231
858 920
858 586
859 433
859 580
859 641
859 758
859 305
859 164
859 984
859 512
859 50
859 323
859 463
859 54
859 107
859 336
859 341
859 892
859 243
859 653
859 209
860 177
860 849
860 215
860 459
860 687
861 528
862 474
862 56
862 353
863 387
863 430
864 192
864 870
864 857
864 900
864 303
864 285
864 444
864 287
864 198
864 437
864 687
864 106
864 477
864 880
864 392
864 219
865 431
865 644
865 322
865 349
865 630
866 604
866 536
867 32
867 837
867 79
867 926
868 526
868 223
868 738
868 840
868 541
868 412
868 786
868 12
868 599
868 833
868 201
869 905
869 776
869 965
869 789
869 377
869 81
869 62
869 163
869 1
869 478
869 562
869 819
869 445
869 215
870 549
870 93
870 864
870 903
871 137
871 154
871 656
871 166
872 268
872 820
872 118
872 798
872 255
872 430
873 759
873 742
874 632
874 900
874 508
874 690
875 7
875 424
875 431
875 604
875 377
875 185
875 590
876 893
876 392
877 458
877 682
877 983
877 279
877 745
877 506
877 644
877 65
877 264
877 441
877 349
878 411
878 93
878 88
878 946
879 980
879 510
880 801
880 805
880 277
880 939
880 273
880 864
880 218
880 637
880 690
880 15
880 526
880 999
880 313
880 200
881 143
881 883
881 810
881 945
881 345
882 749
882 833
882 400
882 131
882 703
882 280
882 633
882 601
882 586
882 590
883 881
883 598
883 539
883 595
883 230
883 369
883 802
883 952
883 57
883 984
883 914
883 63
883 530
883 472
883 599
883 210
883 501
884 561
884 834
884 701
884 436
884 69
884 440
885 231
885 858
885 826
885 731
885 142
885 453
885 41
885 374
886 942
886 663
886 519
886 440
886 948
886 693
886 494
886 575
886 287
887 952
887 724
887 231
887 349
887 393
887 313
887 685
887 945
887 827
887 751
887 461
887 220
887 16
887 331
887 47
888 830
888 853
888 154
888 562
888 892
888 823
888 324
889 959
889 917
889 698
889 793
889 331
890 446
890 832
890 201
890 631
890 116
890 531
890 496
890 731
890 930
890 585
890 597
890 560
890 977
890 500
890 354
890 215
891 979
891 425
891 774
891 196
891 27
891 726
891 381
891 655
891 361
891 461
892 927
892 319
892 888
892 232
892 307
892 148
892 406
892 249
892 859
892 954
892 811
892 757
892 581
892 673
892 437
892 459
892 235
892 791
893 671
893 138
893 589
893 876
893 928
893 849
893 696
893 498
893 196
893 139
893 611
893 448
893 753
893 236
893 687
893 817
893 646
894 426
894 355
894 56
894 717
894 458
894 439
894 116
894 7
894 386
894 279
894 18
894 49
894 294
894 762
894 539
895 404
895 16
895 731
896 847
896 23
896 157
897 969
897 491
897 143
897 774
897 66
897 417
898 959
898 495
899 169
899 423
899 793
899 972
899 498
899 714
899 136
899 153
899 266
900 874
900 911
900 639
900 341
900 259
900 247
900 762
900 56
900 324
900 310
900 864
900 430
900 519
901 373
901 565
901 142
901 530
901 667
901 985
902 787
902 466
902 729
902 968
902 443
902 2
902 347
902 435
902 286
902 165
902 338
902 688
902 488
902 518
902 595
902 430
903 870
903 402
903 441
903 126
903 269
903 499
903 303
903 167
903 127
903 313
903 453
903 86
903 904
903 608
903 814
903 702
903 924
903 944
903 543
903 47
903 743
904 143
904 341
904 473
904 903
905 869
905 925
905 239
905 40
905 167
905 306
905 563
905 19
906 347
906 960
906 253
906 735
906 766
906 9
906 636
906 231
906 843
906 637
906 13
906 745
906 96
907 106
907 919
908 713
908 611
909 741
909 325
909 423
909 502
909 647
909 127
909 137
909 531
909 425
909 233
909 69
910 666
910 494
910 601
910 632
910 332
910 217
910 329
910 64
910 207
910 118
910 209
910 1000
910 88
910 699
910 263
910 8
911 597
911 900
911 8
912 279
912 405
912 926
912 983
912 283
912 985
912 546
913 5
913 162
913 44
913 171
914 598
914 883
914 415
914 223
914 508
915 732
915 377
915 946
915 331
916 750
916 745
916 306
916 96
917 660
917 77
917 484
917 19
917 357
917 54
917 273
917 652
917 774
917 164
917 889
917 217
917 939
917 563
917 160
917 99
917 639
917 798
917 301
917 655
917 643
918 922
918 239
918 56
919 675
919 552
919 118
919 311
919 182
919 907
919 394
919 525
919 36
919 19
919 121
919 735
920 689
920 990
920 858
920 558
920 551
920 698
920 8
920 819
920 408
920 357
920 10
920 23
920 346
921 337
921 774
921 679
921 431
921 728
921 838
921 405
921 143
921 186
921 941
921 834
922 156
922 484
922 820
922 550
922 74
922 301
922 980
922 349
922 918
922 744
922 223
922 624
922 19
922 646
922 937
923 301
923 428
923 104
923 742
923 473
924 674
924 34
924 934
924 10
924 734
924 58
924 777
924 592
924 833
924 965
924 813
924 811
924 370
924 459
924 415
924 903
924 517
925 905
925 817
925 259
925 230
925 525
925 821
925 23
925 698
925 27
925 375
925 645
925 767
925 622
925 522
925 170
925 336
925 583
925 812
926 752
926 22
926 226
926 912
926 12
926 228
926 851
926 587
926 97
926 867
926 785
926 133
926 707
926 519
926 480
926 474
927 253
927 708
927 108
927 408
927 460
927 816
927 643
927 464
927 892
927 713
927 225
927 276
928 427
928 267
928 268
928 309
928 120
928 578
928 136
928 893
928 133
928 985
929 106
930 890
930 336
930 677
931 616
931 76
931 126
932 939
932 99
932 743
932 524
932 385
932 849
932 578
932 320
933 353
933 189
933 25
933 834
933 157
933 625
934 399
934 305
934 234
934 758
934 428
934 410
934 323
934 486
934 176
934 91
934 423
934 547
934 154
934 810
934 924
934 430
935 119
935 324
935 792
935 577
935 798
935 771
935 674
935 252
935 177
935 432
935 630
935 479
936 803
936 757
936 987
937 995
937 601
937 748
937 976
937 64
937 977
937 922
937 716
937 292
937 367
937 183
937 1
937 613
937 720
937 441
938 204
938 597
938 201
939 375
939 524
939 880
939 917
939 354
939 201
939 65
939 667
939 932
940 603
940 799
940 482
940 419
940 541
940 443
940 158
940 561
940 215
940 171
940 404
940 856
941 21
941 728
941 523
941 240
941 707
941 921
941 714
941 285
941 834
941 263
941 606
941 509
942 170
942 139
942 418
942 223
942 412
942 886
943 679
943 417
943 646
943 543
943 390
943 564
943 88
943 50
943 673
943 274
943 347
943 954
943 27
943 163
943 69
943 346
943 830
944 17
944 290
944 41
944 382
944 30
944 166
944 593
944 656
944 546
944 903
945 229
945 44
945 974
945 289
945 786
945 34
945 158
945 881
945 507
945 188
945 180
945 977
945 8
945 712
945 887
945 680
946 418
946 810
946 878
946 207
946 425
946 624
946 915
946 424
946 608
946 437
946 466
946 84
946 496
947 656
947 11
947 677
947 987
948 701
948 482
948 994
948 509
948 886
949 592
949 276
949 397
949 987
949 559
949 654
949 151
949 88
949 636
949 435
949 238
949 166
949 226
949 174
949 204
949 301
949 620
950 131
950 220
950 428
950 776
950 126
951 969
951 220
951 209
951 517
952 991
952 887
952 883
952 77
952 35
952 690
952 579
953 353
953 756
953 250
953 373
953 587
953 96
954 943
954 553
954 548
954 780
954 856
954 460
954 595
954 712
954 355
954 467
954 687
954 852
954 892
954 126
955 280
955 90
955 121
955 296
955 329
955 594
955 234
955 630
955 289
955 700
955 232
955 158
955 1000
955 137
955 425
956 449
956 274
956 424
956 504
956 965
956 771
956 999
956 445
956 791
957 453
958 170
959 961
959 408
959 92
959 347
959 889
959 414
959 398
959 348
959 29
959 898
959 819
959 122
959 250
959 847
959 418
959 485
960 209
960 447
960 315
960 775
960 856
960 192
960 539
960 906
961 235
961 635
961 412
961 193
961 500
961 199
961 833
961 364
961 481
961 365
961 846
961 959
961 632
961 718
961 995
961 992
962 64
962 673
962 19
962 683
963 143
963 1000
963 118
963 56
964 355
964 679
964 324
964 641
964 769
965 566
965 324
965 754
965 562
965 869
965 620
965 924
965 956
966 284
966 724
966 455
967 375
967 852
967 215
968 902
968 117
968 8
969 357
969 612
969 897
969 65
969 951
969 407
969 834
969 630
969 519
970 16
970 543
970 590
971 423
971 395
971 1000
971 108
971 182
971 781
971 5
971 615
971 407
971 757
971 148
971 463
971 241
971 334
971 468
971 362
971 816
972 510
972 322
972 899
972 425
973 795
973 798
973 69
973 517
974 35
974 785
974 795
974 277
974 1
974 82
974 28
974 635
974 710
974 556
974 945
974 65
975 786
975 538
975 697
975 409
975 785
975 502
975 730
975 431
975 157
975 348
975 88
975 331
975 48
976 153
976 698
976 543
976 937
977 675
977 809
977 648
977 287
977 824
977 701
977 403
977 688
977 945
977 890
977 667
977 937
977 791
978 106
978 679
978 589
978 616
978 207
979 619
979 226
979 52
979 345
979 769
979 891
979 174
980 23
980 756
980 530
980 459
980 686
980 991
980 534
980 315
980 817
980 879
980 922
980 418
981 162
981 795
981 349
982 995
982 741
982 461
982 800
983 248
983 748
983 79
983 271
983 498
983 912
983 543
983 414
983 431
983 160
983 316
983 720
983 81
983 877
983 303
983 590
983 387
984 765
984 847
984 883
984 859
984 810
984 579
984 7
985 721
985 901
985 762
985 912
985 750
985 95
985 928
985 297
985 511
985 991
985 337
985 687
985 16
985 13
985 453
986 7
986 106
986 992
986 199
986 791
987 936
987 527
987 808
987 84
987 947
987 802
987 949
987 798
987 204
987 222
988 404
988 704
988 582
988 574
988 396
988 577
988 313
988 10
988 652
988 79
989 794
989 474
989 690
989 57
989 536
989 49
989 43
989 428
989 658
989 757
989 791
990 392
990 406
990 216
990 531
990 685
990 110
990 483
990 481
990 777
990 602
990 489
990 202
990 920
990 219
990 742
991 952
991 537
991 570
991 569
991 623
991 238
991 491
991 88
991 281
991 980
991 713
991 461
991 107
991 985
992 101
992 321
992 986
992 420
992 109
992 337
992 654
992 961
992 770
993 311
993 680
993 693
994 948
994 203
994 796
994 751
994 240
994 199
994 692
994 607
995 982
995 483
995 69
995 316
995 654
995 405
995 961
995 381
995 167
995 770
995 621
995 849
995 7
995 937
996 272
996 92
996 404
996 220
996 25
996 455
996 508
997 357
997 311
997 353
997 441
997 583
997 84
998 797
998 562
998 614
998 698
998 683
998 667
998 546
998 209
999 418
999 462
999 956
999 640
999 503
999 624
999 632
999 32
999 595
999 96
999 880
1000 409
1000 963
1000 250
1000 828
1000 163
1000 139
1000 337
1000 525
1000 955
1000 449
1000 910
1000 603
1000 971
1000 850
1000 517
