1 869
1 858
1 225
1 373
1 974
1 331
1 937
1 356
1 355
1 250
2 902
2 66
2 38
3 102
3 316
3 445
3 452
3 410
3 61
4 470
4 371
4 100
4 464
4 92
4 260
4 316
4 766
4 755
4 435
4 343
4 772
4 807
4 338
4 662
4 191
4 834
5 381
5 913
5 883
5 750
5 366
5 112
5 570
5 80
5 971
5 832
5 474
5 589
5 6
5 21
5 670
6 5
6 582
6 504
6 730
6 122
6 13
6 849
6 66
6 834
6 39
6 657
6 738
7 677
7 777
7 875
7 320
7 238
7 472
7 425
7 594
7 252
7 797
7 984
7 710
7 175
7 884
7 127
7 306
7 894
7 543
7 595
7 387
7 971
8 81
8 854
8 159
8 661
8 68
8 249
8 767
8 968
8 910
8 226
8 792
8 560
8 911
8 456
8 355
8 920
8 186
8 945
8 208
8 595
8 516
9 249
9 635
9 604
9 823
9 242
9 405
9 13
9 906
9 986
9 691
10 660
10 476
10 658
10 920
10 760
10 193
10 676
10 412
10 720
10 443
10 718
10 823
10 60
10 924
10 677
10 623
10 781
11 234
11 658
11 166
11 863
11 279
11 827
11 655
11 319
11 375
11 522
12 678
12 724
12 148
12 444
12 193
12 241
12 847
12 443
12 25
12 136
12 587
12 144
12 868
12 532
12 228
12 159
12 913
12 874
13 9
13 6
13 985
13 609
13 832
13 471
13 353
13 906
13 577
13 390
13 193
14 341
14 561
14 692
14 803
14 47
14 115
14 609
14 568
15 518
15 81
15 825
15 233
15 877
15 558
15 207
15 334
15 945
15 746
15 250
15 580
15 200
15 880
15 178
15 653
15 254
15 738
15 400
15 939
16 214
16 301
16 68
16 742
16 127
16 302
16 388
16 985
16 737
16 133
16 785
16 499
16 887
16 970
16 941
16 450
16 402
16 80
16 844
16 858
16 603
16 616
16 637
16 420
16 486
16 758
16 781
17 944
17 63
17 565
17 528
17 74
17 543
17 49
17 401
17 810
18 199
18 894
18 511
18 590
18 363
18 484
18 169
18 323
19 962
19 192
19 905
19 298
19 88
19 554
19 922
19 917
19 402
19 919
19 157
20 768
20 652
20 115
20 737
20 609
20 410
21 149
21 54
21 5
21 531
21 196
21 867
21 538
21 252
21 336
21 941
21 763
21 833
21 527
21 556
21 335
21 83
21 234
22 764
22 804
22 680
22 684
22 547
22 399
22 623
22 189
22 465
23 476
23 575
23 343
23 281
23 357
23 216
23 30
23 493
23 920
23 431
23 632
23 896
23 198
23 487
23 411
23 925
23 492
23 980
23 589
23 629
23 808
23 94
23 250
24 713
24 714
24 709
24 583
24 255
24 353
24 825
24 687
24 750
24 625
24 769
24 722
24 477
24 552
24 643
24 664
25 244
25 527
25 84
25 933
25 996
25 12
25 265
25 224
25 606
25 858
25 655
25 286
25 748
25 983
25 458
25 570
25 57
26 388
26 229
26 891
26 774
26 284
26 503
26 356
26 143
26 769
26 901
26 880
27 782
27 943
27 604
27 148
27 87
27 750
27 34
27 416
27 50
27 30
27 353
27 925
27 201
27 891
27 876
27 901
27 252
28 355
28 77
28 29
28 839
28 181
28 525
28 275
28 125
28 708
28 850
28 280
28 722
28 110
28 216
28 414
29 595
29 556
29 101
29 466
29 974
29 362
29 831
29 650
29 565
29 106
29 66
29 959
29 154
29 732
29 183
29 28
29 112
29 335
30 414
30 648
30 522
30 83
30 260
30 101
30 172
30 148
30 51
30 167
30 784
30 429
30 322
30 252
30 724
30 311
30 323
30 281
30 27
30 23
30 629
30 944
31 532
31 295
31 619
31 913
31 317
32 386
32 128
32 566
32 175
32 867
32 279
32 271
32 219
32 606
32 687
32 999
32 462
33 561
33 156
33 642
33 320
33 444
33 501
33 162
33 266
33 300
33 372
33 375
33 471
33 599
33 600
33 644
34 251
34 345
34 748
34 621
34 896
34 532
34 741
34 849
34 956
34 360
34 319
34 27
34 924
34 201
34 270
34 337
34 121
35 132
35 952
35 595
35 114
35 278
35 104
35 831
35 167
35 139
35 766
35 415
35 974
35 513
35 270
35 504
35 624
35 626
36 919
36 667
36 809
36 876
36 895
36 404
37 139
37 306
37 419
37 360
37 199
37 538
37 325
37 481
37 154
37 249
37 779
37 899
37 626
37 48
38 616
38 904
38 737
38 632
38 835
38 451
38 859
38 775
38 201
38 581
38 2
38 786
38 80
38 328
38 158
38 445
38 751
38 851
39 223
39 536
39 751
39 955
39 69
39 6
39 374
39 177
39 281
39 102
40 409
40 503
40 66
40 102
40 324
40 905
40 110
40 469
40 701
40 139
40 87
40 801
40 630
40 744
40 98
40 323
40 643
40 519
40 206
41 418
41 544
41 885
41 762
41 623
41 76
41 290
41 842
41 827
41 616
41 518
41 944
41 363
41 116
41 996
41 639
42 591
42 231
42 977
42 951
42 512
42 717
42 86
42 329
42 201
42 495
42 759
42 791
42 732
42 913
42 318
43 290
43 242
43 904
43 455
43 392
43 503
43 320
43 441
43 531
43 752
43 208
43 559
43 928
44 135
44 757
44 708
44 356
44 699
44 216
44 403
44 824
44 359
44 143
44 506
44 660
44 945
44 750
44 417
45 315
45 259
45 358
45 175
45 217
45 429
45 67
45 366
45 97
45 665
45 763
45 157
45 788
45 441
45 336
45 256
45 223
45 243
45 387
45 435
45 778
45 169
45 524
45 978
45 121
46 660
46 228
46 617
46 837
46 308
46 972
46 372
46 772
47 494
47 405
47 402
47 190
47 512
47 501
47 131
47 205
47 887
47 14
47 492
47 208
47 793
47 436
47 123
47 394
47 801
47 234
47 765
47 73
48 975
48 234
48 391
48 820
48 449
48 37
48 483
49 137
49 321
49 958
49 17
49 258
49 661
49 471
49 711
49 202
49 989
49 629
49 518
49 815
49 375
49 597
49 232
50 227
50 808
50 591
50 754
50 64
50 316
50 859
50 27
50 943
50 430
50 763
51 137
51 63
51 541
51 65
51 425
51 742
51 904
51 934
51 30
51 123
51 286
51 801
52 979
52 526
52 445
52 632
52 80
52 498
52 286
53 538
53 154
53 407
53 208
54 761
54 859
54 917
54 484
54 21
55 504
55 320
55 120
55 107
55 333
55 499
55 890
55 491
55 541
55 625
55 853
55 241
55 193
55 551
56 803
56 467
56 733
56 197
56 164
56 811
56 918
56 862
56 676
56 547
56 900
56 963
56 320
56 894
56 808
56 272
56 430
56 281
56 897
56 831
57 391
57 153
57 887
57 661
57 301
57 25
57 883
57 989
57 474
57 110
57 249
58 383
58 631
58 801
58 847
58 879
58 664
58 826
58 988
58 274
58 563
58 63
58 202
58 924
58 590
58 207
59 586
59 322
59 450
59 745
59 643
59 208
59 583
59 352
59 211
60 559
60 689
60 268
60 10
60 408
60 79
60 328
60 160
60 439
60 723
60 178
60 664
60 189
60 310
60 436
60 703
60 945
60 410
61 663
61 435
61 938
61 192
61 91
61 496
61 3
61 719
61 711
61 335
61 762
61 692
61 528
61 945
61 458
61 62
61 213
62 151
62 476
62 397
62 387
62 157
62 881
62 656
62 727
62 61
62 603
62 102
62 736
62 632
62 869
62 201
62 763
62 238
62 547
62 879
62 232
63 17
63 769
63 432
63 51
63 748
63 785
63 388
63 136
63 883
63 673
63 599
63 477
63 77
63 58
63 368
63 694
63 502
64 962
64 988
64 578
64 426
64 358
64 736
64 415
64 604
64 910
64 937
64 50
64 180
64 978
65 974
65 311
65 51
65 254
65 494
65 372
65 415
65 615
65 282
65 939
65 969
65 877
65 411
65 709
65 410
65 277
66 473
66 486
66 2
66 6
66 897
66 546
66 152
66 83
66 544
66 521
66 40
66 119
66 289
66 833
66 29
67 355
67 162
67 157
67 728
67 854
67 325
67 488
67 723
67 471
67 45
67 351
67 797
67 174
67 856
67 387
68 16
68 231
68 772
68 620
68 8
68 207
68 624
69 801
69 793
69 387
69 973
69 402
69 826
69 909
69 625
69 808
69 609
69 80
69 884
69 943
69 548
69 477
69 301
69 995
69 827
69 655
69 219
69 488
69 39
69 175
70 200
70 353
70 575
70 876
70 377
70 880
70 660
70 131
70 283
71 938
71 225
71 720
71 829
71 515
71 942
71 157
72 536
72 690
72 119
72 720
72 762
72 229
72 226
72 683
72 592
72 317
72 652
73 423
73 657
73 921
73 265
73 102
73 134
73 47
73 285
73 905
73 386
73 762
73 320
73 116
73 706
74 637
74 17
74 616
74 741
74 603
74 524
74 922
74 301
74 653
74 315
74 597
74 196
74 151
74 624
75 433
75 770
75 299
75 289
75 580
75 802
75 564
75 687
75 395
75 264
75 831
76 444
76 98
76 536
76 529
76 628
76 475
76 832
76 838
76 445
76 774
76 250
76 88
76 698
76 632
76 41
76 931
76 498
76 783
76 82
77 205
77 127
77 63
77 744
77 98
77 147
77 731
77 105
77 952
77 373
77 569
77 917
77 817
77 589
77 513
77 28
77 876
77 526
77 687
78 199
78 160
78 819
78 562
78 419
78 847
78 295
78 923
78 171
78 317
78 801
79 242
79 663
79 333
79 786
79 867
79 829
79 450
79 365
79 164
79 93
79 983
79 60
79 162
79 746
79 157
79 677
79 181
79 708
79 504
79 446
79 768
80 399
80 507
80 152
80 52
80 756
80 831
80 16
80 550
80 5
80 740
80 751
80 490
80 846
80 453
80 625
80 69
80 440
80 652
80 996
80 916
80 38
81 920
81 317
81 493
81 416
81 636
81 367
81 559
81 93
81 154
81 181
81 463
81 294
81 544
81 633
81 226
81 869
81 852
81 8
81 690
81 675
81 15
81 640
82 720
82 708
82 283
82 537
82 455
82 847
82 745
82 564
82 549
82 907
82 661
82 978
82 637
82 445
82 706
82 955
82 76
82 841
82 974
82 374
82 465
82 929
83 471
83 920
83 21
83 968
83 895
83 313
83 259
83 850
83 30
83 66
83 618
83 91
83 738
83 464
84 354
84 120
84 280
84 946
84 997
84 950
84 875
84 497
84 92
84 274
84 224
84 25
84 987
84 255
84 437
85 711
85 133
85 144
85 339
86 323
86 495
86 807
86 903
86 42
87 841
87 353
87 40
87 823
87 27
87 285
87 627
87 658
87 714
88 480
88 76
88 910
88 848
88 549
88 426
88 878
88 991
88 135
88 362
88 975
88 324
88 19
88 539
88 616
88 943
88 345
88 916
88 483
89 480
89 724
89 371
89 178
89 176
89 252
89 104
89 320
89 608
90 955
90 167
90 437
90 677
90 897
91 819
91 823
91 584
91 324
91 83
91 284
91 934
91 513
91 374
91 694
91 61
92 186
92 300
92 121
92 480
92 337
92 637
92 521
92 996
92 806
92 597
92 783
92 758
92 739
92 959
92 472
92 4
92 504
92 808
92 197
92 84
93 186
93 200
93 79
93 878
93 870
93 727
93 199
93 250
93 417
93 613
93 81
93 874
93 669
94 650
94 262
94 551
94 574
94 108
94 983
94 945
94 826
94 315
94 620
94 23
94 889
94 421
94 222
94 441
94 263
94 804
94 559
94 845
95 395
95 774
95 561
95 394
95 303
95 219
95 260
95 437
95 985
95 607
96 851
96 790
96 916
96 533
96 953
96 999
96 493
96 409
96 573
96 174
96 793
96 386
96 326
97 604
97 783
97 703
97 209
97 491
97 316
97 45
97 196
97 598
98 213
98 828
98 554
98 686
98 472
98 238
98 76
98 524
98 431
98 77
98 479
98 40
98 901
98 845
99 343
99 108
99 176
99 795
99 958
99 431
99 917
99 932
99 619
99 548
100 557
100 402
100 816
100 164
100 789
100 189
100 764
100 4
100 618
101 591
101 741
101 827
101 898
101 248
101 376
101 361
101 329
101 366
101 808
101 30
101 29
101 271
102 62
102 565
102 433
102 295
102 3
102 271
102 310
102 738
102 39
102 149
102 40
102 137
102 563
102 313
102 116
102 966
102 695
102 73
103 521
103 429
103 982
103 997
103 199
103 807
103 941
104 482
104 89
104 554
104 404
104 269
104 774
104 35
104 395
105 296
105 224
105 195
105 324
105 745
105 450
105 410
105 619
105 687
105 77
105 144
105 171
105 208
105 387
105 188
105 465
106 351
106 986
106 864
106 852
106 907
106 857
106 131
106 767
106 215
106 856
106 809
106 905
106 29
106 234
106 691
107 173
107 298
107 991
107 147
107 558
107 620
107 859
107 646
107 779
107 851
107 916
107 55
108 127
108 172
108 142
108 939
108 187
108 94
108 732
108 858
108 971
108 653
108 519
108 159
108 151
108 585
108 99
108 801
108 548
109 992
109 541
109 453
109 225
110 133
110 57
110 976
110 778
110 934
110 408
110 488
110 28
110 753
110 990
110 40
110 281
110 152
110 116
111 897
111 934
112 815
112 448
112 450
112 138
112 29
112 486
112 320
112 402
112 204
112 759
112 462
112 613
112 5
113 586
113 653
114 487
114 35
114 311
114 916
114 129
115 768
115 20
115 893
115 749
115 149
115 579
115 823
115 281
115 544
115 816
115 14
115 118
115 692
115 798
115 817
115 144
115 670
115 935
116 570
116 73
116 102
116 818
116 110
116 41
116 829
116 687
116 890
116 894
116 583
116 745
116 636
116 326
116 330
117 564
117 788
117 683
117 331
117 184
117 206
117 852
117 481
117 895
117 711
117 222
117 303
117 609
117 583
118 588
118 521
118 547
118 127
118 245
118 872
118 161
118 115
118 244
118 963
118 919
118 443
118 910
118 634
118 338
118 131
119 66
119 404
119 455
119 727
119 660
119 701
119 604
119 732
119 644
119 72
119 848
119 652
120 263
120 487
120 334
120 419
120 820
120 755
120 137
120 425
120 700
120 687
120 84
120 604
120 675
120 928
120 496
120 743
120 637
120 55
120 765
121 796
121 823
121 626
121 949
121 45
121 34
121 648
121 244
121 883
121 252
121 92
121 955
121 349
121 919
121 153
121 812
121 255
121 126
121 810
122 405
122 959
122 287
122 325
122 243
122 816
122 542
122 6
122 264
123 856
123 488
123 149
123 47
123 763
123 492
123 51
123 497
123 459
123 327
123 197
123 319
123 824
123 590
123 295
123 305
124 823
124 791
124 637
124 908
124 548
125 992
125 316
125 28
126 482
126 852
126 279
126 931
126 217
126 202
126 954
126 445
126 436
126 189
126 866
126 121
126 903
126 871
127 720
127 381
127 857
127 665
127 545
127 756
127 118
127 825
127 16
127 77
127 909
127 653
127 222
127 903
127 528
127 804
127 793
127 108
127 7
128 32
128 362
128 858
128 757
128 813
128 300
129 114
129 814
129 336
129 939
129 178
129 820
129 712
129 764
129 392
129 830
129 166
130 353
130 159
130 254
131 950
131 584
131 618
131 70
131 706
131 423
131 976
131 538
131 118
131 252
131 453
131 106
131 47
131 882
131 778
131 593
132 246
132 262
132 687
132 320
132 35
132 536
132 783
132 640
133 85
133 180
133 687
133 928
133 511
133 808
133 372
133 470
133 760
133 16
133 731
133 926
133 110
133 560
133 648
134 531
134 779
134 73
135 385
135 204
135 855
135 504
135 806
135 44
135 88
135 188
135 437
135 486
135 985
135 897
135 639
135 431
136 842
136 63
136 605
136 12
136 836
136 834
136 928
136 769
136 559
136 548
136 234
137 409
137 871
137 955
137 51
137 909
137 102
137 165
137 833
137 230
137 717
137 820
137 120
137 167
137 49
137 504
138 893
138 842
138 620
138 693
138 262
138 112
139 454
139 466
139 854
139 35
139 524
139 395
139 574
139 942
139 328
139 329
139 893
139 143
139 1000
139 40
139 587
139 683
139 440
139 315
139 682
139 685
139 37
140 268
140 316
140 711
140 834
140 884
140 321
140 610
140 664
140 400
140 568
141 565
141 714
141 340
141 482
141 857
141 446
141 669
142 147
142 408
142 885
142 901
142 766
142 612
142 826
142 243
142 250
142 603
142 634
142 228
142 758
142 833
142 108
142 552
142 463
143 666
143 897
143 314
143 704
143 963
143 26
143 904
143 139
143 881
143 187
143 484
143 619
143 512
143 921
143 561
143 144
143 740
143 44
144 359
144 615
144 115
144 595
144 105
144 530
144 493
144 781
144 522
144 12
144 85
144 419
144 143
144 933
144 458
144 277
144 206
144 412
145 655
145 509
145 594
145 195
146 711
146 373
146 829
146 682
146 649
147 353
147 250
147 373
147 77
147 142
147 625
147 741
147 107
148 521
148 336
148 892
148 27
148 971
148 698
148 30
148 12
148 916
149 308
149 102
149 536
149 463
149 877
149 652
149 675
149 932
149 711
149 731
149 800
149 115
149 356
149 123
149 21
149 896
149 978
150 813
150 904
150 294
150 602
150 638
150 548
151 223
151 108
151 551
151 199
151 74
151 231
151 250
151 797
151 750
151 607
151 972
151 335
151 62
152 296
152 993
152 621
152 902
152 904
152 618
152 155
152 110
152 238
152 187
152 592
152 177
152 80
152 820
152 229
152 66
152 486
152 430
153 777
153 534
153 159
153 121
153 744
153 883
153 57
153 400
154 37
154 871
154 304
154 29
154 772
154 53
154 934
154 688
154 888
154 81
155 562
155 503
155 383
155 425
155 400
155 152
155 674
156 922
156 210
156 834
156 33
156 703
156 512
157 369
157 487
157 79
157 632
157 617
157 412
157 206
157 19
157 71
157 45
157 67
157 780
157 779
157 62
158 792
158 38
158 955
158 288
158 390
158 161
158 940
158 325
158 842
158 874
158 763
158 945
158 250
158 404
158 882
158 426
159 376
159 12
159 315
159 462
159 108
159 130
159 803
159 581
159 415
159 432
159 852
159 844
159 153
159 8
159 742
159 222
159 895
159 758
159 262
159 292
160 350
160 644
160 916
160 862
160 193
160 917
160 60
160 229
160 78
160 983
160 420
160 662
161 252
161 118
161 158
161 711
161 736
161 348
161 171
161 693
161 368
161 674
161 238
161 840
162 981
162 913
162 499
162 705
162 236
162 79
162 808
162 33
162 67
162 417
163 565
163 395
163 455
163 943
163 320
163 485
163 355
163 1000
163 869
163 471
163 722
163 464
164 56
164 218
164 859
164 917
164 100
164 712
164 79
164 408
164 212
165 902
165 841
165 353
165 137
165 797
165 549
165 865
165 369
166 944
166 738
166 305
166 515
166 388
166 495
166 238
166 283
166 783
166 653
166 848
166 129
166 324
166 814
166 250
166 11
166 641
166 949
166 522
166 770
166 506
167 315
167 137
167 90
167 192
167 35
167 456
167 905
167 803
167 644
167 995
167 903
167 30
168 793
168 307
168 520
168 282
168 910
168 692
168 776
168 204
168 626
168 392
169 45
169 521
169 708
169 18
169 209
169 307
169 704
169 899
169 740
169 912
169 271
169 735
169 714
170 925
170 315
170 624
170 825
170 841
170 621
170 820
170 554
170 715
170 750
170 958
170 942
170 496
170 276
170 830
170 498
170 816
170 284
170 352
170 238
171 940
171 566
171 235
171 409
171 105
171 161
171 913
171 514
171 78
171 268
171 231
171 844
171 848
171 496
172 198
172 392
172 250
172 490
172 870
172 711
172 210
172 614
172 808
172 295
172 30
172 872
172 286
172 108
172 427
172 669
173 202
173 204
173 107
173 430
173 546
173 295
173 195
173 785
174 335
174 255
174 67
174 569
174 96
174 268
174 259
174 595
174 979
174 195
174 875
174 302
174 518
174 891
174 842
174 660
174 750
174 426
174 502
174 983
175 413
175 69
175 948
175 342
175 470
175 544
175 330
175 946
175 811
175 762
175 830
175 32
175 45
175 592
175 7
175 410
175 237
175 781
176 411
176 89
176 322
176 490
176 604
176 732
176 803
176 250
176 543
176 815
176 403
176 99
176 926
176 640
177 935
177 689
177 774
177 778
177 357
177 487
177 39
177 308
177 860
177 430
177 152
177 826
177 966
177 548
178 635
178 373
178 465
178 586
178 394
178 254
178 752
178 89
178 403
178 291
178 15
178 642
178 536
178 850
178 60
178 437
178 664
178 129
179 820
179 223
179 940
179 613
179 266
179 774
180 554
180 64
180 641
180 420
180 254
180 742
180 431
180 604
180 133
180 522
180 732
180 709
180 556
180 924
180 244
181 79
181 766
181 265
181 519
181 257
181 423
181 28
181 924
181 81
182 369
182 717
182 217
182 261
182 853
182 253
182 471
182 411
182 919
182 971
182 287
183 187
183 697
183 29
183 426
183 737
183 534
183 616
183 937
183 966
184 669
184 953
184 728
184 491
184 273
184 708
184 890
184 541
184 844
184 117
184 536
184 243
184 412
184 247
184 321
184 776
185 875
185 630
185 690
185 942
186 847
186 725
186 921
186 8
186 587
186 290
186 511
186 648
186 623
186 244
186 882
186 92
186 93
186 830
187 341
187 143
187 183
187 272
187 152
187 108
187 427
187 926
187 244
188 105
188 831
188 676
188 677
188 806
188 135
188 259
188 586
188 472
188 204
188 804
189 716
189 481
189 599
189 425
189 933
189 713
189 332
189 60
189 754
189 414
189 22
189 808
189 100
189 683
189 126
189 551
190 208
190 47
190 440
190 873
190 353
191 4
191 600
191 871
191 622
191 724
191 201
191 954
191 872
191 465
191 867
192 167
192 692
192 19
192 864
192 960
192 809
192 832
192 61
193 943
193 669
193 953
193 781
193 723
193 13
193 783
193 632
193 616
193 294
193 620
193 950
193 55
193 764
193 10
193 541
193 961
193 249
193 12
193 916
193 160
193 396
194 199
194 622
194 816
194 771
195 937
195 145
195 913
195 610
195 604
195 207
195 173
195 850
195 838
195 105
195 832
195 979
195 742
195 174
195 709
196 97
196 290
196 634
196 300
196 729
196 74
196 893
196 769
196 891
196 815
196 594
196 585
196 21
197 998
197 365
197 302
197 92
197 282
197 276
197 530
197 573
197 718
197 772
197 871
197 440
197 852
197 842
197 525
197 813
197 341
197 860
197 56
197 255
197 565
197 752
197 653
197 228
197 123
197 709
198 443
198 172
198 864
198 740
198 23
198 232
199 994
199 194
199 412
199 432
199 574
199 515
199 766
199 18
199 93
199 986
199 402
199 632
199 961
199 752
199 395
199 78
199 103
199 151
199 779
199 426
199 37
200 70
200 321
200 279
200 464
200 880
200 732
200 93
200 606
200 616
200 221
200 15
200 234
201 191
201 611
201 27
201 62
201 629
201 34
201 938
201 868
201 565
201 939
201 855
201 230
201 890
201 614
201 776
201 643
201 791
201 42
201 244
201 38
202 58
202 469
202 173
202 761
202 235
202 721
202 232
202 49
202 990
202 847
202 504
202 347
202 718
202 363
202 795
202 586
202 303
202 126
202 408
203 692
203 994
203 395
203 522
203 752
204 527
204 504
204 724
204 987
204 729
204 112
204 844
204 487
204 188
204 565
204 431
204 949
204 761
204 341
204 938
204 173
204 528
204 500
204 513
204 168
204 707
204 815
204 968
204 135
205 77
205 47
205 649
206 40
206 537
206 772
206 327
206 516
206 645
206 600
206 369
206 144
206 565
206 117
206 740
206 157
206 737
206 927
207 482
207 256
207 596
207 611
207 409
207 599
207 68
207 58
207 946
207 539
207 910
207 195
207 15
208 566
208 447
208 190
208 704
208 782
208 105
208 59
208 8
208 53
208 514
208 43
208 341
208 778
208 946
208 339
208 47
208 234
209 951
209 998
209 825
209 697
209 859
209 586
209 876
209 577
209 97
209 362
209 169
209 874
209 318
210 211
210 709
210 883
210 516
210 629
210 786
210 462
210 770
210 264
210 286
210 466
210 172
210 156
210 704
210 404
210 692
210 774
210 262
210 390
211 462
211 59
211 606
211 575
211 533
211 473
211 472
211 425
211 296
211 210
211 377
211 488
211 816
211 653
212 164
212 975
212 716
212 913
212 481
212 892
212 474
212 554
212 375
212 445
212 823
212 417
212 216
212 454
212 463
212 871
213 591
213 61
213 373
213 98
213 577
213 454
213 929
214 318
214 527
214 263
214 607
214 573
214 367
214 276
214 532
214 581
214 297
214 273
214 16
214 316
214 300
214 390
214 321
214 840
215 852
215 630
215 268
215 940
215 967
215 890
215 220
215 420
215 860
215 869
215 585
215 783
215 512
215 106
216 212
216 986
216 707
216 306
216 996
216 973
216 762
216 756
216 28
216 733
216 990
216 44
216 23
216 583
216 303
216 496
216 542
216 720
216 485
217 280
217 362
217 45
217 917
217 126
217 910
217 888
217 182
218 164
218 410
218 368
218 501
218 502
218 255
218 880
218 349
218 722
218 277
219 356
219 69
219 864
219 317
219 823
219 784
219 622
219 334
219 990
219 848
219 433
219 712
219 605
219 253
219 272
219 32
219 323
219 558
219 453
219 670
219 768
219 996
219 95
219 454
219 626
219 400
220 254
220 686
220 351
220 951
220 697
220 389
220 717
220 887
220 996
220 616
220 786
220 950
220 432
220 506
220 215
220 660
220 490
220 570
221 568
221 411
221 705
221 480
221 634
221 527
221 687
221 468
221 636
221 273
221 672
221 200
221 711
221 743
221 585
221 916
222 987
222 729
222 159
222 772
222 117
222 543
222 127
222 853
222 266
222 350
222 365
222 303
222 844
222 322
222 301
222 94
223 179
223 942
223 45
223 914
223 374
223 229
223 480
223 922
223 868
223 39
223 660
223 151
223 390
223 879
224 252
224 105
224 25
224 653
224 381
224 84
225 361
225 755
225 1
225 560
225 927
225 373
225 572
225 109
225 687
225 402
225 495
225 254
225 71
225 539
226 773
226 326
226 979
226 324
226 380
226 81
226 340
226 482
226 72
226 913
226 445
226 926
226 718
226 446
226 8
226 949
226 390
226 933
227 483
227 540
227 555
227 521
227 461
227 854
227 50
227 769
227 740
228 362
228 654
228 678
228 638
228 571
228 142
228 197
228 313
228 773
228 766
228 392
228 263
228 12
228 762
228 926
228 458
228 483
228 46
229 152
229 852
229 784
229 349
229 160
229 72
229 402
229 772
229 945
229 223
229 984
229 26
229 950
229 547
230 311
230 925
230 883
230 137
230 201
230 485
230 851
230 264
231 258
231 885
231 171
231 68
231 558
231 408
231 676
231 664
231 858
231 887
231 461
231 906
231 42
231 151
231 570
232 383
232 198
232 912
232 499
232 481
232 62
232 49
232 635
232 510
232 441
232 202
232 892
232 955
232 722
232 876
232 769
233 312
233 728
233 837
233 545
233 272
233 659
233 548
233 452
233 909
233 323
233 646
233 263
233 579
233 15
233 337
234 290
234 823
234 21
234 106
234 136
234 438
234 656
234 47
234 668
234 348
234 267
234 943
234 208
234 200
234 890
234 264
234 828
234 622
234 570
234 955
234 934
234 11
234 48
234 664
234 638
235 330
235 562
235 892
235 460
235 338
235 432
235 653
235 898
235 961
235 202
235 474
235 171
235 626
235 483
236 549
236 162
236 893
236 742
236 430
236 804
236 289
236 984
236 292
236 464
236 684
237 289
237 334
237 722
237 785
237 329
237 175
237 727
237 732
237 841
237 564
237 488
237 492
237 459
237 532
237 318
238 622
238 357
238 870
238 161
238 687
238 62
238 468
238 848
238 771
238 712
238 170
238 7
238 675
238 762
238 991
238 370
238 152
238 321
238 640
238 166
238 98
238 831
239 905
239 438
239 582
239 269
239 508
239 568
239 296
239 918
239 465
239 262
239 797
239 453
239 364
239 446
239 933
239 765
240 837
240 474
240 834
240 994
240 941
240 825
240 519
241 350
241 55
241 611
241 640
241 662
241 255
241 12
242 279
242 353
242 472
242 9
242 79
242 465
242 43
242 354
243 285
243 45
243 659
243 678
243 803
243 122
243 387
243 184
243 581
243 518
243 704
243 565
243 522
243 508
243 641
243 385
243 428
243 142
244 695
244 650
244 989
244 294
244 187
244 336
244 369
244 180
244 201
244 525
244 836
244 724
244 118
244 25
244 186
244 766
244 666
244 121
245 118
245 968
246 132
246 820
246 395
246 950
246 369
246 987
247 666
247 797
247 641
247 280
247 261
247 834
247 184
247 486
247 910
247 914
248 583
248 467
248 983
248 563
248 539
248 630
248 518
248 517
248 410
248 101
248 397
249 887
249 726
249 193
249 651
249 441
249 37
249 57
249 432
249 858
249 598
249 827
249 9
249 8
249 969
249 255
250 151
250 147
250 610
250 76
250 166
250 959
250 413
250 142
250 158
250 93
250 388
250 834
250 176
250 953
250 565
250 703
250 322
250 386
250 1
250 23
250 1000
250 172
250 600
250 324
250 731
250 575
250 15
250 972
251 492
251 844
251 415
251 369
251 34
252 314
252 598
252 224
252 161
252 30
252 642
252 398
252 541
252 556
252 669
252 21
252 663
252 657
252 632
252 441
252 131
252 89
252 992
252 27
252 7
252 935
252 571
252 121
253 219
253 450
253 927
253 431
253 906
253 182
254 130
254 225
254 15
254 624
254 285
254 727
254 753
254 440
254 553
254 561
254 220
254 178
254 482
254 565
254 432
254 65
254 180
254 933
255 449
255 424
255 363
255 381
255 241
255 197
255 218
255 296
255 84
255 121
255 974
255 538
255 249
255 174
255 24
255 732
255 496
255 400
255 335
255 926
256 45
256 443
256 763
256 207
256 387
257 724
257 353
257 407
257 181
257 722
257 364
257 300
257 337
258 329
258 231
258 415
258 549
258 701
258 49
258 472
258 277
259 925
259 45
259 174
259 900
259 188
259 317
259 83
260 385
260 817
260 741
260 4
260 30
260 292
260 95
261 632
261 247
261 664
261 182
262 159
262 138
262 543
262 809
262 890
262 707
262 317
262 210
262 551
262 499
262 132
262 94
262 330
262 606
262 239
262 371
262 834
262 560
262 978
263 941
263 782
263 305
263 273
263 910
263 461
263 94
263 610
263 233
263 120
263 472
263 842
263 812
263 228
263 914
263 214
264 230
264 403
264 122
264 681
264 775
264 945
264 75
264 713
264 210
264 877
264 386
264 401
264 234
265 25
265 620
265 629
265 181
265 653
265 532
265 884
265 637
265 912
265 321
265 73
266 676
266 899
266 803
266 852
266 179
266 385
266 528
266 222
266 33
266 840
267 736
267 928
267 833
267 605
267 234
268 171
268 140
268 872
268 423
268 698
268 60
268 174
268 646
268 215
268 928
268 440
269 239
269 903
269 104
269 765
270 361
270 971
270 459
270 968
270 34
270 462
270 664
270 832
270 35
270 869
270 405
270 399
270 720
270 335
270 544
271 510
271 169
271 516
271 101
271 102
271 32
271 589
271 579
271 513
271 276
271 709
271 639
272 716
272 219
272 996
272 290
272 56
272 732
272 338
272 187
272 523
272 324
272 800
272 233
272 420
272 748
272 972
272 660
272 879
272 318
273 530
273 880
273 917
273 643
273 263
273 221
273 992
273 184
273 556
273 214
273 277
273 337
273 397
274 956
274 943
274 58
274 904
274 619
274 317
274 84
275 849
275 28
275 758
275 432
275 916
275 939
275 926
276 170
276 792
276 672
276 484
276 356
276 927
276 754
276 271
276 747
276 698
276 786
276 518
276 640
276 949
276 905
276 214
276 197
277 962
277 218
277 258
277 144
277 65
277 978
277 649
277 431
277 273
277 683
277 441
277 764
277 974
277 513
277 586
278 311
278 35
278 616
278 452
278 577
278 463
279 912
279 505
279 11
279 403
279 242
279 358
279 527
279 968
279 32
279 894
279 877
279 200
279 126
279 641
279 614
280 364
280 650
280 857
280 217
280 28
280 426
280 284
280 405
280 411
280 955
280 84
280 849
280 579
280 247
280 882
280 581
281 731
281 857
281 445
281 776
281 767
281 578
281 30
281 991
281 39
281 110
281 584
281 409
281 56
281 316
281 23
281 660
281 115
281 966
281 785
281 548
281 752
282 797
282 168
282 65
282 884
282 376
282 690
282 412
282 396
282 197
283 715
283 573
283 949
283 70
283 491
283 590
283 742
283 618
283 166
283 82
284 775
284 91
284 501
284 471
284 966
284 794
284 654
284 510
284 170
284 571
284 370
284 317
284 615
284 346
284 26
284 280
284 939
285 623
285 800
285 406
285 391
285 87
285 707
285 941
285 243
285 864
285 254
285 73
286 52
286 334
286 589
286 172
286 837
286 51
286 377
286 344
286 25
286 567
286 902
286 760
286 210
286 643
287 548
287 122
287 577
287 182
287 475
287 642
287 464
287 435
287 314
287 699
287 418
287 977
287 457
287 864
287 653
287 338
287 737
288 158
288 575
288 413
288 682
289 919
289 366
289 621
289 695
289 66
289 961
289 392
289 344
289 236
289 332
289 935
289 652
289 945
289 955
289 742
289 75
289 237
290 272
290 786
290 772
290 823
290 746
290 186
290 679
290 41
290 641
290 742
290 944
290 196
290 43
290 234
291 178
291 352
292 901
292 763
292 236
292 697
292 260
292 820
292 445
292 159
292 913
292 556
292 632
292 937
292 949
292 568
293 522
293 395
293 730
293 623
294 692
294 580
294 449
294 604
294 407
294 150
294 404
294 894
294 370
294 81
294 427
294 526
294 193
294 716
294 720
294 244
295 123
295 719
295 330
295 31
295 661
295 331
295 748
295 173
295 697
295 601
295 78
295 172
295 102
295 772
295 731
295 972
295 735
296 756
296 955
296 105
296 239
296 837
296 600
296 255
296 519
296 152
296 716
296 211
297 985
297 839
297 214
298 841
298 19
298 107
298 722
298 513
298 376
298 780
298 458
299 75
300 517
300 128
300 402
300 723
300 869
300 616
300 214
300 754
300 859
300 627
300 257
300 92
300 562
300 415
300 33
300 196
300 638
301 74
301 484
301 222
301 69
301 923
301 840
301 917
301 317
301 16
301 922
301 793
301 325
301 908
301 871
301 57
302 656
302 774
302 977
302 355
302 16
302 604
302 926
302 197
302 174
303 222
303 380
303 216
303 983
303 590
303 554
303 117
303 989
303 202
303 666
303 95
304 562
304 154
304 579
304 804
304 356
304 972
304 803
305 710
305 338
305 536
305 123
305 607
305 567
305 984
305 263
305 373
305 859
305 934
305 166
305 572
305 682
305 942
305 454
305 464
306 388
306 7
306 905
306 452
306 448
306 960
306 216
306 874
306 37
307 892
307 168
307 865
307 169
307 657
307 396
308 314
308 810
308 747
308 476
308 974
308 888
308 149
308 177
308 829
308 949
308 46
309 310
309 377
309 679
309 928
309 517
309 516
309 462
309 330
309 737
309 369
310 900
310 60
310 816
310 764
310 789
310 317
310 309
310 642
310 760
310 102
310 675
310 602
310 648
311 997
311 30
311 230
311 625
311 786
311 755
311 704
311 993
311 693
311 278
311 114
311 919
311 65
312 233
312 845
312 840
313 880
313 102
313 650
313 508
313 400
313 920
313 786
313 887
313 546
313 903
313 228
313 83
314 252
314 143
314 509
314 850
314 287
314 853
314 738
314 308
314 786
315 920
315 550
315 74
315 139
315 983
315 515
315 167
315 45
315 170
315 980
315 960
315 159
315 882
315 408
315 94
315 318
316 734
316 125
316 50
316 465
316 281
316 140
316 839
316 754
316 214
316 97
316 3
316 570
316 447
316 687
316 565
316 774
316 995
316 983
316 4
316 485
316 853
316 867
317 970
317 582
317 989
317 31
317 640
317 274
317 78
317 980
317 888
317 408
317 538
317 259
317 72
317 411
317 310
317 219
317 331
317 301
317 262
317 81
317 284
318 622
318 506
318 237
318 326
318 654
318 272
318 445
318 770
318 315
318 209
318 42
318 372
318 619
318 214
319 34
319 673
319 496
319 715
319 11
319 390
319 892
319 847
319 455
319 865
319 123
319 874
319 879
320 574
320 515
320 132
320 536
320 73
320 89
320 330
320 717
320 7
320 467
320 823
320 163
320 56
320 33
320 694
320 112
320 43
320 55
321 214
321 460
321 265
321 140
321 184
321 546
321 662
321 323
321 238
321 200
321 49
321 834
322 419
322 597
322 838
322 30
322 59
322 720
322 972
322 222
322 412
322 865
322 432
322 357
322 825
322 795
322 176
322 250
322 873
322 394
322 950
323 86
323 500
323 684
323 556
323 30
323 40
323 541
323 714
323 844
323 219
323 18
323 859
323 934
323 377
323 480
323 517
323 233
323 321
324 964
324 88
324 888
324 900
324 573
324 514
324 250
324 879
324 965
324 40
324 226
324 105
324 562
324 558
324 731
324 272
324 935
324 385
324 91
324 714
324 166
325 789
325 122
325 301
325 909
325 158
325 517
325 590
325 902
325 67
325 972
325 785
325 426
325 37
326 487
326 673
326 658
326 610
326 96
326 356
326 903
326 811
326 449
326 714
326 116
326 226
326 730
326 844
326 808
326 992
326 813
326 592
326 408
326 638
326 483
326 318
327 712
327 435
327 923
327 123
327 837
327 206
328 60
328 139
328 619
328 896
328 786
328 38
329 433
329 139
329 736
329 594
329 258
329 406
329 955
329 692
329 910
329 604
329 42
329 968
329 237
329 101
330 585
330 377
330 320
330 367
330 262
330 852
330 677
330 309
330 116
330 552
330 829
330 235
330 295
330 175
331 1
331 438
331 556
331 375
331 830
331 887
331 915
331 588
331 317
331 540
331 420
331 828
331 429
331 889
331 975
331 600
331 512
331 416
331 117
331 508
331 295
331 530
331 626
332 189
332 910
332 816
332 558
332 289
332 559
333 852
333 79
333 395
333 436
333 792
333 839
333 55
334 120
334 971
334 543
334 219
334 589
334 865
334 420
334 286
334 15
334 512
334 237
334 568
335 970
335 255
335 548
335 270
335 151
335 21
335 29
335 800
335 843
335 882
335 174
335 656
335 984
335 738
335 61
336 45
336 21
336 925
336 566
336 930
336 859
336 148
336 399
336 478
336 439
336 748
336 828
336 472
336 558
336 244
336 129
336 818
337 731
337 257
337 427
337 34
337 339
337 864
337 273
337 233
337 92
337 1000
337 992
337 921
337 985
337 954
337 905
338 118
338 708
338 429
338 398
338 474
338 287
338 773
338 616
338 462
338 4
338 902
338 405
338 718
338 402
338 823
338 757
338 272
338 235
338 712
338 305
339 914
339 888
339 891
339 823
339 782
339 346
339 208
339 940
339 382
339 85
339 990
339 348
339 897
339 337
339 840
340 226
340 599
340 472
340 443
340 872
340 141
341 453
341 719
341 208
341 14
341 636
341 187
341 567
341 859
341 831
341 904
341 204
341 539
341 900
341 925
341 197
342 474
342 539
342 742
342 834
342 175
343 405
343 471
343 450
343 23
343 4
343 99
344 367
344 585
344 491
344 743
344 289
344 286
344 421
345 676
345 540
345 88
345 881
345 457
345 794
345 737
345 893
345 488
345 413
345 473
345 34
345 502
346 284
346 707
346 466
346 943
346 920
346 845
346 510
346 509
346 640
346 660
346 339
347 902
347 760
347 786
347 375
347 959
347 202
347 457
347 943
347 906
347 984
347 602
348 339
348 161
348 975
348 690
348 763
348 457
348 959
348 562
348 590
348 364
348 234
349 466
349 877
349 606
349 121
349 395
349 773
349 754
349 371
349 826
349 633
349 981
349 732
349 788
349 218
349 922
349 887
349 229
349 422
349 532
350 160
350 820
350 643
350 222
350 712
350 241
351 678
351 67
351 478
351 409
351 612
351 106
351 220
351 943
351 548
351 533
352 497
352 968
352 291
352 614
352 735
352 170
352 59
352 771
352 450
352 432
352 884
352 571
352 355
352 840
353 953
353 525
353 147
353 27
353 933
353 165
353 257
353 70
353 997
353 87
353 242
353 24
353 514
353 862
353 130
353 477
353 13
353 715
353 190
353 769
353 374
353 966
353 401
353 824
354 527
354 939
354 800
354 925
354 575
354 392
354 804
354 665
354 242
354 84
354 559
354 844
354 691
355 302
355 954
355 8
355 567
355 163
355 666
355 390
355 964
355 352
355 916
355 1
355 894
355 28
355 67
356 304
356 585
356 370
356 1
356 486
356 984
356 547
356 766
356 747
356 149
356 717
356 464
356 44
356 219
356 276
356 979
356 326
356 26
357 539
357 920
357 728
357 835
357 997
357 433
357 322
357 969
357 177
357 917
357 23
357 514
357 559
357 459
357 238
358 279
358 825
358 45
358 873
358 966
358 64
358 417
359 144
359 44
359 510
359 691
359 840
360 363
360 34
360 844
360 548
360 598
360 630
360 843
360 37
361 689
361 456
361 773
361 593
361 225
361 832
361 620
361 809
361 364
361 270
361 737
361 527
361 101
362 528
362 709
362 647
362 128
362 828
362 217
362 971
362 962
362 579
362 209
362 467
362 561
362 88
362 228
362 954
362 850
362 29
362 602
363 882
363 890
363 41
363 742
363 18
363 360
363 202
363 798
363 255
363 844
363 496
363 375
364 239
364 722
364 901
364 823
364 535
364 526
364 987
364 257
364 815
364 348
364 361
364 995
364 280
364 711
364 961
364 395
364 833
364 610
364 879
365 829
365 961
365 79
365 745
365 611
365 579
365 222
365 813
365 502
365 197
366 45
366 453
366 459
366 289
366 912
366 5
366 101
367 344
367 330
367 432
367 741
367 937
367 594
367 737
367 81
367 908
367 504
367 214
367 724
368 423
368 63
368 549
368 161
368 686
368 612
368 218
368 748
368 674
368 581
369 309
369 598
369 525
369 572
369 611
369 936
369 246
369 562
369 251
369 165
369 631
369 626
369 630
369 883
369 675
369 157
369 966
369 206
369 244
369 684
369 182
370 560
370 238
370 942
370 897
370 427
370 433
370 410
370 826
370 294
370 860
370 391
370 937
370 606
370 414
370 924
370 611
370 816
370 356
370 284
371 376
371 561
371 89
371 587
371 262
371 505
371 524
371 349
371 4
371 737
371 845
372 318
372 33
372 739
372 721
372 854
372 46
372 424
372 467
372 711
372 133
372 65
372 479
372 896
373 146
373 515
373 814
373 536
373 901
373 844
373 451
373 396
373 305
373 674
373 147
373 953
373 1
373 677
373 178
373 77
373 225
373 767
373 872
373 486
373 602
373 673
373 213
374 447
374 82
374 565
374 353
374 91
374 885
374 486
374 223
374 39
375 212
375 433
375 347
375 939
375 754
375 501
375 852
375 33
375 967
375 363
375 924
375 543
375 11
375 587
375 49
375 925
375 471
375 793
375 331
375 526
375 934
375 786
376 282
376 999
376 550
376 755
376 298
376 734
376 371
376 436
376 159
376 551
376 101
377 442
377 915
377 323
377 426
377 309
377 389
377 211
377 719
377 630
377 875
377 70
377 330
377 869
377 407
377 508
377 286
377 831
378 583
378 653
378 765
380 736
380 226
380 472
380 303
380 636
380 968
380 484
380 483
381 623
381 862
381 224
381 829
381 507
381 803
381 635
381 5
381 127
381 255
381 514
381 446
381 995
381 891
382 944
382 577
382 385
382 339
383 713
383 807
383 517
383 58
383 155
383 916
383 490
383 232
383 831
384 732
384 695
384 648
384 933
385 266
385 260
385 243
385 324
385 382
385 623
385 932
385 559
385 135
385 771
386 431
386 626
386 96
386 264
386 601
386 748
386 827
386 32
386 797
386 894
386 698
386 768
386 250
386 455
386 571
386 776
386 867
386 73
387 983
387 635
387 863
387 256
387 823
387 732
387 7
387 105
387 498
387 45
387 67
387 726
387 243
387 69
387 857
387 62
388 306
388 16
388 250
388 625
388 166
388 63
388 26
388 897
388 610
389 598
389 220
389 377
389 421
390 970
390 693
390 754
390 223
390 210
390 527
390 214
390 13
390 553
390 226
390 355
390 158
390 837
390 943
390 807
390 804
390 853
390 319
390 401
391 724
391 57
391 673
391 707
391 652
391 764
391 285
391 48
391 370
391 720
392 864
392 876
392 616
392 129
392 684
392 594
392 168
392 990
392 172
392 228
392 289
392 778
392 792
392 354
392 43
393 887
394 496
394 322
394 456
394 406
394 708
394 47
394 813
394 992
394 415
394 919
394 178
394 844
394 95
394 767
394 675
395 104
395 199
395 333
395 434
395 681
395 493
395 364
395 722
395 246
395 203
395 75
395 95
395 477
395 971
395 139
395 163
395 349
395 293
395 848
395 452
396 787
396 519
396 307
396 911
396 902
396 193
396 733
396 282
396 373
396 988
396 857
397 768
397 542
397 981
397 611
397 690
397 248
397 794
397 761
397 972
397 273
397 797
397 692
397 62
398 252
398 959
398 562
398 603
398 338
398 972
399 578
399 897
399 487
399 775
399 952
399 614
399 270
399 80
399 336
399 934
399 22
400 892
400 15
400 753
400 153
400 441
400 219
400 140
400 255
400 811
400 630
400 313
400 542
400 949
400 512
400 155
401 509
401 653
401 353
401 264
401 17
401 782
401 483
401 390
401 609
402 409
402 16
402 668
402 225
402 338
402 790
402 19
402 489
402 844
402 229
402 199
402 69
402 47
402 100
402 903
402 300
402 624
402 810
402 112
403 977
403 598
403 559
403 639
403 176
403 279
403 604
403 178
403 44
403 905
403 264
403 845
404 294
404 996
404 210
404 592
404 405
404 577
404 158
404 443
404 36
404 957
404 104
404 988
404 119
404 914
405 845
405 912
405 280
405 835
405 122
405 9
405 338
405 921
405 744
405 669
405 343
405 270
405 709
405 434
405 404
405 995
405 425
405 47
405 779
406 329
406 990
406 892
406 656
406 285
406 767
406 873
406 462
406 394
407 377
407 969
407 257
407 843
407 53
407 649
407 468
407 752
407 829
407 823
407 971
407 294
407 848
407 626
408 164
408 654
408 842
408 816
408 942
408 202
408 415
408 326
408 315
408 420
408 231
408 959
408 772
408 927
408 60
408 920
408 142
408 791
408 110
408 511
408 613
408 602
408 317
408 867
408 714
409 772
409 432
409 40
409 1000
409 402
409 137
409 351
409 281
409 171
409 975
409 207
409 96
409 850
409 420
410 952
410 60
410 248
410 737
410 175
410 3
410 667
410 730
410 65
410 20
410 218
410 105
410 370
410 682
410 646
411 750
411 280
411 23
411 641
411 182
411 317
411 878
411 65
411 415
411 432
411 176
411 461
411 221
412 661
412 184
412 485
412 282
412 144
412 199
412 322
412 10
412 961
412 868
412 157
412 414
413 288
413 250
413 345
413 175
414 412
414 623
414 28
414 959
414 453
414 370
414 30
414 189
415 625
415 419
415 258
415 411
415 512
415 394
415 464
415 159
415 728
415 641
415 635
415 64
415 460
415 300
415 769
415 914
415 35
415 251
415 681
415 687
415 501
415 65
415 461
415 436
415 804
415 408
416 27
416 699
416 331
416 430
416 778
416 608
416 81
417 93
417 212
417 44
417 162
417 574
417 358
417 986
418 980
418 959
418 942
418 287
418 684
418 985
418 999
418 834
418 946
418 41
418 769
418 792
418 551
418 593
419 322
419 940
419 415
419 120
419 144
419 78
419 37
420 837
420 888
420 962
420 160
420 590
420 866
420 487
420 867
420 334
420 272
420 609
420 16
420 871
420 999
420 409
420 809
420 470
420 595
420 992
420 750
420 215
420 331
420 561
420 180
420 408
421 344
421 940
421 389
421 955
421 746
421 456
421 485
421 624
421 640
421 94
422 491
422 755
422 349
422 568
422 619
422 772
422 630
422 595
422 465
423 268
423 858
423 909
423 934
423 971
423 899
423 181
423 740
423 778
423 969
423 368
423 131
423 547
423 73
424 372
424 875
424 255
424 507
424 946
424 956
424 634
425 802
425 972
425 839
425 405
425 51
425 909
425 626
425 955
425 528
425 562
425 701
425 189
425 946
425 7
425 120
425 891
425 211
425 155
425 488
426 158
426 467
426 600
426 753
426 174
426 325
426 199
426 465
426 583
426 766
426 88
426 894
426 377
426 895
426 280
426 183
426 64
427 294
427 668
427 172
427 900
427 187
427 829
427 508
427 791
427 370
427 337
428 656
428 989
428 610
428 434
428 950
428 923
428 736
428 593
428 243
428 934
428 598
429 712
429 45
429 793
429 331
429 30
429 103
429 338
429 613
430 50
430 863
430 502
430 795
430 851
430 902
430 173
430 236
430 900
430 416
430 56
430 872
430 177
430 152
430 570
431 763
431 99
431 975
431 98
431 875
431 865
431 586
431 556
431 180
431 605
431 782
431 253
431 876
431 135
431 204
431 23
431 386
431 921
431 983
431 277
432 409
432 367
432 411
432 518
432 635
432 935
432 640
432 159
432 254
432 352
432 275
432 199
432 63
432 322
432 220
432 235
432 517
432 249
433 357
433 102
433 329
433 375
433 859
433 611
433 75
433 370
433 560
433 219
433 640
434 405
434 428
434 446
434 395
434 949
434 940
434 581
435 944
435 489
435 327
435 729
435 929
435 45
435 902
435 841
435 287
435 742
435 519
435 4
435 874
435 61
435 765
436 60
436 47
436 543
436 333
436 655
436 884
436 415
436 832
436 773
436 376
436 647
436 731
436 126
437 687
437 623
437 528
437 95
437 892
437 90
437 785
437 446
437 178
437 552
437 84
437 135
437 649
437 861
437 539
437 457
437 864
437 972
437 966
438 239
438 842
438 746
438 511
438 331
438 876
438 234
439 336
439 894
439 60
439 675
439 908
440 682
440 80
440 652
440 739
440 884
440 268
440 190
440 139
440 886
440 498
440 254
440 197
441 763
441 43
441 504
441 45
441 232
441 997
441 277
441 753
441 877
441 735
441 937
441 252
441 587
441 903
441 249
441 94
441 400
442 487
442 562
442 377
442 452
442 912
442 608
443 12
443 118
443 633
443 256
443 832
443 757
443 340
443 198
443 902
443 940
443 797
443 10
443 404
443 638
444 76
444 864
444 517
444 33
444 12
445 869
445 212
445 566
445 3
445 806
445 733
445 226
445 526
445 38
445 474
445 956
445 834
445 281
445 76
445 52
445 126
445 876
445 966
445 292
445 82
445 318
446 647
446 226
446 381
446 434
446 777
446 141
446 239
446 829
446 79
446 846
446 890
446 437
446 690
447 837
447 644
447 208
447 960
447 374
447 804
447 760
447 585
447 556
447 316
448 688
448 893
448 904
448 486
448 306
448 112
448 840
449 1000
449 255
449 956
449 670
449 294
449 48
449 326
449 488
450 848
450 691
450 352
450 343
450 253
450 500
450 59
450 16
450 531
450 573
450 669
450 838
450 705
450 699
450 823
450 105
450 79
450 825
450 452
450 112
451 373
451 629
451 641
451 791
451 38
452 278
452 450
452 395
452 442
452 971
452 3
452 233
452 667
452 306
452 851
452 933
453 484
453 517
453 219
453 957
453 503
453 366
453 109
453 239
453 414
453 131
453 535
453 885
453 560
453 341
453 80
453 745
453 903
453 482
453 605
453 685
454 718
454 906
454 305
454 729
454 920
454 219
454 760
454 212
454 213
454 854
454 139
454 655
454 804
454 610
454 502
455 319
455 911
455 801
455 386
455 718
455 721
455 777
455 843
455 924
455 163
455 543
455 119
455 609
455 905
455 43
455 82
456 167
456 361
456 830
456 682
456 394
456 640
456 966
456 883
456 986
456 421
456 8
457 348
457 437
457 347
457 287
457 644
457 732
457 652
457 701
457 643
457 345
457 815
457 873
457 526
457 568
458 687
458 228
458 61
458 25
458 298
458 528
458 144
458 482
458 583
458 585
458 879
459 552
459 892
459 860
459 366
459 237
459 496
459 357
459 558
459 731
459 924
459 980
459 641
459 270
459 123
460 954
460 927
460 620
460 415
460 235
460 577
460 559
460 321
461 991
461 411
461 512
461 415
461 647
461 982
461 891
461 231
461 227
461 887
461 263
461 807
461 646
462 790
462 918
462 309
462 479
462 32
462 112
462 406
462 600
462 694
462 999
462 210
462 519
462 159
462 270
462 853
462 338
462 781
462 211
463 142
463 212
463 802
463 278
463 521
463 149
463 859
463 971
463 757
463 81
464 163
464 83
464 961
464 878
464 236
464 305
464 678
464 716
464 924
464 415
464 699
464 600
464 200
464 287
464 4
464 356
465 807
465 242
465 754
465 191
465 105
465 422
465 82
465 889
465 862
465 22
465 760
465 316
465 239
465 621
465 178
465 741
465 559
465 980
465 426
466 902
466 210
466 139
466 946
466 349
466 643
466 346
466 571
466 29
467 320
467 618
467 793
467 756
467 248
467 372
467 689
467 526
467 954
467 856
467 362
467 56
467 770
467 575
467 620
467 426
468 407
468 971
468 221
468 649
468 238
469 40
469 202
469 813
469 872
469 483
470 743
470 4
470 420
470 976
470 477
470 133
470 616
470 175
471 182
471 777
471 793
471 786
471 49
471 13
471 533
471 586
471 33
471 343
471 163
471 661
471 375
471 582
471 715
471 284
471 67
471 833
471 83
472 570
472 263
472 689
472 380
472 514
472 617
472 92
472 242
472 340
472 825
472 588
472 548
472 258
472 7
472 883
472 188
472 813
472 336
472 614
472 966
472 639
472 211
472 98
473 586
473 894
473 600
473 66
473 508
473 637
473 949
473 345
473 211
474 862
474 342
474 482
474 235
474 57
474 240
474 926
474 5
474 639
474 547
474 989
474 848
474 445
474 762
474 542
474 338
474 212
475 76
475 287
475 834
476 521
476 514
476 606
476 10
476 23
476 527
476 62
476 308
477 834
477 395
477 69
477 63
477 782
477 864
477 470
477 24
477 768
477 606
477 353
478 869
478 351
478 336
478 934
478 483
479 822
479 935
479 98
479 372
479 671
479 816
479 760
479 637
479 462
480 766
480 784
480 89
480 323
480 614
480 92
480 688
480 88
480 583
480 701
480 221
480 926
480 223
481 990
481 699
481 189
481 565
481 117
481 961
481 872
481 781
481 483
481 212
481 232
481 37
482 746
482 141
482 948
482 254
482 505
482 597
482 453
482 940
482 474
482 226
482 104
482 511
482 126
482 207
482 815
482 720
482 490
482 458
483 481
483 943
483 228
483 235
483 478
483 380
483 973
483 326
483 88
483 48
483 469
483 227
483 990
483 995
483 713
483 577
483 610
483 597
483 401
484 707
484 899
484 380
484 494
484 674
484 18
484 54
484 143
484 922
484 492
484 917
484 301
484 453
484 587
484 276
484 876
484 568
485 819
485 742
485 959
485 230
485 786
485 316
485 421
485 595
485 216
485 758
485 163
485 509
485 412
485 880
486 448
486 649
486 514
486 152
486 700
486 823
486 768
486 923
486 653
486 373
486 16
486 247
486 696
486 135
486 608
486 66
486 682
486 356
486 112
486 374
487 114
487 774
487 23
487 442
487 728
487 177
487 120
487 204
487 157
487 629
487 420
487 326
487 399
488 831
488 749
488 211
488 782
488 69
488 711
488 922
488 449
488 713
488 912
488 425
488 603
488 517
488 110
488 345
488 123
488 67
488 972
488 237
488 568
489 990
489 402
489 435
489 609
489 777
489 548
489 864
490 969
490 859
490 593
490 220
490 383
490 482
490 589
490 80
490 172
490 176
490 577
490 533
490 974
491 788
491 575
491 97
491 551
491 897
491 55
491 786
491 816
491 283
491 344
491 717
491 521
491 991
491 422
491 748
491 184
492 237
492 668
492 251
492 691
492 484
492 510
492 799
492 23
492 810
492 123
492 47
493 23
493 395
493 825
493 144
493 96
493 954
493 940
493 783
493 81
493 551
494 817
494 65
494 910
494 47
494 886
494 484
494 914
495 86
495 754
495 225
495 735
495 898
495 540
495 42
495 706
495 778
495 166
496 255
496 216
496 669
496 170
496 814
496 171
496 363
496 946
496 120
496 890
496 842
496 319
496 459
496 804
496 834
496 394
496 61
497 884
497 123
497 779
497 84
497 352
498 737
498 76
498 742
498 52
498 440
498 644
498 170
498 641
498 510
498 642
498 523
498 893
498 983
498 387
498 812
498 916
498 839
498 570
499 635
499 162
499 16
499 745
499 518
499 903
499 637
499 598
499 262
499 556
499 55
499 879
499 232
500 538
500 450
500 323
500 204
500 890
500 961
500 899
500 585
501 415
501 594
501 883
501 375
501 284
501 218
501 47
501 33
501 716
502 897
502 938
502 797
502 454
502 174
502 345
502 365
502 63
502 632
502 508
502 975
502 430
502 904
502 637
502 873
502 218
503 999
503 40
503 453
503 155
503 690
503 26
503 43
504 797
504 751
504 367
504 608
504 682
504 92
504 79
504 994
504 137
504 35
504 441
504 202
504 204
504 956
504 519
504 6
504 135
504 55
505 279
505 371
505 823
505 482
505 904
505 559
505 716
506 614
506 777
506 166
506 877
506 976
506 44
506 640
506 220
506 318
507 678
507 424
507 80
507 945
507 381
508 331
508 377
508 243
508 996
508 809
508 502
508 914
508 473
508 427
508 663
508 239
508 313
508 780
509 346
509 485
509 850
509 941
509 621
509 948
509 145
509 314
509 702
509 706
509 629
509 401
510 816
510 972
510 853
510 232
510 544
510 359
510 666
510 539
510 545
510 692
510 935
510 492
510 599
510 717
510 498
510 346
510 284
510 674
510 640
510 551
510 271
511 438
511 482
511 689
511 18
511 408
511 842
511 133
511 186
511 985
512 334
512 765
512 156
512 215
512 400
512 604
512 415
512 143
512 859
512 461
512 331
512 47
512 42
513 271
513 298
513 852
513 683
513 35
513 277
513 91
513 77
513 532
513 204
513 741
513 544
514 476
514 381
514 650
514 357
514 353
514 837
514 472
514 324
514 171
514 208
514 486
514 978
515 320
515 373
515 199
515 562
515 166
515 315
515 813
515 71
515 840
516 752
516 8
516 659
516 988
516 792
516 309
516 600
516 768
516 729
516 210
516 865
516 271
516 206
517 432
517 1000
517 309
517 973
517 383
517 778
517 325
517 488
517 951
517 323
517 806
517 924
517 444
517 248
517 453
517 300
518 49
518 248
518 650
518 763
518 670
518 41
518 902
518 499
518 962
518 432
518 810
518 536
518 848
518 276
518 703
518 15
518 243
518 174
519 240
519 435
519 504
519 108
519 296
519 900
519 462
519 725
519 40
519 969
519 181
519 530
519 886
519 926
519 396
520 772
520 168
520 589
521 148
521 476
521 66
521 92
521 227
521 118
521 730
521 491
521 103
521 169
521 942
521 463
522 203
522 543
522 11
522 180
522 166
522 144
522 293
522 619
522 30
522 243
523 563
523 823
523 272
523 941
523 498
524 74
524 939
524 98
524 712
524 697
524 999
524 895
524 45
524 711
524 139
524 558
524 932
524 778
524 371
524 880
524 639
525 353
525 1000
525 925
525 919
525 28
525 813
525 369
525 244
525 652
525 197
526 457
526 561
526 294
526 983
526 375
526 874
526 77
526 724
526 953
526 630
526 467
526 445
526 52
526 868
526 364
526 781
527 591
527 476
527 21
527 361
527 598
527 204
527 354
527 25
527 279
527 987
527 221
527 742
527 390
527 214
528 744
528 17
528 61
528 861
528 623
528 542
528 266
528 127
528 362
528 204
528 622
528 437
528 425
528 609
528 926
528 458
528 547
529 733
529 76
529 599
529 757
529 758
529 914
529 646
529 675
530 273
530 813
530 519
530 772
530 331
530 825
530 711
530 883
530 144
530 865
530 197
531 134
531 762
531 909
531 43
531 990
531 450
531 890
531 21
532 265
532 237
532 31
532 12
532 810
532 835
532 349
532 513
532 34
532 214
533 888
533 635
533 351
533 490
533 471
533 599
533 666
533 690
533 96
533 767
533 792
533 211
534 594
534 183
534 153
534 827
534 980
534 772
534 655
534 638
535 842
535 453
535 364
535 933
536 178
536 815
536 661
536 727
536 132
536 184
536 518
536 866
536 549
536 906
536 76
536 149
536 373
536 989
536 320
536 72
536 856
536 542
536 39
536 305
537 991
537 606
537 660
537 738
537 82
537 206
538 21
538 500
538 751
538 53
538 742
538 975
538 317
538 131
538 255
538 37
539 675
539 342
539 797
539 894
539 207
539 248
539 88
539 437
539 341
539 796
539 960
539 225
539 357
539 883
539 510
539 884
539 751
539 593
540 227
540 495
540 732
540 345
540 331
540 649
541 639
541 55
541 193
541 695
541 51
541 580
541 109
541 630
541 681
541 940
541 252
541 323
541 868
541 184
542 400
542 706
542 216
542 474
542 536
542 576
542 609
542 122
542 637
542 528
542 816
542 800
542 636
542 626
542 397
543 334
543 17
543 7
543 676
543 590
543 176
543 455
543 976
543 970
543 715
543 604
543 983
543 943
543 436
543 222
543 743
543 375
543 522
543 968
543 262
543 908
544 816
544 66
544 513
544 270
544 672
544 805
544 832
544 510
544 786
544 562
544 41
544 115
544 614
544 81
544 175
545 127
545 233
545 611
545 510
546 173
546 998
546 577
546 912
546 313
546 748
546 849
546 66
546 809
546 321
546 840
547 229
547 528
547 745
547 423
547 62
547 855
547 868
547 118
547 56
547 356
547 657
547 22
547 474
548 99
548 351
548 281
548 136
548 489
548 790
548 108
548 177
548 150
548 124
548 553
548 954
548 360
548 472
548 287
548 233
548 335
548 69
549 870
549 236
549 806
549 165
549 258
549 88
549 707
549 820
549 536
549 848
549 368
549 82
550 922
550 80
550 315
550 376
551 681
551 835
551 809
551 189
551 589
551 794
551 55
551 808
551 510
551 418
551 624
551 782
551 792
551 493
551 376
551 94
551 491
551 920
551 979
551 262
551 151
551 735
552 614
552 142
552 24
552 596
552 842
552 919
552 459
552 437
552 330
553 954
553 254
553 390
553 608
553 839
553 548
554 730
554 170
554 19
554 104
554 683
554 778
554 303
554 180
554 640
554 658
554 874
554 212
554 98
555 570
555 227
555 934
556 499
556 273
556 597
556 180
556 933
556 785
556 447
556 633
556 588
556 21
556 252
556 323
556 431
556 699
556 974
556 331
556 29
556 292
557 764
557 800
557 100
557 916
558 459
558 676
558 324
558 336
558 219
558 524
558 760
558 332
558 231
558 920
558 107
558 15
558 662
559 813
559 354
559 746
559 598
559 505
559 753
559 460
559 43
559 921
559 601
559 897
559 465
559 332
559 357
559 939
559 94
559 136
559 768
559 631
559 385
559 60
559 826
559 403
559 81
560 133
560 262
560 861
560 657
560 903
560 433
560 982
560 800
560 890
560 225
560 752
560 593
560 8
560 850
560 809
560 370
560 950
560 867
560 453
561 884
561 626
561 14
561 940
561 143
561 362
561 254
561 584
561 420
561 735
561 371
561 675
561 95
561 33
561 780
561 526
562 765
562 888
562 398
562 965
562 697
562 304
562 442
562 610
562 348
562 515
562 324
562 726
562 998
562 544
562 300
562 869
562 586
562 155
562 78
562 425
562 235
562 594
562 779
562 842
562 369
562 664
563 102
563 740
563 523
563 248
563 912
563 917
563 644
563 629
563 58
563 682
563 751
564 117
564 820
564 632
564 943
564 75
564 780
564 237
564 82
565 206
565 17
565 254
565 316
565 901
565 197
565 481
565 731
565 102
565 204
565 658
565 250
565 163
565 201
565 141
565 374
565 577
565 922
565 29
565 602
565 243
566 965
566 32
566 445
566 847
566 336
566 171
566 208
567 715
567 355
567 827
567 341
567 776
567 979
567 286
567 305
568 671
568 632
568 457
568 685
568 140
568 682
568 484
568 837
568 292
568 14
568 334
568 488
568 239
568 823
568 808
568 575
568 221
568 422
568 972
569 174
569 991
569 77
569 780
569 765
570 555
570 234
570 5
570 220
570 767
570 231
570 25
570 430
570 498
570 870
570 811
570 991
570 472
570 116
570 316
570 984
571 945
571 252
571 828
571 386
571 667
571 466
571 352
571 888
571 868
571 594
571 228
571 284
571 691
572 305
572 674
572 658
572 225
572 758
572 369
573 450
573 324
573 283
573 96
573 214
573 197
574 94
574 320
574 199
574 139
574 988
574 969
574 417
575 70
575 467
575 604
575 568
575 288
575 771
575 250
575 491
575 688
575 23
575 354
575 211
576 542
577 767
577 13
577 490
577 213
577 209
577 278
577 460
577 963
577 483
577 886
577 762
577 382
577 565
577 599
577 287
577 935
577 404
577 546
577 807
577 988
577 716
578 281
578 928
578 932
578 399
578 64
579 952
579 802
579 233
579 589
579 984
579 365
579 620
579 304
579 280
579 271
579 762
579 115
579 362
579 780
580 859
580 541
580 294
580 75
580 15
581 280
581 368
581 434
581 781
581 753
581 749
581 924
581 669
581 243
581 759
581 159
581 703
581 737
581 214
581 38
582 239
582 688
582 471
582 852
582 988
582 6
582 703
582 317
583 769
583 116
583 925
583 997
583 378
583 614
583 480
583 216
583 59
583 117
583 248
583 24
583 912
583 720
583 458
583 426
583 871
584 131
584 764
584 561
584 281
584 769
584 986
584 91
584 877
585 500
585 458
585 196
585 844
585 108
585 961
585 215
585 447
585 221
585 685
585 647
585 344
585 330
585 890
585 834
585 740
585 356
585 873
585 933
586 59
586 113
586 858
586 209
586 562
586 277
586 471
586 431
586 202
586 178
586 643
586 188
586 473
587 139
587 484
587 953
587 794
587 717
587 12
587 441
587 637
587 371
587 186
587 375
587 867
588 118
588 472
588 331
588 556
589 730
589 978
589 520
589 601
589 5
589 77
589 23
589 271
589 334
589 893
589 701
589 579
589 286
589 551
589 490
590 283
590 123
590 679
590 348
590 18
590 970
590 983
590 58
590 840
590 702
590 875
590 882
590 645
590 637
590 325
590 543
590 303
590 420
590 868
591 823
591 50
591 42
591 527
591 101
591 213
592 72
592 744
592 326
592 175
592 999
592 600
592 830
592 949
592 404
592 152
592 780
593 560
593 683
593 769
593 131
593 756
593 418
593 672
593 539
593 428
593 361
593 490
594 145
594 571
594 636
594 367
594 772
594 562
594 196
594 534
594 329
594 712
594 955
594 501
594 7
594 677
594 853
594 778
594 392
594 638
595 8
595 999
595 7
595 618
595 902
595 422
595 883
595 35
595 144
595 174
595 834
595 420
595 851
595 29
595 485
596 207
596 552
596 605
597 717
597 938
597 911
597 826
597 74
597 49
597 483
597 322
597 92
597 890
597 482
597 741
597 556
597 992
598 389
598 914
598 249
598 875
598 852
598 499
598 428
598 97
598 862
598 654
598 736
598 403
598 252
598 360
598 883
598 559
598 527
598 369
599 33
599 529
599 340
599 684
599 533
599 636
599 510
599 577
599 883
599 63
599 692
599 189
599 823
599 629
599 207
599 850
599 868
600 250
600 464
600 473
600 33
600 296
600 884
600 988
600 331
600 592
600 516
600 462
600 206
600 426
600 191
601 386
601 589
601 910
601 937
601 882
601 295
601 559
601 923
601 637
602 603
602 373
602 565
602 310
602 663
602 362
602 661
602 150
602 716
602 645
602 724
602 347
602 832
602 408
602 816
602 738
602 909
602 937
603 16
603 664
603 142
603 1000
603 488
603 398
603 758
603 940
603 74
603 703
603 927
603 602
603 62
604 180
604 813
604 756
604 611
604 120
604 866
604 875
604 176
604 744
604 543
604 64
604 119
604 621
604 403
604 302
604 620
604 329
604 575
604 27
604 9
604 294
604 97
604 195
604 512
605 596
605 267
605 646
605 453
605 730
605 687
605 431
605 136
605 753
605 826
605 219
605 840
606 477
606 200
606 32
606 25
606 476
606 537
606 783
606 941
606 262
606 636
606 792
606 349
606 741
606 370
606 880
606 211
607 994
607 151
607 95
607 305
607 214
608 807
608 416
608 553
608 442
608 89
608 771
608 946
608 903
608 486
608 504
608 966
609 757
609 489
609 401
609 14
609 923
609 780
609 843
609 809
609 864
609 117
609 992
609 528
609 20
609 455
609 13
609 69
609 542
609 420
610 454
610 770
610 483
610 388
610 364
610 140
610 665
610 562
610 250
610 428
610 263
610 326
610 195
610 901
611 365
611 433
611 370
611 617
611 545
611 604
611 201
611 893
611 207
611 241
611 369
611 397
612 969
612 351
612 823
612 142
612 745
612 368
612 942
613 179
613 93
613 429
613 112
613 635
613 682
613 655
613 408
613 810
613 690
613 996
614 781
614 172
614 998
614 786
614 772
614 201
614 279
614 544
614 472
614 480
614 583
614 968
614 399
614 552
614 916
614 896
614 352
614 506
615 971
615 144
615 65
615 284
615 639
615 720
616 88
616 278
616 41
616 978
616 795
616 16
616 183
616 720
616 200
616 470
616 837
616 220
616 74
616 392
616 706
616 931
616 627
616 338
616 300
616 748
616 193
616 38
617 713
617 472
617 683
617 690
617 611
617 830
617 157
617 46
618 100
618 627
618 691
618 797
618 283
618 83
618 724
618 467
618 742
618 595
618 830
618 152
618 695
618 669
618 131
619 318
619 651
619 979
619 274
619 99
619 522
619 779
619 328
619 31
619 143
619 746
619 105
619 422
620 752
620 839
620 265
620 965
620 460
620 636
620 361
620 68
620 138
620 467
620 628
620 849
620 107
620 579
620 604
620 872
620 193
620 94
620 879
621 680
621 787
621 465
621 995
621 672
621 796
621 673
621 604
621 170
621 509
621 289
621 152
621 779
621 34
621 808
622 528
622 194
622 784
622 925
622 701
622 219
622 238
622 234
622 318
622 191
623 10
623 22
623 983
623 680
623 736
623 646
623 528
623 437
623 186
623 41
623 991
623 285
623 381
623 293
623 385
623 414
624 402
624 636
624 698
624 421
624 74
624 35
624 920
624 68
624 955
624 913
624 922
624 673
624 170
624 999
624 946
624 769
624 743
624 254
624 942
624 551
625 388
625 147
625 826
625 933
625 55
625 24
625 311
625 415
625 80
625 69
626 884
626 542
626 331
626 853
626 235
626 168
626 800
626 35
626 407
626 219
626 37
626 786
626 561
626 795
626 675
626 386
626 425
626 369
626 121
627 616
627 87
627 729
627 730
627 300
627 618
627 771
628 76
628 620
629 509
629 265
629 451
629 599
629 487
629 563
629 30
629 49
629 23
629 771
629 632
629 210
629 201
629 638
629 845
630 369
630 759
630 526
630 400
630 185
630 750
630 865
630 969
630 248
630 935
630 422
630 955
630 360
630 40
630 377
630 215
630 541
631 890
631 58
631 559
631 917
631 369
632 961
632 717
632 261
632 52
632 502
632 62
632 637
632 629
632 564
632 874
632 76
632 292
632 823
632 808
632 666
632 999
632 23
632 252
632 910
632 157
632 199
632 193
632 568
632 38
633 443
633 349
633 882
633 740
633 81
633 640
633 556
634 142
634 424
634 118
634 221
634 196
634 640
635 499
635 415
635 432
635 772
635 847
635 178
635 961
635 9
635 974
635 387
635 381
635 613
635 533
635 232
636 818
636 542
636 116
636 380
636 717
636 341
636 606
636 599
636 620
636 221
636 906
636 594
636 81
636 624
636 871
637 265
637 120
637 502
637 16
637 499
637 956
637 764
637 852
637 780
637 479
637 601
637 124
637 473
637 74
637 92
637 632
637 587
637 590
637 906
637 857
637 542
637 810
637 82
638 300
638 893
638 594
638 985
638 234
638 642
638 629
638 443
638 326
638 890
638 802
638 150
638 534
638 687
638 228
638 834
639 271
639 524
639 41
639 135
639 615
639 692
639 767
639 472
639 917
639 844
639 541
639 403
639 900
639 815
639 474
639 785
640 346
640 238
640 132
640 633
640 554
640 506
640 81
640 433
640 456
640 902
640 510
640 176
640 634
640 421
640 999
640 432
640 750
640 276
640 241
640 317
641 166
641 279
641 964
641 290
641 459
641 243
641 451
641 411
641 415
641 859
641 826
641 247
641 815
641 498
641 180
641 892
642 252
642 287
642 809
642 33
642 498
642 660
642 808
642 178
642 310
642 638
643 668
643 586
643 59
643 457
643 350
643 273
643 917
643 817
643 819
643 801
643 40
643 783
643 286
643 826
643 466
643 201
643 24
643 927
643 940
644 741
644 659
644 119
644 447
644 563
644 704
644 167
644 33
644 865
644 688
644 877
644 776
644 457
644 498
644 986
644 160
644 786
645 925
645 766
645 590
645 602
645 206
646 623
646 268
646 107
646 233
646 893
646 746
646 461
646 529
646 410
646 759
646 943
646 742
646 605
647 362
647 909
647 652
647 446
647 461
647 722
647 436
647 585
648 133
648 737
648 839
648 310
648 384
648 946
648 186
648 977
648 813
648 30
648 660
648 121
649 205
649 652
649 146
649 468
649 540
649 788
649 924
649 832
649 653
649 407
649 486
649 437
649 277
650 94
650 841
650 280
650 829
650 313
650 514
650 518
650 29
650 834
650 244
651 619
651 904
651 249
652 391
652 457
652 647
652 20
652 729
652 80
652 119
652 975
652 879
652 525
652 72
652 917
652 440
652 893
652 289
652 149
652 884
652 902
652 649
653 287
653 74
653 127
653 15
653 197
653 859
653 378
653 211
653 224
653 108
653 113
653 265
653 836
653 235
653 979
653 486
653 401
653 649
653 166
653 685
654 992
654 949
654 995
654 683
654 228
654 598
654 408
654 284
654 318
655 891
655 917
655 69
655 855
655 25
655 11
655 145
655 534
655 760
655 454
655 837
655 436
655 613
655 983
656 335
656 731
656 406
656 831
656 871
656 944
656 759
656 967
656 911
656 708
656 428
656 302
656 904
656 62
656 939
656 234
657 842
657 547
657 307
657 6
657 877
657 746
657 815
657 252
657 820
657 560
657 933
657 840
657 73
658 565
658 572
658 783
658 986
658 554
658 87
658 834
658 10
658 11
658 326
658 763
658 912
658 879
659 673
659 644
659 233
659 243
659 516
659 758
660 281
660 174
660 929
660 223
660 962
660 642
660 537
660 648
660 272
660 346
660 70
660 220
660 725
660 10
660 119
660 984
660 783
660 44
660 46
661 471
661 536
661 8
661 412
661 49
661 295
661 913
661 602
661 82
661 57
662 241
662 664
662 877
662 4
662 726
662 558
662 997
662 160
662 951
662 776
662 778
662 321
662 765
663 252
663 79
663 886
663 602
663 874
663 508
663 669
663 61
664 24
664 234
664 178
664 760
664 140
664 562
664 261
664 794
664 231
664 603
664 58
664 270
664 662
664 60
665 127
665 45
665 707
665 694
665 610
665 354
666 303
666 632
666 533
666 244
666 739
666 143
666 355
666 701
666 510
666 910
666 247
666 916
666 871
667 828
667 998
667 452
667 36
667 684
667 939
667 901
667 744
667 703
667 571
667 913
667 410
668 643
668 841
668 492
668 402
668 427
668 234
669 172
669 141
669 618
669 93
669 975
669 663
669 252
669 405
669 450
669 496
669 857
669 193
669 184
669 581
669 684
670 449
670 219
670 115
670 932
670 5
670 736
670 518
670 867
671 893
671 795
671 741
671 872
671 479
671 568
672 621
672 221
672 276
672 785
672 593
672 544
673 63
673 892
673 786
673 624
673 717
673 391
673 659
673 962
673 621
673 713
673 373
673 319
673 943
673 815
673 326
674 860
674 161
674 155
674 965
674 510
674 368
674 926
674 783
674 373
674 924
674 935
674 484
674 572
675 561
675 310
675 120
675 369
675 238
675 813
675 810
675 626
675 782
675 81
675 439
675 394
675 529
675 539
675 977
675 149
676 231
676 56
676 10
676 558
676 543
676 266
676 345
676 188
677 594
677 79
677 930
677 10
677 90
677 330
677 7
677 711
677 188
677 373
677 851
678 351
678 837
678 770
678 507
678 243
678 228
678 996
678 12
678 464
679 978
679 741
679 749
679 964
679 726
679 735
679 686
679 852
679 309
679 290
679 921
679 943
679 590
679 807
679 905
680 993
680 945
680 767
680 621
680 22
680 623
681 711
681 395
681 415
681 551
681 264
681 541
681 901
682 146
682 288
682 563
682 456
682 410
682 486
682 139
682 305
682 872
682 827
682 877
682 440
682 703
682 613
682 504
682 916
682 568
683 72
683 654
683 554
683 617
683 796
683 962
683 139
683 998
683 739
683 189
683 117
683 513
683 593
683 874
683 983
683 277
684 669
684 236
684 369
684 599
684 323
684 751
684 768
684 418
684 667
684 392
684 22
685 139
685 866
685 653
685 453
685 990
685 887
685 847
685 816
685 585
685 568
686 679
686 220
686 980
686 368
686 98
687 116
687 75
687 225
687 954
687 120
687 132
687 32
687 864
687 24
687 316
687 893
687 605
687 638
687 858
687 415
687 985
687 772
687 860
687 77
687 133
687 437
687 221
687 873
687 105
687 238
687 458
688 575
688 902
688 154
688 480
688 773
688 448
688 644
688 977
688 582
688 690
688 765
689 177
689 467
689 60
689 847
689 472
689 920
689 736
689 361
689 511
689 873
689 839
690 503
690 185
690 952
690 533
690 688
690 446
690 81
690 617
690 613
690 735
690 874
690 945
690 282
690 989
690 844
690 858
690 348
690 880
690 72
690 397
691 9
691 106
691 571
691 903
691 898
691 925
691 359
691 919
691 748
691 354
691 746
691 492
691 450
691 976
691 926
691 618
692 994
692 14
692 210
692 329
692 192
692 740
692 599
692 203
692 61
692 168
692 115
692 397
692 752
692 294
692 979
692 639
692 510
693 993
693 161
693 138
693 311
693 886
693 390
694 978
694 949
694 91
694 63
694 779
694 754
694 320
694 665
694 462
695 102
695 384
695 903
695 618
695 970
695 541
695 289
695 244
696 893
696 486
697 562
697 524
697 730
697 220
697 183
697 975
697 209
697 295
697 292
698 998
698 76
698 148
698 889
698 386
698 976
698 738
698 925
698 920
698 268
698 276
698 624
699 287
699 450
699 481
699 910
699 464
699 734
699 848
699 416
699 556
699 808
699 44
699 908
700 712
700 955
700 815
700 486
700 120
700 845
701 119
701 948
701 714
701 425
701 666
701 457
701 622
701 258
701 589
701 822
701 480
701 884
701 993
701 40
701 977
701 807
701 853
701 762
702 590
702 903
702 509
702 879
703 935
703 667
703 156
703 581
703 582
703 682
703 518
703 60
703 796
703 603
703 736
703 803
703 250
703 97
704 858
704 311
704 143
704 644
704 208
704 988
704 809
704 210
704 169
704 243
704 765
705 162
705 221
705 450
706 73
706 509
706 616
706 741
706 495
706 887
706 983
706 542
706 131
706 82
707 204
707 549
707 391
707 285
707 792
707 665
707 926
707 346
707 262
707 216
707 484
707 942
708 79
708 44
708 927
708 28
708 338
708 394
708 169
708 184
708 716
708 82
708 656
709 271
709 865
709 915
709 966
709 195
709 197
709 65
709 180
709 405
709 24
709 362
709 210
709 768
709 827
709 813
710 745
710 974
710 7
710 740
710 305
711 146
711 117
711 677
711 161
711 221
711 172
711 372
711 49
711 524
711 149
711 681
711 140
711 364
711 530
711 85
711 488
711 61
712 845
712 954
712 700
712 429
712 814
712 129
712 594
712 327
712 729
712 164
712 338
712 350
712 524
712 724
712 945
712 219
712 238
713 383
713 908
713 851
713 617
713 264
713 991
713 927
713 483
713 899
713 24
713 189
713 673
713 488
714 408
714 169
714 324
714 879
714 87
714 701
714 24
714 323
714 141
714 941
714 899
714 895
714 326
715 567
715 760
715 170
715 471
715 319
715 543
715 283
715 905
715 353
716 998
716 296
716 708
716 505
716 577
716 501
716 294
716 272
716 189
716 937
716 602
716 464
716 817
716 212
717 723
717 719
717 320
717 510
717 797
717 775
717 632
717 673
717 220
717 894
717 491
717 597
717 137
717 587
717 636
717 42
717 356
717 762
717 182
718 792
718 338
718 961
718 770
718 226
718 202
718 809
718 10
718 455
718 454
718 197
719 341
719 717
719 377
719 295
719 781
719 61
720 859
720 482
720 826
720 583
720 270
720 877
720 216
720 391
720 294
720 615
720 873
720 127
720 322
720 10
720 72
720 616
720 937
720 801
720 71
720 82
721 372
721 797
721 202
721 852
721 812
721 985
721 455
722 257
722 647
722 232
722 24
722 28
722 163
722 298
722 218
722 395
722 364
722 976
722 978
722 237
723 717
723 60
723 67
723 300
723 193
724 244
724 30
724 89
724 391
724 257
724 618
724 712
724 966
724 367
724 887
724 204
724 740
724 12
724 526
724 602
724 191
725 186
725 519
725 660
726 679
726 562
726 891
726 249
726 662
726 387
727 762
727 768
727 536
727 119
727 254
727 93
727 237
727 62
728 357
728 415
728 852
728 921
728 941
728 233
728 954
728 67
728 487
728 908
728 184
729 516
729 902
729 712
729 204
729 222
729 652
729 435
729 797
729 196
729 912
729 454
729 627
730 627
730 521
730 605
730 326
730 697
730 975
730 554
730 802
730 589
730 293
730 767
730 6
730 966
730 410
731 840
731 436
731 133
731 149
731 895
731 885
731 295
731 250
731 738
731 324
731 459
731 890
731 281
731 656
731 77
731 757
731 565
731 337
732 119
732 457
732 915
732 540
732 783
732 255
732 108
732 29
732 176
732 42
732 384
732 180
732 272
732 349
732 200
732 387
732 237
733 529
733 216
733 445
733 56
733 396
734 316
734 699
734 924
734 376
734 984
735 169
735 295
735 551
735 495
735 679
735 441
735 820
735 919
735 690
735 906
735 561
735 352
736 64
736 380
736 267
736 598
736 623
736 62
736 161
736 689
736 670
736 329
736 428
736 703
737 183
737 837
737 206
737 581
737 371
737 361
737 20
737 287
737 367
737 938
737 309
737 16
737 498
737 345
737 410
737 648
737 38
738 314
738 335
738 914
738 15
738 602
738 537
738 83
738 6
738 786
738 102
738 731
738 166
738 868
738 698
739 372
739 683
739 850
739 440
739 92
739 666
740 169
740 585
740 807
740 724
740 710
740 206
740 143
740 227
740 423
740 633
740 198
740 80
740 563
740 692
741 147
741 367
741 260
741 606
741 597
741 982
741 513
741 793
741 465
741 833
741 671
741 909
741 679
741 751
741 644
741 74
741 706
741 34
741 768
741 101
742 236
742 538
742 646
742 793
742 990
742 342
742 290
742 923
742 51
742 772
742 435
742 159
742 289
742 618
742 527
742 283
742 195
742 969
742 16
742 485
742 498
742 363
742 180
742 818
743 344
743 543
743 120
743 221
743 760
743 770
743 470
743 624
743 771
743 932
743 947
743 778
744 405
744 922
744 797
744 604
744 528
744 77
744 40
744 592
744 153
744 667
745 612
745 799
745 59
745 499
745 916
745 116
745 710
745 453
745 365
745 829
745 105
745 877
745 983
745 82
745 547
746 290
746 438
746 79
746 619
746 482
746 559
746 646
746 15
746 657
746 421
746 691
747 766
747 276
747 940
747 356
747 308
747 765
748 491
748 272
748 974
748 863
748 368
748 838
748 616
748 784
748 25
748 336
748 63
748 937
748 295
748 546
748 34
748 386
748 691
749 841
749 679
749 832
749 488
749 882
749 115
749 760
749 581
750 803
750 44
750 640
750 916
750 420
750 24
750 151
750 174
750 882
750 986
750 411
750 170
750 826
750 27
750 630
750 5
751 741
751 684
751 38
751 539
751 563
751 538
751 760
751 80
751 994
751 39
751 504
751 989
752 197
752 795
752 199
752 43
752 560
752 281
752 203
752 926
752 178
752 407
752 692
752 620
752 516
753 110
753 605
753 923
753 441
753 893
753 830
753 254
753 559
753 801
753 400
753 581
753 426
753 831
754 965
754 375
754 316
754 495
754 50
754 349
754 189
754 276
754 300
754 390
754 465
754 694
755 225
755 311
755 120
755 422
755 4
755 376
756 785
756 757
756 296
756 759
756 127
756 953
756 467
756 80
756 604
756 980
756 947
756 216
756 593
757 128
757 780
757 936
757 529
757 731
757 787
757 463
757 338
757 989
757 756
757 825
757 44
757 443
757 971
757 892
757 609
758 142
758 659
758 572
758 792
758 764
758 964
758 838
758 529
758 847
758 275
758 159
758 801
758 16
758 92
758 859
758 603
758 485
759 873
759 646
759 112
759 42
759 581
759 630
759 756
759 656
760 310
760 133
760 751
760 347
760 465
760 286
760 715
760 479
760 997
760 749
760 447
760 10
760 558
760 655
760 743
760 454
760 664
761 853
761 54
761 841
761 202
761 204
761 801
761 397
762 61
762 73
762 72
762 228
762 727
762 894
762 238
762 474
762 717
762 701
762 531
762 817
762 41
762 900
762 985
762 579
762 577
762 216
762 780
762 175
763 21
763 256
763 658
763 62
763 50
763 441
763 431
763 518
763 45
763 123
763 292
763 348
763 158
764 792
764 129
764 193
764 557
764 584
764 100
764 277
764 391
764 769
764 310
764 637
764 758
764 22
765 784
765 378
765 435
765 704
765 747
765 838
765 795
765 239
765 778
765 994
765 569
765 688
765 662
765 269
765 47
765 938
765 120
765 562
765 512
766 244
766 747
766 788
766 645
766 35
766 480
766 199
766 142
766 856
766 181
766 906
766 4
766 228
766 356
766 426
767 406
767 394
767 373
767 730
767 533
767 925
767 281
767 680
767 8
767 577
767 639
767 106
767 570
768 20
768 727
768 684
768 709
768 386
768 219
768 741
768 79
768 115
768 559
768 516
768 968
768 486
768 477
768 397
769 353
769 979
769 26
769 196
769 836
769 136
769 24
769 584
769 624
769 227
769 964
769 838
769 418
769 232
769 63
769 583
769 764
769 415
769 853
769 593
769 933
770 678
770 995
770 837
770 467
770 992
770 827
770 166
770 718
770 210
770 75
770 743
770 903
770 610
770 318
771 352
771 956
771 385
771 194
771 840
771 627
771 575
771 935
771 629
771 923
771 743
771 608
771 238
772 409
772 408
772 290
772 635
772 295
772 520
772 68
772 422
772 229
772 4
772 534
772 46
772 154
772 614
772 742
772 687
772 222
772 594
772 530
772 206
772 197
773 226
773 688
773 349
773 361
773 436
773 228
773 338
773 897
773 990
773 942
774 104
774 76
774 835
774 316
774 897
774 210
774 179
774 833
774 95
774 487
774 177
774 917
774 793
774 302
774 921
774 891
774 26
775 284
775 960
775 717
775 399
775 264
775 38
775 887
776 662
776 201
776 644
776 567
776 168
776 815
776 950
776 386
776 184
776 869
776 281
776 904
776 913
777 489
777 957
777 471
777 153
777 7
777 990
777 446
777 924
777 455
777 506
778 851
778 423
778 495
778 208
778 554
778 416
778 131
778 743
778 662
778 524
778 45
778 864
778 392
778 594
778 177
778 517
778 110
778 976
778 765
779 562
779 823
779 497
779 134
779 621
779 405
779 37
779 199
779 157
779 107
779 791
779 619
779 694
780 592
780 508
780 569
780 579
780 886
780 762
780 564
780 561
780 157
780 298
780 954
780 757
780 816
780 637
780 609
781 462
781 792
781 481
781 719
781 823
781 820
781 16
781 175
781 10
781 526
781 614
781 797
781 971
781 144
781 880
781 193
781 581
782 263
782 431
782 27
782 477
782 488
782 208
782 675
782 551
782 339
782 401
783 132
783 913
783 76
783 215
783 660
783 493
783 92
783 606
783 732
783 643
783 658
783 97
783 674
783 193
783 896
783 166
784 480
784 622
784 229
784 837
784 219
784 30
784 748
784 765
785 281
785 325
785 639
785 672
785 173
785 756
785 63
785 16
785 437
785 974
785 975
785 556
785 237
786 290
786 626
786 347
786 313
786 738
786 544
786 314
786 375
786 328
786 644
786 471
786 311
786 673
786 210
786 945
786 220
786 491
786 614
786 79
786 975
786 276
786 868
786 485
786 38
787 902
787 621
787 757
787 396
788 117
788 491
788 810
788 349
788 766
788 45
788 649
789 869
789 310
789 325
789 807
789 100
790 402
790 96
790 462
790 548
791 956
791 832
791 408
791 986
791 42
791 824
791 427
791 201
791 977
791 892
791 124
791 779
791 798
791 451
792 875
792 333
792 956
792 392
792 418
792 533
792 158
792 718
792 764
792 606
792 707
792 935
792 8
792 276
792 516
792 758
792 551
792 781
793 301
793 774
793 889
793 375
793 96
793 429
793 47
793 127
793 471
793 467
793 899
793 168
793 741
793 742
793 69
794 284
794 989
794 587
794 345
794 551
794 664
794 397
795 981
795 626
795 671
795 322
795 973
795 840
795 202
795 752
795 616
795 974
795 430
795 99
795 765
796 843
796 806
796 1000
796 994
796 539
796 683
796 621
796 884
796 703
796 121
797 744
797 397
797 67
797 781
797 443
797 239
797 998
797 282
797 165
797 721
797 386
797 151
797 925
797 729
797 717
797 539
797 7
797 247
797 804
797 872
797 504
797 618
797 502
798 115
798 872
798 363
798 973
798 987
798 917
798 935
798 791
798 884
798 879
799 940
799 492
799 745
799 809
799 840
800 542
800 149
800 557
800 982
800 285
800 354
800 560
800 272
800 626
800 335
801 896
801 78
801 720
801 47
801 51
801 108
801 753
801 761
801 40
801 643
801 69
801 58
801 455
801 758
802 883
802 730
802 987
802 425
802 75
802 579
802 638
802 463
803 936
803 703
803 14
803 176
803 845
803 940
803 304
803 56
803 750
803 167
803 266
803 243
803 381
803 159
804 236
804 797
804 496
804 94
804 454
804 926
804 447
804 188
804 304
804 390
804 987
804 415
804 127
804 908
804 22
804 354
805 880
805 872
805 976
805 942
805 544
806 92
806 445
806 549
806 796
806 517
806 188
806 813
806 135
807 103
807 789
807 461
807 383
807 701
807 86
807 577
807 679
807 390
807 4
807 740
807 608
807 465
808 699
808 101
808 189
808 56
808 632
808 568
808 172
808 326
808 642
808 23
808 92
808 621
808 50
808 133
808 987
808 69
808 162
808 551
809 799
809 106
809 546
809 718
809 560
809 938
809 704
809 361
809 192
809 642
809 36
809 508
809 420
809 262
809 609
809 551
810 613
810 881
810 934
810 788
810 518
810 492
810 637
810 402
810 121
810 17
810 675
810 946
810 532
810 914
810 308
811 56
811 892
811 924
811 326
811 400
811 570
811 175
812 721
812 263
812 845
812 498
812 121
812 925
813 648
813 525
813 472
813 128
813 365
813 806
813 709
813 150
813 515
813 326
813 469
813 604
813 530
813 675
813 924
813 820
813 559
813 394
813 197
814 712
814 373
814 496
814 903
814 845
814 129
814 166
815 908
815 868
815 700
815 457
815 639
815 196
815 641
815 204
815 673
815 482
815 176
815 49
815 776
815 536
815 364
815 657
815 112
816 542
816 971
816 780
816 122
816 370
816 332
816 211
816 602
816 479
816 685
816 194
816 170
816 544
816 510
816 927
816 491
816 310
816 100
816 115
816 947
816 408
816 919
817 494
817 821
817 893
817 115
817 762
817 77
817 260
817 716
817 925
817 847
817 980
817 643
818 336
818 742
818 116
818 636
818 901
819 959
819 920
819 869
819 643
819 78
819 485
819 91
820 129
820 350
820 872
820 657
820 564
820 246
820 179
820 152
820 549
820 735
820 813
820 922
820 120
820 170
820 852
820 48
820 137
820 292
820 781
821 925
821 817
822 479
822 701
822 873
823 320
823 124
823 10
823 212
823 290
823 888
823 591
823 632
823 831
823 568
823 87
823 612
823 599
823 450
823 338
823 505
823 523
823 852
823 407
823 9
823 219
823 387
823 115
823 364
823 486
823 779
823 91
823 781
823 339
823 234
823 121
824 353
824 977
824 44
824 791
824 123
824 896
825 848
825 757
825 24
825 322
825 358
825 127
825 493
825 450
825 240
825 945
825 170
825 472
825 209
825 15
825 530
826 641
826 885
826 750
826 559
826 605
826 177
826 349
826 142
826 625
826 643
826 69
826 370
826 58
826 904
826 597
826 720
826 94
827 386
827 11
827 249
827 534
827 567
827 682
827 41
827 69
827 709
827 770
827 887
827 947
827 101
828 98
828 362
828 1000
828 336
828 667
828 331
828 571
828 234
829 146
829 427
829 308
829 116
829 365
829 650
829 330
829 407
829 79
829 381
829 446
829 71
829 745
830 836
830 456
830 129
830 753
830 618
830 186
830 617
830 170
830 943
830 331
830 592
830 175
831 56
831 377
831 75
831 383
831 753
831 238
831 80
831 823
831 656
831 341
831 35
831 488
831 188
831 29
832 195
832 749
832 5
832 361
832 192
832 76
832 890
832 443
832 436
832 791
832 270
832 649
832 602
832 978
832 13
832 949
832 544
833 471
833 142
833 21
833 66
833 364
833 267
833 137
833 961
833 741
833 882
833 896
833 774
834 240
834 418
834 136
834 262
834 933
834 585
834 156
834 475
834 921
834 6
834 595
834 342
834 140
834 496
834 321
834 650
834 4
834 638
834 477
834 250
834 445
834 941
834 247
834 658
835 357
835 405
835 774
835 532
835 551
835 38
836 769
836 830
836 653
836 136
836 244
837 678
837 867
837 447
837 514
837 296
837 616
837 240
837 655
837 390
837 784
837 327
837 770
837 233
837 420
837 984
837 286
837 737
837 568
837 46
838 322
838 450
838 76
838 921
838 769
838 758
838 748
838 195
838 900
838 765
839 498
839 297
839 689
839 333
839 553
839 316
839 620
839 425
839 28
839 648
839 942
839 871
840 858
840 896
840 161
840 903
840 515
840 993
840 266
840 448
840 657
840 799
840 352
840 605
840 546
840 312
840 359
840 339
840 924
840 214
840 301
840 731
840 590
840 868
840 795
840 771
841 749
841 87
841 435
841 668
841 165
841 650
841 298
841 82
841 761
841 847
841 170
841 237
842 496
842 174
842 263
842 438
842 138
842 535
842 511
842 562
842 136
842 41
842 408
842 552
842 657
842 197
842 158
843 407
843 360
843 796
843 906
843 609
843 455
843 335
844 16
844 326
844 184
844 159
844 222
844 402
844 171
844 251
844 363
844 394
844 639
844 690
844 354
844 360
844 373
844 323
844 204
844 585
845 954
845 98
845 700
845 814
845 629
845 312
845 403
845 94
845 371
845 712
845 405
845 803
845 812
845 346
845 966
846 80
846 961
846 446
847 817
847 984
847 78
847 856
847 689
847 685
847 566
847 896
847 319
847 841
847 635
847 959
847 202
847 186
847 945
847 58
847 758
847 12
847 82
848 474
848 171
848 518
848 549
848 395
848 119
848 407
848 825
848 450
848 88
848 699
848 219
848 238
848 166
849 860
849 546
849 275
849 995
849 620
849 280
849 6
849 893
849 34
850 739
850 599
850 83
850 178
850 409
850 560
850 314
850 1000
850 362
850 509
850 28
850 923
850 195
851 107
851 595
851 230
851 874
851 38
851 677
851 452
851 713
851 96
851 430
851 778
852 721
852 967
852 820
852 582
852 333
852 159
852 954
852 823
852 728
852 81
852 880
852 330
852 375
852 106
852 679
852 117
852 215
852 229
852 126
852 266
852 513
852 637
852 598
852 197
853 390
853 55
853 594
853 701
853 316
853 922
853 988
853 462
853 986
853 314
853 769
853 761
853 510
853 888
853 222
853 626
853 182
854 372
854 227
854 139
854 8
854 67
854 454
855 201
855 655
855 135
855 547
856 106
856 67
856 940
856 536
856 766
856 869
856 954
856 467
856 847
856 960
856 123
856 976
857 920
857 396
857 669
857 637
857 141
857 387
857 127
857 280
857 106
857 281
857 864
858 704
858 423
858 885
858 25
858 108
858 128
858 1
858 16
858 690
858 898
858 687
858 231
858 920
858 586
858 249
858 840
859 433
859 580
859 641
859 758
859 305
859 164
859 984
859 512
859 50
859 323
859 463
859 54
859 107
859 336
859 341
859 892
859 653
859 209
859 300
859 720
859 490
859 38
860 177
860 849
860 215
860 459
860 687
860 370
860 674
860 197
861 528
861 560
861 437
862 474
862 56
862 353
862 381
862 598
862 465
862 160
863 387
863 430
863 11
863 748
864 192
864 870
864 857
864 900
864 285
864 444
864 287
864 198
864 437
864 489
864 687
864 106
864 477
864 880
864 392
864 219
864 778
864 609
864 337
865 875
865 943
865 952
865 165
865 319
865 530
865 334
865 516
865 307
865 431
865 644
865 322
865 630
865 932
865 709
865 897
865 913
865 939
866 604
866 536
866 420
866 126
866 685
867 949
867 587
867 670
867 560
867 386
867 316
867 191
867 408
867 32
867 837
867 79
867 420
867 21
867 913
868 526
868 223
868 738
868 840
868 541
868 412
868 786
868 12
868 599
868 590
868 201
868 815
868 571
868 547
869 905
869 776
869 965
869 789
869 377
869 81
869 62
869 163
869 1
869 478
869 562
869 819
869 445
869 215
869 270
869 300
869 856
870 549
870 93
870 864
870 903
870 172
870 238
870 570
871 636
871 997
871 911
871 212
871 839
871 126
871 583
871 666
871 301
871 999
871 137
871 154
871 656
871 873
871 420
871 892
871 197
871 191
872 797
872 972
872 340
872 191
872 620
872 671
872 469
872 172
872 373
872 805
872 481
872 268
872 820
872 118
872 798
872 430
872 682
873 457
873 969
873 822
873 689
873 190
873 322
873 406
873 871
873 687
873 502
873 358
873 585
873 759
873 720
874 435
874 319
874 554
874 663
874 306
874 12
874 93
874 683
874 209
874 632
874 900
874 690
874 851
874 526
874 158
875 7
875 424
875 431
875 604
875 377
875 185
875 590
875 865
875 598
875 792
875 84
875 174
876 77
876 923
876 903
876 445
876 27
876 209
876 892
876 232
876 70
876 484
876 882
876 36
876 905
876 438
876 392
876 431
877 682
877 983
877 279
877 745
877 506
877 644
877 65
877 264
877 584
877 441
877 349
877 149
877 15
877 657
877 662
877 720
878 411
878 93
878 88
878 946
878 950
878 464
879 272
879 658
879 499
879 458
879 926
879 319
879 798
879 223
879 62
879 620
879 702
879 364
879 980
879 58
879 324
879 652
879 714
880 805
880 939
880 273
880 864
880 218
880 690
880 606
880 781
880 524
880 70
880 485
880 26
880 313
880 200
880 15
880 852
881 143
881 883
881 810
881 945
881 345
881 62
882 749
882 833
882 131
882 280
882 633
882 601
882 315
882 158
882 590
882 876
882 186
882 363
882 335
882 750
883 881
883 598
883 539
883 595
883 230
883 369
883 802
883 952
883 57
883 984
883 63
883 530
883 472
883 456
883 599
883 210
883 501
883 153
883 5
883 121
884 652
884 497
884 352
884 539
884 282
884 265
884 140
884 796
884 798
884 561
884 701
884 436
884 69
884 440
884 600
884 7
884 626
885 231
885 858
885 826
885 731
885 142
885 453
885 41
885 374
885 901
886 942
886 663
886 519
886 440
886 948
886 693
886 494
886 577
886 780
887 952
887 724
887 231
887 349
887 393
887 313
887 685
887 945
887 827
887 461
887 775
887 220
887 16
887 331
887 47
887 706
887 968
887 984
887 249
887 57
888 853
888 154
888 217
888 562
888 892
888 823
888 324
888 420
888 571
888 317
888 339
888 308
888 533
889 959
889 917
889 698
889 793
889 331
889 465
889 94
890 446
890 832
890 201
890 631
890 116
890 531
890 496
890 731
890 930
890 585
890 597
890 560
890 977
890 500
890 215
890 363
890 262
890 972
890 184
890 638
890 55
890 234
891 979
891 425
891 774
891 196
891 27
891 726
891 381
891 655
891 461
891 26
891 339
891 174
892 927
892 319
892 888
892 232
892 307
892 148
892 406
892 859
892 954
892 811
892 757
892 871
892 641
892 673
892 437
892 459
892 235
892 791
892 876
892 400
892 212
893 671
893 138
893 589
893 928
893 849
893 696
893 498
893 196
893 139
893 611
893 448
893 753
893 236
893 652
893 687
893 817
893 646
893 115
893 345
893 638
894 426
894 355
894 56
894 717
894 439
894 116
894 7
894 386
894 279
894 18
894 294
894 904
894 926
894 762
894 539
894 473
895 896
895 36
895 714
895 911
895 159
895 426
895 731
895 117
895 524
895 83
896 833
896 824
896 328
896 372
896 783
896 614
896 149
896 847
896 23
896 895
896 801
896 34
896 840
897 388
897 56
897 865
897 773
897 111
897 339
897 998
897 135
897 90
897 969
897 491
897 143
897 774
897 66
897 370
897 559
897 399
897 502
898 959
898 495
898 235
898 858
898 101
898 691
899 169
899 423
899 793
899 714
899 500
899 37
899 266
899 713
899 484
900 874
900 911
900 639
900 341
900 259
900 762
900 838
900 56
900 324
900 310
900 864
900 430
900 519
900 427
901 818
901 610
901 885
901 27
901 26
901 98
901 681
901 373
901 565
901 142
901 667
901 985
901 364
901 292
902 787
902 466
902 729
902 968
902 443
902 2
902 347
902 435
902 286
902 165
902 338
902 652
902 924
902 325
902 688
902 518
902 595
902 430
902 152
902 912
902 640
902 966
902 396
903 870
903 402
903 441
903 126
903 269
903 499
903 167
903 127
903 313
903 453
903 86
903 904
903 608
903 814
903 702
903 924
903 944
903 770
903 876
903 560
903 326
903 695
903 691
903 840
904 979
904 150
904 448
904 505
904 776
904 51
904 656
904 274
904 651
904 826
904 502
904 143
904 341
904 903
904 894
904 152
904 43
904 38
905 715
905 455
905 337
905 679
905 276
905 403
905 106
905 869
905 925
905 239
905 40
905 167
905 306
905 19
905 876
905 73
906 347
906 960
906 253
906 735
906 766
906 9
906 636
906 231
906 843
906 637
906 13
906 966
906 454
906 536
907 106
907 919
907 82
908 367
908 543
908 301
908 699
908 728
908 124
908 804
908 439
908 713
908 815
909 741
909 325
909 423
909 647
909 127
909 602
909 137
909 531
909 425
909 233
909 69
910 666
910 494
910 601
910 632
910 332
910 217
910 329
910 64
910 207
910 118
910 247
910 1000
910 88
910 699
910 263
910 8
910 168
911 597
911 900
911 8
911 455
911 895
911 656
911 396
911 871
912 265
912 729
912 366
912 442
912 169
912 658
912 902
912 583
912 279
912 405
912 926
912 983
912 985
912 546
912 563
912 488
912 232
913 960
913 42
913 986
913 667
913 12
913 661
913 776
913 867
913 865
913 31
913 5
913 162
913 171
913 783
913 195
913 624
913 292
913 226
913 212
914 263
914 404
914 810
914 999
914 953
914 247
914 529
914 494
914 598
914 415
914 223
914 508
914 738
914 339
915 732
915 377
915 946
915 331
915 709
916 221
916 682
916 498
916 275
916 557
916 107
916 614
916 193
916 666
916 80
916 88
916 148
916 114
916 383
916 928
916 750
916 745
916 96
916 355
916 160
917 77
917 484
917 19
917 357
917 54
917 273
917 652
917 774
917 164
917 889
917 217
917 939
917 563
917 160
917 99
917 639
917 631
917 798
917 301
917 655
917 643
918 922
918 239
918 56
918 462
919 552
919 118
919 311
919 182
919 907
919 394
919 525
919 36
919 19
919 121
919 735
919 816
919 289
919 691
920 689
920 990
920 858
920 558
920 551
920 698
920 8
920 819
920 408
920 357
920 10
920 23
920 346
920 857
920 315
920 313
920 81
920 624
920 454
920 83
921 337
921 774
921 679
921 431
921 728
921 838
921 405
921 143
921 186
921 941
921 834
921 559
921 73
922 156
922 484
922 820
922 550
922 74
922 301
922 980
922 349
922 918
922 744
922 223
922 624
922 974
922 565
922 19
922 937
922 853
922 488
923 771
923 78
923 850
923 327
923 601
923 301
923 428
923 742
923 753
923 876
923 486
923 609
924 674
924 34
924 934
924 10
924 734
924 58
924 777
924 965
924 813
924 811
924 370
924 459
924 181
924 180
924 903
924 517
924 375
924 902
924 649
924 581
924 464
924 840
924 455
925 905
925 817
925 259
925 230
925 525
925 821
925 23
925 698
925 27
925 375
925 645
925 767
925 622
925 341
925 170
925 336
925 583
925 812
925 797
925 354
925 978
925 691
926 752
926 226
926 912
926 228
926 133
926 707
926 519
926 480
926 302
926 691
926 176
926 528
926 255
926 187
926 275
926 474
926 804
926 674
926 879
926 894
927 253
927 708
927 408
927 460
927 816
927 643
927 603
927 206
927 892
927 713
927 225
927 276
928 267
928 268
928 309
928 120
928 578
928 136
928 43
928 893
928 133
928 985
928 916
929 951
929 82
929 213
929 435
929 660
930 890
930 336
930 677
930 939
931 616
931 76
931 126
932 99
932 743
932 524
932 385
932 578
932 865
932 990
932 149
932 670
932 968
933 384
933 769
933 585
933 254
933 239
933 961
933 452
933 657
933 144
933 956
933 226
933 535
933 353
933 189
933 25
933 834
933 625
933 556
934 399
934 305
934 234
934 428
934 323
934 91
934 423
934 51
934 478
934 111
934 375
934 555
934 154
934 810
934 924
934 110
935 324
935 792
935 577
935 798
935 771
935 674
935 252
935 115
935 177
935 432
935 630
935 479
935 289
935 703
935 510
936 803
936 757
936 987
936 369
937 995
937 601
937 748
937 976
937 64
937 977
937 922
937 716
937 292
937 367
937 183
937 1
937 720
937 602
937 441
937 370
937 195
938 204
938 597
938 201
938 809
938 737
938 71
938 61
938 502
938 765
939 284
939 656
939 865
939 15
939 930
939 275
939 375
939 524
939 880
939 917
939 354
939 201
939 65
939 667
939 559
939 108
939 129
940 603
940 799
940 482
940 419
940 541
940 443
940 179
940 643
940 434
940 493
940 747
940 158
940 561
940 215
940 171
940 856
940 421
940 803
940 339
941 21
941 728
941 523
941 240
941 921
941 714
941 285
941 834
941 103
941 263
941 606
941 509
941 16
942 612
942 773
942 185
942 521
942 624
942 839
942 707
942 305
942 805
942 170
942 139
942 418
942 223
942 886
942 370
942 408
942 71
943 679
943 646
943 543
943 390
943 564
943 88
943 50
943 673
943 274
943 347
943 351
943 954
943 27
943 163
943 69
943 346
943 830
943 865
943 193
943 483
943 234
944 17
944 290
944 41
944 382
944 30
944 166
944 656
944 903
944 435
945 229
945 44
945 974
945 289
945 786
945 158
945 881
945 507
945 977
945 8
945 712
945 847
945 60
945 61
945 887
945 680
945 825
945 976
945 571
945 690
945 15
945 986
945 94
945 264
946 418
946 810
946 878
946 207
946 425
946 624
946 915
946 424
946 608
946 466
946 208
946 84
946 496
946 648
946 175
947 743
947 756
947 989
947 983
947 816
947 827
948 701
948 482
948 994
948 509
948 886
948 976
948 175
949 592
949 276
949 987
949 654
949 166
949 226
949 308
949 434
949 400
949 950
949 473
949 292
949 832
949 204
949 283
949 694
949 867
949 121
950 560
950 246
950 878
950 957
950 229
950 322
950 131
950 220
950 428
950 776
950 84
950 949
950 193
951 969
951 220
951 209
951 517
951 42
951 662
951 929
952 991
952 887
952 883
952 77
952 35
952 690
952 579
952 865
952 399
952 410
953 353
953 756
953 250
953 373
953 587
953 96
953 526
953 193
953 184
953 914
954 943
954 553
954 548
954 780
954 856
954 460
954 728
954 362
954 191
954 493
954 337
954 712
954 355
954 467
954 687
954 852
954 892
954 126
954 845
955 280
955 90
955 121
955 296
955 329
955 594
955 234
955 630
955 289
955 700
955 232
955 158
955 1000
955 137
955 425
955 39
955 624
955 421
955 82
956 449
956 274
956 424
956 504
956 965
956 771
956 999
956 445
956 791
956 637
956 792
956 34
956 933
957 453
957 777
957 950
957 404
958 170
958 49
958 99
959 961
959 408
959 92
959 347
959 889
959 414
959 398
959 348
959 29
959 898
959 819
959 122
959 250
959 847
959 418
959 485
960 447
960 315
960 775
960 856
960 192
960 306
960 539
960 906
960 913
961 235
961 635
961 412
961 193
961 500
961 199
961 833
961 364
961 481
961 365
961 846
961 959
961 632
961 718
961 995
961 289
961 585
961 933
961 464
962 64
962 673
962 19
962 683
962 518
962 362
962 420
962 660
962 277
963 143
963 1000
963 118
963 56
963 577
963 972
964 355
964 679
964 324
964 641
964 769
964 984
964 758
964 966
965 566
965 324
965 754
965 562
965 869
965 620
965 924
965 956
965 674
966 369
966 964
966 456
966 102
966 437
966 906
966 281
966 902
966 608
966 177
966 183
966 472
966 730
966 358
966 353
966 445
966 845
966 284
966 724
966 977
966 709
967 375
967 852
967 215
967 656
967 986
968 932
968 245
968 204
968 380
968 614
968 543
968 329
968 768
968 887
968 902
968 8
968 279
968 270
968 352
968 83
969 357
969 612
969 897
969 65
969 951
969 423
969 574
969 249
969 407
969 630
969 519
969 873
969 742
969 490
970 16
970 543
970 590
970 984
970 390
970 317
970 695
970 335
971 423
971 395
971 1000
971 108
971 182
971 781
971 5
971 615
971 407
971 757
971 148
971 463
971 334
971 468
971 7
971 362
971 816
971 452
971 270
972 963
972 295
972 988
972 250
972 890
972 398
972 325
972 437
972 304
972 272
972 568
972 151
972 488
972 510
972 322
972 425
972 872
972 397
972 46
973 795
973 798
973 69
973 517
973 216
973 483
974 35
974 785
974 795
974 277
974 1
974 82
974 635
974 710
974 556
974 490
974 945
974 65
974 922
974 748
974 29
974 255
974 308
975 786
975 538
975 697
975 409
975 785
975 502
975 730
975 431
975 348
975 88
975 331
975 48
975 652
975 669
975 212
976 856
976 948
976 506
976 805
976 691
976 945
976 722
976 778
976 470
976 698
976 543
976 937
976 110
976 131
977 675
977 648
977 287
977 824
977 701
977 966
977 403
977 688
977 945
977 890
977 937
977 791
977 42
977 302
978 832
978 722
978 925
978 149
978 45
978 514
978 64
978 262
978 679
978 589
978 616
978 694
978 277
978 82
979 567
979 356
979 551
979 692
979 195
979 998
979 653
979 619
979 226
979 52
979 769
979 891
979 174
979 904
980 23
980 756
980 459
980 686
980 991
980 534
980 315
980 817
980 879
980 465
980 922
980 418
980 317
981 162
981 795
981 349
981 397
982 995
982 741
982 461
982 800
982 560
982 103
983 248
983 79
983 498
983 912
983 543
983 431
983 160
983 316
983 655
983 25
983 683
983 745
983 174
983 877
983 303
983 590
983 387
983 315
983 947
983 706
983 623
983 526
983 94
984 570
984 660
984 970
984 347
984 964
984 229
984 837
984 734
984 887
984 335
984 236
984 847
984 883
984 859
984 579
984 7
984 356
984 305
985 721
985 901
985 762
985 912
985 95
985 928
985 297
985 511
985 991
985 337
985 135
985 687
985 16
985 13
985 638
985 418
986 945
986 584
986 644
986 417
986 456
986 1000
986 967
986 9
986 106
986 992
986 199
986 791
986 853
986 216
986 658
986 913
986 750
987 936
987 527
987 808
987 84
987 802
987 246
987 949
987 798
987 204
987 222
987 804
987 364
988 404
988 704
988 582
988 574
988 396
988 577
988 58
988 853
988 516
988 972
988 64
988 600
989 794
989 474
989 690
989 57
989 536
989 49
989 751
989 428
989 757
989 947
989 317
989 303
989 244
990 392
990 406
990 216
990 531
990 685
990 110
990 483
990 481
990 777
990 489
990 773
990 202
990 920
990 219
990 742
990 339
990 932
991 952
991 537
991 570
991 569
991 623
991 238
991 491
991 88
991 281
991 980
991 713
991 461
991 107
991 985
992 986
992 420
992 109
992 337
992 654
992 326
992 273
992 597
992 770
992 394
992 609
992 252
992 125
993 311
993 680
993 693
993 701
993 152
993 840
994 948
994 203
994 796
994 751
994 240
994 199
994 692
994 607
994 504
994 765
995 982
995 483
995 69
995 316
995 654
995 405
995 961
995 381
995 167
995 770
995 621
995 849
995 937
995 364
996 41
996 678
996 613
996 80
996 219
996 272
996 92
996 404
996 220
996 25
996 508
996 216
997 357
997 311
997 353
997 441
997 583
997 84
997 760
997 103
997 662
997 871
998 797
998 562
998 614
998 698
998 683
998 667
998 546
998 209
998 979
998 897
998 716
998 197
999 418
999 462
999 956
999 640
999 503
999 624
999 632
999 32
999 595
999 96
999 592
999 376
999 420
999 524
999 914
999 871
1000 409
1000 963
1000 250
1000 828
1000 163
1000 139
1000 337
1000 525
1000 955
1000 449
1000 910
1000 603
1000 971
1000 850
1000 517
1000 796
1000 986
