1 537
1 369
1 300
3 58
3 147
3 760
4 895
4 341
4 897
4 848
4 404
4 570
4 654
4 923
4 388
4 59
4 244
5 949
5 664
5 962
5 765
6 600
6 465
6 8
6 811
6 459
7 563
7 886
7 177
7 787
7 402
7 196
7 561
7 39
7 462
7 393
8 321
8 671
8 474
8 6
8 211
9 396
9 726
9 296
9 571
9 790
10 786
10 17
10 726
11 760
12 396
12 516
13 549
13 699
13 823
14 397
14 289
15 911
15 817
15 593
17 599
17 944
17 547
17 140
17 220
17 10
17 334
17 349
17 239
17 760
18 270
18 674
18 515
19 853
19 779
19 583
19 313
19 326
20 60
20 741
20 497
20 450
20 757
20 913
20 263
20 510
20 894
21 219
22 877
22 323
22 810
22 538
22 476
22 918
23 84
24 384
24 289
24 491
25 516
26 980
26 571
26 321
26 341
27 59
27 171
27 35
27 942
27 816
27 722
27 710
27 435
27 598
27 595
28 338
28 58
28 516
28 918
29 859
29 747
29 905
29 33
31 187
32 110
32 84
32 705
32 454
33 568
33 294
33 616
33 438
33 29
33 914
33 799
33 152
33 761
34 576
34 296
35 595
35 240
35 832
35 495
35 883
35 27
35 716
36 443
36 422
36 233
36 586
36 816
36 564
36 690
36 290
36 930
36 961
36 367
36 53
36 219
37 150
37 498
37 872
37 222
37 397
38 276
39 7
40 120
40 590
40 612
41 354
41 125
41 285
41 227
41 267
41 332
41 817
41 706
42 306
42 611
42 534
42 62
42 445
42 405
42 941
42 856
42 341
43 538
43 824
43 575
43 121
43 341
44 155
44 990
44 845
44 744
44 629
44 343
44 136
44 399
44 653
45 768
46 108
46 671
47 99
47 224
47 890
47 827
47 250
48 953
48 71
48 699
48 725
53 123
53 75
53 36
56 437
56 879
57 403
57 915
57 776
57 931
57 167
58 3
58 980
58 483
58 838
58 743
58 542
58 28
58 228
58 571
59 27
59 4
59 454
60 20
61 751
61 863
61 334
61 187
61 115
61 227
61 116
61 98
61 369
62 276
62 42
62 335
64 355
64 375
64 425
65 281
66 928
66 312
67 282
67 593
67 296
68 804
69 219
70 158
70 471
71 732
71 538
71 48
71 234
73 673
73 247
74 261
75 187
75 496
75 611
75 869
75 53
75 109
76 918
76 905
77 788
77 915
77 874
78 949
79 760
80 530
80 125
80 921
80 494
80 948
80 385
80 562
80 295
80 316
80 903
80 442
80 323
81 378
81 995
81 429
81 190
81 536
81 910
81 784
81 738
81 710
81 615
82 410
82 671
83 446
83 696
84 953
84 104
84 650
84 32
84 23
84 482
84 382
84 218
84 287
84 466
84 749
84 222
85 872
86 970
86 144
86 606
86 257
86 833
86 571
86 747
87 890
87 646
89 983
89 601
89 324
89 589
89 456
89 249
89 173
89 538
90 276
90 952
90 582
92 101
93 879
94 132
94 659
94 884
94 936
94 930
94 843
94 512
94 825
94 460
94 984
95 660
96 673
96 115
96 682
96 571
97 296
98 233
98 61
98 590
99 47
99 767
100 530
100 922
100 122
100 215
100 866
100 454
101 628
101 444
101 92
101 725
101 219
102 519
102 928
102 700
102 995
102 632
102 665
102 239
103 384
104 84
104 147
105 115
105 219
106 384
106 432
106 174
107 461
107 985
108 183
108 883
108 490
108 46
108 981
109 359
109 709
109 411
109 647
109 672
109 316
109 75
109 947
109 866
109 143
109 994
110 736
110 794
110 476
110 456
110 445
110 32
110 233
111 170
111 158
112 883
112 330
112 233
112 437
113 491
114 890
114 893
114 137
114 682
115 105
115 96
115 526
115 175
115 349
115 532
115 375
115 61
116 61
117 355
117 242
119 923
119 936
119 369
119 981
120 40
120 562
120 566
120 620
120 499
121 43
122 100
122 335
122 425
123 605
123 587
123 447
123 53
123 380
123 544
123 781
123 316
123 541
123 841
123 612
124 166
124 430
124 716
124 205
125 487
125 80
125 41
126 532
129 537
129 477
129 158
132 94
132 749
132 653
133 491
133 823
135 285
135 218
135 229
135 532
135 430
135 903
135 242
136 44
137 670
137 722
137 114
137 353
137 551
137 459
138 329
138 338
138 705
139 926
139 637
140 17
140 430
141 639
142 682
142 335
143 329
143 109
143 894
144 86
145 296
145 749
145 571
145 894
145 716
146 169
146 940
146 472
146 195
146 591
146 826
146 699
146 833
147 104
147 870
147 673
147 3
147 513
147 574
147 184
147 470
147 296
148 726
149 719
149 739
149 184
149 243
149 803
149 348
149 582
149 174
149 827
150 37
151 255
152 352
152 823
152 33
152 703
154 214
154 743
154 608
154 879
155 44
155 222
155 281
157 582
157 437
158 927
158 70
158 258
158 129
158 488
158 422
158 194
158 514
158 111
158 769
158 866
159 430
159 827
160 344
160 510
161 880
161 688
161 619
163 755
163 894
164 936
164 926
165 716
166 829
166 488
166 310
166 124
166 943
166 869
167 890
167 755
167 299
167 170
167 57
168 768
169 146
169 952
169 474
170 834
170 596
170 309
170 516
170 167
170 951
170 902
170 738
170 111
170 342
170 885
170 800
170 838
170 510
171 375
171 27
171 903
171 646
172 187
172 338
172 926
172 653
173 255
173 707
173 89
174 989
174 840
174 149
174 764
174 738
174 652
174 303
174 542
174 339
174 106
174 756
174 631
175 767
175 115
175 578
175 696
176 781
176 321
177 7
177 823
178 621
179 612
179 918
179 219
180 952
180 397
181 338
181 625
181 509
181 874
182 228
182 250
183 108
183 974
183 515
183 238
183 188
184 673
184 384
184 682
184 149
184 147
185 432
187 172
187 541
187 744
187 280
187 31
187 61
187 75
188 989
188 694
188 223
188 549
188 543
188 236
188 183
188 381
188 251
189 894
189 281
190 81
191 670
191 227
192 936
192 879
193 247
194 611
194 158
194 747
195 146
195 247
196 7
196 545
197 660
199 639
199 720
199 397
200 582
201 329
202 369
202 926
202 658
203 392
203 1000
204 928
204 516
204 511
205 315
205 235
205 855
205 244
205 124
205 701
205 941
206 665
206 318
206 934
207 923
208 516
208 637
209 355
209 227
209 270
210 471
211 237
211 990
211 424
211 462
211 509
211 601
211 251
211 8
211 535
213 304
213 392
214 154
214 399
215 100
215 696
216 303
218 135
218 84
218 437
218 454
219 101
219 244
219 21
219 36
219 722
219 979
219 488
219 69
219 943
219 787
219 179
219 105
220 17
221 724
221 410
221 222
222 37
222 84
222 910
222 311
222 221
222 223
222 298
222 959
222 692
222 155
222 733
223 546
223 222
223 188
224 929
224 47
224 713
224 764
224 867
224 824
224 680
224 545
225 355
225 890
227 209
227 390
227 793
227 191
227 61
227 41
227 637
228 331
228 58
228 965
228 386
228 534
228 520
228 987
228 866
228 182
228 484
228 901
229 689
229 135
231 781
231 655
232 965
233 957
233 467
233 112
233 947
233 902
233 110
233 98
233 517
233 590
233 36
233 319
234 883
234 71
235 205
236 418
236 625
236 359
236 326
236 552
236 188
237 211
237 749
238 421
238 432
238 906
238 526
238 362
238 305
238 369
238 641
238 640
238 990
238 183
239 588
239 17
239 966
239 613
239 786
239 683
239 737
239 102
239 771
239 769
239 671
239 653
240 35
241 883
241 696
242 892
242 713
242 117
242 637
242 135
243 546
243 149
243 653
244 219
244 4
244 205
245 640
245 893
245 432
245 335
247 627
247 410
247 195
247 908
247 670
247 73
247 193
248 250
249 915
249 89
250 660
250 182
250 477
250 47
250 534
250 258
250 955
250 323
250 611
250 663
250 414
250 819
250 291
250 552
250 392
250 248
250 533
250 840
250 782
250 376
251 981
251 578
251 188
251 399
251 211
252 726
253 823
254 466
254 454
255 569
255 151
255 173
255 612
256 384
257 86
257 451
257 303
257 989
257 509
257 971
257 264
257 926
257 417
258 158
258 250
259 425
260 602
260 621
260 823
261 74
261 658
262 974
263 20
264 640
264 515
264 257
266 949
266 608
266 321
267 289
267 41
268 705
269 652
269 559
269 629
269 299
269 382
269 310
269 959
269 762
269 981
270 439
270 209
270 708
270 363
270 534
270 18
270 824
270 946
270 879
272 509
272 374
273 686
273 553
274 593
274 653
276 971
276 38
276 857
276 62
276 867
276 854
276 937
276 90
276 539
276 567
276 491
277 375
277 319
278 598
278 491
279 461
280 655
280 187
281 768
281 695
281 545
281 189
281 155
281 319
281 312
281 380
281 503
281 459
281 882
281 65
281 664
282 67
282 435
282 461
283 545
284 434
284 477
285 135
285 934
285 41
285 985
286 471
287 395
287 84
288 936
288 545
288 725
289 588
289 500
289 440
289 415
289 14
289 688
289 852
289 676
289 24
289 267
289 712
290 36
291 250
292 946
292 432
292 637
293 752
293 578
293 725
293 985
294 33
295 859
295 80
296 789
296 323
296 537
296 543
296 147
296 507
296 9
296 634
296 67
296 145
296 97
296 786
296 34
296 968
296 687
296 622
296 363
297 432
297 319
298 926
298 222
299 464
299 448
299 630
299 167
299 483
299 812
299 728
299 269
300 343
300 910
300 824
300 994
300 1
300 728
300 976
300 855
300 983
301 760
302 918
302 985
302 637
303 216
303 527
303 766
303 361
303 716
303 511
303 454
303 174
303 257
304 837
304 959
304 372
304 902
304 448
304 655
304 405
304 213
304 726
305 572
305 437
305 238
306 753
306 42
306 823
308 599
308 836
308 866
309 312
309 903
309 170
309 510
310 166
310 269
311 583
311 726
311 222
311 891
312 556
312 325
312 309
312 681
312 560
312 66
312 582
312 281
313 19
313 852
313 921
314 767
314 923
314 903
315 205
316 123
316 80
316 872
316 109
317 947
317 383
317 800
317 407
317 771
317 886
318 206
318 603
318 710
318 665
318 934
318 342
318 599
318 539
319 443
319 233
319 277
319 385
319 934
319 297
319 281
320 790
321 8
321 266
321 873
321 176
321 776
321 26
321 752
321 657
322 869
323 781
323 22
323 296
323 80
323 250
324 374
324 89
325 312
325 392
325 356
326 390
326 19
326 546
326 381
326 853
326 236
327 823
328 430
328 705
328 833
329 201
329 138
329 512
329 784
329 143
329 934
329 674
330 722
330 834
330 512
330 393
330 112
330 855
331 228
332 41
333 375
334 426
334 17
334 61
334 707
335 627
335 142
335 946
335 732
335 812
335 245
335 122
335 62
335 646
335 634
336 946
337 725
338 172
338 661
338 722
338 28
338 181
338 138
338 957
338 546
338 603
338 817
338 872
339 477
339 174
341 675
341 43
341 356
341 553
341 375
341 26
341 42
341 543
341 4
342 788
342 318
342 170
342 827
343 44
343 300
344 912
344 897
344 160
344 635
344 533
345 893
345 891
346 369
348 890
348 817
348 149
349 115
349 17
349 374
350 459
350 509
350 985
351 927
351 653
352 152
352 383
352 685
353 689
353 137
353 749
354 41
355 64
355 630
355 117
355 778
355 225
355 209
355 758
355 638
355 875
355 375
355 598
356 585
356 411
356 546
356 933
356 769
356 697
356 469
356 986
356 654
356 560
356 325
356 341
356 827
359 236
359 924
359 980
359 679
359 398
359 459
359 859
359 109
360 949
361 303
362 981
362 238
362 474
363 547
363 453
363 429
363 270
363 726
363 296
363 747
364 788
365 673
366 576
367 36
367 725
368 720
369 592
369 383
369 460
369 1
369 61
369 346
369 408
369 914
369 398
369 202
369 119
369 817
369 578
369 238
371 583
371 980
371 590
372 304
374 324
374 572
374 349
374 272
374 734
375 64
375 781
375 333
375 355
375 115
375 740
375 277
375 386
375 171
375 515
375 341
376 250
377 430
378 81
378 790
379 673
380 532
380 123
380 726
380 281
381 689
381 326
381 188
382 944
382 84
382 269
383 317
383 691
383 352
383 369
384 184
384 657
384 106
384 103
384 256
384 24
384 425
385 691
385 593
385 80
385 319
386 228
386 375
386 590
387 985
388 658
388 4
390 697
390 788
390 326
390 227
390 905
392 876
392 825
392 325
392 203
392 213
392 250
393 7
393 330
393 1000
393 823
394 859
394 790
395 751
395 966
395 727
395 672
395 589
395 914
395 287
395 631
395 690
396 733
396 9
396 865
396 685
396 12
396 485
396 952
396 653
397 37
397 199
397 405
397 670
397 180
397 14
397 885
397 592
397 454
398 359
398 369
399 614
399 44
399 831
399 214
399 987
399 251
399 912
400 823
401 755
401 720
401 491
401 790
402 7
402 926
403 57
403 725
404 515
404 4
405 304
405 397
405 42
407 317
407 923
407 946
407 827
407 894
408 369
409 665
409 537
409 437
409 872
410 82
410 221
410 831
410 847
410 434
410 550
410 471
410 247
411 356
411 109
412 762
413 673
413 440
413 726
414 250
415 289
415 671
417 257
418 236
419 545
420 916
420 545
421 238
421 747
421 879
422 632
422 158
422 36
423 509
424 211
425 989
425 259
425 122
425 384
425 922
425 64
425 809
425 485
425 468
425 946
426 334
426 724
427 640
427 788
428 471
429 532
429 363
429 81
429 658
430 328
430 764
430 869
430 881
430 818
430 135
430 140
430 931
430 159
430 124
430 377
430 690
430 842
431 768
432 185
432 886
432 245
432 542
432 490
432 106
432 856
432 292
432 297
432 238
433 918
434 284
434 410
434 903
435 282
435 27
436 891
437 218
437 680
437 56
437 409
437 526
437 305
437 157
437 841
437 775
437 112
438 33
439 270
439 893
440 842
440 767
440 851
440 773
440 413
440 289
441 546
441 866
441 484
442 80
443 319
443 36
443 637
444 101
445 110
445 616
445 42
446 83
446 636
446 975
446 547
446 552
447 786
447 123
448 845
448 933
448 594
448 559
448 908
448 519
448 304
448 299
449 576
450 20
451 621
451 257
452 1000
453 363
453 625
453 608
453 454
454 303
454 397
454 453
454 32
454 508
454 861
454 100
454 59
454 218
454 254
456 110
456 859
456 89
457 530
457 918
457 879
457 461
459 350
459 928
459 688
459 359
459 137
459 903
459 6
459 703
459 281
460 94
460 369
461 892
461 107
461 457
461 282
461 657
461 843
461 867
461 279
462 7
462 915
462 211
462 894
463 934
464 299
465 682
465 6
466 834
466 870
466 698
466 84
466 968
466 254
466 802
467 233
468 425
469 356
469 674
470 691
470 147
471 428
471 592
471 210
471 410
471 478
471 629
471 70
471 960
471 286
471 793
471 586
471 747
471 887
471 845
471 974
472 705
472 901
472 146
473 752
473 619
474 8
474 978
474 842
474 831
474 961
474 905
474 746
474 169
474 530
474 362
475 768
476 866
476 110
476 598
476 22
477 677
477 339
477 129
477 841
477 284
477 919
477 250
478 565
478 823
478 471
479 590
480 582
480 872
480 619
481 616
482 974
482 84
483 58
483 299
483 1000
483 612
484 499
484 441
484 519
484 805
484 630
484 228
484 749
485 396
485 720
485 425
485 696
486 724
487 971
487 125
487 517
487 673
488 166
488 158
488 219
490 432
490 108
490 491
491 113
491 276
491 490
491 944
491 720
491 278
491 901
491 505
491 580
491 133
491 24
491 401
492 926
494 80
495 35
496 514
496 75
497 20
498 37
498 872
499 484
499 120
499 859
499 545
500 289
503 790
503 281
505 491
507 296
508 454
509 423
509 719
509 272
509 181
509 567
509 350
509 257
509 211
510 627
510 20
510 994
510 626
510 834
510 875
510 170
510 160
510 551
510 548
510 309
510 760
511 303
511 635
511 204
511 924
512 329
512 94
512 330
513 147
514 607
514 496
514 641
514 158
515 404
515 375
515 183
515 18
515 565
515 884
515 593
515 618
515 264
515 536
516 693
516 25
516 28
516 204
516 208
516 864
516 12
516 170
517 487
517 233
519 102
519 448
519 484
519 974
520 228
520 598
523 612
524 639
526 115
526 437
526 238
527 303
528 653
529 565
529 749
530 457
530 100
530 80
530 874
530 593
530 474
531 616
531 699
532 380
532 115
532 429
532 126
532 135
532 755
532 726
533 344
533 250
534 228
534 270
534 42
534 250
535 946
535 869
535 211
536 81
536 515
536 874
537 640
537 546
537 409
537 844
537 129
537 976
537 706
537 683
537 1
537 296
538 43
538 71
538 22
538 545
538 89
539 276
539 318
540 565
540 918
541 123
541 187
541 915
542 58
542 432
542 174
543 296
543 879
543 188
543 341
544 123
545 804
545 420
545 552
545 914
545 538
545 853
545 224
545 419
545 499
545 283
545 618
545 288
545 196
545 874
545 281
546 243
546 441
546 758
546 816
546 223
546 338
546 326
546 537
546 356
547 363
547 17
547 446
548 869
548 510
549 13
549 188
550 410
550 894
551 137
551 510
552 899
552 607
552 236
552 672
552 446
552 545
552 250
553 341
553 273
555 724
555 883
555 859
556 312
557 890
557 760
559 448
559 269
559 918
559 905
560 312
560 356
560 612
560 891
561 7
562 120
562 80
563 7
564 786
564 36
565 945
565 540
565 914
565 529
565 478
565 515
566 120
567 980
567 276
567 509
568 33
568 608
568 653
569 255
569 612
570 890
570 4
571 86
571 614
571 96
571 592
571 58
571 145
571 824
571 9
571 26
572 305
572 374
573 703
574 147
575 890
575 43
576 449
576 366
576 783
576 34
577 602
577 640
577 612
578 369
578 251
578 175
578 865
578 293
578 592
580 491
580 894
581 768
582 157
582 842
582 312
582 588
582 480
582 200
582 149
582 90
582 950
582 937
582 612
583 311
583 688
583 961
583 371
583 690
583 19
583 934
585 356
586 704
586 471
586 36
587 123
587 1000
588 239
588 289
588 582
589 395
589 790
589 89
590 386
590 98
590 921
590 479
590 40
590 816
590 642
590 233
590 884
590 969
590 371
590 962
591 146
592 901
592 369
592 397
592 578
592 471
592 571
593 67
593 530
593 15
593 274
593 385
593 515
594 448
594 1000
594 872
595 35
595 27
596 170
597 646
597 696
598 476
598 967
598 782
598 999
598 986
598 355
598 278
598 775
598 520
598 27
598 749
599 308
599 17
599 318
600 6
601 639
601 211
601 89
602 916
602 964
602 260
602 577
603 338
603 318
605 123
606 86
607 514
607 903
607 552
607 790
608 568
608 453
608 266
608 154
611 194
611 883
611 75
611 42
611 250
612 810
612 569
612 123
612 731
612 40
612 255
612 179
612 582
612 523
612 907
612 577
612 723
612 560
612 483
612 1000
613 239
614 399
614 653
614 571
614 790
615 81
615 699
616 987
616 445
616 531
616 845
616 481
616 990
616 33
618 515
618 545
618 716
618 696
619 717
619 480
619 161
619 629
619 684
619 999
619 473
620 120
620 901
621 451
621 260
621 815
621 178
621 883
622 965
622 296
625 236
625 453
625 181
625 921
625 960
625 637
626 510
627 335
627 510
627 247
627 658
628 101
629 934
629 44
629 269
629 471
629 619
629 891
630 982
630 484
630 355
630 299
631 788
631 395
631 174
632 422
632 102
632 859
634 946
634 296
634 335
635 344
635 511
636 446
636 874
637 443
637 848
637 625
637 292
637 227
637 822
637 208
637 842
637 139
637 302
637 242
638 355
639 524
639 141
639 199
639 802
639 601
639 926
640 427
640 577
640 245
640 771
640 676
640 264
640 980
640 537
640 238
641 514
641 238
642 590
643 949
643 653
644 691
646 799
646 597
646 802
646 87
646 940
646 915
646 171
646 928
646 335
647 109
650 84
651 674
651 874
652 269
652 174
653 614
653 396
653 172
653 239
653 44
653 132
653 568
653 811
653 243
653 351
653 274
653 528
653 643
654 356
654 869
654 4
654 985
655 280
655 231
655 672
655 801
655 304
656 768
657 384
657 859
657 707
657 321
657 461
658 388
658 202
658 429
658 672
658 261
658 937
658 627
659 94
660 95
660 197
660 696
660 250
661 338
663 250
664 1000
664 5
664 281
665 206
665 409
665 805
665 761
665 997
665 102
665 318
665 823
667 781
667 696
670 191
670 788
670 137
670 397
670 247
671 8
671 46
671 239
671 801
671 82
671 688
671 816
671 759
671 415
671 980
671 728
671 947
671 928
672 655
672 691
672 395
672 552
672 658
672 109
672 703
673 365
673 184
673 73
673 413
673 973
673 867
673 96
673 379
673 487
673 147
674 834
674 469
674 810
674 18
674 651
674 329
674 965
675 341
675 790
675 749
676 640
676 289
677 477
678 790
679 359
680 224
680 437
681 312
682 948
682 142
682 96
682 465
682 114
682 184
682 903
682 926
683 537
683 239
684 720
684 619
685 396
685 352
686 273
687 296
688 583
688 459
688 161
688 289
688 671
689 381
689 229
689 353
689 779
690 583
690 395
690 430
690 36
691 470
691 777
691 644
691 383
691 916
691 672
691 385
692 222
692 703
693 516
694 188
695 281
696 660
696 241
696 955
696 485
696 618
696 597
696 83
696 667
696 215
696 948
696 175
697 708
697 390
697 356
698 466
699 48
699 13
699 615
699 971
699 791
699 531
699 932
699 730
699 146
700 102
701 926
701 205
703 909
703 152
703 945
703 672
703 459
703 924
703 692
703 982
703 573
703 901
704 832
704 586
704 847
704 714
705 328
705 32
705 829
705 472
705 138
705 888
705 268
705 755
706 537
706 41
706 760
707 983
707 744
707 334
707 976
707 173
707 657
708 697
708 270
709 952
709 726
709 918
709 109
710 81
710 318
710 27
710 760
712 289
713 224
713 242
714 704
715 927
716 303
716 718
716 124
716 35
716 618
716 165
716 145
717 720
717 619
717 985
718 716
719 149
719 509
720 948
720 717
720 368
720 199
720 789
720 684
720 995
720 485
720 401
720 491
722 338
722 137
722 27
722 330
722 219
723 612
724 426
724 486
724 959
724 754
724 555
724 221
725 101
725 403
725 913
725 293
725 337
725 48
725 367
725 288
726 709
726 914
726 10
726 987
726 311
726 380
726 304
726 968
726 9
726 532
726 252
726 729
726 363
726 413
726 148
726 823
727 395
728 755
728 299
728 671
728 300
729 726
730 980
730 699
731 612
732 71
732 335
733 396
733 222
734 374
736 110
737 239
737 981
738 81
738 170
738 174
739 936
739 149
740 375
740 823
741 20
742 893
743 154
743 58
743 981
744 187
744 44
744 707
744 985
746 474
747 29
747 873
747 363
747 942
747 194
747 86
747 421
747 863
747 471
748 817
749 675
749 84
749 353
749 237
749 529
749 754
749 484
749 132
749 145
749 822
749 917
749 598
751 395
751 61
752 473
752 293
752 883
752 903
752 321
753 306
754 724
754 749
755 401
755 863
755 782
755 167
755 163
755 532
755 728
755 705
756 949
756 174
757 20
758 546
758 355
759 899
759 923
759 887
759 671
760 949
760 301
760 710
760 79
760 557
760 857
760 11
760 17
760 3
760 510
760 706
761 665
761 33
761 879
762 412
762 903
762 269
763 827
764 224
764 430
764 174
765 5
766 303
767 314
767 99
767 175
767 773
767 440
768 656
768 45
768 168
768 431
768 475
768 581
768 792
768 780
768 281
769 356
769 239
769 158
771 317
771 640
771 239
772 894
773 767
773 440
775 598
775 437
776 57
776 918
776 321
777 691
777 901
778 980
778 355
779 689
779 19
779 915
779 985
780 768
781 231
781 667
781 323
781 984
781 176
781 123
781 893
781 375
782 786
782 598
782 755
782 915
782 250
783 576
784 329
784 893
784 81
785 879
786 841
786 10
786 564
786 782
786 447
786 239
786 296
787 7
787 918
787 219
788 984
788 427
788 342
788 670
788 390
788 631
788 364
788 77
788 952
789 720
789 296
790 675
790 678
790 607
790 394
790 9
790 503
790 320
790 401
790 378
790 589
790 971
790 799
790 614
790 957
790 985
791 699
792 768
793 227
793 471
794 110
794 874
795 903
796 1000
797 893
799 646
799 790
799 33
800 317
800 170
801 655
801 671
802 639
802 466
802 646
803 149
804 68
804 905
804 545
805 484
805 665
805 946
808 891
809 425
810 612
810 22
810 674
811 974
811 6
811 653
812 299
812 918
812 335
814 869
815 621
815 918
816 546
816 27
816 590
816 36
816 671
817 15
817 748
817 338
817 865
817 950
817 348
817 369
817 41
818 430
819 879
819 250
821 936
822 869
822 749
822 637
823 306
823 740
823 726
823 393
823 253
823 133
823 937
823 665
823 13
823 152
823 478
823 327
823 961
823 260
823 400
823 177
824 224
824 270
824 43
824 571
824 833
824 300
825 936
825 94
825 392
826 146
827 763
827 977
827 159
827 930
827 342
827 407
827 356
827 47
827 149
829 166
829 705
831 866
831 410
831 915
831 399
831 474
832 704
832 35
833 86
833 146
833 328
833 840
833 824
833 929
834 170
834 466
834 674
834 330
834 510
836 308
836 926
837 304
838 58
838 170
840 174
840 833
840 250
841 786
841 123
841 477
841 437
842 440
842 430
842 582
842 637
842 474
843 94
843 461
844 537
845 448
845 616
845 44
845 471
846 915
847 704
847 410
848 946
848 1000
848 637
848 4
851 440
852 313
852 289
853 19
853 326
853 952
853 545
854 276
854 974
855 875
855 330
855 300
855 205
856 432
856 42
857 276
857 760
858 918
859 877
859 657
859 555
859 359
859 29
859 950
859 295
859 394
859 499
859 999
859 456
859 632
860 946
861 949
861 454
863 755
863 61
863 747
864 516
865 396
865 817
865 578
866 831
866 441
866 928
866 476
866 308
866 228
866 158
866 100
866 109
867 224
867 673
867 276
867 874
867 461
869 166
869 814
869 822
869 654
869 535
869 548
869 322
869 430
869 75
870 147
870 466
872 37
872 338
872 480
872 594
872 85
872 316
872 409
872 498
873 747
873 321
874 530
874 867
874 536
874 651
874 794
874 77
874 181
874 636
874 545
875 855
875 355
875 510
876 392
877 22
877 859
879 785
879 457
879 56
879 421
879 761
879 819
879 192
879 543
879 93
879 154
879 270
880 161
881 430
882 281
883 112
883 906
883 241
883 611
883 555
883 752
883 621
883 35
883 234
883 108
884 94
884 590
884 515
885 397
885 170
886 317
886 7
886 432
887 759
887 471
888 705
889 934
890 114
890 557
890 225
890 986
890 87
890 575
890 348
890 167
890 570
890 47
891 808
891 917
891 311
891 560
891 629
891 345
891 436
892 242
892 461
893 439
893 114
893 967
893 797
893 781
893 784
893 345
893 245
893 742
894 772
894 143
894 994
894 189
894 20
894 163
894 407
894 580
894 462
894 145
894 965
894 550
895 4
896 926
897 344
897 4
899 552
899 759
900 903
901 592
901 993
901 472
901 620
901 777
901 228
901 491
901 703
902 304
902 233
902 170
903 607
903 795
903 434
903 309
903 314
903 900
903 929
903 171
903 762
903 752
903 459
903 135
903 682
903 987
903 80
905 804
905 76
905 952
905 961
905 29
905 390
905 559
905 474
906 883
906 238
907 612
908 448
908 926
908 247
909 703
910 81
910 222
910 300
911 15
912 344
912 399
913 20
913 725
914 565
914 395
914 726
914 369
914 33
914 545
915 846
915 779
915 77
915 831
915 462
915 541
915 249
915 782
915 646
915 57
916 420
916 602
916 691
917 749
917 891
918 302
918 993
918 776
918 540
918 559
918 433
918 457
918 22
918 858
918 709
918 787
918 179
918 812
918 76
918 815
918 28
919 477
921 313
921 625
921 590
921 80
922 100
922 425
923 314
923 207
923 407
923 119
923 759
923 4
924 359
924 511
924 703
926 908
926 492
926 896
926 402
926 298
926 639
926 202
926 164
926 682
926 701
926 139
926 836
926 172
926 257
927 715
927 351
927 158
928 66
928 204
928 866
928 102
928 459
928 646
928 671
929 224
929 952
929 903
929 833
930 94
930 36
930 827
931 430
931 57
932 699
933 448
933 356
934 583
934 889
934 463
934 982
934 629
934 987
934 206
934 329
934 285
934 318
934 319
935 949
936 739
936 119
936 825
936 164
936 288
936 821
936 192
936 94
937 276
937 582
937 823
937 658
938 949
940 146
940 646
941 42
941 205
942 27
942 747
943 166
943 219
944 382
944 17
944 491
945 565
945 703
946 848
946 292
946 535
946 407
946 860
946 270
946 634
946 805
946 336
946 1000
946 335
946 425
947 317
947 233
947 109
947 671
948 720
948 682
948 80
948 696
949 360
949 756
949 861
949 938
949 266
949 935
949 78
949 643
949 5
949 760
950 817
950 859
950 582
951 170
952 709
952 788
952 180
952 853
952 169
952 396
952 90
952 929
952 905
953 48
953 84
955 250
955 696
957 338
957 233
957 790
959 724
959 304
959 269
959 222
960 625
960 471
961 583
961 823
961 36
961 905
961 474
962 590
962 5
964 602
965 622
965 232
965 228
965 674
965 894
966 395
966 239
967 893
967 598
968 726
968 466
968 296
969 590
970 86
971 487
971 276
971 699
971 790
971 257
972 974
973 673
974 183
974 972
974 262
974 811
974 482
974 854
974 519
974 471
975 446
976 537
976 707
976 300
977 827
978 474
979 219
980 26
980 778
980 640
980 371
980 567
980 730
980 58
980 359
980 671
981 251
981 119
981 743
981 737
981 362
981 269
981 108
982 630
982 934
982 703
983 707
983 89
983 300
984 781
984 788
984 94
985 302
985 107
985 744
985 350
985 779
985 717
985 285
985 654
985 387
985 293
985 790
986 890
986 598
986 356
987 934
987 228
987 616
987 726
987 903
987 399
989 174
989 425
989 188
989 257
990 616
990 44
990 238
990 211
993 901
993 918
994 109
994 510
994 300
994 894
995 102
995 81
995 720
996 1000
997 665
999 598
999 859
999 619
1000 483
1000 393
1000 587
1000 848
1000 452
1000 594
1000 796
1000 996
1000 664
1000 203
1000 946
1000 612
