1 537
1 369
1 300
1 530
1 16
1 970
1 607
2 559
2 959
2 144
3 515
3 733
3 180
3 453
3 249
3 147
3 760
3 714
3 255
3 340
4 895
4 341
4 897
4 848
4 404
4 570
4 654
4 923
4 388
4 59
4 244
4 47
4 813
5 664
5 962
5 765
5 146
5 371
5 690
5 309
5 792
5 462
6 600
6 465
6 8
6 459
6 192
6 627
6 959
6 752
6 501
7 482
7 803
7 838
7 323
7 827
7 657
7 390
7 823
7 309
7 263
7 383
7 137
7 297
7 254
7 305
7 713
7 76
8 440
8 339
8 761
8 834
8 679
8 993
8 903
8 596
8 689
8 153
8 78
8 450
8 293
8 84
8 671
8 6
8 211
8 304
8 13
8 935
8 361
9 396
9 726
9 296
9 571
9 790
9 736
9 335
10 786
10 17
10 726
10 629
11 760
11 58
11 234
12 524
12 593
12 838
12 241
12 204
12 262
12 801
12 396
12 905
13 449
13 166
13 746
13 765
13 8
13 699
13 823
13 530
13 559
13 144
14 397
14 289
14 913
14 219
15 911
15 345
15 259
15 98
15 855
15 387
15 876
15 380
15 732
15 230
15 330
15 918
15 853
15 848
15 593
15 26
15 936
15 171
15 450
16 327
16 154
16 307
16 657
16 247
16 967
16 670
16 1
16 596
16 122
16 672
16 634
16 270
16 956
16 150
16 547
17 599
17 944
17 547
17 140
17 220
17 10
17 334
17 349
17 239
17 760
18 270
18 674
18 515
18 112
18 781
18 808
18 912
18 216
19 853
19 779
19 583
19 313
19 326
19 606
19 250
19 370
20 60
20 805
20 57
20 656
20 802
20 52
20 295
20 481
20 309
20 88
20 510
20 894
20 865
20 937
21 219
21 787
21 846
22 323
22 810
22 538
22 476
22 974
22 792
22 918
22 34
22 401
22 199
22 45
22 741
23 84
23 959
23 834
23 47
24 384
24 289
24 491
24 310
25 516
25 150
26 85
26 790
26 216
26 590
26 958
26 15
26 778
26 571
26 321
26 341
26 251
27 59
27 171
27 35
27 942
27 816
27 722
27 710
27 435
27 598
27 595
27 576
27 194
27 142
27 181
28 819
28 637
28 339
28 146
28 481
28 759
28 80
28 932
28 846
28 793
28 338
28 516
28 918
28 202
29 524
29 420
29 447
29 856
29 319
29 77
29 312
29 949
29 66
29 211
29 146
29 859
29 747
29 33
29 983
31 187
31 183
31 349
31 858
31 39
32 110
32 84
32 705
32 454
32 738
32 173
33 568
33 294
33 616
33 438
33 29
33 914
33 799
33 152
33 761
33 892
33 643
33 303
34 22
34 929
34 73
34 888
34 373
34 790
34 474
34 259
34 550
34 296
34 542
34 437
35 595
35 240
35 832
35 495
35 883
35 27
35 716
35 354
35 224
35 938
36 443
36 422
36 233
36 586
36 816
36 564
36 690
36 290
36 930
36 961
36 367
36 53
36 219
36 381
36 970
36 830
37 536
37 74
37 279
37 846
37 380
37 982
37 439
37 459
37 397
37 444
38 276
38 139
38 362
38 561
39 31
39 964
39 678
39 509
39 852
39 510
39 916
39 277
39 702
40 120
40 590
40 612
40 542
41 125
41 285
41 227
41 267
41 332
41 817
41 706
41 507
41 829
42 611
42 534
42 62
42 445
42 405
42 941
42 856
42 613
42 501
42 341
43 538
43 824
43 575
43 121
43 341
43 880
43 450
43 76
44 845
44 343
44 464
44 153
44 549
44 159
44 381
44 598
44 548
44 631
44 928
44 844
44 399
44 653
44 589
44 915
44 497
44 74
45 980
45 501
45 570
45 83
45 294
45 865
45 305
45 22
45 974
45 349
45 259
45 560
45 732
46 108
46 671
46 315
47 232
47 23
47 907
47 525
47 447
47 4
47 219
47 893
47 160
47 863
47 952
47 203
47 99
47 224
47 890
47 827
47 169
47 462
47 136
47 563
48 836
48 950
48 359
48 457
48 662
48 663
48 71
48 699
48 725
48 990
48 975
49 530
49 237
49 171
49 838
50 785
50 746
51 669
51 489
52 899
52 762
52 536
52 20
53 123
53 75
53 36
53 908
53 143
54 640
54 559
54 928
55 559
55 569
56 437
56 879
56 234
57 915
57 931
57 167
57 449
57 577
57 985
57 855
57 893
57 20
57 586
58 980
58 802
58 615
58 90
58 11
58 729
58 658
58 187
58 73
58 242
58 565
58 228
58 571
58 71
58 757
58 76
58 144
59 27
59 4
59 454
59 446
59 255
60 20
60 827
60 238
60 407
60 556
60 581
61 751
61 863
61 334
61 187
61 115
61 227
61 116
61 98
61 369
61 959
62 276
62 42
62 335
62 652
62 101
62 436
63 877
63 381
64 450
64 935
64 732
64 165
64 427
64 355
64 425
65 281
65 145
65 672
65 589
65 732
65 502
66 928
66 312
66 29
66 499
66 234
66 838
66 970
66 212
67 282
67 593
67 296
67 222
67 201
67 237
68 476
68 395
68 486
68 405
68 531
68 336
68 419
68 688
68 553
68 125
68 430
68 145
68 84
68 573
68 303
69 219
69 485
69 197
70 158
70 471
70 428
70 872
71 538
71 48
71 765
71 130
71 967
71 58
71 675
71 744
71 660
71 704
72 206
72 553
72 561
72 226
73 673
73 247
73 34
73 177
73 620
73 58
74 373
74 44
74 189
74 695
74 944
74 37
74 483
74 375
74 496
74 124
74 150
75 187
75 496
75 611
75 869
75 53
75 109
75 86
75 935
75 909
76 43
76 58
76 768
76 250
76 638
76 372
76 7
76 929
76 308
76 918
76 937
76 483
77 788
77 915
77 874
77 880
77 29
77 592
78 199
78 374
78 155
78 847
78 216
78 8
78 631
79 760
79 780
80 125
80 921
80 494
80 948
80 385
80 562
80 295
80 316
80 903
80 442
80 323
80 791
80 827
80 546
80 969
80 28
80 935
80 757
81 378
81 995
81 429
81 190
81 536
81 910
81 784
81 738
81 710
81 615
81 354
82 410
82 671
82 582
83 243
83 874
83 155
83 561
83 212
83 560
83 499
83 696
83 421
83 45
84 953
84 104
84 650
84 32
84 23
84 382
84 218
84 287
84 68
84 854
84 392
84 466
84 749
84 222
84 8
84 547
84 450
85 872
85 26
85 181
85 433
85 402
86 888
86 757
86 454
86 75
86 677
86 906
86 800
86 736
86 101
86 747
86 556
86 344
86 501
86 340
87 890
87 646
87 169
87 764
87 660
88 349
88 781
88 385
88 157
88 20
89 601
89 324
89 456
89 249
89 173
89 538
89 278
89 402
89 842
89 297
89 489
90 276
90 952
90 582
90 58
90 95
91 385
91 92
92 874
92 595
92 886
92 831
92 540
92 106
92 571
92 900
92 772
92 581
92 476
92 91
92 682
92 234
93 879
93 323
93 319
94 132
94 659
94 884
94 936
94 930
94 843
94 512
94 825
94 460
94 984
94 436
94 437
94 266
95 346
95 377
95 99
95 775
95 793
95 90
95 742
95 315
96 673
96 115
96 682
96 571
96 298
96 629
96 212
97 296
97 308
97 775
98 233
98 61
98 590
98 15
98 652
98 261
99 47
99 767
99 817
99 437
99 95
100 922
100 122
100 215
100 866
100 567
100 566
100 454
100 477
100 646
101 285
101 62
101 689
101 697
101 791
101 215
101 573
101 869
101 478
101 86
102 519
102 928
102 700
102 995
102 632
102 665
102 239
102 631
102 166
103 384
103 811
103 744
103 620
103 970
104 84
104 147
104 961
104 150
104 624
105 115
105 219
106 382
106 378
106 202
106 906
106 262
106 969
106 926
106 340
106 129
106 384
106 432
106 763
106 92
107 461
107 985
107 915
108 883
108 490
108 46
108 615
108 793
108 981
108 739
108 177
108 945
109 359
109 709
109 411
109 647
109 672
109 316
109 75
109 947
109 866
109 143
109 994
109 834
109 883
110 794
110 476
110 456
110 445
110 32
110 705
110 538
110 959
110 233
110 366
110 297
111 170
111 158
111 953
111 943
111 197
112 998
112 198
112 918
112 444
112 130
112 299
112 663
112 18
112 883
112 330
112 233
112 840
112 202
112 150
112 813
113 516
113 600
113 381
113 173
113 531
113 926
113 234
114 890
114 893
114 137
114 682
114 892
114 763
114 261
115 105
115 96
115 526
115 175
115 661
115 126
115 356
115 600
115 946
115 570
115 540
115 532
115 375
115 61
115 492
115 970
116 61
116 559
116 624
116 303
117 355
117 242
117 412
117 861
118 172
118 143
118 499
118 250
118 534
118 150
118 212
119 923
119 936
119 369
119 981
119 304
119 825
119 527
120 40
120 562
120 566
120 499
120 678
120 428
120 185
120 591
120 638
120 675
120 940
120 361
121 43
121 226
122 466
122 716
122 937
122 908
122 238
122 410
122 388
122 890
122 100
122 425
122 250
122 492
122 16
123 605
123 587
123 447
123 53
123 380
123 544
123 781
123 316
123 541
123 841
123 612
123 482
123 177
123 199
123 926
124 678
124 718
124 672
124 428
124 176
124 927
124 74
124 994
124 430
124 716
124 205
124 349
124 713
124 775
125 487
125 80
125 41
125 614
125 757
125 68
125 668
126 532
126 309
126 115
126 534
127 282
127 477
128 277
128 166
128 251
129 447
129 922
129 341
129 938
129 906
129 537
129 158
129 953
129 106
129 825
129 197
130 206
130 763
130 112
130 71
130 202
130 581
131 736
132 94
132 749
132 653
132 980
132 293
133 491
133 823
133 987
133 396
135 385
135 195
135 482
135 859
135 939
135 430
135 903
135 242
135 155
135 861
136 531
136 981
136 951
136 47
136 761
136 614
136 553
137 670
137 722
137 114
137 353
137 551
137 459
137 840
137 865
137 196
137 7
137 766
138 329
138 338
138 705
138 309
138 589
138 990
139 914
139 676
139 429
139 174
139 897
139 38
139 652
139 274
139 608
139 637
139 621
139 983
139 150
140 17
140 430
140 197
141 639
141 840
141 169
142 907
142 900
142 777
142 679
142 847
142 855
142 346
142 27
142 682
142 599
142 201
142 830
143 537
143 459
143 118
143 53
143 482
143 457
143 475
143 256
143 976
143 619
143 680
143 362
143 869
143 637
143 329
143 109
143 694
144 651
144 985
144 423
144 2
144 236
144 820
144 727
144 13
144 653
144 58
144 375
144 778
144 444
144 338
145 564
145 201
145 215
145 602
145 220
145 753
145 775
145 65
145 364
145 68
145 296
145 749
145 571
145 716
145 401
145 533
145 212
146 940
146 472
146 195
146 591
146 826
146 699
146 412
146 264
146 417
146 540
146 833
146 457
146 309
146 5
146 959
146 29
146 28
147 104
147 870
147 673
147 3
147 513
147 574
147 184
147 470
147 296
147 407
147 886
147 197
148 726
148 451
149 719
149 739
149 184
149 243
149 803
149 348
149 465
149 617
149 582
149 827
149 250
149 498
150 670
150 728
150 616
150 715
150 751
150 74
150 673
150 118
150 25
150 112
150 563
150 829
150 139
150 104
150 905
150 945
150 16
151 255
151 937
152 761
152 587
152 226
152 365
152 355
152 411
152 947
152 709
152 498
152 434
152 377
152 989
152 823
152 33
152 703
152 231
152 532
152 746
152 949
153 245
153 8
153 194
153 44
153 838
153 361
154 214
154 743
154 608
154 879
154 880
154 407
154 16
155 723
155 733
155 864
155 135
155 687
155 222
155 281
155 937
155 78
155 83
155 360
156 451
156 450
157 944
157 531
157 463
157 783
157 186
157 537
157 612
157 268
157 88
157 437
157 899
157 653
157 404
157 446
157 202
157 234
157 830
158 70
158 258
158 129
158 488
158 422
158 194
158 514
158 111
158 769
158 866
158 332
158 589
159 430
159 827
159 44
159 497
159 610
160 947
160 299
160 586
160 769
160 175
160 510
160 47
160 746
161 688
161 322
161 911
161 642
161 789
161 388
161 960
161 619
161 776
161 370
162 865
162 694
163 261
163 577
163 647
163 722
163 536
163 245
163 755
163 569
164 936
164 926
164 309
165 716
165 328
165 64
165 325
165 846
166 488
166 128
166 755
166 919
166 591
166 669
166 920
166 703
166 291
166 102
166 804
166 190
166 946
166 645
166 869
166 949
166 13
166 226
167 890
167 755
167 299
167 170
167 57
167 496
168 361
168 365
168 232
168 667
168 734
168 263
168 660
169 858
169 141
169 87
169 441
169 47
169 828
169 445
169 474
169 245
170 596
170 309
170 516
170 167
170 951
170 902
170 738
170 111
170 342
170 885
170 800
170 838
170 867
170 632
170 510
170 376
171 15
171 730
171 904
171 997
171 908
171 519
171 699
171 49
171 593
171 375
171 27
171 903
171 477
172 776
172 754
172 718
172 118
172 410
172 653
173 947
173 762
173 32
173 763
173 296
173 596
173 386
173 89
173 840
173 113
173 339
173 940
173 813
174 652
174 542
174 756
174 203
174 466
174 768
174 538
174 805
174 517
174 628
174 433
174 555
174 902
174 894
174 139
174 861
175 767
175 115
175 578
175 696
175 811
175 160
175 975
176 781
176 321
176 894
176 392
176 124
176 263
177 332
177 123
177 420
177 778
177 73
177 620
177 255
177 108
177 337
177 823
177 680
177 949
177 212
178 621
178 271
179 612
179 918
179 219
179 559
179 736
179 738
180 952
180 397
180 934
180 908
180 277
180 3
180 677
181 85
181 683
181 586
181 27
181 863
181 937
181 338
181 625
181 509
181 194
181 660
181 983
181 753
181 909
182 228
182 250
182 306
182 446
182 224
183 467
183 607
183 742
183 31
183 974
183 515
183 188
183 231
183 277
183 983
183 376
184 673
184 384
184 682
184 149
184 147
184 606
184 496
184 255
185 432
185 120
186 157
186 556
186 305
187 541
187 744
187 280
187 31
187 681
187 61
187 75
187 825
187 58
187 297
187 938
188 989
188 223
188 549
188 236
188 183
188 712
188 605
188 235
188 896
188 880
188 559
188 829
188 714
188 246
189 894
189 281
189 834
189 74
190 81
190 325
190 166
190 586
190 475
191 670
191 227
191 823
191 202
191 988
192 936
192 879
192 6
192 667
192 889
193 247
193 206
193 483
193 532
193 961
193 431
194 608
194 181
194 27
194 153
194 158
194 747
194 817
194 450
195 146
195 247
195 135
195 449
195 474
195 825
195 431
196 351
196 583
196 649
196 137
196 309
196 824
196 545
196 899
196 949
196 629
196 592
196 323
196 261
197 792
197 517
197 147
197 960
197 140
197 811
197 552
197 420
197 69
197 129
197 229
197 321
197 111
197 846
197 602
197 645
197 225
197 502
197 763
198 112
198 573
199 747
199 464
199 598
199 22
199 237
199 957
199 896
199 298
199 775
199 799
199 811
199 123
199 720
199 397
199 477
199 229
199 78
200 582
201 247
201 67
201 142
201 890
201 721
201 683
201 861
201 414
201 548
201 509
201 259
201 999
201 145
201 714
202 384
202 857
202 157
202 28
202 454
202 828
202 130
202 385
202 320
202 895
202 892
202 191
202 525
202 112
202 837
202 240
202 937
202 369
202 926
202 759
202 106
203 392
203 1000
203 174
203 811
203 47
203 685
204 928
204 516
204 511
204 12
205 235
205 855
205 244
205 124
205 701
205 941
205 768
205 385
206 785
206 606
206 721
206 72
206 434
206 877
206 193
206 314
206 130
206 365
206 631
206 752
207 923
208 516
208 637
208 308
208 877
208 370
209 355
209 227
209 270
209 732
209 768
210 471
210 309
210 437
211 990
211 424
211 462
211 509
211 601
211 251
211 8
211 535
211 718
211 865
211 29
211 629
211 620
212 611
212 118
212 177
212 66
212 609
212 96
212 145
212 823
212 437
212 629
212 282
212 83
213 970
213 526
213 727
213 304
213 629
213 776
213 451
213 474
214 154
214 399
214 561
215 100
215 696
215 145
215 101
215 573
216 368
216 612
216 656
216 939
216 570
216 574
216 260
216 694
216 18
216 26
216 606
216 78
217 665
217 643
218 745
218 587
218 526
218 969
218 345
218 84
218 437
218 454
219 244
219 21
219 36
219 722
219 979
219 488
219 69
219 943
219 787
219 179
219 105
219 14
219 817
219 446
219 47
219 255
220 17
220 145
220 834
220 668
220 431
221 724
221 410
221 222
222 84
222 910
222 311
222 221
222 223
222 298
222 959
222 692
222 155
222 733
222 67
222 492
222 497
223 546
223 222
223 188
224 929
224 47
224 764
224 867
224 824
224 680
224 957
224 585
224 182
224 35
224 545
224 543
224 990
224 628
225 355
225 890
225 498
225 197
226 166
226 305
226 981
226 677
226 72
226 508
226 121
226 383
226 904
226 587
226 571
226 152
227 209
227 390
227 793
227 191
227 61
227 41
227 637
228 331
228 58
228 965
228 386
228 534
228 520
228 987
228 866
228 182
228 484
228 901
228 482
228 952
228 362
229 683
229 633
229 660
229 484
229 532
229 199
229 642
229 689
229 652
229 643
229 831
229 263
229 197
230 15
230 277
230 450
231 183
231 972
231 755
231 575
231 849
231 367
231 969
231 152
231 452
231 655
231 257
231 375
232 965
232 47
232 462
232 168
232 768
233 957
233 467
233 112
233 947
233 902
233 110
233 98
233 517
233 590
233 36
233 319
233 437
233 732
233 565
233 248
234 416
234 268
234 781
234 573
234 157
234 11
234 113
234 635
234 628
234 92
234 687
234 284
234 56
234 747
234 356
234 967
234 718
234 66
234 883
234 582
235 205
235 188
235 669
235 610
236 418
236 625
236 359
236 326
236 552
236 188
236 298
236 144
237 248
237 334
237 67
237 472
237 339
237 750
237 49
237 888
237 818
237 439
237 387
237 749
237 354
237 892
237 199
237 323
237 628
238 432
238 906
238 526
238 362
238 305
238 369
238 641
238 640
238 990
238 850
238 60
238 289
238 482
238 672
238 122
238 935
238 475
239 17
239 966
239 613
239 786
239 683
239 737
239 102
239 771
239 769
239 445
239 366
239 671
239 653
239 834
239 636
240 35
240 543
240 202
241 883
241 696
241 752
241 12
242 713
242 117
242 637
242 135
242 647
242 614
242 463
242 938
242 58
243 546
243 149
243 653
243 913
243 83
243 360
244 219
244 4
244 205
244 561
245 678
245 426
245 153
245 484
245 757
245 169
245 432
245 514
245 163
246 361
246 849
246 622
246 480
246 188
247 410
247 195
247 908
247 670
247 73
247 193
247 608
247 201
247 16
248 291
248 233
248 328
248 237
248 886
249 915
249 89
249 3
249 592
249 536
249 798
250 660
250 182
250 477
250 955
250 663
250 414
250 819
250 291
250 552
250 392
250 533
250 840
250 149
250 694
250 122
250 118
250 606
250 519
250 19
250 443
250 629
250 76
251 26
251 128
251 818
251 388
251 784
251 909
251 773
251 664
251 609
251 324
251 677
251 605
251 508
251 981
251 578
251 211
251 928
252 726
252 744
252 606
252 660
252 825
253 823
253 354
253 669
254 466
254 454
254 530
254 940
254 7
255 151
255 426
255 865
255 528
255 564
255 796
255 184
255 219
255 59
255 628
255 540
255 3
255 504
255 612
255 893
255 177
255 375
255 643
255 970
256 384
256 143
256 989
256 586
257 451
257 303
257 989
257 509
257 971
257 264
257 926
257 417
257 231
257 543
257 534
257 983
258 389
258 406
258 288
258 954
258 732
258 599
258 158
258 376
259 425
259 34
259 15
259 201
259 940
259 945
259 45
260 602
260 621
260 823
260 365
260 937
260 216
260 610
261 98
261 853
261 114
261 923
261 841
261 196
261 865
261 606
261 163
262 974
262 106
262 897
262 12
263 567
263 402
263 844
263 229
263 765
263 267
263 168
263 881
263 176
263 744
263 7
263 569
264 640
264 515
264 257
264 146
264 369
265 959
265 341
265 889
266 422
266 354
266 94
266 415
266 983
266 608
266 321
266 559
266 764
267 289
267 41
267 936
267 263
267 735
268 705
268 157
268 298
268 536
268 234
268 889
269 559
269 629
269 299
269 382
269 310
269 959
269 762
269 614
269 728
269 840
269 981
269 354
269 404
269 402
270 439
270 209
270 708
270 363
270 534
270 18
270 824
270 946
270 879
270 16
271 961
271 760
271 178
271 942
271 606
272 509
272 374
272 606
273 686
273 811
273 323
274 593
274 653
274 474
274 139
274 485
276 971
276 38
276 857
276 62
276 867
276 854
276 937
276 90
276 539
276 567
276 491
276 714
276 534
277 832
277 128
277 180
277 664
277 538
277 551
277 183
277 39
277 561
277 230
277 375
277 614
278 598
278 491
278 643
278 89
278 886
279 461
279 865
279 37
279 344
280 655
280 187
280 614
280 289
280 834
280 667
280 897
280 569
280 542
281 695
281 545
281 189
281 155
281 319
281 312
281 380
281 503
281 459
281 882
281 65
281 664
281 609
281 306
282 67
282 127
282 890
282 396
282 523
282 718
282 212
282 656
282 461
282 362
282 741
283 545
283 338
283 707
284 434
284 477
284 234
284 436
285 860
285 372
285 508
285 915
285 327
285 934
285 41
285 985
285 329
285 101
285 335
286 471
286 936
287 395
287 84
287 927
287 658
287 549
287 913
287 475
288 936
288 545
288 725
288 258
289 500
289 440
289 415
289 14
289 688
289 852
289 676
289 24
289 267
289 712
289 238
289 280
289 303
290 36
290 499
290 563
291 250
291 166
291 248
292 946
292 432
292 637
292 542
293 694
293 404
293 132
293 506
293 578
293 725
293 985
293 8
293 498
293 834
293 573
293 935
294 33
294 586
294 45
295 859
295 80
295 553
295 20
295 804
296 789
296 323
296 537
296 543
296 147
296 507
296 9
296 634
296 67
296 145
296 97
296 786
296 34
296 968
296 687
296 622
296 363
296 173
297 520
297 396
297 187
297 726
297 110
297 89
297 612
297 432
297 877
297 7
298 474
298 236
298 420
298 521
298 96
298 268
298 622
298 222
298 199
298 496
298 660
299 464
299 448
299 630
299 167
299 483
299 812
299 728
299 269
299 543
299 675
299 306
299 112
299 776
299 160
299 431
300 343
300 910
300 824
300 994
300 1
300 728
300 976
300 855
300 983
300 471
301 760
301 961
302 918
302 985
302 637
302 976
302 865
303 754
303 371
303 937
303 33
303 289
303 747
303 116
303 68
303 511
303 257
304 837
304 372
304 902
304 448
304 655
304 405
304 213
304 8
304 657
304 119
304 726
305 707
305 440
305 918
305 382
305 907
305 186
305 350
305 572
305 238
305 715
305 588
305 226
305 45
305 7
306 182
306 299
306 281
306 887
306 656
307 764
307 532
307 861
307 16
308 836
308 866
308 208
308 97
308 510
308 648
308 76
309 164
309 5
309 146
309 138
309 126
309 693
309 863
309 981
309 210
309 348
309 312
309 903
309 170
309 883
309 573
309 704
309 7
309 196
309 20
309 489
309 813
309 431
310 504
310 586
310 681
310 389
310 734
310 24
310 325
310 542
310 269
310 899
310 536
311 583
311 726
311 222
311 891
311 643
311 556
312 325
312 309
312 681
312 560
312 66
312 525
312 720
312 582
312 281
312 29
313 19
313 852
313 921
313 657
314 767
314 923
314 903
314 206
314 808
315 95
315 918
315 630
315 892
315 46
315 543
315 556
316 123
316 80
316 872
316 109
316 834
317 947
317 383
317 800
317 407
317 771
317 886
317 880
317 764
317 989
317 610
318 603
318 710
318 665
318 934
318 342
318 599
318 539
318 519
318 623
318 379
318 752
318 449
318 553
319 443
319 233
319 934
319 782
319 93
319 507
319 281
319 29
319 349
319 660
319 753
319 970
319 502
319 391
320 790
320 875
320 883
320 202
321 266
321 873
321 176
321 776
321 26
321 752
321 657
321 902
321 987
321 880
321 197
321 475
322 869
322 161
322 891
322 323
322 628
323 93
323 580
323 196
323 273
323 629
323 495
323 237
323 407
323 953
323 322
323 515
323 781
323 22
323 296
323 80
323 7
323 858
324 374
324 89
324 808
324 251
324 804
325 716
325 165
325 190
325 312
325 356
325 310
325 658
326 390
326 19
326 546
326 381
326 853
326 236
326 497
326 756
327 823
327 285
327 16
327 431
328 620
328 433
328 720
328 432
328 996
328 165
328 587
328 248
328 764
328 705
328 833
328 892
328 510
329 138
329 512
329 784
329 143
329 434
329 927
329 285
329 934
329 674
329 559
329 510
329 636
330 722
330 834
330 512
330 393
330 112
330 855
330 15
331 228
331 880
332 41
332 588
332 158
332 177
333 375
333 543
333 568
333 573
333 987
333 660
333 938
334 426
334 17
334 61
334 707
334 937
334 237
334 573
335 946
335 732
335 812
335 62
335 646
335 634
335 379
335 835
335 9
335 285
335 762
336 946
336 68
337 725
337 515
337 177
337 667
337 433
338 661
338 722
338 28
338 181
338 138
338 957
338 546
338 603
338 144
338 283
338 817
338 872
339 888
339 487
339 378
339 963
339 962
339 630
339 370
339 173
339 886
339 791
339 503
339 8
339 237
339 28
339 990
339 431
340 683
340 522
340 86
340 763
340 3
340 527
340 955
340 449
340 106
340 945
341 43
341 356
341 553
341 375
341 26
341 42
341 543
341 713
341 808
341 265
341 4
341 129
342 788
342 318
342 170
342 827
343 44
343 300
343 865
343 652
344 912
344 635
344 86
344 436
344 279
344 681
345 893
345 891
345 15
345 474
345 218
346 369
346 611
346 142
346 401
346 95
347 780
348 890
348 817
348 149
348 309
348 643
348 349
348 858
349 650
349 923
349 124
349 319
349 88
349 348
349 614
349 31
349 609
349 984
349 651
349 718
349 394
349 453
349 17
349 374
349 45
350 459
350 509
350 985
350 934
350 305
350 493
351 927
351 653
351 643
351 196
351 370
352 383
352 685
352 746
352 666
352 529
352 753
352 528
352 842
353 689
353 137
353 749
354 35
354 253
354 269
354 81
354 237
354 513
354 392
354 971
354 892
354 266
355 64
355 630
355 117
355 778
355 225
355 209
355 758
355 638
355 875
355 375
355 598
355 908
355 739
355 152
355 768
355 741
356 585
356 411
356 546
356 933
356 769
356 697
356 469
356 986
356 654
356 560
356 325
356 341
356 827
356 665
356 115
356 390
356 437
356 234
356 775
356 370
357 787
358 599
359 236
359 924
359 980
359 679
359 398
359 459
359 859
359 109
359 48
359 433
360 483
360 155
360 572
360 746
360 243
360 892
360 533
360 953
360 787
361 120
361 603
361 153
361 8
361 640
361 937
361 396
361 168
361 246
361 858
362 864
362 38
362 746
362 228
362 684
362 507
362 929
362 924
362 282
362 842
362 981
362 238
362 744
362 143
363 547
363 453
363 429
363 270
363 726
363 296
363 747
363 874
363 938
364 788
364 145
364 492
365 468
365 457
365 746
365 456
365 792
365 260
365 847
365 598
365 206
365 370
365 482
365 913
365 152
365 463
365 620
365 168
366 944
366 540
366 985
366 571
366 110
366 714
366 850
366 626
366 992
366 925
366 239
366 811
367 36
367 725
367 790
367 483
367 231
367 553
368 720
368 449
368 660
368 216
369 383
369 460
369 1
369 61
369 346
369 408
369 914
369 398
369 202
369 119
369 817
369 264
369 578
369 238
369 536
370 161
370 871
370 535
370 356
370 19
370 524
370 208
370 845
370 351
370 421
370 730
370 783
370 501
370 654
370 365
370 339
371 583
371 980
371 590
371 5
371 303
372 304
372 285
372 643
372 76
373 34
373 568
373 561
373 74
374 324
374 572
374 349
374 272
374 734
374 428
374 78
375 781
375 333
375 355
375 115
375 740
375 277
375 386
375 171
375 427
375 918
375 577
375 255
375 565
375 74
375 231
375 515
375 341
375 912
375 144
375 694
376 645
376 183
376 641
376 170
376 922
376 258
376 842
377 430
377 152
377 95
377 830
378 81
378 790
378 339
378 106
378 804
379 673
379 743
379 335
379 318
379 624
380 532
380 123
380 726
380 281
380 15
380 37
380 892
381 676
381 499
381 692
381 884
381 484
381 63
381 36
381 689
381 326
381 976
381 428
381 113
381 959
381 44
381 743
381 894
381 565
381 938
382 944
382 84
382 269
382 106
382 305
383 317
383 691
383 352
383 369
383 7
383 226
383 475
384 184
384 657
384 106
384 103
384 256
384 24
384 425
384 202
384 768
385 91
385 205
385 758
385 723
385 88
385 907
385 691
385 593
385 80
385 640
385 135
385 660
385 732
385 202
386 228
386 375
386 590
386 543
386 744
386 173
387 985
387 15
387 237
387 940
387 436
387 492
388 658
388 4
388 161
388 599
388 122
388 251
389 258
389 310
389 990
389 813
390 870
390 491
390 921
390 987
390 504
390 799
390 356
390 673
390 910
390 834
390 697
390 788
390 326
390 227
390 7
390 561
390 961
391 503
391 319
391 410
391 578
391 824
391 579
391 673
391 975
392 876
392 203
392 786
392 890
392 807
392 176
392 924
392 250
392 354
392 84
392 568
393 680
393 588
393 878
393 330
393 1000
393 823
394 859
394 790
394 855
394 349
394 399
394 768
395 751
395 966
395 727
395 672
395 589
395 914
395 287
395 631
395 690
395 989
395 68
395 624
396 733
396 9
396 12
396 902
396 903
396 864
396 361
396 133
396 952
396 653
396 282
396 808
396 463
396 846
396 297
397 37
397 199
397 405
397 670
397 180
397 14
397 885
397 592
397 454
398 359
398 369
398 720
398 553
398 474
398 804
399 614
399 44
399 831
399 214
399 987
399 585
399 394
399 559
400 823
400 825
400 813
401 993
401 720
401 145
401 404
401 639
401 22
401 346
401 455
401 755
401 491
401 790
401 493
402 675
402 678
402 836
402 269
402 782
402 85
402 715
402 473
402 926
402 639
402 89
402 263
403 754
403 509
403 778
403 821
403 864
403 725
403 657
404 269
404 591
404 446
404 767
404 894
404 491
404 837
404 892
404 628
404 157
404 4
404 840
404 293
404 401
404 757
405 304
405 397
405 42
405 840
405 811
405 672
405 989
405 68
406 258
406 908
406 938
407 414
407 467
407 708
407 154
407 701
407 620
407 147
407 902
407 60
407 967
407 317
407 923
407 946
407 827
407 927
407 892
407 713
407 323
408 369
408 762
408 897
409 665
409 537
409 437
409 872
410 82
410 221
410 831
410 847
410 434
410 550
410 471
410 247
410 172
410 421
410 122
410 391
411 356
411 109
411 559
411 152
412 680
412 117
412 742
412 818
412 812
412 146
412 436
412 912
413 673
413 440
413 726
413 483
414 250
414 201
414 498
414 549
414 407
414 842
414 961
415 289
415 671
415 266
416 811
416 234
417 257
417 146
417 610
418 236
418 556
419 545
419 880
419 573
419 68
420 916
420 545
420 298
420 177
420 29
420 197
421 410
421 471
421 1000
421 592
421 83
421 903
421 747
421 879
421 908
421 370
422 632
422 158
422 36
422 607
422 498
422 720
422 266
423 509
423 875
423 804
423 144
423 813
424 211
424 743
424 610
425 259
425 122
425 384
425 922
425 64
425 809
425 485
425 468
425 946
425 760
425 936
426 334
426 724
426 245
426 675
426 547
426 255
426 475
427 640
427 788
427 665
427 375
427 64
428 70
428 655
428 374
428 603
428 874
428 381
428 487
428 449
428 761
428 547
428 124
428 120
429 532
429 363
429 81
429 658
429 139
429 834
429 787
430 764
430 869
430 881
430 818
430 135
430 140
430 931
430 159
430 124
430 377
430 690
430 842
430 438
430 68
430 672
431 193
431 673
431 195
431 438
431 327
431 506
431 299
431 859
431 848
431 949
431 339
431 850
431 309
431 220
431 889
432 185
432 886
432 245
432 542
432 490
432 106
432 856
432 292
432 297
432 238
432 328
432 581
432 489
433 85
433 810
433 337
433 359
433 618
433 873
433 608
433 469
433 328
433 831
433 732
433 174
434 284
434 410
434 903
434 206
434 329
434 152
435 437
435 864
435 837
435 490
435 897
435 708
435 27
435 643
436 94
436 697
436 949
436 62
436 627
436 472
436 387
436 575
436 760
436 284
436 412
436 344
437 218
437 56
437 409
437 526
437 157
437 841
437 461
437 99
437 233
437 210
437 212
437 356
437 94
437 34
437 435
437 935
438 33
438 430
438 704
438 431
439 270
439 893
439 37
439 237
440 842
440 767
440 851
440 773
440 413
440 289
440 8
440 713
440 492
440 305
441 546
441 866
441 484
441 785
441 530
441 169
442 80
443 319
443 36
443 637
443 811
443 568
443 752
443 250
444 639
444 833
444 879
444 468
444 37
444 112
444 945
444 990
444 144
444 858
445 110
445 616
445 42
445 239
445 169
445 608
446 157
446 696
446 817
446 219
446 182
446 814
446 59
446 1000
446 753
446 821
446 552
446 404
446 583
447 786
447 123
447 129
447 29
447 47
448 845
448 933
448 594
448 908
448 519
448 890
448 511
448 880
448 304
448 299
448 483
448 913
448 542
449 493
449 458
449 750
449 195
449 770
449 765
449 318
449 795
449 368
449 824
449 862
449 428
449 13
449 57
449 573
449 340
450 716
450 43
450 499
450 15
450 156
450 84
450 805
450 230
450 958
450 194
450 843
450 835
450 856
450 8
450 64
451 148
451 156
451 828
451 682
451 899
451 213
451 257
451 831
451 589
451 762
452 1000
452 231
453 363
453 625
453 608
453 454
453 811
453 3
453 349
454 397
454 453
454 32
454 508
454 861
454 100
454 59
454 218
454 254
454 988
454 86
454 484
454 202
455 865
455 672
455 401
456 110
456 859
456 89
456 879
456 365
456 892
457 709
457 952
457 911
457 824
457 146
457 918
457 879
457 461
457 365
457 143
457 48
457 624
457 766
458 449
458 608
458 736
459 350
459 928
459 688
459 359
459 137
459 903
459 6
459 703
459 281
459 143
459 639
459 37
460 94
460 369
461 107
461 457
461 282
461 657
461 843
461 867
461 279
461 829
461 675
461 437
461 702
462 5
462 693
462 703
462 47
462 593
462 937
462 872
462 232
462 820
462 915
462 211
462 894
463 365
463 498
463 242
463 686
463 396
463 157
464 299
464 44
464 989
464 199
465 682
465 6
465 149
465 934
465 877
466 834
466 870
466 698
466 84
466 968
466 254
466 802
466 174
466 122
466 534
466 766
467 233
467 183
467 652
467 407
468 425
468 365
468 444
469 356
469 674
469 433
469 858
470 691
470 147
470 675
470 672
470 514
471 592
471 210
471 410
471 478
471 629
471 70
471 960
471 286
471 793
471 586
471 747
471 887
471 845
471 974
471 300
471 421
471 657
472 705
472 901
472 146
472 237
472 436
473 752
473 619
473 937
473 402
474 978
474 961
474 905
474 169
474 530
474 274
474 195
474 345
474 398
474 213
474 34
474 298
474 514
475 383
475 564
475 426
475 238
475 287
475 321
475 907
475 190
475 550
475 622
475 818
475 659
475 589
475 143
475 961
476 866
476 110
476 598
476 22
476 877
476 660
476 68
476 92
477 841
477 284
477 919
477 171
477 199
477 100
477 127
477 852
477 795
477 250
477 790
478 565
478 823
478 471
478 980
478 945
478 101
479 590
479 785
480 582
480 872
480 619
480 573
480 246
480 813
481 616
481 28
481 20
482 238
482 228
482 987
482 617
482 759
482 123
482 365
482 974
482 143
482 7
482 135
482 990
483 367
483 739
483 610
483 533
483 448
483 76
483 74
483 193
483 738
483 413
483 628
483 299
483 1000
483 612
483 940
483 360
484 441
484 519
484 805
484 630
484 454
484 859
484 793
484 228
484 749
484 245
484 229
484 381
485 918
485 619
485 775
485 274
485 963
485 69
485 650
485 618
485 677
485 606
485 720
485 425
485 696
486 724
486 926
486 496
486 68
487 971
487 125
487 517
487 673
487 428
487 949
487 652
487 339
488 166
488 158
488 219
489 432
489 51
489 309
489 89
489 891
489 539
489 684
490 432
490 108
490 491
490 435
490 846
491 276
491 490
491 944
491 720
491 278
491 901
491 505
491 580
491 133
491 24
491 401
491 728
491 892
491 404
491 390
492 364
492 548
492 440
492 115
492 222
492 536
492 387
492 122
492 627
493 401
493 756
493 350
493 736
493 449
493 631
493 959
493 586
493 620
493 668
494 80
494 592
494 736
494 945
494 918
495 35
495 840
495 323
496 167
496 780
496 486
496 914
496 74
496 184
496 530
496 298
496 637
496 75
497 159
497 44
497 326
497 222
497 507
497 709
497 583
497 781
498 793
498 837
498 422
498 938
498 225
498 293
498 797
498 414
498 619
498 149
498 816
498 872
498 152
498 463
499 66
499 290
499 118
499 916
499 886
499 985
499 572
499 963
499 784
499 746
499 120
499 859
499 545
499 381
499 450
499 83
500 289
500 732
500 715
501 6
501 617
501 86
501 811
501 42
501 370
501 45
502 673
502 65
502 319
502 743
502 665
502 701
502 785
502 526
502 759
502 643
502 197
503 790
503 281
503 674
503 339
503 391
504 390
504 310
504 536
504 255
504 943
504 858
505 491
505 883
506 293
506 787
506 431
507 296
507 41
507 892
507 953
507 362
507 497
507 319
508 454
508 285
508 251
508 226
509 423
509 719
509 272
509 181
509 567
509 350
509 257
509 211
509 926
509 201
509 685
509 403
509 39
510 20
510 994
510 626
510 834
510 875
510 170
510 160
510 551
510 548
510 329
510 328
510 760
510 640
510 308
510 39
511 303
511 635
511 204
511 924
511 448
511 959
511 804
512 329
512 94
512 330
512 961
513 147
513 354
514 641
514 245
514 474
514 470
514 158
514 694
514 949
515 375
515 183
515 18
515 565
515 884
515 593
515 618
515 264
515 536
515 337
515 865
515 3
515 323
515 787
515 897
515 620
516 693
516 25
516 28
516 204
516 208
516 864
516 582
516 638
516 170
516 785
516 113
516 685
517 487
517 233
517 174
517 197
518 804
519 102
519 448
519 484
519 974
519 318
519 171
519 250
519 610
520 228
520 598
520 297
521 298
522 652
522 781
522 804
522 340
523 612
523 282
524 639
524 640
524 29
524 12
524 370
525 47
525 312
525 202
526 115
526 437
526 238
526 640
526 218
526 213
526 858
526 502
527 593
527 687
527 955
527 119
527 595
527 643
527 340
528 653
528 672
528 352
528 255
529 565
529 749
529 352
530 803
530 49
530 13
530 254
530 1
530 441
530 874
530 593
530 474
530 496
530 694
531 616
531 699
531 157
531 113
531 68
531 136
532 380
532 115
532 429
532 126
532 307
532 152
532 193
532 755
532 726
532 229
533 145
533 540
533 599
533 585
533 250
533 483
533 834
533 657
533 360
534 689
534 276
534 257
534 118
534 466
534 126
534 617
534 228
534 270
534 42
534 983
535 946
535 869
535 211
535 370
536 249
536 369
536 552
536 504
536 994
536 310
536 758
536 52
536 825
536 268
536 81
536 515
536 37
536 163
536 492
536 703
537 640
537 546
537 409
537 844
537 129
537 976
537 706
537 683
537 1
537 296
537 157
537 143
538 43
538 71
538 22
538 545
538 89
538 599
538 174
538 277
538 842
538 110
538 943
538 894
539 276
539 318
539 628
539 489
540 565
540 918
540 366
540 146
540 115
540 533
540 255
540 92
541 123
541 187
541 915
542 877
542 292
542 280
542 791
542 666
542 448
542 40
542 713
542 34
542 432
542 174
542 310
543 731
543 299
543 972
543 386
543 240
543 333
543 563
543 224
543 737
543 257
543 296
543 879
543 341
543 576
543 880
543 315
544 123
544 631
545 804
545 420
545 552
545 914
545 538
545 853
545 224
545 419
545 499
545 283
545 618
545 288
545 196
545 874
545 281
545 639
545 886
545 989
546 243
546 441
546 758
546 816
546 223
546 338
546 326
546 537
546 356
546 80
547 428
547 426
547 893
547 599
547 901
547 16
547 84
547 363
547 17
547 811
547 763
548 869
548 510
548 201
548 44
548 492
549 990
549 414
549 750
549 287
549 924
549 188
549 44
549 753
550 410
550 894
550 34
550 938
550 475
551 137
551 510
551 277
551 776
552 899
552 236
552 672
552 446
552 753
552 545
552 250
552 739
552 536
552 756
552 197
552 668
553 992
553 398
553 72
553 796
553 367
553 136
553 318
553 994
553 700
553 759
553 295
553 341
553 68
554 764
554 732
554 561
555 724
555 883
555 859
555 940
555 174
555 669
556 707
556 311
556 753
556 790
556 86
556 418
556 186
556 315
556 60
556 734
557 890
557 760
557 673
558 757
558 861
559 179
559 2
559 55
559 836
559 837
559 655
559 329
559 934
559 266
559 188
559 778
559 13
559 845
559 116
559 411
559 937
559 399
559 982
559 54
559 782
559 269
559 918
559 611
559 736
559 792
560 312
560 356
560 612
560 891
560 732
560 738
560 561
560 83
560 943
560 45
561 560
561 998
561 244
561 214
561 72
561 554
561 38
561 881
561 373
561 390
561 949
561 277
561 83
561 624
562 120
562 80
562 808
562 943
563 759
563 916
563 47
563 812
563 290
563 543
563 825
563 983
563 150
564 786
564 36
564 145
564 255
564 475
565 540
565 914
565 529
565 478
565 381
565 796
565 233
565 661
565 515
565 375
565 657
565 905
565 58
566 120
566 100
566 658
567 980
567 276
567 509
567 100
567 263
567 668
568 392
568 769
568 373
568 333
568 443
568 983
568 695
568 705
568 687
568 956
568 967
568 757
568 33
568 653
568 732
569 922
569 280
569 55
569 960
569 848
569 263
569 748
569 842
569 163
569 612
570 890
570 4
570 115
570 988
570 45
570 216
571 614
571 96
571 592
571 58
571 145
571 824
571 9
571 26
571 226
571 840
571 366
571 743
571 589
571 92
572 305
572 374
572 592
572 499
572 360
573 68
573 309
573 790
573 619
573 419
573 639
573 480
573 198
573 449
573 215
573 293
573 334
573 333
573 658
573 234
573 101
574 147
574 216
575 890
575 43
575 231
575 436
575 915
575 798
575 780
576 783
576 878
576 27
576 782
576 618
576 543
576 615
576 974
576 780
577 602
577 640
577 612
577 375
577 57
577 163
578 369
578 251
578 175
578 865
578 293
578 592
578 880
578 883
578 669
578 927
578 391
578 741
579 391
580 491
580 894
580 675
580 323
581 130
581 645
581 432
581 60
581 942
581 912
581 859
581 706
581 92
582 842
582 312
582 588
582 480
582 200
582 149
582 90
582 950
582 937
582 234
582 82
582 612
582 516
583 311
583 688
583 961
583 371
583 690
583 446
583 794
583 497
583 809
583 683
583 19
583 736
583 196
583 874
585 356
585 224
585 533
585 399
586 493
586 190
586 57
586 256
586 294
586 863
586 471
586 36
586 588
586 859
586 310
586 181
586 160
586 668
587 123
587 1000
587 328
587 152
587 218
587 861
587 628
587 943
587 226
588 876
588 636
588 980
588 586
588 332
588 718
588 853
588 305
588 582
588 393
589 65
589 138
589 158
589 658
589 948
589 760
589 571
589 44
589 451
589 395
589 790
589 475
590 386
590 98
590 921
590 479
590 40
590 816
590 642
590 233
590 884
590 969
590 371
590 962
590 26
591 146
591 404
591 166
591 120
592 77
592 605
592 196
592 494
592 952
592 249
592 572
592 901
592 397
592 578
592 471
592 571
592 421
592 764
593 67
593 530
593 15
593 274
593 385
593 515
593 171
593 462
593 12
593 527
594 448
594 1000
594 872
595 35
595 27
595 713
595 92
595 527
596 170
596 8
596 173
596 16
597 646
597 696
598 476
598 967
598 782
598 999
598 986
598 355
598 278
598 775
598 520
598 27
598 749
598 365
598 44
598 657
598 199
599 142
599 948
599 960
599 632
599 791
599 358
599 921
599 742
599 388
599 538
599 17
599 318
599 258
599 744
599 547
599 533
600 6
600 113
600 115
600 658
601 639
601 211
601 89
601 792
601 983
601 775
602 916
602 964
602 260
602 577
602 145
602 197
603 338
603 318
603 428
603 959
603 792
603 970
603 361
604 668
605 123
605 893
605 592
605 188
605 251
605 746
606 703
606 669
606 261
606 252
606 637
606 723
606 184
606 272
606 216
606 271
606 19
606 206
606 250
606 485
607 422
607 978
607 1
607 903
607 790
607 183
607 983
608 453
608 266
608 154
608 445
608 458
608 760
608 194
608 247
608 139
608 433
609 281
609 349
609 940
609 251
609 212
610 417
610 159
610 317
610 235
610 519
610 260
610 424
610 483
611 807
611 962
611 871
611 559
611 346
611 883
611 75
611 42
611 212
612 810
612 569
612 123
612 731
612 40
612 255
612 179
612 582
612 523
612 907
612 577
612 723
612 560
612 483
612 1000
612 157
612 297
612 216
613 239
613 652
613 764
613 42
614 280
614 136
614 803
614 242
614 125
614 805
614 913
614 658
614 277
614 399
614 571
614 790
614 672
614 269
614 349
615 81
615 699
615 576
615 58
615 108
616 987
616 445
616 531
616 845
616 481
616 990
616 33
616 150
617 149
617 482
617 534
617 501
618 515
618 545
618 716
618 696
618 576
618 685
618 485
618 905
618 433
619 717
619 480
619 161
619 629
619 684
619 999
619 473
619 143
619 498
619 573
619 485
619 912
620 963
620 988
620 768
620 103
620 744
620 515
620 365
620 493
620 211
620 73
620 948
620 901
620 328
620 177
620 407
621 260
621 815
621 178
621 765
621 139
621 919
621 883
621 703
622 965
622 296
622 872
622 298
622 859
622 987
622 246
622 475
623 318
624 794
624 379
624 723
624 457
624 934
624 116
624 724
624 395
624 561
624 104
625 236
625 453
625 181
625 921
625 960
625 637
625 928
625 798
626 510
626 366
627 6
627 657
627 492
627 658
627 436
628 224
628 237
628 322
628 539
628 793
628 927
628 587
628 778
628 866
628 786
628 673
628 404
628 483
628 174
628 234
628 255
629 675
629 630
629 211
629 677
629 213
629 96
629 10
629 212
629 250
629 196
629 934
629 269
629 471
629 619
629 891
629 640
629 927
629 781
629 323
630 982
630 484
630 355
630 299
630 629
630 315
630 339
631 102
631 544
631 754
631 645
631 206
631 78
631 493
631 795
631 788
631 395
631 44
632 422
632 102
632 859
632 599
632 170
632 975
633 782
633 229
633 738
633 780
634 946
634 296
634 335
634 776
634 677
634 16
635 344
635 511
635 234
635 775
636 772
636 938
636 239
636 918
636 329
636 588
636 804
637 443
637 848
637 625
637 292
637 227
637 822
637 208
637 842
637 139
637 302
637 242
637 143
637 606
637 28
637 496
638 355
638 877
638 120
638 516
638 76
639 524
639 141
639 802
639 601
639 545
639 402
639 798
639 459
639 949
639 401
639 573
639 909
639 444
640 427
640 577
640 771
640 676
640 264
640 361
640 510
640 526
640 524
640 385
640 629
640 968
640 708
640 54
640 980
640 537
640 238
641 514
641 238
641 376
642 590
642 161
642 229
643 830
643 255
643 229
643 372
643 311
643 527
643 435
643 278
643 768
643 348
643 774
643 502
643 33
643 217
643 351
643 990
643 886
643 653
643 894
643 743
644 691
644 872
644 928
645 631
645 166
645 197
645 376
645 581
646 799
646 597
646 802
646 87
646 915
646 100
646 716
646 875
646 969
646 335
647 109
647 953
647 242
647 163
647 715
647 741
648 308
649 196
650 84
650 349
650 485
651 674
651 874
651 349
651 144
652 961
652 613
652 343
652 802
652 522
652 62
652 467
652 709
652 229
652 98
652 487
652 174
652 785
652 139
653 396
653 172
653 239
653 44
653 132
653 568
653 811
653 243
653 351
653 274
653 528
653 643
653 157
653 897
653 144
654 356
654 869
654 4
654 985
654 782
654 370
655 280
655 231
655 672
655 801
655 304
655 428
655 559
655 703
655 775
656 768
656 20
656 282
656 808
656 306
656 798
656 216
657 598
657 991
657 403
657 565
657 313
657 533
657 471
657 384
657 859
657 321
657 461
657 627
657 304
657 7
657 16
658 388
658 429
658 627
658 287
658 600
658 566
658 325
658 614
658 589
658 58
658 573
659 94
659 475
660 87
660 476
660 298
660 733
660 181
660 385
660 252
660 319
660 71
660 877
660 368
660 168
660 333
660 250
660 926
660 229
660 702
661 338
661 115
661 792
661 565
662 48
663 250
663 112
663 48
664 1000
664 5
664 281
664 277
664 251
664 983
665 409
665 805
665 761
665 997
665 102
665 427
665 217
665 949
665 356
665 771
665 318
665 823
665 738
665 502
666 352
666 542
666 702
667 974
667 902
667 192
667 337
667 778
667 280
667 933
667 980
667 696
667 945
667 168
667 970
667 668
668 586
668 779
668 667
668 552
668 125
668 720
668 567
668 604
668 799
668 962
668 220
668 701
668 493
668 757
669 578
669 555
669 235
669 253
669 821
669 51
669 166
669 606
669 762
669 990
670 191
670 788
670 137
670 397
670 247
670 150
670 16
671 8
671 46
671 239
671 801
671 82
671 688
671 816
671 759
671 415
671 980
671 728
671 947
671 928
672 750
672 764
672 405
672 794
672 238
672 470
672 65
672 430
672 735
672 614
672 921
672 455
672 726
672 528
672 655
672 691
672 395
672 552
672 109
672 703
672 762
672 124
672 16
673 184
673 73
673 413
673 973
673 867
673 96
673 379
673 679
673 391
673 557
673 628
673 487
673 147
673 834
673 390
673 150
673 502
673 431
674 469
674 810
674 18
674 651
674 329
674 965
674 973
674 503
674 959
675 683
675 905
675 580
675 804
675 426
675 750
675 470
675 461
675 927
675 299
675 120
675 971
675 71
675 749
675 629
675 762
675 402
676 640
676 289
676 894
676 139
676 381
677 899
677 634
677 180
677 869
677 766
677 86
677 629
677 251
677 485
677 226
677 780
678 790
678 245
678 989
678 124
678 120
678 889
678 402
678 39
679 359
679 8
679 673
679 934
679 142
679 787
680 177
680 737
680 834
680 224
680 143
680 393
680 412
681 312
681 187
681 310
681 344
682 948
682 142
682 96
682 465
682 114
682 184
682 867
682 761
682 747
682 903
682 451
682 92
683 537
683 239
683 201
683 892
683 675
683 583
683 229
683 181
683 340
683 780
684 720
684 619
684 362
684 489
685 516
685 509
685 618
685 203
685 352
685 937
685 846
685 938
686 273
686 463
687 296
687 568
687 829
687 234
687 155
687 527
688 583
688 459
688 161
688 289
688 671
688 840
688 937
688 945
688 68
689 381
689 229
689 353
689 779
689 976
689 8
689 101
689 808
689 534
690 583
690 395
690 430
690 36
690 5
690 736
690 768
691 470
691 777
691 644
691 383
691 916
691 672
691 385
692 222
692 703
692 908
692 381
692 949
692 702
693 516
693 309
693 696
693 462
693 918
694 530
694 162
694 752
694 824
694 375
694 986
694 143
694 514
694 250
694 934
694 293
694 216
695 281
695 568
695 74
696 241
696 955
696 485
696 618
696 597
696 83
696 667
696 215
696 948
696 175
696 693
696 446
696 842
697 708
697 390
697 356
697 101
697 436
698 466
699 48
699 13
699 615
699 971
699 791
699 531
699 932
699 730
699 146
699 171
699 889
699 938
700 102
700 829
700 553
701 926
701 205
701 937
701 407
701 502
701 668
702 666
702 39
702 837
702 752
702 692
702 963
702 461
702 660
703 152
703 945
703 672
703 459
703 924
703 692
703 982
703 901
703 621
703 655
703 536
703 166
703 606
703 462
704 832
704 847
704 438
704 711
704 309
704 71
704 775
705 328
705 32
705 829
705 472
705 138
705 888
705 268
705 755
705 976
705 840
705 927
705 568
705 110
706 537
706 41
706 760
706 713
706 581
707 983
707 744
707 334
707 786
707 283
707 936
707 556
707 305
708 697
708 270
708 640
708 407
708 435
709 952
709 726
709 918
709 109
709 457
709 652
709 829
709 152
709 915
709 497
710 81
710 318
710 27
710 760
711 704
711 861
712 289
712 188
713 757
713 801
713 889
713 124
713 407
713 7
713 440
713 706
713 595
713 242
713 341
713 542
713 780
714 188
714 276
714 201
714 3
714 785
714 366
715 874
715 500
715 647
715 305
715 935
715 150
715 402
716 718
716 124
716 35
716 618
716 165
716 145
716 855
716 893
716 646
716 325
716 122
716 450
716 838
717 720
717 619
717 985
717 743
717 934
718 716
718 588
718 172
718 211
718 349
718 877
718 282
718 897
718 124
718 234
719 149
719 509
719 825
720 948
720 717
720 368
720 199
720 789
720 684
720 995
720 485
720 398
720 972
720 422
720 491
720 328
720 401
720 312
720 990
720 668
721 840
721 206
721 201
721 829
722 338
722 137
722 27
722 330
722 219
722 163
722 938
723 612
723 606
723 155
723 385
723 912
723 624
723 830
724 426
724 486
724 959
724 754
724 555
724 221
724 624
725 403
725 913
725 293
725 337
725 48
725 367
725 288
725 944
726 709
726 914
726 10
726 987
726 311
726 380
726 304
726 968
726 9
726 532
726 252
726 729
726 363
726 413
726 148
726 823
726 672
726 297
727 395
727 213
727 144
727 735
728 755
728 299
728 671
728 300
728 491
728 269
728 150
729 726
729 58
730 980
730 699
730 782
730 171
730 370
731 612
731 543
731 811
731 872
731 953
732 65
732 500
732 233
732 824
732 951
732 752
732 554
732 433
732 209
732 560
732 568
732 385
732 335
732 15
732 258
732 64
732 45
733 396
733 222
733 3
733 155
733 660
734 374
734 940
734 310
734 556
734 168
735 990
735 727
735 267
735 672
736 583
736 131
736 9
736 494
736 458
736 690
736 810
736 179
736 559
736 927
736 86
736 493
737 239
737 981
737 543
737 680
738 633
738 791
738 179
738 665
738 32
738 851
738 560
738 974
738 81
738 170
738 483
738 808
739 108
739 552
739 805
739 355
739 149
739 483
740 375
740 823
741 747
741 647
741 845
741 865
741 907
741 22
741 578
741 282
741 977
741 355
741 917
742 893
742 599
742 183
742 412
742 95
743 381
743 643
743 978
743 571
743 379
743 717
743 963
743 424
743 948
743 154
743 981
743 889
743 502
744 263
744 774
744 103
744 71
744 599
744 252
744 386
744 362
744 187
744 707
744 985
744 834
744 620
745 937
745 831
745 218
746 160
746 605
746 152
746 50
746 976
746 365
746 13
746 953
746 499
746 831
746 352
746 362
746 918
746 360
747 29
747 873
747 363
747 942
747 194
747 86
747 421
747 863
747 471
747 682
747 199
747 874
747 234
747 961
747 303
747 741
748 817
748 569
749 675
749 84
749 353
749 237
749 529
749 754
749 484
749 132
749 145
749 822
749 917
749 598
749 792
750 449
750 675
750 672
750 549
750 237
750 945
751 395
751 61
751 150
752 473
752 443
752 241
752 984
752 6
752 788
752 206
752 903
752 321
752 318
752 732
752 694
752 702
753 549
753 319
753 181
753 145
753 552
753 556
753 352
753 891
753 446
754 724
754 749
754 172
754 631
754 303
754 825
754 403
754 961
755 401
755 863
755 782
755 167
755 163
755 532
755 728
755 705
755 231
755 166
756 833
756 992
756 552
756 768
756 918
756 326
756 174
756 840
756 493
757 58
757 125
757 404
757 668
757 558
757 994
757 80
757 777
757 917
757 86
757 245
757 568
757 713
758 546
758 355
758 536
758 385
759 923
759 887
759 502
759 202
759 940
759 671
759 482
759 952
759 553
759 28
759 563
760 949
760 301
760 710
760 79
760 557
760 857
760 11
760 17
760 3
760 510
760 706
760 608
760 425
760 589
760 436
760 271
761 665
761 33
761 879
761 8
761 428
761 682
761 152
761 136
762 52
762 669
762 451
762 968
762 816
762 408
762 335
762 675
762 672
762 874
762 903
762 269
762 173
763 106
763 130
763 197
763 114
763 547
763 173
763 340
764 554
764 592
764 870
764 942
764 317
764 266
764 307
764 613
764 87
764 224
764 430
764 328
764 672
765 5
765 449
765 13
765 71
765 621
765 263
765 766
766 457
766 137
766 1000
766 466
766 765
766 855
766 677
766 975
767 314
767 99
767 175
767 773
767 440
767 404
767 953
768 656
768 790
768 355
768 232
768 394
768 384
768 690
768 209
768 174
768 643
768 205
768 620
768 76
768 756
769 356
769 239
769 158
769 568
769 160
769 953
770 449
770 983
771 317
771 640
771 239
771 665
772 894
772 636
772 92
773 767
773 440
773 251
774 875
774 744
774 643
775 635
775 124
775 97
775 356
775 601
775 655
775 598
775 145
775 877
775 199
775 704
775 485
775 95
776 923
776 894
776 965
776 876
776 161
776 551
776 213
776 299
776 634
776 918
776 321
776 840
776 172
777 691
777 901
777 142
777 787
777 757
778 980
778 355
778 26
778 559
778 177
778 667
778 403
778 628
778 144
779 689
779 19
779 915
779 985
779 953
779 804
779 668
780 677
780 633
780 347
780 576
780 79
780 575
780 827
780 978
780 683
780 713
780 496
781 323
781 984
781 176
781 882
781 629
781 18
781 497
781 865
781 522
781 88
781 123
781 893
781 375
781 234
781 830
782 953
782 925
782 654
782 805
782 633
782 960
782 730
782 786
782 598
782 755
782 915
782 576
782 559
782 319
782 402
783 576
783 157
783 370
784 329
784 893
784 81
784 499
784 251
785 652
785 479
785 50
785 441
785 516
785 206
785 842
785 714
785 502
786 841
786 10
786 564
786 782
786 447
786 239
786 296
786 707
786 392
786 628
787 844
787 777
787 21
787 876
787 429
787 360
787 357
787 679
787 897
787 515
787 976
787 506
787 918
787 219
788 984
788 427
788 342
788 670
788 390
788 631
788 364
788 77
788 952
788 752
789 720
789 296
789 161
790 678
790 607
790 394
790 9
790 503
790 320
790 401
790 378
790 589
790 971
790 799
790 614
790 957
790 477
790 367
790 985
790 34
790 26
790 556
790 573
790 768
791 699
791 599
791 101
791 913
791 339
791 738
791 542
791 80
791 813
792 661
792 559
792 749
792 601
792 5
792 603
792 365
792 22
792 197
793 227
793 471
793 498
793 484
793 28
793 108
793 628
793 95
794 110
794 874
794 672
794 583
794 624
795 903
795 449
795 631
795 477
796 1000
796 553
796 565
796 255
796 949
796 858
797 893
797 498
798 249
798 625
798 868
798 575
798 656
798 832
798 639
799 646
799 790
799 33
799 390
799 829
799 199
799 668
800 317
800 170
800 86
800 830
801 655
801 671
801 713
801 12
802 639
802 466
802 646
802 58
802 652
802 20
803 149
803 614
803 530
803 7
803 945
804 779
804 324
804 398
804 378
804 976
804 423
804 812
804 522
804 636
804 295
804 518
804 511
804 886
804 905
804 545
804 675
804 166
805 484
805 665
805 946
805 614
805 782
805 174
805 739
805 20
805 450
807 611
807 392
808 929
808 656
808 689
808 987
808 396
808 738
808 324
808 314
808 910
808 562
808 891
808 18
808 341
808 945
809 425
809 583
810 612
810 22
810 674
810 736
810 433
811 405
811 366
811 830
811 103
811 731
811 175
811 453
811 501
811 443
811 416
811 547
811 203
811 974
811 653
811 273
811 199
811 197
812 299
812 918
812 335
812 412
812 804
812 563
813 112
813 389
813 4
813 791
813 854
813 423
813 818
813 400
813 173
813 309
813 480
814 869
814 446
815 621
815 918
815 905
816 546
816 27
816 590
816 36
816 671
816 498
816 762
817 748
817 338
817 865
817 950
817 348
817 974
817 194
817 99
817 369
817 41
817 446
817 219
817 830
818 430
818 237
818 412
818 251
818 934
818 813
818 475
819 879
819 250
819 908
819 28
820 462
820 144
821 936
821 926
821 403
821 669
821 892
821 446
822 869
822 749
822 637
822 976
822 983
823 740
823 726
823 393
823 253
823 133
823 937
823 665
823 13
823 152
823 478
823 327
823 961
823 260
823 400
823 177
823 191
823 993
823 7
823 212
824 224
824 270
824 43
824 571
824 833
824 300
824 457
824 449
824 834
824 732
824 196
824 694
824 391
825 719
825 883
825 195
825 187
825 563
825 119
825 252
825 400
825 754
825 129
825 936
825 94
825 536
825 990
826 146
827 977
827 159
827 930
827 342
827 407
827 356
827 47
827 149
827 60
827 7
827 80
827 780
828 169
828 451
828 202
829 799
829 721
829 687
829 188
829 709
829 700
829 41
829 705
829 461
829 150
830 377
830 781
830 817
830 976
830 723
830 36
830 800
830 157
830 142
830 811
830 643
831 998
831 745
831 433
831 451
831 746
831 229
831 866
831 410
831 915
831 399
831 92
832 704
832 35
832 277
832 877
832 798
833 146
833 328
833 840
833 824
833 929
833 916
833 934
833 756
833 444
834 23
834 316
834 928
834 533
834 673
834 989
834 929
834 744
834 981
834 429
834 280
834 239
834 220
834 824
834 189
834 293
834 109
834 856
834 466
834 330
834 510
834 8
834 680
834 390
835 335
835 450
836 308
836 926
836 559
836 48
836 402
837 304
837 559
837 498
837 404
837 435
837 202
837 702
838 66
838 937
838 153
838 865
838 49
838 716
838 170
838 7
838 12
840 173
840 405
840 688
840 495
840 756
840 866
840 979
840 137
840 571
840 705
840 898
840 776
840 978
840 112
840 141
840 864
840 404
840 721
840 833
840 250
840 269
841 786
841 123
841 477
841 437
841 861
841 261
842 538
842 89
842 785
842 376
842 352
842 899
842 414
842 696
842 440
842 430
842 582
842 637
842 886
842 362
842 569
842 970
843 94
843 461
843 450
843 858
844 537
844 926
844 787
844 263
844 949
844 44
845 448
845 616
845 44
845 471
845 855
845 559
845 370
845 741
846 685
846 21
846 165
846 865
846 396
846 490
846 37
846 28
846 912
846 197
847 704
847 410
847 365
847 142
847 78
847 943
848 946
848 1000
848 637
848 4
848 15
848 569
848 431
849 231
849 246
850 879
850 366
850 238
850 431
851 440
851 738
851 945
852 313
852 289
852 477
852 943
852 39
853 19
853 326
853 952
853 545
853 588
853 15
853 261
854 276
854 974
854 84
854 813
855 766
855 959
855 845
855 57
855 394
855 330
855 300
855 205
855 15
855 142
855 716
856 432
856 42
856 29
856 450
856 912
856 834
857 276
857 760
857 202
857 988
857 926
858 469
858 444
858 361
858 526
858 31
858 348
858 504
858 796
858 843
858 323
858 959
858 169
858 987
859 657
859 555
859 359
859 29
859 950
859 295
859 394
859 499
859 999
859 456
859 632
859 586
859 622
859 484
859 135
859 581
859 431
860 946
860 285
861 587
861 711
861 841
861 117
861 174
861 135
861 307
861 558
861 454
861 201
861 987
862 449
863 755
863 61
863 747
863 309
863 47
863 181
863 586
864 516
864 840
864 396
864 435
864 155
864 403
864 362
865 162
865 211
865 515
865 137
865 343
865 455
865 20
865 279
865 302
865 817
865 578
865 781
865 846
865 255
865 961
865 838
865 909
865 45
865 261
865 741
866 831
866 441
866 928
866 476
866 308
866 228
866 158
866 100
866 109
866 840
866 628
866 975
867 224
867 673
867 276
867 874
867 461
867 682
867 170
868 988
868 798
869 166
869 814
869 822
869 654
869 535
869 548
869 322
869 430
869 75
869 143
869 677
869 101
870 147
870 466
870 390
870 764
871 611
871 370
872 338
872 480
872 594
872 85
872 316
872 409
872 498
872 622
872 731
872 70
872 644
872 462
873 747
873 321
873 433
874 530
874 867
874 651
874 794
874 77
874 927
874 747
874 363
874 583
874 545
874 428
874 980
874 762
874 83
874 715
874 92
875 912
875 902
875 774
875 320
875 423
875 355
875 510
875 646
876 392
876 588
876 15
876 776
876 787
877 775
877 297
877 476
877 465
877 718
877 63
877 832
877 638
877 208
877 206
877 660
877 542
877 988
878 576
878 393
878 913
879 457
879 56
879 421
879 761
879 819
879 192
879 543
879 93
879 154
879 270
879 456
879 850
879 444
880 188
880 317
880 419
880 965
880 543
880 331
880 77
880 321
880 43
880 969
880 154
880 578
880 448
881 430
881 889
881 561
881 263
882 281
882 781
883 112
883 906
883 241
883 611
883 555
883 621
883 35
883 234
883 309
883 578
883 320
883 505
883 109
883 961
883 108
883 825
884 94
884 590
884 515
884 381
885 397
885 170
886 898
886 147
886 925
886 278
886 545
886 842
886 248
886 317
886 432
886 643
886 499
886 339
886 92
886 804
887 759
887 471
887 306
888 705
888 86
888 34
888 926
888 237
888 339
889 265
889 268
889 699
889 881
889 678
889 743
889 192
889 996
889 431
889 899
889 928
889 713
890 114
890 557
890 225
890 986
890 87
890 575
890 348
890 167
890 570
890 47
890 448
890 201
890 392
890 282
890 122
891 917
891 311
891 560
891 629
891 345
891 322
891 753
891 808
891 943
891 909
891 938
891 489
892 914
892 919
892 380
892 237
892 328
892 114
892 491
892 407
892 456
892 683
892 507
892 33
892 821
892 354
892 404
892 315
892 202
892 360
893 439
893 114
893 967
893 797
893 781
893 784
893 345
893 742
893 716
893 605
893 985
893 905
893 255
893 57
893 547
893 47
893 943
893 909
894 772
894 994
894 189
894 20
894 580
894 462
894 965
894 550
894 176
894 676
894 643
894 381
894 538
894 404
894 776
894 174
894 970
895 4
895 202
896 926
896 199
896 188
897 909
897 408
897 913
897 280
897 908
897 718
897 653
897 262
897 515
897 4
897 139
897 435
897 787
897 915
898 840
898 886
899 196
899 960
899 52
899 157
899 310
899 889
899 552
899 976
899 842
899 451
899 677
900 903
900 142
900 92
901 592
901 993
901 472
901 620
901 777
901 228
901 491
901 703
901 547
902 304
902 233
902 170
902 321
902 875
902 396
902 937
902 407
902 667
902 174
903 607
903 795
903 434
903 309
903 314
903 900
903 929
903 171
903 762
903 752
903 459
903 135
903 682
903 987
903 80
903 8
903 396
903 421
904 913
904 171
904 226
905 804
905 952
905 815
905 12
905 150
905 618
905 565
905 474
905 675
905 893
906 883
906 238
906 86
906 129
906 106
907 612
907 142
907 47
907 385
907 305
907 741
907 475
908 692
908 961
908 421
908 819
908 180
908 53
908 406
908 355
908 448
908 247
908 171
908 122
908 897
909 891
909 893
909 181
909 865
909 639
909 75
909 251
909 897
910 81
910 222
910 300
910 390
910 808
911 15
911 161
911 457
912 619
912 856
912 723
912 375
912 18
912 946
912 846
912 412
912 344
912 875
912 581
913 921
913 878
913 365
913 448
913 14
913 287
913 904
913 935
913 791
913 243
913 725
913 614
913 897
914 565
914 395
914 726
914 369
914 33
914 545
914 892
914 139
914 496
915 779
915 77
915 831
915 462
915 541
915 249
915 782
915 988
915 107
915 709
915 44
915 973
915 897
915 575
915 646
915 57
915 285
916 420
916 602
916 691
916 833
916 499
916 39
916 563
917 749
917 891
917 757
917 741
918 302
918 993
918 776
918 540
918 559
918 457
918 22
918 709
918 787
918 179
918 812
918 76
918 815
918 28
918 494
918 693
918 746
918 15
918 375
918 112
918 315
918 485
918 636
918 305
918 756
919 477
919 976
919 892
919 166
919 621
920 166
921 313
921 625
921 590
921 80
921 599
921 672
921 913
921 390
922 100
922 425
922 129
922 983
922 569
922 376
923 314
923 207
923 407
923 119
923 759
923 4
923 776
923 349
923 261
924 359
924 511
924 703
924 549
924 362
924 392
925 782
925 366
925 886
926 896
926 402
926 202
926 164
926 701
926 836
926 113
926 509
926 844
926 888
926 821
926 660
926 486
926 123
926 857
926 257
926 106
927 351
927 629
927 287
927 705
927 407
927 736
927 578
927 968
927 329
927 675
927 874
927 124
927 628
928 66
928 204
928 54
928 644
928 251
928 625
928 889
928 866
928 102
928 459
928 671
928 834
928 44
929 224
929 952
929 903
929 833
929 34
929 834
929 808
929 362
929 76
930 94
930 36
930 827
931 430
931 57
932 699
932 953
932 28
933 448
933 356
933 949
933 667
934 982
934 629
934 329
934 285
934 694
934 833
934 180
934 679
934 465
934 350
934 818
934 717
934 318
934 319
934 559
934 624
935 967
935 293
935 80
935 75
935 437
935 238
935 715
935 8
935 64
935 913
936 119
936 825
936 164
936 288
936 821
936 192
936 15
936 286
936 267
936 425
936 94
936 707
937 745
937 701
937 944
937 76
937 151
937 260
937 155
937 20
937 361
937 685
937 473
937 902
937 688
937 334
937 276
937 582
937 823
937 559
937 303
937 122
937 181
937 202
937 462
937 838
938 891
938 699
938 333
938 722
938 35
938 969
938 187
938 944
938 242
938 406
938 685
938 381
938 363
938 550
938 962
938 129
938 498
938 636
939 988
939 135
939 216
940 173
940 734
940 483
940 254
940 971
940 259
940 555
940 980
940 387
940 609
940 120
940 146
940 759
941 42
941 205
941 990
942 27
942 747
942 764
942 271
942 581
943 562
943 852
943 952
943 538
943 847
943 587
943 111
943 504
943 893
943 560
943 891
943 219
944 382
944 17
944 491
944 157
944 366
944 937
944 725
944 938
944 74
945 808
945 108
945 667
945 150
945 259
945 803
945 997
945 750
945 444
945 851
945 494
945 478
945 688
945 340
945 703
946 848
946 292
946 535
946 407
946 860
946 270
946 634
946 805
946 336
946 1000
946 335
946 425
946 115
946 166
946 912
947 317
947 233
947 109
947 671
947 152
947 160
947 173
948 720
948 682
948 80
948 696
948 599
948 743
948 589
948 620
949 166
949 933
949 487
949 561
949 196
949 639
949 177
949 968
949 796
949 692
949 844
949 152
949 514
949 760
949 665
949 29
949 436
949 431
950 817
950 859
950 582
950 980
950 48
951 170
951 732
951 136
952 709
952 788
952 180
952 853
952 396
952 90
952 929
952 759
952 228
952 905
952 457
952 592
952 47
952 943
953 731
953 779
953 986
953 746
953 111
953 932
953 129
953 767
953 360
953 507
953 647
953 769
953 84
953 782
953 323
954 258
955 250
955 696
955 340
955 527
956 568
956 16
957 338
957 233
957 790
957 224
957 199
958 26
958 450
959 2
959 61
959 23
959 146
959 6
959 674
959 381
959 858
959 265
959 511
959 603
959 493
959 724
959 269
959 222
959 855
959 110
960 625
960 471
960 976
960 899
960 161
960 599
960 782
960 569
960 197
961 747
961 969
961 104
961 754
961 414
961 390
961 475
961 865
961 512
961 301
961 193
961 583
961 823
961 36
961 474
961 908
961 652
961 883
961 271
962 590
962 5
962 611
962 339
962 938
962 668
963 743
963 499
963 339
963 620
963 485
963 702
964 602
964 39
965 622
965 232
965 228
965 674
965 894
965 880
965 776
966 395
966 239
967 893
967 598
967 568
967 407
967 71
967 234
967 935
967 16
968 726
968 466
968 296
968 640
968 980
968 762
968 949
968 927
969 590
969 880
969 231
969 646
969 106
969 218
969 961
969 80
969 938
970 255
970 1
970 36
970 667
970 103
970 603
970 986
970 319
970 842
970 894
970 115
970 66
970 213
971 487
971 276
971 699
971 790
971 257
971 354
971 675
971 940
972 974
972 543
972 231
972 720
973 673
973 674
973 915
974 183
974 972
974 262
974 811
974 482
974 854
974 519
974 471
974 817
974 576
974 667
974 22
974 738
974 45
975 175
975 866
975 766
975 48
975 632
975 391
976 705
976 919
976 960
976 381
976 302
976 689
976 822
976 746
976 899
976 537
976 300
976 143
976 787
976 804
976 830
977 827
977 741
978 474
978 840
978 607
978 743
978 780
979 219
979 840
980 778
980 640
980 371
980 567
980 730
980 968
980 478
980 874
980 950
980 132
980 58
980 359
980 671
980 588
980 667
980 940
980 45
981 251
981 119
981 743
981 737
981 362
981 269
981 108
981 309
981 834
981 136
981 226
982 630
982 934
982 703
982 559
982 37
983 563
983 664
983 534
983 181
983 183
983 822
983 601
983 922
983 257
983 29
983 607
983 770
983 139
983 707
983 300
983 568
983 266
984 781
984 788
984 94
984 752
984 349
985 302
985 107
985 744
985 350
985 779
985 717
985 285
985 654
985 387
985 293
985 790
985 366
985 893
985 499
985 57
985 144
986 890
986 598
986 356
986 953
986 694
986 970
987 858
987 133
987 622
987 861
987 333
987 990
987 228
987 616
987 726
987 903
987 399
987 321
987 482
987 390
987 808
988 191
988 939
988 857
988 570
988 877
988 868
988 454
988 620
988 915
989 317
989 405
989 256
989 678
989 464
989 395
989 545
989 188
989 257
989 834
989 152
990 339
990 138
990 389
990 444
990 482
990 669
990 224
990 48
990 720
990 825
990 941
990 616
990 238
990 211
990 549
990 643
990 987
990 735
991 657
992 366
992 553
992 756
993 901
993 918
993 8
993 823
993 401
994 109
994 510
994 300
994 894
994 553
994 536
994 124
994 757
995 102
995 81
995 720
996 1000
996 328
996 889
997 665
997 171
997 945
998 112
998 831
998 561
999 598
999 859
999 619
999 201
1000 483
1000 393
1000 587
1000 848
1000 452
1000 594
1000 796
1000 996
1000 664
1000 203
1000 946
1000 612
1000 421
1000 446
1000 766
