1 31
1 37
1 7
1 23
1 6
1 48
1 45
1 3
1 16
1 17
1 33
1 36
1 39
1 46
1 57
1 58
1 60
2 60
2 34
2 38
2 30
2 11
2 12
2 55
2 27
2 8
2 16
2 22
2 29
2 43
2 59
3 17
3 1
3 32
3 20
3 39
3 36
3 10
3 28
3 53
3 33
3 54
3 14
3 41
3 60
4 15
4 46
4 17
4 41
4 10
4 31
4 35
4 33
4 51
4 48
4 27
4 54
4 19
4 55
4 44
4 8
4 23
4 24
4 30
4 38
4 43
4 52
4 53
4 60
5 44
5 21
5 6
5 13
5 16
5 20
5 31
5 48
5 51
5 54
5 58
6 26
6 15
6 21
6 40
6 5
6 54
6 60
6 58
6 16
6 42
6 1
6 11
6 23
6 35
6 38
6 43
7 58
7 16
7 44
7 45
7 11
7 31
7 27
7 51
7 19
7 10
7 30
7 17
7 46
7 52
7 1
7 15
7 20
7 22
7 33
7 49
8 34
8 35
8 30
8 44
8 21
8 2
8 40
8 4
8 53
8 38
8 12
8 13
8 14
8 16
8 17
8 23
8 37
8 42
8 45
8 46
8 50
8 52
8 54
9 51
9 60
9 14
9 48
9 35
9 24
9 38
9 39
9 46
9 49
9 52
9 56
10 39
10 47
10 29
10 42
10 22
10 23
10 57
10 3
10 4
10 7
10 12
10 19
10 48
10 50
11 53
11 41
11 27
11 6
11 2
11 7
11 19
11 25
11 29
11 30
11 35
11 42
11 48
11 50
11 51
12 59
12 56
12 27
12 38
12 34
12 22
12 31
12 16
12 49
12 14
12 55
12 36
12 57
12 30
12 20
12 52
12 8
12 15
12 28
12 10
12 2
12 18
12 25
12 29
12 35
12 45
12 51
12 54
13 56
13 35
13 25
13 49
13 8
13 5
13 14
13 17
13 18
13 22
13 23
13 37
13 46
13 48
13 58
13 60
14 3
14 31
14 8
14 51
14 29
14 33
14 28
14 45
14 22
14 13
14 39
14 25
14 23
14 9
14 12
14 18
14 30
14 35
14 43
14 49
14 53
14 54
14 58
15 44
15 50
15 7
15 34
15 4
15 6
15 12
15 32
15 43
15 55
15 58
16 23
16 2
16 1
16 8
16 60
16 40
16 17
16 5
16 38
16 32
16 20
16 6
16 7
16 12
16 41
16 45
16 48
16 58
17 1
17 8
17 51
17 22
17 55
17 18
17 25
17 43
17 13
17 3
17 4
17 7
17 16
17 32
17 46
17 47
17 49
17 59
18 21
18 30
18 55
18 12
18 56
18 41
18 14
18 57
18 44
18 24
18 13
18 17
18 25
18 36
18 58
18 60
19 40
19 11
19 29
19 20
19 10
19 4
19 7
19 23
19 32
19 35
20 7
20 58
20 46
20 47
20 21
20 31
20 38
20 45
20 27
20 48
20 5
20 40
20 52
20 51
20 49
20 30
20 28
20 34
20 3
20 12
20 16
20 19
20 29
20 43
20 53
20 56
20 57
21 28
21 33
21 5
21 6
21 8
21 18
21 20
21 29
21 36
21 38
21 45
21 50
21 53
21 58
22 7
22 38
22 47
22 48
22 46
22 36
22 44
22 13
22 2
22 10
22 12
22 14
22 17
22 25
22 33
22 43
23 57
23 48
23 41
23 8
23 37
23 30
23 54
23 4
23 13
23 19
23 6
23 59
23 1
23 10
23 14
23 16
23 28
23 31
23 34
23 43
23 51
23 52
23 60
24 9
24 53
24 28
24 45
24 26
24 46
24 44
24 33
24 4
24 40
24 18
24 27
24 29
24 31
24 38
24 41
25 11
25 22
25 18
25 12
25 32
25 60
25 33
25 13
25 14
25 17
25 45
25 47
25 49
25 51
25 58
25 59
26 46
26 38
26 28
26 45
26 52
26 30
26 56
26 37
26 6
26 24
26 29
26 41
26 49
26 58
26 59
27 46
27 57
27 24
27 49
27 30
27 36
27 2
27 4
27 7
27 11
27 12
27 20
27 45
27 47
28 35
28 30
28 23
28 47
28 37
28 38
28 3
28 12
28 14
28 20
28 21
28 24
28 26
28 31
28 34
28 36
28 42
28 43
28 57
29 11
29 12
29 46
29 53
29 21
29 26
29 2
29 36
29 42
29 24
29 20
29 59
29 10
29 14
29 19
29 38
29 43
30 11
30 49
30 44
30 4
30 14
30 56
30 2
30 7
30 8
30 12
30 18
30 20
30 23
30 26
30 27
30 28
30 45
30 53
30 54
31 57
31 38
31 28
31 34
31 41
31 5
31 24
31 23
31 1
31 4
31 7
31 12
31 14
31 20
31 39
31 42
31 59
31 60
32 33
32 55
32 35
32 15
32 19
32 51
32 17
32 3
32 16
32 25
32 42
32 43
32 46
32 48
33 54
33 55
33 46
33 7
33 22
33 43
33 1
33 3
33 4
33 14
33 21
33 24
33 25
33 32
33 35
33 40
33 60
34 28
34 53
34 23
34 57
34 44
34 59
34 45
34 52
34 36
34 2
34 8
34 12
34 15
34 20
34 31
34 35
34 39
34 58
35 14
35 11
35 59
35 12
35 52
35 43
35 50
35 19
35 34
35 6
35 33
35 4
35 8
35 9
35 13
35 28
35 32
35 48
35 53
35 54
35 58
36 41
36 18
36 28
36 58
36 1
36 21
36 57
36 49
36 3
36 12
36 22
36 27
36 29
36 34
36 48
36 54
36 59
37 40
37 59
37 13
37 48
37 8
37 1
37 23
37 26
37 28
37 53
37 60
38 60
38 29
38 4
38 9
38 49
38 54
38 53
38 50
38 24
38 6
38 21
38 42
38 2
38 8
38 12
38 16
38 20
38 22
38 26
38 28
38 31
38 40
38 51
39 34
39 9
39 44
39 31
39 1
39 3
39 10
39 14
39 40
39 42
39 50
39 53
39 57
39 59
40 45
40 50
40 39
40 58
40 38
40 46
40 33
40 6
40 8
40 16
40 19
40 20
40 24
40 37
40 49
40 60
41 47
41 26
41 16
41 59
41 24
41 3
41 4
41 11
41 18
41 23
41 31
41 36
41 45
42 39
42 44
42 31
42 46
42 8
42 32
42 55
42 60
42 11
42 28
42 6
42 10
42 29
42 38
43 2
43 29
43 22
43 6
43 20
43 44
43 45
43 32
43 14
43 4
43 28
43 23
43 15
43 56
43 17
43 33
43 35
43 47
44 57
44 4
44 5
44 7
44 8
44 15
44 18
44 22
44 24
44 30
44 34
44 39
44 42
44 43
44 49
44 52
44 54
44 58
45 16
45 8
45 30
45 41
45 25
45 12
45 21
45 59
45 27
45 48
45 54
45 1
45 7
45 14
45 20
45 24
45 26
45 34
45 40
45 43
45 46
45 51
45 57
46 17
46 9
46 48
46 53
46 52
46 54
46 51
46 13
46 8
46 45
46 32
46 58
46 1
46 4
46 7
46 20
46 22
46 24
46 26
46 27
46 29
46 33
46 40
46 42
46 47
46 60
47 46
47 25
47 17
47 56
47 43
47 27
47 10
47 20
47 22
47 28
47 41
47 50
48 32
48 35
48 11
48 13
48 10
48 16
48 53
48 57
48 5
48 36
48 1
48 4
48 9
48 20
48 22
48 23
48 37
48 45
48 46
48 56
48 59
49 26
49 9
49 7
49 14
49 44
49 40
49 25
49 59
49 17
49 12
49 13
49 20
49 27
49 30
49 36
49 38
50 39
50 53
50 10
50 11
50 21
50 8
50 59
50 47
50 15
50 35
50 38
50 40
50 54
50 58
51 57
51 23
51 12
51 59
51 11
51 25
51 5
51 38
51 55
51 45
51 4
51 7
51 9
51 14
51 17
51 20
51 32
51 46
51 60
52 9
52 23
52 44
52 4
52 8
52 7
52 12
52 20
52 26
52 34
52 35
52 46
52 53
53 20
53 37
53 30
53 21
53 57
53 39
53 52
53 4
53 60
53 35
53 14
53 3
53 8
53 11
53 24
53 29
53 34
53 38
53 46
53 48
53 50
54 5
54 14
54 36
54 30
54 50
54 35
54 8
54 44
54 12
54 3
54 4
54 6
54 23
54 33
54 38
54 45
54 46
54 59
55 15
55 2
55 4
55 12
55 17
55 18
55 32
55 33
55 42
55 51
56 48
56 9
56 20
56 12
56 13
56 18
56 26
56 30
56 43
56 47
57 20
57 39
57 28
57 45
57 1
57 10
57 12
57 18
57 23
57 27
57 31
57 34
57 36
57 44
57 48
57 51
57 53
58 16
58 50
58 18
58 13
58 44
58 26
58 5
58 21
58 14
58 1
58 15
58 34
58 25
58 35
58 6
58 7
58 20
58 36
58 40
58 46
58 60
59 54
59 26
59 31
59 25
59 36
59 39
59 17
59 48
59 2
59 12
59 23
59 29
59 34
59 35
59 37
59 41
59 45
59 49
59 50
59 51
60 58
60 1
60 18
60 31
60 46
60 4
60 51
60 3
60 13
60 33
60 23
60 37
60 40
60 2
60 6
60 9
60 16
60 25
60 38
60 42
60 53
