1 365
1 640
1 859
2 1000
3 45
3 219
4 808
4 640
4 363
4 533
4 253
4 465
4 834
4 853
4 450
5 454
6 27
7 409
7 226
7 520
7 352
7 505
7 174
7 752
7 91
7 778
7 403
7 21
7 64
7 606
7 587
7 532
8 26
9 280
9 146
10 756
10 119
10 223
10 841
10 817
10 853
10 416
10 391
10 243
11 887
11 879
12 896
12 211
12 646
13 643
13 500
14 436
15 503
16 743
16 65
16 318
16 229
17 834
18 109
18 369
18 566
18 152
18 752
19 177
20 23
21 587
21 541
21 712
21 626
21 446
21 7
21 726
23 289
23 42
23 587
23 664
23 73
23 878
23 648
23 20
23 990
23 429
23 897
23 931
23 528
24 959
25 710
25 930
25 259
25 263
25 865
25 208
25 554
25 917
25 430
26 250
26 51
26 793
26 713
26 542
26 8
26 981
27 6
27 935
27 462
27 361
27 263
27 960
27 469
27 188
27 77
27 405
27 166
27 143
28 29
28 207
29 732
29 28
29 237
29 689
29 461
29 877
29 459
29 389
29 853
29 332
29 470
31 388
32 434
32 68
32 928
32 924
32 444
32 849
32 997
32 162
32 592
32 269
32 480
32 884
32 755
32 732
34 284
35 255
35 675
37 91
37 469
37 922
37 465
37 775
38 326
38 460
38 220
39 968
39 80
40 843
40 115
41 62
41 186
42 643
42 23
43 961
43 313
43 249
43 90
43 620
44 978
44 647
44 969
44 46
44 550
44 444
44 315
44 467
44 744
44 522
44 942
44 585
45 69
45 907
45 996
45 77
45 3
45 708
45 883
45 441
45 123
45 930
45 913
45 774
45 278
46 555
46 217
46 503
46 44
47 618
47 887
48 969
50 760
50 823
50 633
50 106
50 859
51 458
51 332
51 727
51 174
51 188
51 711
51 26
51 390
52 714
52 431
53 972
53 431
53 503
54 483
54 375
54 619
54 900
54 891
54 411
54 403
54 493
54 67
54 754
54 917
54 675
55 537
55 218
55 941
57 278
57 863
58 448
58 697
58 90
58 371
58 126
58 356
58 993
58 643
58 645
58 80
58 158
59 299
59 760
59 644
59 742
59 937
60 289
60 377
60 548
60 336
60 325
60 601
60 73
60 812
60 444
60 675
60 965
60 830
61 868
61 938
61 360
61 963
62 468
62 41
62 972
62 313
62 836
62 490
62 70
62 211
62 675
64 972
64 296
64 219
64 7
65 79
65 152
65 489
65 81
65 410
65 16
65 892
65 390
66 356
67 54
67 333
67 938
68 477
68 399
68 32
68 938
68 963
69 316
69 45
69 917
70 851
70 76
70 738
70 594
70 573
70 62
70 296
70 926
70 126
72 376
72 281
72 716
72 537
72 618
72 316
72 963
73 153
73 624
73 590
73 23
73 60
74 643
74 143
75 174
76 940
76 70
76 464
76 306
77 45
77 27
78 475
78 940
78 210
78 726
79 65
79 737
80 169
80 564
80 113
80 451
80 232
80 118
80 722
80 433
80 400
80 992
80 39
80 921
80 58
81 65
82 219
82 597
83 717
83 344
84 143
85 147
85 220
86 454
86 880
87 918
87 525
88 910
88 126
89 296
89 430
90 43
90 58
91 37
91 7
92 965
92 864
92 591
93 631
95 726
95 734
95 220
95 166
96 126
97 461
97 211
97 823
98 573
98 918
99 127
99 218
99 107
99 255
99 404
99 711
100 672
101 166
101 737
101 937
104 675
104 454
105 968
105 734
106 120
106 135
106 50
106 449
106 594
106 273
106 710
107 359
107 438
107 532
107 99
107 400
107 742
108 729
108 188
109 670
109 712
109 917
109 18
110 613
110 994
110 146
110 586
110 400
110 965
110 354
111 510
111 374
112 284
113 652
113 711
113 590
113 879
113 479
113 392
113 503
113 80
113 364
114 573
114 993
114 499
114 590
114 736
115 680
115 772
115 167
115 584
115 40
115 273
115 411
115 195
116 896
116 995
116 436
117 390
118 318
118 80
119 10
120 965
120 631
120 672
120 106
120 711
120 360
122 454
122 880
123 45
124 291
124 687
124 830
124 668
124 711
125 807
126 732
126 278
126 96
126 801
126 609
126 350
126 70
126 858
126 656
126 88
126 367
126 58
127 429
127 751
127 99
127 599
127 956
127 876
128 669
128 754
128 344
128 926
129 314
129 672
130 644
130 732
131 956
131 864
131 158
132 362
132 195
132 668
133 886
134 872
134 166
135 886
135 106
135 591
135 348
136 614
137 590
138 425
138 460
139 760
139 879
140 604
140 616
140 876
141 795
141 364
142 174
142 647
142 397
142 503
143 279
143 538
143 918
143 660
143 476
143 254
143 506
143 27
143 914
143 603
143 84
143 233
143 74
143 199
144 430
145 515
145 937
146 9
146 918
146 110
146 222
147 935
147 85
147 868
147 311
147 371
147 247
147 414
147 633
147 606
147 792
148 306
149 186
150 926
151 926
151 736
152 65
152 18
153 73
153 821
153 745
154 246
154 760
154 292
154 538
154 381
154 314
155 219
155 166
156 249
156 977
156 475
156 584
156 734
156 597
158 651
158 131
158 226
158 665
158 58
158 273
158 379
158 542
159 843
159 876
160 460
160 211
160 859
161 831
161 971
161 907
161 708
161 990
162 876
162 446
162 32
162 734
163 488
163 177
163 217
163 894
164 485
165 806
165 823
165 219
166 101
166 268
166 904
166 475
166 320
166 525
166 95
166 238
166 27
166 634
166 749
166 134
166 155
167 115
167 926
169 282
169 793
169 773
169 402
169 80
170 460
170 431
171 982
171 946
171 515
171 626
172 910
174 805
174 656
174 529
174 595
174 75
174 384
174 753
174 51
174 285
174 142
174 766
174 318
174 275
174 7
175 849
175 630
175 652
176 199
176 726
177 756
177 163
177 715
177 353
177 19
177 194
177 280
177 255
177 360
178 662
178 360
178 220
179 324
179 577
179 390
180 315
182 982
185 941
186 808
186 654
186 556
186 392
186 346
186 988
186 672
186 41
186 426
186 149
186 542
186 726
188 639
188 486
188 108
188 51
188 316
188 857
188 201
188 551
188 715
188 892
188 27
191 834
192 573
192 946
193 868
193 597
194 425
194 177
194 926
195 762
195 205
195 405
195 873
195 132
195 115
195 643
195 228
195 726
196 972
196 712
198 926
199 474
199 994
199 853
199 477
199 176
199 685
199 959
199 420
199 703
199 626
199 143
200 906
200 996
200 873
200 712
201 712
201 188
201 613
202 772
202 284
202 220
203 578
203 880
204 984
204 460
204 790
204 295
204 356
205 918
205 195
206 807
207 261
207 467
207 303
207 335
207 519
207 28
207 959
208 25
208 731
209 603
209 593
210 649
210 521
210 772
210 812
210 945
210 962
210 863
210 78
210 416
210 879
211 483
211 372
211 160
211 451
211 281
211 504
211 97
211 12
211 62
211 912
212 573
213 727
213 339
213 574
213 222
213 503
215 742
216 603
216 228
216 938
217 46
217 959
217 907
217 864
217 284
217 163
217 874
217 727
217 327
218 523
218 99
218 55
219 531
219 3
219 757
219 155
219 64
219 165
219 475
219 82
219 562
219 485
219 498
219 339
219 792
220 834
220 854
220 85
220 178
220 319
220 38
220 95
220 608
220 202
220 785
220 726
220 263
220 761
221 231
221 488
221 965
221 938
222 531
222 960
222 146
222 515
222 213
222 625
222 270
222 817
222 371
222 473
222 845
223 10
223 643
223 569
223 392
224 814
224 296
225 871
225 959
225 734
226 990
226 158
226 7
227 813
227 446
227 668
228 849
228 669
228 629
228 786
228 361
228 934
228 453
228 216
228 539
228 552
228 475
228 195
229 809
229 723
229 459
229 393
229 16
230 362
231 221
231 909
231 792
231 859
232 485
232 80
233 309
233 918
233 729
233 348
233 143
233 859
234 510
234 399
235 613
235 983
237 822
237 29
237 606
237 734
238 711
238 166
239 983
240 790
240 609
240 464
240 319
242 669
242 862
242 356
242 284
242 577
243 250
243 764
243 982
243 299
243 892
243 643
243 625
243 875
243 306
243 10
243 947
243 344
243 854
244 672
244 404
245 606
245 729
245 399
245 348
246 843
246 154
247 147
247 319
249 156
249 43
249 518
250 26
250 243
250 859
250 683
252 609
252 488
253 461
253 4
253 912
254 336
254 143
255 849
255 496
255 177
255 952
255 314
255 781
255 99
255 458
255 383
255 35
255 872
257 862
258 668
259 25
259 454
260 695
260 879
261 207
262 295
262 577
262 683
263 25
263 27
263 220
264 590
265 864
265 937
266 388
267 896
267 295
268 336
268 166
269 670
269 982
269 32
270 862
270 222
271 518
272 940
272 647
273 115
273 647
273 316
273 106
273 158
274 956
275 830
275 174
275 823
276 316
276 912
278 57
278 647
278 823
278 45
278 126
278 941
279 143
279 430
280 9
280 354
280 177
280 983
281 821
281 72
281 211
281 296
282 169
282 446
282 737
283 397
284 560
284 426
284 923
284 291
284 509
284 878
284 916
284 34
284 112
284 242
284 400
284 202
284 217
285 174
285 864
285 732
286 972
286 643
286 983
287 606
288 804
288 503
289 60
289 963
289 23
290 515
290 711
291 124
291 662
291 284
291 518
291 736
292 154
292 296
292 675
292 726
293 985
294 995
294 672
295 267
295 975
295 204
295 997
295 262
295 967
295 876
295 894
295 518
296 888
296 281
296 1000
296 89
296 870
296 426
296 292
296 70
296 696
296 713
296 735
296 64
296 424
296 224
299 59
299 959
299 243
300 525
303 207
305 891
306 439
306 909
306 400
306 76
306 148
306 243
307 946
307 807
307 593
307 880
308 332
308 503
309 233
309 320
309 714
309 504
309 858
309 634
309 829
310 515
310 675
311 147
311 823
312 918
313 813
313 43
313 573
313 62
314 747
314 493
314 129
314 427
314 674
314 154
314 626
314 255
315 875
315 927
315 180
315 938
315 668
315 44
316 69
316 72
316 888
316 572
316 378
316 370
316 273
316 986
316 276
316 907
316 1000
316 766
316 188
317 868
317 461
317 843
318 118
318 911
318 885
318 358
318 16
318 484
318 977
318 420
318 174
318 807
319 611
319 832
319 240
319 788
319 247
319 320
319 879
319 220
319 983
320 814
320 309
320 319
320 166
321 394
322 959
322 918
322 806
322 364
323 397
323 364
324 495
324 340
324 179
324 624
325 364
325 60
326 38
326 665
326 356
327 972
327 217
328 955
328 362
328 344
328 646
328 941
329 627
329 837
329 704
329 667
329 916
329 979
330 997
330 602
330 960
330 366
330 670
330 821
330 843
330 500
331 668
332 308
332 687
332 862
332 51
332 29
332 392
333 596
333 584
333 67
333 961
333 982
333 731
334 813
334 525
334 926
335 577
335 336
335 926
335 593
335 207
336 335
336 969
336 268
336 581
336 716
336 254
336 515
336 862
336 641
336 495
336 675
336 60
337 425
337 627
337 362
338 940
338 430
339 213
339 219
340 324
340 965
341 388
344 756
344 83
344 678
344 328
344 128
344 675
344 243
345 662
345 577
345 880
345 597
346 886
346 186
348 233
348 890
348 989
348 135
348 245
348 597
349 662
350 126
351 887
352 524
352 995
352 917
352 7
353 177
354 857
354 280
354 637
354 469
354 894
354 110
354 430
355 731
356 707
356 326
356 936
356 66
356 204
356 613
356 916
356 242
356 58
356 503
357 839
358 318
359 107
360 658
360 754
360 178
360 61
360 550
360 120
360 177
361 228
361 27
362 524
362 841
362 898
362 393
362 132
362 328
362 337
362 230
363 4
364 600
364 323
364 141
364 754
364 368
364 845
364 686
364 322
364 870
364 325
364 113
365 1
365 995
365 511
365 374
365 729
365 938
366 760
366 330
367 839
367 609
367 126
367 593
368 897
368 364
368 454
369 558
369 18
370 316
370 620
371 463
371 147
371 643
371 222
371 58
372 211
373 603
374 995
374 111
374 473
374 365
374 754
375 873
375 54
375 569
376 72
377 891
377 60
378 396
378 461
378 524
378 806
378 436
378 525
378 316
378 569
379 669
379 158
380 754
380 652
381 154
383 743
383 672
383 255
384 174
384 510
387 711
388 341
388 266
388 31
388 736
389 450
389 814
389 573
389 917
389 29
389 503
390 763
390 65
390 179
390 854
390 411
390 702
390 51
390 409
390 117
390 671
391 10
391 404
392 113
392 332
392 223
392 604
392 849
392 654
392 452
392 186
393 362
393 229
393 872
394 483
394 532
394 321
394 942
394 800
395 406
395 726
396 765
396 855
396 378
396 839
396 513
396 806
397 142
397 283
397 516
397 796
397 323
397 466
397 858
398 879
399 245
399 532
399 550
399 956
399 68
399 795
399 234
399 887
400 107
400 284
400 515
400 110
400 80
400 912
400 937
400 306
401 834
402 169
402 558
403 54
403 7
404 485
404 903
404 484
404 99
404 545
404 244
404 960
404 435
404 391
405 687
405 862
405 195
405 27
406 805
406 642
406 752
406 929
406 395
406 941
407 871
407 879
409 7
409 390
410 65
410 859
411 669
411 54
411 115
411 390
412 454
413 742
414 604
414 147
414 646
415 463
415 754
416 210
416 10
417 658
419 643
420 911
420 644
420 318
420 199
420 897
420 887
421 842
421 917
422 450
422 464
422 652
422 732
423 613
424 599
424 296
425 138
425 194
425 337
426 284
426 296
426 887
426 186
427 314
428 926
428 732
429 127
429 984
429 726
429 23
430 279
430 511
430 89
430 25
430 803
430 712
430 354
430 539
430 714
430 643
430 144
430 754
430 871
430 338
431 680
431 170
431 53
431 765
431 915
431 497
431 52
432 603
433 80
434 32
435 510
435 404
436 749
436 378
436 768
436 116
436 730
436 867
436 14
436 638
437 804
438 450
438 107
439 306
439 941
441 646
441 45
441 711
442 609
442 488
443 558
443 647
443 742
443 626
443 737
443 941
444 712
444 887
444 32
444 44
444 60
444 736
445 687
446 514
446 21
446 677
446 227
446 282
446 162
446 679
446 939
446 449
446 998
446 734
447 876
447 887
448 58
449 106
449 446
450 438
450 556
450 522
450 389
450 422
450 509
450 762
450 871
450 892
450 4
450 590
451 959
451 534
451 211
451 80
452 760
452 392
453 485
453 228
454 86
454 368
454 749
454 259
454 412
454 494
454 681
454 122
454 104
454 5
456 609
456 488
458 51
458 255
459 229
459 672
459 29
459 711
460 38
460 204
460 160
460 911
460 715
460 966
460 170
460 138
460 924
461 97
461 317
461 839
461 253
461 546
461 378
461 29
461 479
462 27
463 415
463 371
463 900
463 946
463 631
464 812
464 784
464 422
464 240
464 76
464 510
464 736
465 894
465 37
465 990
465 4
465 503
466 873
466 397
467 207
467 983
467 44
468 644
468 62
469 354
469 742
469 731
469 37
469 27
470 643
470 29
470 668
470 726
471 569
473 712
473 626
473 374
473 222
473 683
474 626
474 199
474 488
475 78
475 156
475 228
475 219
475 590
475 166
476 871
476 630
476 652
476 143
477 68
477 708
477 511
477 199
477 917
478 880
479 113
479 649
479 551
479 461
479 937
480 830
480 729
480 32
480 503
481 569
483 211
483 54
483 394
483 806
483 577
484 318
484 404
485 164
485 585
485 501
485 566
485 232
485 453
485 404
485 219
486 578
486 188
487 578
488 442
488 795
488 825
488 755
488 474
488 252
488 163
488 221
488 456
488 729
488 732
489 65
489 965
490 62
490 643
490 590
491 668
492 590
492 937
493 54
493 314
493 503
494 897
494 454
495 324
495 336
495 732
496 255
497 431
497 897
498 219
499 114
499 683
500 881
500 13
500 762
500 330
500 620
501 485
503 113
503 213
503 480
503 930
503 288
503 765
503 15
503 829
503 465
503 723
503 576
503 142
503 684
503 356
503 493
503 389
503 952
503 308
503 53
503 46
503 963
504 309
504 524
504 211
504 990
505 7
506 563
506 783
506 760
506 578
506 143
507 577
509 450
509 284
509 630
510 849
510 384
510 234
510 435
510 656
510 889
510 111
510 555
510 464
510 737
511 477
511 365
511 719
511 960
511 430
513 396
513 790
514 446
515 310
515 290
515 853
515 145
515 576
515 689
515 400
515 171
515 691
515 336
515 897
515 222
515 732
516 397
516 577
517 897
517 926
518 804
518 778
518 862
518 619
518 295
518 271
518 249
518 716
518 291
519 624
519 918
519 872
519 207
520 7
521 618
521 210
522 450
522 982
522 963
522 44
523 218
524 798
524 378
524 504
524 352
524 607
524 362
524 806
525 378
525 334
525 957
525 631
525 87
525 677
525 300
525 166
528 23
529 174
530 603
531 219
531 222
531 887
532 394
532 107
532 399
532 917
532 7
533 946
533 4
534 727
534 952
534 563
534 451
534 662
534 683
535 790
535 668
536 537
536 876
537 72
537 55
537 884
537 718
537 536
537 858
538 154
538 609
538 143
538 736
539 228
539 430
540 807
541 21
541 569
542 158
542 606
542 186
542 26
543 754
543 879
545 917
545 404
546 461
546 880
547 790
547 823
547 577
547 593
548 726
548 60
549 795
550 918
550 399
550 360
550 44
551 868
551 813
551 188
551 590
551 479
552 616
552 228
552 613
552 732
553 687
554 25
554 646
554 917
554 683
555 46
555 510
556 450
556 186
557 807
557 926
558 443
558 369
558 720
558 987
558 928
558 861
558 402
558 742
558 963
559 990
560 823
560 284
561 726
562 219
563 506
563 534
564 617
564 80
565 843
566 485
566 18
567 985
567 814
567 790
568 772
568 880
569 903
569 378
569 375
569 471
569 930
569 541
569 643
569 223
569 481
570 712
570 593
571 631
572 873
572 918
572 630
572 316
573 212
573 192
573 779
573 70
573 389
573 98
573 313
573 584
573 686
573 114
573 591
574 213
576 515
576 503
577 335
577 179
577 660
577 242
577 836
577 507
577 345
577 547
577 516
577 262
577 483
577 963
578 895
578 506
578 203
578 487
578 644
578 869
578 784
578 790
578 486
578 917
579 609
579 643
579 672
580 892
581 772
581 336
583 830
583 672
584 156
584 573
584 333
584 115
584 712
585 485
585 726
585 44
586 110
586 879
587 21
587 981
587 7
587 23
588 946
589 606
589 675
589 591
589 983
590 113
590 973
590 870
590 73
590 492
590 475
590 264
590 490
590 114
590 551
590 989
590 137
590 783
590 450
591 573
591 790
591 92
591 841
591 868
591 135
591 899
591 589
591 599
591 966
591 983
592 32
593 367
593 335
593 547
593 307
593 209
593 805
593 570
594 70
594 106
595 174
595 876
596 333
596 917
596 737
597 348
597 345
597 82
597 980
597 701
597 156
597 193
598 712
598 620
599 960
599 424
599 677
599 127
599 591
600 364
600 937
601 743
601 60
602 330
602 972
603 530
603 432
603 216
603 689
603 209
603 373
603 143
604 678
604 140
604 414
604 764
604 889
604 392
605 968
606 245
606 237
606 589
606 287
606 797
606 919
606 745
606 147
606 542
606 775
606 743
606 872
606 7
607 848
607 524
607 823
607 990
608 633
608 220
609 442
609 538
609 367
609 853
609 806
609 456
609 240
609 579
609 252
609 913
609 126
610 823
610 646
611 319
611 652
611 726
612 877
612 754
613 235
613 944
613 423
613 655
613 762
613 552
613 999
613 201
613 110
613 356
614 136
614 912
614 872
614 892
616 635
616 724
616 928
616 140
616 783
616 552
616 643
617 564
617 742
618 72
618 521
618 932
618 47
618 644
618 842
619 54
619 892
619 518
620 931
620 691
620 43
620 981
620 598
620 370
620 898
620 986
620 801
620 887
620 500
620 726
622 969
622 892
623 894
624 958
624 73
624 519
624 324
624 970
624 690
624 972
625 222
625 243
626 474
626 314
626 21
626 719
626 171
626 473
626 199
626 443
626 911
626 675
627 337
627 329
629 228
630 671
630 843
630 509
630 869
630 572
630 476
630 175
630 681
630 963
631 571
631 463
631 921
631 120
631 745
631 93
631 748
631 918
631 525
633 707
633 608
633 777
633 976
633 50
633 727
633 147
634 309
634 166
635 616
636 732
637 354
638 972
638 436
639 188
640 1
640 4
641 336
642 652
642 406
642 711
643 849
643 223
643 286
643 42
643 579
643 74
643 371
643 470
643 616
643 490
643 419
643 946
643 13
643 195
643 886
643 569
643 58
643 430
643 937
643 243
644 468
644 420
644 618
644 840
644 59
644 130
644 578
645 58
646 441
646 414
646 741
646 12
646 328
646 610
646 966
646 798
646 554
646 917
647 443
647 828
647 142
647 858
647 278
647 272
647 866
647 869
647 273
647 44
648 23
649 210
649 479
649 963
651 158
652 113
652 175
652 956
652 422
652 642
652 611
652 476
652 742
652 960
652 672
652 380
654 772
654 392
654 186
655 613
656 174
656 510
656 126
658 417
658 360
660 577
660 880
660 143
662 345
662 291
662 349
662 178
662 753
662 794
662 534
663 894
664 23
665 326
665 873
665 158
665 737
666 726
667 329
667 979
668 315
668 132
668 491
668 717
668 227
668 258
668 535
668 953
668 331
668 470
668 124
668 823
668 737
669 411
669 242
669 128
669 379
669 228
670 269
670 109
670 715
670 330
671 630
671 390
672 924
672 294
672 583
672 244
672 100
672 459
672 579
672 922
672 129
672 383
672 120
672 652
672 186
674 314
675 899
675 336
675 54
675 888
675 104
675 769
675 292
675 62
675 589
675 35
675 626
675 310
675 344
675 60
677 599
677 862
677 525
677 446
678 604
678 842
678 344
679 446
680 115
680 431
681 630
681 454
683 250
683 824
683 473
683 831
683 534
683 554
683 499
683 765
683 262
683 793
684 503
685 199
685 887
686 573
686 364
687 980
687 405
687 332
687 948
687 445
687 124
687 553
687 894
687 926
689 959
689 946
689 603
689 515
689 29
690 735
690 624
691 515
691 620
692 918
695 260
695 754
696 296
696 937
697 955
697 58
697 729
698 897
699 823
700 836
700 782
700 900
701 834
701 597
702 390
703 199
703 880
703 734
704 984
704 329
706 737
707 633
707 356
708 477
708 161
708 45
709 938
710 25
710 106
711 113
711 290
711 642
711 767
711 120
711 387
711 781
711 441
711 99
711 124
711 459
711 238
711 947
711 51
712 849
712 21
712 196
712 473
712 201
712 200
712 971
712 444
712 598
712 584
712 109
712 570
712 430
713 790
713 296
713 26
714 52
714 309
714 430
715 670
715 460
715 177
715 188
716 984
716 72
716 814
716 969
716 336
716 518
717 83
717 790
717 792
717 668
718 955
718 981
718 537
719 511
719 626
719 892
720 558
722 873
722 80
722 938
723 229
723 842
723 503
724 616
726 95
726 176
726 78
726 470
726 21
726 395
726 666
726 620
726 842
726 186
726 292
726 195
726 867
726 585
726 548
726 561
726 611
726 429
726 220
727 213
727 534
727 51
727 995
727 217
727 633
728 806
729 245
729 858
729 480
729 233
729 365
729 697
729 488
729 890
729 108
729 892
730 436
731 756
731 853
731 898
731 355
731 469
731 208
731 921
731 333
731 811
731 876
732 428
732 130
732 488
732 636
732 515
732 749
732 422
732 285
732 552
732 32
732 495
732 29
732 126
734 95
734 105
734 446
734 162
734 703
734 974
734 748
734 758
734 237
734 156
734 225
735 690
735 296
736 388
736 151
736 291
736 538
736 821
736 905
736 114
736 444
736 464
737 101
737 760
737 665
737 921
737 706
737 282
737 443
737 668
737 79
737 510
737 596
738 70
741 646
742 558
742 107
742 982
742 469
742 861
742 884
742 840
742 215
742 790
742 906
742 413
742 59
742 443
742 617
742 652
743 601
743 16
743 898
743 383
743 813
743 807
743 606
744 985
744 940
744 44
745 153
745 631
745 897
745 606
746 872
747 979
747 314
748 631
748 734
749 436
749 454
749 732
749 166
751 127
751 891
752 406
752 7
752 18
753 839
753 790
753 959
753 662
753 174
754 543
754 380
754 695
754 952
754 415
754 128
754 612
754 54
754 374
754 364
754 360
754 430
755 775
755 790
755 488
755 32
756 177
756 10
756 731
756 344
756 983
757 219
758 871
758 734
759 859
760 366
760 139
760 50
760 506
760 980
760 59
760 452
760 154
760 737
761 220
762 450
762 195
762 500
762 613
763 941
763 390
764 604
764 243
765 396
765 431
765 503
765 683
766 174
766 316
767 711
768 436
769 675
770 891
772 581
772 966
772 654
772 202
772 568
772 210
772 115
773 169
773 859
774 45
775 867
775 977
775 755
775 37
775 606
777 910
777 633
778 518
778 7
779 573
781 255
781 711
782 700
783 506
783 616
783 590
784 464
784 578
785 220
786 995
786 228
786 941
787 864
788 319
790 846
790 204
790 755
790 535
790 547
790 713
790 753
790 513
790 240
790 717
790 567
790 910
790 742
790 578
790 938
790 591
792 899
792 231
792 147
792 717
792 847
792 219
793 169
793 26
793 683
794 662
795 141
795 549
795 488
795 399
796 397
797 842
797 606
798 524
798 886
798 646
798 872
800 394
801 620
801 126
803 430
804 437
804 288
804 518
805 174
805 593
805 406
806 845
806 915
806 728
806 524
806 378
806 396
806 322
806 483
806 165
806 809
806 609
807 849
807 540
807 125
807 557
807 307
807 206
807 743
807 318
808 186
808 4
809 806
809 229
810 917
811 731
812 210
812 464
812 60
813 743
813 334
813 227
813 313
813 551
814 716
814 389
814 567
814 224
814 320
815 982
817 10
817 222
821 281
821 153
821 330
821 736
822 237
822 859
823 560
823 97
823 610
823 278
823 275
823 607
823 699
823 547
823 50
823 311
823 165
823 905
823 836
823 668
824 683
825 488
828 868
828 647
829 896
829 309
829 503
830 583
830 275
830 940
830 124
830 480
830 60
831 161
831 683
832 319
834 701
834 17
834 401
834 191
834 220
834 938
834 4
836 700
836 62
836 823
836 577
837 329
837 990
837 872
839 357
839 367
839 753
839 396
839 461
839 864
839 946
839 892
840 644
840 742
841 362
841 10
841 591
842 421
842 797
842 723
842 933
842 678
842 618
842 947
842 726
843 246
843 935
843 330
843 159
843 40
843 565
843 317
843 630
845 910
845 806
845 222
845 364
846 790
847 792
848 607
849 919
849 175
849 712
849 807
849 510
849 643
849 228
849 255
849 392
849 32
851 873
851 70
853 609
853 515
853 731
853 10
853 199
853 29
853 4
854 220
854 243
854 390
855 396
856 937
857 354
857 188
858 537
858 309
858 647
858 397
858 126
858 729
859 250
859 759
859 773
859 930
859 233
859 822
859 231
859 871
859 50
859 1
859 872
859 410
859 160
861 742
861 558
862 257
862 677
862 405
862 883
862 242
862 332
862 270
862 950
862 336
862 518
863 57
863 210
864 964
864 265
864 92
864 891
864 131
864 285
864 787
864 839
864 217
865 25
866 969
866 647
867 775
867 436
867 726
868 551
868 61
868 193
868 828
868 317
868 147
868 591
869 647
869 578
869 630
870 296
870 364
870 938
870 590
871 225
871 994
871 476
871 450
871 758
871 407
871 430
871 859
872 614
872 393
872 134
872 798
872 519
872 958
872 746
872 606
872 837
872 907
872 255
872 859
873 200
873 722
873 851
873 375
873 466
873 572
873 665
873 195
874 217
875 315
875 243
876 162
876 934
876 731
876 595
876 447
876 536
876 159
876 295
876 140
876 127
877 612
877 29
878 284
878 23
879 113
879 319
879 407
879 260
879 11
879 543
879 398
879 586
879 139
879 954
879 210
879 963
880 86
880 478
880 660
880 203
880 568
880 122
880 546
880 971
880 307
880 345
880 703
881 500
883 981
883 862
883 918
883 45
884 537
884 742
884 32
885 914
885 318
885 918
886 643
886 133
886 135
886 346
886 798
887 531
887 420
887 399
887 685
887 47
887 447
887 426
887 351
887 620
887 11
887 444
888 296
888 316
888 990
888 675
888 937
889 604
889 510
890 729
890 348
891 305
891 377
891 770
891 751
891 54
891 864
892 614
892 580
892 65
892 619
892 719
892 729
892 622
892 188
892 839
892 972
892 450
892 243
894 663
894 354
894 163
894 295
894 623
894 465
894 687
895 578
896 116
896 829
896 267
896 12
897 517
897 497
897 515
897 368
897 420
897 494
897 745
897 698
897 926
897 23
898 743
898 981
898 362
898 731
898 620
899 675
899 792
899 591
900 700
900 463
900 54
901 983
903 569
903 404
904 166
905 969
905 823
905 917
905 736
906 200
906 742
907 217
907 316
907 161
907 45
907 872
909 231
909 306
910 845
910 942
910 172
910 88
910 991
910 777
910 790
911 420
911 460
911 318
911 626
911 937
912 614
912 276
912 211
912 940
912 400
912 253
913 609
913 45
914 977
914 885
914 143
915 968
915 431
915 806
915 983
916 329
916 356
916 284
917 810
917 646
917 477
917 905
917 578
917 554
917 69
917 54
917 421
917 389
917 545
917 596
917 532
917 109
917 352
917 25
918 322
918 631
918 312
918 98
918 883
918 519
918 572
918 233
918 954
918 550
918 205
918 885
918 692
918 87
918 146
918 143
919 849
919 606
921 731
921 631
921 80
921 938
921 737
922 672
922 37
922 937
923 284
924 460
924 672
924 32
926 428
926 687
926 897
926 70
926 198
926 150
926 517
926 128
926 194
926 335
926 151
926 334
926 167
926 557
927 315
928 616
928 558
928 32
929 955
929 406
930 25
930 45
930 569
930 503
930 859
931 620
931 23
932 618
933 842
933 938
934 876
934 228
935 147
935 843
935 27
936 356
937 101
937 265
937 145
937 59
937 600
937 400
937 492
937 643
937 856
937 479
937 922
937 911
937 888
937 696
938 315
938 921
938 68
938 67
938 870
938 933
938 61
938 216
938 995
938 365
938 709
938 834
938 221
938 722
938 790
939 446
940 76
940 78
940 272
940 338
940 744
940 830
940 912
941 763
941 55
941 278
941 185
941 443
941 328
941 439
941 786
941 406
942 394
942 910
942 44
944 613
945 210
946 192
946 171
946 977
946 463
946 307
946 689
946 839
946 588
946 533
946 643
947 842
947 711
947 243
948 687
949 983
950 862
952 754
952 534
952 255
952 503
953 668
954 918
954 879
955 328
955 929
955 697
955 718
956 274
956 985
956 127
956 131
956 399
956 652
957 525
958 624
958 872
959 322
959 225
959 753
959 689
959 299
959 24
959 451
959 217
959 199
959 207
960 599
960 330
960 511
960 222
960 404
960 652
960 27
961 43
961 333
962 210
963 289
963 68
963 577
963 879
963 72
963 972
963 986
963 61
963 503
963 522
963 630
963 558
963 649
964 864
965 221
965 340
965 489
965 120
965 92
965 110
965 60
966 772
966 460
966 646
966 591
967 295
968 915
968 605
968 105
968 39
969 905
969 622
969 48
969 866
969 716
969 336
969 44
970 624
971 712
971 161
971 880
972 53
972 327
972 602
972 624
972 64
972 196
972 638
972 286
972 62
972 892
972 963
973 590
974 734
975 984
975 295
976 633
977 775
977 156
977 914
977 318
977 946
978 44
979 667
979 329
979 747
980 687
980 760
980 597
981 883
981 898
981 587
981 718
981 620
981 26
982 815
982 182
982 333
982 269
982 522
982 171
982 742
982 243
983 591
983 915
983 756
983 589
983 993
983 239
983 286
983 467
983 280
983 235
983 949
983 319
983 901
984 704
984 716
984 975
984 204
984 429
985 744
985 293
985 567
985 956
986 316
986 620
986 963
987 558
988 186
989 590
989 348
990 559
990 465
990 226
990 888
990 161
990 837
990 504
990 607
990 23
991 910
992 80
993 114
993 58
993 983
994 871
994 199
994 110
995 294
995 116
995 365
995 727
995 352
995 786
995 374
995 938
996 200
996 45
997 330
997 295
997 32
998 446
999 613
1000 2
1000 296
1000 316
