1 365
1 379
1 940
1 410
1 715
1 846
1 254
1 859
1 469
2 1000
3 45
3 219
3 40
3 280
4 640
4 533
4 253
4 465
4 834
4 853
4 450
4 512
4 532
4 535
4 323
4 548
4 539
5 454
5 763
5 875
5 666
6 264
6 406
6 104
6 784
6 987
6 420
6 922
7 226
7 520
7 505
7 174
7 752
7 21
7 64
7 606
7 532
7 269
7 404
7 388
7 224
7 793
7 769
7 609
7 637
8 26
8 795
9 280
9 146
9 63
10 756
10 119
10 223
10 841
10 853
10 416
10 391
10 80
10 53
10 504
10 828
10 243
10 524
10 640
10 91
11 887
11 879
11 453
11 120
11 280
12 22
12 260
12 821
12 24
12 752
12 910
12 628
12 896
12 211
12 422
12 631
12 266
13 643
13 500
13 623
14 436
14 912
14 939
15 503
15 488
15 793
15 983
16 743
16 65
16 318
16 229
16 517
16 901
17 769
17 122
17 216
17 311
17 778
17 363
17 552
17 41
17 572
17 967
17 841
17 931
17 338
17 405
17 875
17 606
17 663
18 109
18 369
18 566
18 43
18 868
18 368
18 144
19 177
19 147
19 578
19 552
19 904
19 315
20 23
20 944
20 63
21 587
21 541
21 97
21 228
21 332
21 936
21 712
21 446
21 7
21 726
21 57
21 400
21 40
21 444
22 903
22 790
22 39
22 200
22 468
22 999
22 665
22 12
22 557
23 42
23 587
23 664
23 73
23 878
23 648
23 20
23 990
23 429
23 897
23 931
23 724
23 625
23 259
24 959
24 261
24 12
25 710
25 930
25 263
25 865
25 208
25 372
25 358
25 906
25 917
25 430
26 51
26 793
26 713
26 542
26 8
26 981
26 160
26 485
26 465
26 834
27 935
27 462
27 361
27 263
27 960
27 469
27 188
27 77
27 405
27 184
27 166
27 143
27 441
27 144
28 29
28 207
28 452
28 465
28 660
29 732
29 28
29 237
29 689
29 461
29 877
29 459
29 389
29 853
29 332
29 470
29 517
29 745
29 894
30 174
30 227
31 553
31 400
31 889
31 483
31 197
31 791
31 272
31 830
31 732
31 612
31 73
32 434
32 68
32 928
32 924
32 444
32 849
32 997
32 162
32 592
32 269
32 480
32 884
32 755
32 732
32 273
32 625
32 90
33 284
33 174
33 741
34 284
34 823
34 402
35 388
35 865
35 589
35 80
35 860
35 568
35 623
36 701
36 692
37 417
37 941
37 191
37 764
37 638
37 618
37 416
37 985
37 240
37 469
37 679
37 611
38 81
38 902
38 284
38 382
38 488
38 973
38 332
38 585
38 996
38 999
38 59
38 358
38 500
38 452
38 460
38 220
38 545
39 446
39 927
39 532
39 868
39 986
39 776
39 951
39 80
39 99
39 244
39 901
39 22
40 430
40 256
40 21
40 945
40 614
40 921
40 3
40 148
40 749
40 141
40 96
40 873
40 732
40 370
40 986
40 115
41 62
41 186
41 588
41 17
41 251
42 643
42 23
42 280
42 174
43 961
43 313
43 249
43 90
43 620
43 531
43 426
43 18
44 978
44 647
44 969
44 46
44 550
44 315
44 467
44 744
44 522
44 585
44 724
44 179
44 979
44 640
45 69
45 907
45 996
45 77
45 3
45 708
45 883
45 441
45 123
45 930
45 913
45 774
45 278
45 101
45 588
45 150
45 775
45 820
46 365
46 857
46 156
46 769
46 442
46 431
46 217
46 503
46 44
46 151
47 618
47 887
47 915
47 486
47 539
47 769
48 969
49 808
49 388
50 760
50 823
50 633
50 106
50 859
50 821
50 922
50 428
50 571
51 458
51 332
51 727
51 174
51 188
51 711
51 26
51 390
51 292
52 714
52 431
52 150
53 972
53 431
53 503
53 10
53 809
53 510
53 80
54 483
54 375
54 619
54 900
54 891
54 411
54 403
54 493
54 67
54 562
54 254
54 754
54 917
54 832
54 206
54 502
55 537
55 218
55 941
55 809
55 390
55 484
55 623
56 679
56 755
56 675
57 857
57 155
57 938
57 21
57 808
57 630
57 660
57 227
57 148
58 448
58 126
58 356
58 993
58 643
58 645
58 80
58 326
58 994
58 187
58 856
58 158
58 810
58 211
59 299
59 760
59 644
59 742
59 937
59 38
59 903
59 749
59 169
60 289
60 377
60 336
60 325
60 601
60 812
60 675
60 965
60 830
60 326
60 762
60 158
60 250
61 868
61 938
61 360
61 963
61 807
61 90
62 468
62 41
62 972
62 313
62 836
62 490
62 70
62 211
62 675
62 557
62 251
63 148
63 596
63 9
63 175
63 390
63 577
63 20
63 420
63 554
63 529
63 359
64 972
64 296
64 219
64 7
64 128
64 808
64 571
64 675
65 79
65 152
65 489
65 81
65 410
65 16
65 892
65 390
65 848
66 356
66 793
66 330
66 552
67 54
67 333
67 938
67 915
68 477
68 399
68 32
68 938
68 963
68 667
68 772
68 741
69 316
69 45
69 917
69 619
69 105
69 384
69 749
70 851
70 76
70 738
70 594
70 986
70 214
70 731
70 953
70 573
70 62
70 296
70 126
70 530
70 887
70 806
70 289
70 259
70 411
71 356
71 925
72 376
72 281
72 716
72 723
72 537
72 316
72 963
72 76
72 925
73 551
73 82
73 105
73 215
73 289
73 31
73 224
73 660
73 795
73 736
73 153
73 624
73 590
73 23
73 250
73 546
73 777
74 643
74 143
74 966
74 515
74 817
74 904
75 174
76 207
76 759
76 72
76 503
76 779
76 406
76 331
76 534
76 386
76 940
76 70
76 464
76 426
76 910
76 529
77 45
77 27
78 475
78 940
78 210
78 726
78 453
79 65
79 737
79 244
79 834
79 640
79 749
80 169
80 564
80 451
80 232
80 118
80 722
80 433
80 400
80 992
80 39
80 921
80 53
80 223
80 780
80 734
80 58
80 452
80 10
80 616
80 35
80 901
81 65
81 711
81 926
81 38
81 834
81 216
81 820
82 219
82 597
82 73
82 363
82 371
82 615
83 717
83 344
83 821
83 620
84 143
84 986
84 691
84 993
85 147
85 220
85 477
85 486
85 428
86 289
86 333
86 260
86 382
86 541
86 286
86 542
86 191
86 979
86 880
86 363
87 918
87 525
88 910
88 126
88 136
89 296
89 430
89 240
89 279
90 489
90 639
90 939
90 61
90 722
90 554
90 32
90 43
90 310
91 176
91 627
91 466
91 10
91 384
91 151
92 965
92 864
92 591
92 804
92 475
92 237
92 148
93 631
93 486
93 903
93 692
94 755
95 567
95 619
95 442
95 378
95 597
95 199
95 933
95 726
95 220
95 166
95 306
95 511
95 354
96 126
96 566
96 40
96 903
96 755
97 461
97 211
97 823
97 795
97 701
97 21
98 573
98 918
98 627
99 378
99 112
99 354
99 39
99 591
99 127
99 218
99 107
99 255
99 711
99 548
99 318
100 672
100 420
100 326
101 290
101 344
101 45
101 514
101 831
101 287
101 753
101 241
101 689
101 926
102 444
102 150
103 960
103 483
103 162
103 411
104 757
104 652
104 843
104 384
104 323
104 454
104 6
104 625
105 129
105 781
105 987
105 786
105 317
105 576
105 886
105 916
105 69
105 734
105 666
105 626
105 555
105 73
105 234
106 120
106 50
106 449
106 594
106 273
106 710
106 138
106 559
106 259
106 926
106 795
106 228
106 198
107 438
107 532
107 99
107 400
107 906
107 809
107 742
107 446
108 729
108 188
108 756
108 122
109 670
109 712
109 917
109 18
109 266
110 994
110 146
110 586
110 400
110 965
110 354
110 595
110 875
110 194
110 404
110 773
110 308
111 510
111 374
112 284
112 99
112 228
112 484
112 467
113 823
113 483
113 671
113 131
113 581
113 652
113 666
113 356
114 573
114 993
114 499
114 590
114 736
114 143
114 981
114 892
114 769
115 680
115 772
115 167
115 584
115 40
115 411
115 828
115 738
115 745
115 243
115 775
115 195
115 817
115 697
115 121
116 896
116 995
116 436
116 966
116 289
116 232
117 390
117 555
118 318
118 80
118 727
118 121
119 10
119 530
119 667
119 320
119 670
119 475
120 185
120 329
120 11
120 882
120 211
120 474
120 903
120 788
120 142
120 965
120 631
120 672
120 106
120 711
120 532
121 115
121 360
121 861
121 670
121 118
121 571
121 233
121 201
121 204
121 195
121 810
122 108
122 825
122 872
122 697
122 721
122 232
122 633
122 230
122 454
122 17
123 45
123 548
123 485
123 716
124 291
124 687
124 830
124 668
124 711
124 823
125 807
125 560
125 305
125 769
125 266
126 278
126 96
126 801
126 609
126 350
126 70
126 858
126 656
126 88
126 367
126 175
126 421
126 58
126 658
126 918
126 426
126 467
127 429
127 751
127 99
127 599
127 956
127 876
128 64
128 795
128 822
128 642
128 733
128 862
128 136
128 459
128 870
128 513
128 820
128 846
128 447
128 350
128 571
128 669
128 754
128 344
128 849
128 449
128 356
128 833
129 314
129 672
129 250
129 337
129 105
130 644
130 732
130 731
130 849
130 392
131 956
131 864
131 158
131 113
131 899
132 362
132 195
132 668
132 237
133 886
133 926
133 450
133 458
133 656
134 872
134 166
135 252
135 587
135 468
135 362
135 387
135 886
135 591
135 348
135 528
135 235
136 941
136 279
136 554
136 88
136 313
136 275
136 128
136 255
136 453
136 144
136 673
137 590
137 326
138 425
138 460
138 402
138 106
138 640
139 760
139 879
140 604
140 616
140 876
140 943
141 795
141 364
141 807
141 404
141 40
141 613
142 181
142 491
142 734
142 652
142 155
142 677
142 785
142 486
142 647
142 397
142 503
142 530
142 450
142 120
142 550
142 458
143 279
143 538
143 918
143 476
143 254
143 506
143 27
143 914
143 603
143 84
143 233
143 74
143 199
143 114
143 278
143 763
143 409
144 482
144 736
144 456
144 253
144 408
144 637
144 967
144 559
144 136
144 739
144 27
144 18
144 164
144 430
144 411
144 741
145 515
145 937
145 257
146 9
146 918
146 110
146 222
146 517
146 915
146 989
147 85
147 868
147 311
147 371
147 247
147 414
147 935
147 704
147 19
147 494
147 379
147 633
147 606
147 792
147 862
148 878
148 279
148 832
148 92
148 57
148 214
148 421
148 929
148 684
148 482
148 40
148 63
149 186
149 810
149 560
149 669
149 880
149 749
149 834
149 557
150 721
150 763
150 337
150 466
150 45
150 222
150 334
150 232
150 906
150 52
150 778
150 674
150 102
150 505
150 318
151 613
151 684
151 623
151 91
151 46
151 235
151 736
151 605
152 540
152 561
152 908
152 941
152 508
152 818
152 991
152 341
152 674
152 769
152 308
152 489
152 65
152 174
152 332
153 73
153 745
153 397
153 583
153 218
153 829
153 306
153 359
153 557
153 820
153 251
154 760
154 292
154 538
154 381
154 361
154 488
154 957
154 314
155 871
155 665
155 966
155 967
155 462
155 219
155 57
155 778
155 142
156 249
156 977
156 475
156 584
156 734
156 597
156 442
156 46
158 651
158 131
158 226
158 665
158 58
158 273
158 379
158 542
158 60
159 307
159 580
159 881
159 594
159 191
159 447
159 700
159 937
159 843
159 899
159 983
159 637
160 460
160 211
160 859
160 26
160 330
160 640
160 557
160 615
161 831
161 971
161 907
161 708
161 990
161 675
162 817
162 103
162 364
162 755
162 328
162 231
162 975
162 446
162 32
162 734
163 488
163 177
163 217
163 894
163 660
163 942
163 359
164 485
164 989
164 144
165 806
165 823
165 219
165 960
165 483
165 420
165 769
166 268
166 475
166 525
166 95
166 238
166 27
166 749
166 134
166 280
166 732
166 396
166 189
166 339
166 438
166 983
166 388
167 504
167 669
167 388
167 496
167 965
167 437
167 544
167 850
167 115
167 250
167 966
167 235
168 823
169 932
169 722
169 656
169 405
169 438
169 746
169 59
169 80
169 984
170 460
170 431
170 441
170 324
170 891
170 404
171 982
171 946
171 515
171 626
171 619
171 862
171 288
171 557
172 910
172 282
172 588
172 259
173 749
174 805
174 75
174 51
174 285
174 766
174 318
174 30
174 568
174 152
174 740
174 816
174 42
174 332
174 33
174 7
174 246
174 922
175 735
175 574
175 625
175 721
175 469
175 817
175 541
175 207
175 869
175 432
175 213
175 630
175 652
175 126
175 658
175 63
176 199
176 726
176 91
176 251
176 659
177 163
177 715
177 353
177 19
177 194
177 280
177 398
177 747
177 821
177 255
177 360
177 409
177 188
178 662
178 360
178 220
178 348
178 502
179 628
179 268
179 490
179 343
179 696
179 584
179 577
179 390
179 44
180 529
180 272
180 975
180 865
180 918
180 824
180 404
181 142
181 968
182 982
182 756
182 691
182 191
183 614
184 240
184 27
184 555
185 941
185 465
185 279
185 120
185 925
186 654
186 556
186 392
186 346
186 988
186 672
186 41
186 426
186 149
186 542
186 839
186 726
186 244
187 58
187 502
188 639
188 108
188 51
188 316
188 201
188 726
188 352
188 896
188 177
188 892
188 27
188 531
188 400
188 769
189 166
190 922
190 298
191 437
191 902
191 666
191 779
191 182
191 278
191 37
191 86
191 625
191 159
192 573
192 946
192 235
193 868
193 597
193 446
193 752
193 673
194 483
194 272
194 308
194 110
194 425
194 177
194 326
194 485
194 859
194 552
195 762
195 205
195 405
195 873
195 132
195 115
195 643
195 228
195 726
195 578
195 458
195 121
196 972
196 712
196 337
197 261
197 31
197 659
198 705
198 412
198 106
198 244
198 387
198 849
198 345
198 377
198 356
198 414
198 809
198 211
198 257
198 206
198 925
199 474
199 994
199 853
199 477
199 176
199 685
199 959
199 420
199 703
199 626
199 143
199 579
199 244
199 475
199 95
200 906
200 996
200 873
200 712
200 441
200 876
200 22
201 714
201 766
201 772
201 367
201 934
201 586
201 899
201 628
201 882
201 947
201 264
201 445
201 712
201 188
201 121
202 772
202 284
202 220
203 578
203 880
203 609
203 334
203 925
204 984
204 460
204 790
204 295
204 356
204 545
204 885
204 808
204 121
205 918
205 195
206 54
206 198
206 621
206 357
206 358
206 702
206 664
206 377
206 274
206 773
207 467
207 303
207 335
207 519
207 28
207 959
207 393
207 869
207 76
207 483
207 175
207 701
207 843
208 25
208 731
208 579
208 363
209 603
209 593
209 310
209 743
209 857
210 649
210 521
210 772
210 812
210 945
210 962
210 863
210 78
210 416
210 879
210 643
210 894
211 372
211 160
211 451
211 281
211 504
211 97
211 12
211 58
211 198
211 62
211 912
211 289
211 120
212 573
212 234
213 727
213 339
213 574
213 222
213 503
213 175
213 833
214 70
214 484
214 148
214 557
215 742
215 73
216 416
216 81
216 735
216 456
216 528
216 378
216 472
216 420
216 553
216 603
216 938
216 17
217 46
217 959
217 907
217 864
217 284
217 163
217 874
217 727
217 327
217 660
217 454
218 99
218 55
218 748
218 998
218 219
218 153
218 895
219 3
219 757
219 155
219 64
219 165
219 475
219 82
219 562
219 485
219 498
219 339
219 621
219 247
219 792
219 218
220 854
220 85
220 178
220 319
220 38
220 95
220 608
220 202
220 785
220 726
220 263
220 761
220 867
220 945
220 453
221 231
221 488
221 965
221 938
221 332
221 775
222 531
222 960
222 146
222 515
222 213
222 625
222 270
222 817
222 371
222 473
222 845
222 619
222 150
223 905
223 799
223 318
223 626
223 971
223 915
223 442
223 10
223 643
223 392
223 80
223 539
223 305
223 901
224 814
224 296
224 73
224 409
224 7
225 871
225 959
225 734
225 912
225 332
226 990
226 158
226 7
226 915
227 636
227 403
227 30
227 702
227 345
227 416
227 1000
227 917
227 867
227 57
227 813
227 668
228 849
228 629
228 786
228 361
228 934
228 552
228 195
228 106
228 955
228 112
228 575
228 510
228 463
228 545
228 667
228 21
229 723
229 459
229 393
229 16
229 770
229 477
229 979
229 335
229 724
229 337
229 692
230 362
230 778
230 524
230 122
231 221
231 909
231 792
231 859
231 675
231 162
231 587
232 966
232 458
232 481
232 946
232 116
232 681
232 910
232 361
232 80
232 409
232 122
232 150
233 309
233 918
233 729
233 348
233 143
233 859
233 121
234 276
234 268
234 955
234 589
234 828
234 486
234 308
234 728
234 956
234 737
234 782
234 844
234 417
234 798
234 757
234 893
234 212
234 105
234 510
234 560
234 912
235 167
235 870
235 508
235 633
235 135
235 610
235 192
235 957
235 983
235 151
236 673
237 941
237 399
237 267
237 626
237 695
237 958
237 92
237 132
237 677
237 590
237 640
237 29
237 606
237 734
237 809
238 711
238 166
239 478
239 645
239 496
239 927
239 628
239 371
239 462
239 989
239 640
239 710
239 606
240 89
240 789
240 569
240 184
240 37
240 790
240 464
240 319
240 658
241 101
241 486
242 669
242 862
242 356
242 284
242 577
242 329
242 619
242 259
242 741
243 764
243 982
243 299
243 892
243 643
243 875
243 306
243 10
243 947
243 344
243 854
243 862
243 676
243 756
243 115
243 833
244 504
244 186
244 199
244 39
244 404
244 340
244 79
244 836
244 967
244 375
244 649
244 672
244 643
244 282
244 198
245 378
245 679
245 952
245 759
245 849
245 344
245 394
246 553
246 174
246 920
246 849
246 711
246 683
246 359
246 741
247 147
247 319
247 666
247 219
248 442
248 257
248 600
249 156
249 43
249 518
250 863
250 261
250 841
250 129
250 610
250 60
250 441
250 264
250 357
250 367
250 167
250 602
250 304
250 73
250 487
250 313
250 642
250 762
250 656
250 742
251 306
251 153
251 41
251 493
251 413
251 713
251 176
251 848
251 601
251 928
251 452
251 62
251 664
251 984
251 691
252 609
252 488
252 135
252 885
252 837
252 637
253 461
253 4
253 912
253 808
253 904
253 144
254 336
254 143
254 54
254 1
254 749
255 849
255 496
255 177
255 952
255 781
255 99
255 383
255 407
255 555
255 136
255 365
255 821
255 545
255 872
255 453
256 670
256 40
256 857
257 262
257 354
257 572
257 198
257 795
257 145
257 910
257 248
257 543
257 899
257 817
257 551
258 668
258 368
258 531
258 305
259 712
259 296
259 607
259 635
259 242
259 716
259 505
259 811
259 330
259 172
259 23
259 70
259 297
259 957
259 454
259 106
259 280
260 695
260 879
260 579
260 86
260 12
261 442
261 197
261 785
261 24
261 393
261 833
261 705
261 250
261 579
261 515
261 986
261 615
261 943
262 295
262 577
262 683
262 257
263 25
263 27
263 220
263 579
263 808
263 334
264 590
264 250
264 560
264 6
264 942
264 201
265 864
265 937
265 320
265 334
265 279
265 876
265 691
265 571
266 731
266 334
266 109
266 12
266 125
266 571
266 656
267 896
267 295
267 237
267 571
268 336
268 166
268 579
268 804
268 292
268 630
268 179
268 234
269 670
269 982
269 32
269 7
269 396
269 320
269 822
270 862
270 222
270 809
270 477
271 518
271 626
271 716
272 940
272 647
272 194
272 31
272 180
273 32
273 986
273 647
273 316
273 106
273 158
274 956
274 966
274 206
274 529
275 334
275 136
275 459
275 474
275 567
275 830
275 823
275 763
275 449
276 316
276 912
276 707
276 984
276 234
276 741
277 772
277 724
278 143
278 772
278 540
278 622
278 191
278 711
278 647
278 823
278 45
278 126
278 941
278 984
278 837
278 915
278 384
278 529
279 89
279 841
279 371
279 787
279 185
279 873
279 265
279 977
279 143
279 469
279 148
279 449
279 136
280 3
280 897
280 814
280 11
280 456
280 259
280 42
280 9
280 354
280 177
280 485
280 166
281 821
281 72
281 211
281 296
281 993
282 172
282 357
282 724
282 967
282 244
282 544
282 855
282 940
282 446
282 737
283 397
283 402
284 426
284 923
284 291
284 509
284 878
284 916
284 34
284 112
284 242
284 400
284 202
284 621
284 33
284 217
284 38
285 174
285 864
285 732
285 943
286 972
286 643
286 983
286 668
286 483
286 595
286 475
286 420
286 86
287 606
287 101
287 929
288 809
288 556
288 470
288 791
288 999
288 171
288 503
288 778
289 863
289 441
289 886
289 554
289 211
289 116
289 828
289 992
289 70
289 620
289 922
289 872
289 60
289 963
289 910
289 86
289 73
290 515
290 711
290 101
290 453
291 124
291 662
291 284
291 518
291 736
291 668
291 441
291 292
291 560
291 915
291 557
292 738
292 291
292 357
292 51
292 268
292 635
292 607
292 663
292 905
292 918
292 154
292 296
292 726
292 406
293 985
293 524
294 995
294 672
294 809
294 352
294 615
294 943
295 267
295 975
295 204
295 997
295 262
295 967
295 876
295 894
295 518
295 428
295 539
296 888
296 281
296 1000
296 89
296 870
296 426
296 292
296 70
296 696
296 713
296 735
296 64
296 424
296 224
296 326
296 435
296 259
296 926
297 652
297 259
298 607
298 629
298 865
298 761
298 190
298 595
298 888
298 941
298 545
298 729
299 59
299 959
299 243
299 444
300 525
303 207
303 588
303 637
304 250
305 695
305 377
305 223
305 125
305 961
305 830
305 258
305 745
305 571
306 439
306 909
306 95
306 554
306 153
306 243
306 903
306 467
306 251
307 946
307 807
307 593
307 880
307 579
307 159
308 332
308 653
308 517
308 375
308 886
308 110
308 503
308 194
308 152
308 234
309 233
309 320
309 714
309 504
309 858
309 634
309 829
309 903
310 209
310 793
310 840
310 90
310 706
310 566
310 477
310 969
310 926
310 409
311 147
311 823
311 318
311 17
312 918
313 813
313 43
313 573
313 62
313 250
313 560
313 136
313 371
314 747
314 493
314 129
314 427
314 674
314 154
314 760
314 786
314 862
314 626
314 529
314 467
315 927
315 782
315 816
315 316
315 715
315 19
315 938
315 44
315 885
315 324
316 69
316 72
316 888
316 572
316 378
316 370
316 273
316 986
316 276
316 907
316 1000
316 766
316 188
316 315
316 716
317 868
317 461
317 843
317 667
317 614
317 105
318 118
318 885
318 358
318 16
318 484
318 977
318 658
318 372
318 311
318 150
318 99
318 174
318 807
318 223
318 555
319 611
319 240
319 788
319 247
319 320
319 518
319 879
319 220
319 983
319 486
319 428
319 741
320 269
320 265
320 642
320 796
320 119
320 660
320 814
320 309
320 319
321 394
322 959
322 918
322 806
322 364
322 821
322 724
323 397
323 364
323 4
323 104
324 495
324 340
324 315
324 799
324 961
324 346
324 722
324 170
324 624
324 488
325 364
325 60
325 400
325 922
325 656
326 994
326 585
326 479
326 194
326 976
326 897
326 137
326 296
326 620
326 429
326 100
326 356
326 60
326 58
327 972
327 217
328 955
328 362
328 344
328 646
328 941
328 778
328 162
329 704
329 667
329 916
329 729
329 242
329 743
329 843
329 979
329 332
329 120
330 997
330 602
330 960
330 366
330 821
330 160
330 66
330 956
330 834
330 456
330 843
330 630
330 259
331 668
331 76
331 888
331 773
332 554
332 387
332 225
332 541
332 152
332 329
332 221
332 828
332 308
332 687
332 862
332 51
332 29
332 402
332 727
332 38
332 620
332 21
332 174
333 596
333 584
333 67
333 961
333 982
333 731
333 517
333 86
333 659
334 265
334 676
334 960
334 712
334 203
334 344
334 351
334 263
334 813
334 525
334 275
334 150
334 266
335 229
335 574
335 478
335 868
335 440
335 842
335 832
335 434
335 978
335 522
335 577
335 926
335 593
335 207
335 822
336 969
336 268
336 581
336 716
336 254
336 515
336 862
336 641
336 495
336 832
336 907
336 346
336 348
336 675
336 60
336 364
337 658
337 675
337 502
337 129
337 229
337 718
337 196
337 773
337 425
337 362
337 743
337 716
337 150
338 940
338 430
338 892
338 640
338 458
338 17
339 213
339 219
339 166
340 324
340 965
340 942
340 244
340 477
341 388
341 152
342 590
343 588
343 821
343 179
343 528
344 83
344 678
344 328
344 128
344 778
344 500
344 675
344 243
344 101
344 245
344 334
345 662
345 577
345 880
345 597
345 227
345 486
345 198
346 886
346 186
346 336
346 324
346 449
346 359
347 616
348 233
348 890
348 135
348 622
348 178
348 336
349 662
349 534
350 126
350 128
350 993
351 887
351 396
351 334
352 429
352 294
352 735
352 715
352 479
352 671
352 555
352 524
352 995
352 917
352 465
352 188
352 486
353 177
353 804
353 623
354 280
354 469
354 815
354 458
354 422
354 419
354 95
354 362
354 468
354 894
354 110
354 430
354 99
354 257
355 731
355 823
356 326
356 936
356 66
356 204
356 613
356 916
356 242
356 71
356 828
356 113
356 699
356 128
356 58
356 503
356 388
356 198
357 839
357 250
357 292
357 875
357 282
357 500
357 206
357 904
358 318
358 707
358 38
358 25
358 206
358 634
359 346
359 246
359 63
359 860
359 941
359 163
359 595
359 368
359 767
359 153
359 528
359 833
360 754
360 178
360 61
360 550
360 177
360 388
360 682
360 727
360 716
360 121
361 228
361 27
361 154
361 394
361 232
361 557
362 524
362 841
362 898
362 393
362 132
362 328
362 337
362 230
362 422
362 135
362 656
362 354
362 502
363 82
363 208
363 897
363 86
363 641
363 966
363 17
364 323
364 141
364 754
364 368
364 845
364 686
364 322
364 870
364 325
364 456
364 336
364 619
364 162
364 522
364 646
364 701
364 625
364 550
365 1
365 995
365 511
365 374
365 729
365 938
365 46
365 255
365 752
366 760
366 330
366 804
366 885
367 839
367 609
367 126
367 593
367 250
367 579
367 406
367 677
367 201
367 773
368 638
368 991
368 258
368 18
368 889
368 773
368 897
368 364
368 421
368 677
368 359
369 558
369 18
369 809
369 677
369 663
370 316
370 620
370 406
370 834
370 411
370 40
371 947
371 830
371 82
371 641
371 705
371 965
371 313
371 463
371 147
371 643
371 222
371 454
371 279
371 239
372 211
372 646
372 318
372 25
372 399
372 454
373 603
374 995
374 111
374 473
374 365
374 754
374 822
374 752
375 873
375 54
375 569
375 560
375 392
375 244
375 308
376 72
376 778
377 891
377 60
377 206
377 305
377 198
378 396
378 461
378 524
378 806
378 436
378 525
378 316
378 569
378 99
378 808
378 245
378 95
378 216
378 820
378 692
379 669
379 158
379 147
379 1
380 754
380 652
381 154
381 501
381 946
381 701
382 38
382 86
382 915
383 743
383 672
383 255
383 545
383 778
383 623
384 714
384 69
384 547
384 670
384 278
384 734
384 612
384 848
384 1000
384 552
384 510
384 966
384 484
384 104
384 637
384 611
384 91
385 524
386 76
386 420
387 711
387 135
387 332
387 198
388 341
388 871
388 704
388 709
388 166
388 356
388 495
388 648
388 608
388 49
388 922
388 360
388 167
388 7
388 863
388 35
389 450
389 814
389 573
389 917
389 29
389 503
389 400
389 486
390 65
390 179
390 854
390 411
390 702
390 51
390 409
390 117
390 671
390 55
390 595
390 876
390 63
391 10
391 404
391 554
391 857
392 223
392 604
392 849
392 654
392 375
392 752
392 130
392 186
392 966
392 795
392 474
393 362
393 229
393 872
393 207
393 261
394 321
394 942
394 800
394 597
394 737
394 361
394 245
394 969
394 701
394 529
395 406
395 726
395 727
396 765
396 855
396 378
396 839
396 513
396 636
396 269
396 351
396 166
397 142
397 283
397 516
397 796
397 323
397 466
397 858
397 465
397 153
397 697
397 915
397 993
398 879
398 177
399 532
399 956
399 68
399 586
399 372
399 895
399 743
399 887
399 588
399 679
399 237
399 857
400 389
400 571
400 820
400 748
400 325
400 188
400 868
400 21
400 907
400 107
400 284
400 515
400 110
400 80
400 912
400 937
400 772
400 31
401 834
401 441
401 925
402 879
402 901
402 602
402 931
402 283
402 34
402 332
402 138
402 558
402 804
402 669
403 894
403 562
403 925
403 678
403 459
403 54
403 935
403 227
403 450
403 822
404 485
404 391
404 658
404 603
404 853
404 180
404 110
404 494
404 141
404 170
404 7
404 244
404 939
405 687
405 862
405 195
405 27
405 485
405 169
405 17
406 805
406 642
406 752
406 395
406 367
406 292
406 370
406 941
406 76
406 6
406 475
406 420
406 640
407 871
407 879
407 842
407 255
407 679
408 879
408 144
409 863
409 972
409 232
409 143
409 177
409 310
409 734
409 224
409 956
409 390
409 453
409 822
409 600
410 65
410 859
410 732
410 1
410 600
410 673
411 882
411 103
411 144
411 612
411 370
411 70
411 486
411 983
411 54
411 115
411 390
411 966
412 454
412 715
412 465
412 922
412 198
413 742
413 251
414 663
414 703
414 198
414 604
414 147
415 463
415 754
415 546
415 697
416 210
416 10
416 227
416 216
416 37
417 658
417 545
417 37
417 666
417 234
417 691
418 646
419 643
419 354
420 940
420 834
420 286
420 386
420 908
420 452
420 63
420 556
420 678
420 6
420 165
420 406
420 899
420 875
420 682
420 1000
420 730
420 100
420 911
420 644
420 199
420 897
420 887
420 630
420 216
420 663
421 368
421 444
421 565
421 913
421 693
421 890
421 917
421 810
421 126
421 922
421 148
422 431
422 12
422 811
422 929
422 362
422 450
422 464
422 732
422 660
422 724
422 354
423 613
423 964
423 926
424 599
424 296
425 138
425 194
425 337
425 626
425 449
426 43
426 747
426 126
426 634
426 513
426 636
426 950
426 779
426 76
426 650
426 284
426 296
426 186
426 756
426 483
426 863
426 618
427 314
427 673
428 50
428 741
428 620
428 796
428 85
428 921
428 319
428 499
428 295
428 926
428 610
429 127
429 984
429 726
429 23
429 326
429 804
429 352
429 528
430 511
430 89
430 25
430 803
430 712
430 354
430 539
430 714
430 643
430 144
430 754
430 871
430 338
430 768
430 915
430 40
431 680
431 170
431 53
431 765
431 915
431 497
431 52
431 422
431 46
431 511
431 775
432 603
432 175
433 80
434 32
434 335
434 475
435 577
435 977
435 820
435 1000
435 872
435 296
435 510
435 675
435 600
436 749
436 378
436 768
436 116
436 730
436 867
436 14
436 638
436 778
436 929
436 475
436 773
437 804
437 167
437 968
437 191
438 450
438 107
438 169
438 166
439 306
439 941
440 335
441 839
441 612
441 200
441 582
441 27
441 878
441 506
441 291
441 170
441 892
441 401
441 45
441 711
441 250
441 658
441 289
441 502
442 248
442 595
442 897
442 156
442 895
442 490
442 706
442 609
442 452
442 911
442 223
442 46
442 588
442 95
442 843
442 261
442 804
443 558
443 647
443 742
443 626
443 737
443 941
444 102
444 21
444 946
444 299
444 738
444 712
444 887
444 32
444 736
444 579
444 966
444 864
444 421
445 687
445 201
445 458
445 446
445 741
445 939
446 514
446 21
446 282
446 162
446 638
446 586
446 193
446 483
446 445
446 107
446 734
446 551
446 39
447 876
447 887
447 778
447 128
447 159
448 58
449 128
449 346
449 650
449 425
449 898
449 526
449 791
449 279
449 275
449 843
449 1000
449 106
450 438
450 556
450 389
450 422
450 509
450 762
450 678
450 497
450 476
450 990
450 403
450 142
450 133
450 871
450 892
450 4
450 590
451 959
451 534
451 211
451 80
452 692
452 28
452 953
452 442
452 80
452 697
452 760
452 917
452 817
452 614
452 772
452 420
452 38
452 837
452 251
453 220
453 290
453 409
453 569
453 136
453 513
453 587
453 78
453 255
453 11
453 490
453 695
453 608
453 485
453 979
454 259
454 412
454 494
454 681
454 122
454 104
454 5
454 371
454 217
454 372
454 534
455 823
455 806
455 692
456 609
456 488
456 479
456 474
456 364
456 330
456 216
456 280
456 656
456 144
457 910
458 142
458 338
458 445
458 466
458 969
458 962
458 463
458 195
458 133
458 51
458 465
458 808
458 232
458 773
458 354
459 229
459 672
459 29
459 711
459 665
459 579
459 275
459 128
459 403
460 38
460 204
460 160
460 911
460 715
460 966
460 170
460 138
460 924
460 778
460 660
461 97
461 317
461 839
461 253
461 546
461 378
461 29
461 479
461 942
461 697
462 27
462 966
462 155
462 239
463 415
463 371
463 900
463 946
463 631
463 458
463 228
464 812
464 784
464 422
464 240
464 76
464 510
464 736
465 713
465 458
465 412
465 352
465 397
465 26
465 695
465 535
465 28
465 185
465 894
465 990
465 4
465 503
465 966
465 530
466 873
466 397
466 469
466 91
466 458
466 150
467 510
467 126
467 948
467 801
467 735
467 306
467 789
467 809
467 918
467 112
467 314
467 913
467 207
467 44
467 595
467 862
467 903
467 944
468 644
468 62
468 960
468 135
468 821
468 477
468 571
468 354
468 22
469 466
469 502
469 1
469 858
469 37
469 535
469 479
469 279
469 354
469 742
469 731
469 27
469 590
469 660
469 175
469 525
469 939
470 643
470 29
470 668
470 726
470 288
471 569
471 692
472 216
473 712
473 626
473 374
473 222
473 683
474 563
474 530
474 456
474 392
474 890
474 933
474 921
474 604
474 742
474 794
474 199
474 488
474 275
474 120
475 519
475 434
475 199
475 959
475 570
475 92
475 642
475 406
475 960
475 119
475 801
475 436
475 286
475 78
475 156
475 219
475 590
475 166
475 968
476 871
476 630
476 652
476 143
476 450
476 857
476 605
477 68
477 708
477 492
477 563
477 85
477 595
477 468
477 340
477 270
477 199
477 917
477 310
477 229
477 903
477 944
478 880
478 335
478 239
479 649
479 551
479 461
479 797
479 456
479 937
479 326
479 352
479 469
480 830
480 729
480 32
480 503
480 926
480 808
480 486
481 569
481 232
481 769
482 984
482 144
482 148
483 207
483 532
483 661
483 732
483 932
483 838
483 286
483 775
483 426
483 103
483 165
483 54
483 806
483 577
483 113
483 804
483 194
483 981
483 446
483 31
484 384
484 112
484 55
484 214
484 687
484 542
484 768
484 318
485 164
485 585
485 453
485 280
485 584
485 194
485 405
485 26
485 123
485 547
485 404
485 219
485 546
486 480
486 319
486 47
486 737
486 898
486 505
486 345
486 352
486 736
486 93
486 85
486 797
486 241
486 798
486 389
486 578
486 142
486 522
486 234
486 411
486 605
487 578
487 250
487 892
488 795
488 825
488 474
488 252
488 163
488 221
488 456
488 15
488 534
488 505
488 324
488 729
488 732
488 154
488 821
488 38
488 903
488 944
489 65
489 965
489 152
489 90
490 62
490 643
490 590
490 442
490 551
490 453
490 179
491 668
491 142
491 753
492 590
492 937
492 477
493 54
493 314
493 503
493 251
494 897
494 454
494 147
494 627
494 404
495 324
495 336
495 732
495 388
495 820
496 255
496 167
496 239
496 833
496 673
497 431
497 897
497 667
497 450
498 219
498 517
498 572
498 903
499 114
499 683
499 548
499 778
499 428
500 881
500 13
500 762
500 620
500 357
500 344
500 38
500 745
501 751
501 914
501 381
501 692
502 178
502 892
502 54
502 362
502 187
502 441
502 740
502 745
502 469
502 337
503 213
503 480
503 930
503 288
503 765
503 15
503 829
503 465
503 723
503 576
503 142
503 684
503 356
503 493
503 389
503 952
503 308
503 53
503 46
503 549
503 963
503 76
503 888
503 834
504 309
504 524
504 211
504 990
504 10
504 167
504 244
505 7
505 966
505 488
505 259
505 486
505 150
505 637
506 563
506 783
506 760
506 578
506 143
506 441
507 577
508 152
508 235
509 450
509 284
509 630
510 384
510 234
510 435
510 656
510 889
510 111
510 555
510 464
510 53
510 561
510 783
510 737
510 228
510 467
511 365
511 719
511 960
511 95
511 431
511 430
511 849
512 4
512 615
513 396
513 790
513 128
513 426
513 453
513 925
514 446
514 101
515 290
515 853
515 145
515 576
515 689
515 400
515 171
515 691
515 74
515 261
515 336
515 897
515 222
515 732
516 397
516 577
516 960
517 914
517 610
517 16
517 748
517 719
517 821
517 959
517 146
517 955
517 333
517 840
517 498
517 29
517 796
517 897
517 551
517 308
518 778
518 862
518 619
518 295
518 271
518 249
518 716
518 291
518 803
518 319
519 624
519 918
519 872
519 207
519 880
519 475
519 981
519 529
520 7
520 922
521 618
521 210
521 935
521 677
521 530
522 364
522 847
522 486
522 555
522 799
522 982
522 963
522 44
522 335
523 711
523 682
523 918
523 834
523 901
524 798
524 378
524 504
524 352
524 230
524 10
524 293
524 385
524 362
524 806
525 378
525 334
525 631
525 87
525 677
525 300
525 941
525 469
525 619
525 668
525 166
525 895
526 449
528 135
528 804
528 429
528 343
528 359
528 892
528 576
528 545
528 216
529 63
529 879
529 314
529 394
529 552
529 274
529 519
529 278
529 76
529 942
529 180
530 465
530 142
530 774
530 119
530 70
530 521
530 474
530 946
531 258
531 188
531 43
531 948
531 222
532 842
532 747
532 120
532 679
532 879
532 935
532 902
532 107
532 399
532 917
532 7
532 483
532 4
532 39
533 946
533 4
533 793
533 910
533 610
534 952
534 563
534 451
534 662
534 349
534 454
534 911
534 683
534 76
534 488
535 790
535 668
535 465
535 4
535 469
536 537
536 876
536 545
536 915
537 72
537 55
537 884
537 718
537 536
537 858
537 630
538 154
538 609
538 143
538 736
538 807
538 745
539 223
539 643
539 295
539 590
539 669
539 673
539 677
539 47
539 682
539 777
539 544
539 4
539 430
539 979
539 691
539 810
540 807
540 278
540 960
540 152
540 773
541 21
541 569
541 809
541 658
541 332
541 86
541 175
541 656
541 769
542 158
542 606
542 186
542 26
542 86
542 484
543 754
543 879
543 587
543 257
544 548
544 660
544 658
544 167
544 282
544 539
544 820
545 874
545 879
545 763
545 417
545 536
545 808
545 383
545 38
545 610
545 204
545 298
545 913
545 581
545 228
545 917
545 903
545 255
545 528
546 73
546 692
546 415
546 485
546 669
546 749
546 461
547 790
547 823
547 577
547 593
547 551
547 610
547 485
547 968
547 384
548 712
548 4
548 499
548 123
548 811
548 594
548 99
548 544
548 923
548 801
548 961
548 726
548 609
548 848
548 894
549 795
549 503
549 555
549 663
550 364
550 613
550 909
550 690
550 999
550 142
550 918
550 360
550 44
550 837
551 579
551 446
551 257
551 889
551 702
551 891
551 635
551 490
551 751
551 964
551 547
551 990
551 517
551 982
551 937
551 868
551 813
551 590
551 479
551 73
552 194
552 928
552 19
552 980
552 66
552 616
552 228
552 732
552 384
552 529
552 17
553 687
553 246
553 216
553 580
553 611
553 31
554 391
554 854
554 63
554 646
554 917
554 683
554 566
554 332
554 289
554 306
554 90
554 136
555 117
555 890
555 184
555 105
555 318
555 996
555 549
555 755
555 510
555 352
555 255
555 522
556 450
556 186
556 420
556 691
556 288
557 171
557 62
557 160
557 149
557 806
557 291
557 850
557 672
557 214
557 361
557 153
557 682
557 734
557 22
557 807
557 894
558 443
558 369
558 720
558 987
558 928
558 861
558 402
558 742
558 963
558 848
559 990
559 660
559 106
559 144
560 264
560 234
560 149
560 375
560 814
560 313
560 125
560 291
560 823
560 935
561 726
561 510
561 808
561 152
562 219
562 54
562 403
562 625
563 506
563 534
563 474
563 477
564 617
564 80
564 749
565 843
565 743
565 421
565 837
566 596
566 904
566 96
566 554
566 18
566 310
567 985
567 814
567 790
567 275
567 984
567 95
567 876
568 772
568 880
568 174
568 35
569 903
569 378
569 375
569 471
569 930
569 541
569 643
569 481
569 937
569 240
569 715
569 453
570 712
570 593
570 475
570 903
571 64
571 633
571 468
571 305
571 267
571 674
571 50
571 266
571 265
571 128
571 400
571 121
572 910
572 498
572 873
572 918
572 316
572 763
572 257
572 749
572 17
573 212
573 192
573 779
573 70
573 389
573 98
573 313
573 584
573 686
573 114
573 591
573 588
573 634
574 213
574 597
574 335
574 175
574 701
575 607
575 228
576 515
576 503
576 105
576 528
577 335
577 179
577 660
577 242
577 836
577 507
577 345
577 547
577 516
577 262
577 483
577 963
577 435
577 63
578 506
578 203
578 487
578 644
578 869
578 784
578 790
578 486
578 19
578 195
578 917
579 268
579 307
579 459
579 260
579 263
579 367
579 199
579 261
579 849
579 444
579 208
579 609
579 672
579 551
580 960
580 553
580 159
580 663
581 772
581 336
581 113
581 643
581 545
582 441
582 915
583 830
583 672
583 153
583 724
584 156
584 573
584 333
584 115
584 712
584 485
584 179
584 925
585 485
585 726
585 44
585 326
585 38
585 998
586 110
586 879
586 399
586 942
586 446
586 201
587 801
587 231
587 645
587 888
587 543
587 984
587 602
587 867
587 21
587 981
587 23
587 135
587 453
588 343
588 172
588 41
588 399
588 442
588 45
588 303
588 573
588 692
589 606
589 675
589 591
589 983
589 817
589 234
589 35
590 973
590 870
590 73
590 492
590 475
590 264
590 490
590 114
590 551
590 989
590 137
590 783
590 450
590 342
590 469
590 968
590 237
590 539
590 618
591 573
591 790
591 92
591 841
591 868
591 135
591 899
591 589
591 599
591 966
591 99
592 32
592 711
593 367
593 335
593 547
593 307
593 209
593 805
593 570
594 70
594 106
594 548
594 701
594 159
595 657
595 682
595 804
595 390
595 467
595 286
595 442
595 110
595 477
595 359
595 298
596 333
596 917
596 737
596 566
596 773
596 63
597 345
597 82
597 980
597 701
597 156
597 193
597 574
597 394
597 95
598 712
598 620
598 834
598 734
599 960
599 424
599 677
599 127
599 591
600 435
600 248
600 410
600 960
600 924
600 409
600 723
600 937
600 732
601 743
601 60
601 957
601 251
602 330
602 972
602 250
602 402
602 587
602 904
603 432
603 216
603 689
603 209
603 373
603 780
603 935
603 143
603 404
604 678
604 140
604 414
604 764
604 889
604 392
604 474
605 486
605 608
605 151
605 476
606 237
606 589
606 287
606 797
606 919
606 745
606 147
606 542
606 775
606 17
606 698
606 872
606 7
606 778
606 701
606 239
607 980
607 575
607 692
607 990
607 292
607 259
607 922
607 298
608 633
608 220
608 388
608 453
608 605
609 442
609 538
609 367
609 853
609 806
609 456
609 579
609 252
609 913
609 548
609 962
609 672
609 7
609 203
609 126
609 903
610 769
610 617
610 899
610 663
610 533
610 547
610 428
610 823
610 250
610 792
610 545
610 517
610 235
611 924
611 384
611 553
611 992
611 37
611 319
611 726
611 755
612 877
612 754
612 441
612 411
612 384
612 31
613 423
613 655
613 762
613 999
613 991
613 861
613 950
613 141
613 356
613 151
613 550
613 652
614 732
614 183
614 944
614 452
614 932
614 317
614 717
614 689
614 922
614 892
614 40
615 727
615 160
615 861
615 82
615 853
615 261
615 634
615 512
615 294
616 635
616 928
616 140
616 783
616 552
616 80
616 798
616 347
616 913
616 666
616 643
616 806
617 564
617 742
617 610
618 521
618 932
618 47
618 426
618 590
618 838
618 644
618 842
618 37
618 918
619 630
619 171
619 69
619 953
619 993
619 943
619 917
619 222
619 242
619 54
619 518
619 95
619 364
619 525
620 931
620 43
620 598
620 370
620 898
620 801
620 83
620 890
620 666
620 985
620 332
620 887
620 500
620 726
620 665
620 326
620 289
620 428
621 284
621 219
621 206
621 673
622 969
622 892
622 278
622 660
622 348
622 926
623 383
623 13
623 55
623 353
623 772
623 915
623 151
623 35
624 958
624 73
624 519
624 324
624 970
624 690
624 972
625 364
625 562
625 191
625 733
625 104
625 32
625 222
625 910
625 175
625 23
626 314
626 719
626 171
626 473
626 199
626 443
626 911
626 271
626 425
626 105
626 968
626 675
626 223
626 834
626 237
627 98
627 494
627 957
627 91
628 179
628 201
628 752
628 12
628 239
629 228
629 937
629 298
630 671
630 843
630 509
630 869
630 476
630 175
630 681
630 420
630 330
630 268
630 537
630 963
630 619
630 57
631 463
631 921
631 120
631 93
631 748
631 952
631 869
631 12
631 918
631 525
633 608
633 777
633 976
633 50
633 727
633 147
633 904
633 868
633 122
633 571
633 235
634 358
634 979
634 573
634 309
634 426
634 679
634 615
635 616
635 292
635 551
635 259
636 732
636 227
636 396
636 426
636 755
636 943
637 893
637 983
637 252
637 861
637 505
637 384
637 808
637 7
637 303
637 159
637 940
637 657
637 900
637 966
637 892
637 144
638 972
638 436
638 368
638 446
638 37
638 983
639 188
639 804
639 968
639 90
640 138
640 710
640 338
640 677
640 406
640 79
640 887
640 755
640 10
640 675
640 44
640 160
640 880
640 689
640 4
640 237
640 239
641 336
641 363
641 371
642 652
642 406
642 711
642 250
642 128
642 320
642 475
643 849
643 223
643 286
643 42
643 74
643 371
643 470
643 616
643 490
643 419
643 946
643 13
643 195
643 749
643 210
643 581
643 244
643 886
643 569
643 58
643 430
643 937
643 243
643 772
643 539
643 944
643 673
644 468
644 420
644 618
644 840
644 59
644 130
644 578
644 667
644 793
645 58
645 587
645 239
646 328
646 798
646 554
646 372
646 782
646 768
646 364
646 948
646 418
646 917
646 887
647 443
647 828
647 142
647 858
647 278
647 272
647 866
647 869
647 273
647 44
647 942
648 23
648 388
648 876
648 752
649 210
649 479
649 963
649 244
649 820
650 426
650 701
650 449
650 692
651 158
651 691
652 113
652 175
652 956
652 642
652 476
652 742
652 960
652 672
652 380
652 297
652 613
652 142
652 697
652 104
653 308
654 772
654 392
654 186
654 983
655 613
656 712
656 928
656 266
656 325
656 362
656 541
656 456
656 133
656 888
656 833
656 510
656 126
656 250
656 707
656 169
656 979
656 981
656 691
657 595
657 637
658 417
658 240
658 541
658 126
658 441
658 175
658 544
658 404
658 318
658 337
658 903
658 998
659 176
659 333
659 920
659 908
659 197
659 889
659 673
660 57
660 163
660 469
660 740
660 460
660 733
660 544
660 977
660 217
660 559
660 422
660 622
660 28
660 577
660 880
660 809
660 320
660 73
660 752
661 483
661 834
661 989
662 345
662 291
662 349
662 178
662 753
662 794
662 534
662 984
662 903
663 580
663 17
663 420
663 369
663 549
663 665
663 414
663 292
663 778
663 922
663 610
664 23
664 804
664 960
664 983
664 206
664 251
665 945
665 677
665 459
665 22
665 933
665 934
665 663
665 620
665 907
665 836
665 873
665 158
665 737
665 155
666 247
666 105
666 5
666 417
666 113
666 716
666 620
666 616
666 191
667 317
667 644
667 68
667 228
667 865
667 119
667 912
667 497
667 329
668 132
668 491
668 717
668 227
668 258
668 535
668 953
668 331
668 470
668 124
668 823
668 286
668 291
668 737
668 832
668 525
669 242
669 128
669 379
669 149
669 402
669 720
669 546
669 167
669 539
670 269
670 109
670 882
670 119
670 256
670 715
670 384
670 121
671 630
671 390
671 113
671 352
672 924
672 294
672 583
672 244
672 100
672 459
672 579
672 922
672 129
672 383
672 120
672 652
672 186
672 609
672 557
673 659
673 643
673 621
673 193
673 496
673 236
673 410
673 427
673 793
673 870
673 136
673 539
674 314
674 152
674 822
674 571
674 150
675 899
675 336
675 62
675 589
675 626
675 344
675 161
675 231
675 435
675 796
675 64
675 875
675 56
675 60
675 935
675 337
675 640
676 879
676 334
676 243
676 745
677 369
677 521
677 367
677 368
677 980
677 599
677 862
677 525
677 665
677 142
677 743
677 237
677 539
677 640
677 769
678 604
678 842
678 344
678 420
678 450
678 403
679 407
679 634
679 891
679 745
679 37
679 794
679 782
679 399
679 56
679 808
679 935
679 245
679 532
679 943
680 115
680 431
680 810
681 630
681 454
681 232
682 523
682 595
682 420
682 360
682 539
682 557
683 824
683 473
683 831
683 534
683 554
683 499
683 765
683 262
683 793
683 246
683 979
683 769
684 503
684 148
684 151
685 199
685 887
685 736
686 573
686 364
687 980
687 405
687 332
687 948
687 445
687 124
687 553
687 894
687 926
687 484
688 691
688 957
688 904
689 959
689 946
689 603
689 515
689 29
689 101
689 614
689 640
690 735
690 624
690 550
691 417
691 795
691 182
691 556
691 265
691 688
691 539
691 84
691 656
691 651
691 251
691 515
691 922
692 588
692 455
692 378
692 707
692 501
692 997
692 650
692 93
692 836
692 36
692 948
692 229
692 471
692 607
692 452
692 546
692 817
693 421
694 745
695 260
695 754
695 465
695 453
695 237
695 305
696 296
696 937
696 179
697 415
697 461
697 741
697 652
697 397
697 877
697 115
697 955
697 729
697 452
697 122
698 897
698 935
698 606
699 823
699 356
700 836
700 782
700 900
700 159
701 968
701 97
701 394
701 364
701 594
701 36
701 606
701 381
701 574
701 859
701 785
701 650
701 207
701 597
702 390
702 227
702 551
702 206
702 741
703 199
703 880
703 734
703 414
703 793
704 984
704 329
704 147
704 388
705 899
705 261
705 993
705 198
705 371
706 737
706 310
706 442
707 888
707 1000
707 276
707 900
707 358
707 656
707 692
708 477
708 161
708 45
709 938
709 388
709 983
710 25
710 106
710 640
710 239
711 290
711 642
711 767
711 120
711 387
711 781
711 441
711 99
711 124
711 459
711 238
711 947
711 51
711 81
711 592
711 278
711 246
711 523
712 849
712 21
712 196
712 473
712 201
712 200
712 971
712 444
712 598
712 584
712 109
712 570
712 430
712 548
712 259
712 334
712 848
712 656
713 790
713 296
713 26
713 465
713 251
714 52
714 309
714 430
714 737
714 201
714 384
715 670
715 412
715 722
715 569
715 460
715 177
715 352
715 315
715 1
716 316
716 732
716 271
716 360
716 666
716 123
716 337
716 72
716 814
716 969
716 336
716 518
716 259
717 83
717 790
717 792
717 668
717 614
718 955
718 981
718 537
718 337
719 511
719 626
719 892
719 966
719 517
719 808
719 834
719 922
720 558
720 669
720 925
721 175
721 122
721 150
722 873
722 80
722 938
722 169
722 715
722 324
722 90
723 229
723 842
723 503
723 72
723 600
723 925
724 583
724 810
724 422
724 322
724 277
724 917
724 229
724 992
724 998
724 44
724 282
724 23
724 837
724 925
726 95
726 176
726 78
726 470
726 21
726 395
726 620
726 842
726 186
726 292
726 195
726 867
726 585
726 548
726 561
726 611
726 429
726 957
726 220
726 810
726 188
727 806
727 118
727 395
727 360
727 332
727 213
727 51
727 995
727 217
727 633
727 615
728 806
728 234
729 858
729 480
729 233
729 365
729 697
729 488
729 890
729 108
729 811
729 298
729 892
729 329
729 872
730 436
730 420
731 853
731 898
731 355
731 469
731 208
731 921
731 333
731 811
731 941
731 130
731 734
731 876
731 70
731 822
731 266
732 130
732 488
732 636
732 515
732 749
732 422
732 285
732 552
732 32
732 495
732 410
732 600
732 29
732 614
732 483
732 166
732 716
732 895
732 40
732 31
732 901
733 660
733 128
733 625
734 105
734 446
734 162
734 703
734 974
734 748
734 758
734 237
734 156
734 225
734 598
734 731
734 142
734 80
734 895
734 409
734 384
734 557
735 690
735 296
735 352
735 175
735 216
735 467
736 151
736 291
736 538
736 821
736 905
736 114
736 444
736 464
736 685
736 895
736 73
736 486
736 144
737 760
737 665
737 921
737 706
737 282
737 443
737 668
737 79
737 510
737 596
737 714
737 394
737 234
737 486
738 70
738 292
738 115
738 444
739 144
740 660
740 986
740 174
740 502
741 33
741 702
741 68
741 246
741 276
741 319
741 445
741 144
741 242
741 873
741 826
741 697
741 428
742 558
742 107
742 982
742 469
742 861
742 884
742 840
742 215
742 790
742 906
742 413
742 59
742 443
742 617
742 652
742 250
742 474
743 601
743 16
743 898
743 383
743 337
743 209
743 788
743 677
743 565
743 813
743 807
743 329
743 399
744 985
744 940
744 44
744 862
745 770
745 29
745 694
745 500
745 676
745 913
745 305
745 750
745 538
745 844
745 153
745 897
745 606
745 115
745 679
745 502
746 872
746 169
747 979
747 314
747 177
747 426
747 532
748 631
748 734
748 517
748 218
748 400
749 837
749 856
749 254
749 564
749 69
749 572
749 79
749 173
749 754
749 968
749 149
749 903
749 59
749 436
749 732
749 166
749 643
749 546
749 40
750 745
751 127
751 891
751 501
751 551
751 752
752 365
752 751
752 648
752 660
752 193
752 374
752 628
752 406
752 7
752 935
752 392
752 12
753 491
753 977
753 883
753 839
753 790
753 959
753 662
753 101
754 543
754 380
754 695
754 952
754 415
754 128
754 612
754 54
754 374
754 364
754 360
754 430
754 749
755 860
755 611
755 94
755 56
755 849
755 96
755 636
755 775
755 790
755 32
755 555
755 162
755 640
756 779
756 182
756 243
756 108
756 426
756 817
756 10
757 219
757 234
757 104
758 871
758 734
759 859
759 76
759 778
759 245
760 366
760 139
760 50
760 506
760 980
760 59
760 452
760 154
760 737
760 314
761 220
761 298
762 450
762 195
762 500
762 613
762 250
762 60
763 836
763 275
763 143
763 5
763 572
763 545
763 150
764 604
764 243
764 37
764 820
765 396
765 431
765 503
765 683
765 942
766 174
766 316
766 834
766 922
766 201
767 711
767 359
768 436
768 646
768 430
768 484
769 481
769 541
769 125
769 893
769 683
769 831
769 982
769 165
769 780
769 47
769 188
769 114
769 677
769 957
769 46
769 152
769 610
769 7
769 17
769 848
770 891
770 229
770 745
771 810
772 581
772 654
772 202
772 568
772 906
772 623
772 400
772 856
772 643
772 277
772 68
772 452
772 210
772 115
772 278
772 201
773 458
773 206
773 367
773 436
773 110
773 540
773 331
773 596
773 932
773 859
773 368
773 837
773 337
774 45
774 530
774 911
774 808
775 867
775 977
775 755
775 221
775 45
775 431
775 606
775 115
775 483
775 895
776 39
776 943
777 940
777 73
777 633
777 837
777 539
778 460
778 383
778 499
778 288
778 436
778 447
778 376
778 883
778 759
778 328
778 606
778 230
778 663
778 155
778 518
778 344
778 150
778 17
779 573
779 76
779 756
779 849
779 426
779 191
780 603
780 80
780 769
781 255
781 711
781 105
781 903
782 700
782 315
782 646
782 911
782 234
782 679
782 998
783 506
783 616
783 590
783 510
783 820
784 464
784 578
784 6
785 220
785 142
785 701
785 261
786 995
786 228
786 941
786 314
786 105
787 864
787 279
788 319
788 743
788 120
789 240
789 467
790 846
790 204
790 755
790 535
790 547
790 713
790 753
790 513
790 240
790 717
790 567
790 910
790 742
790 578
790 938
790 591
790 968
790 891
790 22
791 449
791 288
791 31
792 231
792 147
792 717
792 847
792 219
792 610
792 875
793 890
793 15
793 703
793 958
793 533
793 66
793 644
793 845
793 26
793 683
793 310
793 7
793 673
794 662
794 474
794 679
795 141
795 549
795 106
795 392
795 8
795 97
795 488
795 809
795 128
795 257
795 73
795 691
796 397
796 899
796 517
796 320
796 675
796 428
796 989
797 842
797 606
797 479
797 486
798 524
798 886
798 646
798 872
798 810
798 616
798 234
798 486
799 966
799 223
799 837
799 522
799 324
800 394
801 620
801 126
801 548
801 475
801 587
801 467
803 430
803 518
803 986
803 903
804 437
804 664
804 429
804 268
804 92
804 402
804 353
804 805
804 809
804 366
804 639
804 483
804 442
804 595
804 528
805 174
805 593
805 406
805 804
806 845
806 915
806 728
806 524
806 378
806 322
806 483
806 165
806 70
806 616
806 455
806 609
806 727
806 557
806 925
807 849
807 540
807 125
807 557
807 307
807 743
807 318
807 141
807 61
807 538
807 911
808 480
808 49
808 204
808 719
808 253
808 458
808 774
808 64
808 890
808 561
808 263
808 378
808 57
808 545
808 679
808 637
809 917
809 660
809 55
809 237
809 53
809 795
809 294
809 369
809 270
809 541
809 198
809 804
809 288
809 467
809 107
810 149
810 899
810 421
810 726
810 121
810 680
810 58
810 771
810 798
810 539
810 724
811 731
811 422
811 548
811 729
811 259
812 210
812 464
812 60
813 743
813 334
813 227
813 313
813 551
813 986
814 716
814 389
814 567
814 224
814 320
814 560
814 280
815 982
815 354
816 315
816 174
816 993
817 115
817 74
817 257
817 452
817 819
817 589
817 692
817 973
817 222
817 756
817 162
817 175
818 929
818 152
819 817
820 495
820 921
820 764
820 45
820 783
820 153
820 544
820 81
820 905
820 649
820 378
820 128
820 435
820 400
821 322
821 468
821 488
821 343
821 50
821 83
821 281
821 330
821 736
821 517
821 177
821 255
821 12
822 877
822 335
822 269
822 869
822 409
822 374
822 403
822 674
822 731
822 859
822 128
823 560
823 97
823 610
823 278
823 275
823 699
823 547
823 50
823 311
823 165
823 905
823 836
823 455
823 168
823 124
823 34
823 355
823 668
823 113
824 683
824 180
825 488
825 122
826 741
828 868
828 647
828 10
828 115
828 332
828 289
828 234
828 356
828 998
829 896
829 309
829 503
829 153
829 989
830 583
830 275
830 940
830 124
830 480
830 60
830 305
830 371
830 31
831 161
831 683
831 101
831 834
831 769
832 668
832 994
832 905
832 834
832 54
832 336
832 335
832 148
833 359
833 496
833 213
833 882
833 128
833 243
833 261
833 656
834 401
834 661
834 370
834 598
834 26
834 903
834 79
834 831
834 523
834 719
834 626
834 932
834 81
834 937
834 766
834 503
834 149
834 985
834 938
834 4
834 330
834 420
834 832
836 700
836 62
836 823
836 577
836 665
836 763
836 849
836 244
836 692
837 252
837 799
837 903
837 773
837 278
837 565
837 939
837 550
837 724
837 452
837 777
837 990
837 872
837 749
838 483
838 618
839 357
839 367
839 753
839 396
839 461
839 864
839 946
839 892
839 441
839 186
840 644
840 742
840 310
840 517
841 362
841 10
841 591
841 250
841 966
841 279
841 17
842 797
842 723
842 933
842 678
842 618
842 947
842 407
842 963
842 726
842 335
842 532
843 935
843 330
843 159
843 565
843 317
843 442
843 207
843 630
843 329
843 449
843 104
844 234
844 745
845 910
845 806
845 222
845 364
845 793
846 790
846 926
846 128
846 1
846 993
847 792
847 522
847 993
848 558
848 769
848 712
848 911
848 65
848 989
848 548
848 384
848 251
849 919
849 128
849 836
849 937
849 779
849 511
849 130
849 712
849 807
849 643
849 228
849 255
849 392
849 32
849 579
849 246
849 245
849 755
849 198
850 167
850 557
851 873
851 70
852 939
853 609
853 515
853 731
853 10
853 199
853 29
853 4
853 404
853 615
854 220
854 243
854 390
854 554
855 396
855 282
856 937
856 772
856 749
856 58
857 391
857 209
857 399
857 476
857 880
857 256
857 57
857 46
857 968
858 537
858 309
858 647
858 397
858 126
858 729
858 469
859 759
859 773
859 930
859 233
859 822
859 231
859 871
859 50
859 1
859 872
859 410
859 160
859 194
859 701
860 35
860 359
860 755
861 742
861 558
861 613
861 637
861 615
861 121
862 677
862 405
862 883
862 242
862 332
862 270
862 950
862 171
862 947
862 744
862 147
862 467
862 336
862 518
862 243
862 128
862 314
863 426
863 977
863 388
863 210
863 250
863 880
863 289
863 409
864 265
864 92
864 891
864 131
864 285
864 787
864 839
864 444
864 1000
864 918
864 217
865 25
865 667
865 35
865 904
865 180
865 298
866 969
866 647
867 775
867 436
867 726
867 942
867 227
867 220
867 587
868 551
868 61
868 193
868 828
868 317
868 147
868 591
868 633
868 335
868 400
868 915
868 39
868 18
869 647
869 578
869 630
869 175
869 631
869 822
869 207
870 296
870 364
870 938
870 590
870 128
870 885
870 673
870 235
871 225
871 994
871 476
871 450
871 758
871 407
871 430
871 859
871 388
871 155
872 393
872 134
872 798
872 519
872 958
872 746
872 606
872 837
872 907
872 255
872 729
872 859
872 435
872 289
872 122
873 200
873 722
873 851
873 375
873 466
873 572
873 665
873 195
873 279
873 40
873 741
874 217
874 545
875 357
875 792
875 5
875 986
875 17
875 243
875 110
875 420
875 675
876 934
876 731
876 447
876 536
876 295
876 140
876 127
876 648
876 913
876 200
876 896
876 390
876 265
876 567
877 612
877 29
877 697
877 822
878 284
878 23
878 441
878 148
879 319
879 407
879 260
879 11
879 543
879 398
879 586
879 139
879 954
879 210
879 408
879 676
879 963
879 545
879 402
879 532
879 529
880 86
880 478
880 660
880 203
880 568
880 971
880 307
880 345
880 703
880 863
880 519
880 149
880 640
880 857
881 500
881 159
882 670
882 411
882 120
882 201
882 903
882 833
883 981
883 862
883 918
883 45
883 778
883 753
884 537
884 742
884 32
884 904
885 315
885 366
885 870
885 204
885 252
885 914
885 318
886 643
886 133
886 135
886 346
886 798
886 289
886 105
886 308
886 925
887 420
887 399
887 685
887 47
887 447
887 351
887 620
887 11
887 444
887 70
887 646
887 640
888 503
888 331
888 931
888 296
888 316
888 990
888 937
888 707
888 587
888 656
888 298
889 604
889 510
889 368
889 551
889 31
889 659
890 729
890 348
890 421
890 793
890 474
890 808
890 555
890 620
891 377
891 770
891 751
891 904
891 963
891 790
891 170
891 54
891 864
891 551
891 679
892 614
892 65
892 719
892 729
892 622
892 188
892 839
892 972
892 450
892 487
892 637
892 338
892 114
892 243
892 441
892 528
892 502
893 234
893 637
893 769
894 354
894 163
894 295
894 465
894 687
894 557
894 948
894 974
894 210
894 29
894 959
894 970
894 548
894 403
895 732
895 218
895 525
895 736
895 734
895 775
895 442
895 399
896 116
896 829
896 267
896 12
896 876
896 188
897 517
897 497
897 515
897 368
897 420
897 494
897 745
897 698
897 926
897 23
897 326
897 442
897 280
897 363
898 743
898 981
898 362
898 731
898 620
898 486
898 449
898 989
899 705
899 999
899 257
899 159
899 796
899 131
899 675
899 591
899 810
899 420
899 610
899 201
899 943
900 700
900 463
900 54
900 707
900 637
901 732
901 39
901 16
901 523
901 223
901 80
901 926
901 402
901 903
902 946
902 38
902 532
902 191
903 882
903 901
903 477
903 545
903 658
903 488
903 93
903 609
903 306
903 467
903 498
903 96
903 803
903 59
903 662
903 309
903 570
903 781
903 569
903 837
903 834
903 120
903 749
903 22
904 357
904 994
904 688
904 253
904 865
904 943
904 19
904 602
904 884
904 74
904 906
904 633
904 566
904 891
905 969
905 823
905 917
905 736
905 292
905 223
905 832
905 820
906 200
906 742
906 772
906 25
906 107
906 150
906 904
907 217
907 316
907 161
907 45
907 872
907 665
907 336
907 400
908 152
908 420
908 659
909 231
909 306
909 550
910 845
910 942
910 172
910 88
910 991
910 790
910 625
910 533
910 289
910 457
910 76
910 572
910 257
910 232
910 12
911 420
911 807
911 782
911 774
911 442
911 460
911 626
911 937
911 534
911 848
912 276
912 211
912 940
912 400
912 253
912 14
912 225
912 234
912 667
913 609
913 45
913 545
913 421
913 876
913 616
913 745
913 467
914 977
914 885
914 143
914 517
914 501
915 291
915 278
915 868
915 146
915 921
915 582
915 382
915 397
915 623
915 47
915 67
915 536
915 226
915 430
915 968
915 431
915 806
915 223
916 329
916 356
916 284
916 105
917 646
917 477
917 905
917 578
917 554
917 69
917 54
917 421
917 389
917 545
917 596
917 532
917 109
917 352
917 25
917 946
917 452
917 619
917 809
917 227
917 724
918 322
918 631
918 312
918 98
918 883
918 519
918 572
918 233
918 954
918 550
918 205
918 87
918 146
918 523
918 126
918 930
918 618
918 143
918 864
918 292
918 467
918 180
919 849
919 606
919 981
920 246
920 659
921 731
921 631
921 80
921 938
921 737
921 474
921 915
921 428
921 40
921 820
922 190
922 325
922 719
922 691
922 412
922 927
922 6
922 766
922 663
922 174
922 421
922 520
922 50
922 607
922 672
922 937
922 289
922 614
922 388
923 284
923 548
924 460
924 672
924 32
924 600
924 611
925 724
925 203
925 720
925 723
925 584
925 806
925 198
925 513
925 71
925 401
925 886
925 72
925 185
925 968
925 403
926 428
926 687
926 897
926 335
926 106
926 81
926 846
926 310
926 133
926 480
926 989
926 101
926 423
926 296
926 622
926 901
927 315
927 922
927 39
927 239
928 616
928 558
928 32
928 552
928 656
928 251
929 436
929 818
929 287
929 955
929 422
929 148
930 25
930 45
930 569
930 503
930 859
930 918
931 620
931 23
931 402
931 17
931 888
932 618
932 169
932 614
932 483
932 834
932 773
933 842
933 938
933 665
933 474
933 95
934 876
934 228
934 665
934 201
934 983
935 679
935 560
935 752
935 675
935 403
935 521
935 957
935 698
935 843
935 27
935 147
935 603
935 532
936 356
936 21
937 265
937 145
937 59
937 600
937 400
937 492
937 643
937 856
937 479
937 922
937 911
937 888
937 696
937 629
937 849
937 569
937 551
937 834
937 159
938 315
938 921
938 68
938 67
938 870
938 933
938 61
938 216
938 995
938 365
938 709
938 834
938 221
938 722
938 790
938 57
938 957
939 404
939 852
939 469
939 445
939 978
939 14
939 837
939 90
940 76
940 78
940 272
940 338
940 744
940 830
940 912
940 282
940 777
940 420
940 1
940 637
941 55
941 278
941 185
941 443
941 328
941 439
941 786
941 406
941 298
941 731
941 37
941 152
941 237
941 136
941 359
941 525
942 163
942 340
942 461
942 765
942 529
942 867
942 586
942 264
942 647
942 394
942 910
943 979
943 636
943 294
943 999
943 776
943 899
943 261
943 955
943 140
943 285
943 679
943 619
943 904
944 488
944 20
944 643
944 477
944 467
944 614
945 210
945 665
945 220
945 40
946 192
946 171
946 977
946 463
946 307
946 689
946 839
946 533
946 530
946 381
946 902
946 643
946 917
946 232
946 444
947 842
947 711
947 243
947 862
947 201
947 371
948 687
948 531
948 986
948 646
948 894
948 467
948 692
949 983
950 862
950 426
950 613
951 39
952 754
952 534
952 255
952 503
952 245
952 631
953 668
953 452
953 619
953 70
954 918
954 879
954 998
955 328
955 929
955 697
955 718
955 517
955 228
955 234
955 943
956 274
956 985
956 127
956 131
956 399
956 652
956 330
956 234
956 409
957 688
957 938
957 601
957 935
957 154
957 726
957 259
957 627
957 986
957 235
957 769
958 624
958 872
958 793
958 237
959 322
959 225
959 753
959 689
959 299
959 24
959 451
959 217
959 199
959 207
959 517
959 475
959 894
960 468
960 540
960 664
960 165
960 103
960 516
960 599
960 330
960 511
960 222
960 652
960 27
960 475
960 334
960 600
960 580
961 43
961 333
961 548
961 324
961 305
962 210
962 609
962 458
963 289
963 68
963 577
963 879
963 72
963 972
963 986
963 61
963 503
963 522
963 630
963 558
963 649
963 842
963 891
964 423
964 551
965 221
965 340
965 489
965 120
965 92
965 110
965 60
965 167
965 371
966 274
966 74
966 505
966 799
966 987
966 465
966 167
966 444
966 637
966 841
966 116
966 392
966 411
966 719
966 363
966 384
966 462
966 460
966 591
966 155
966 232
967 295
967 282
967 244
967 155
967 17
967 144
968 915
968 790
968 590
968 475
968 547
968 857
968 639
968 181
968 437
968 701
968 626
968 749
968 925
969 905
969 622
969 48
969 866
969 716
969 336
969 44
969 310
969 394
969 458
970 624
970 894
971 712
971 161
971 880
971 223
972 53
972 327
972 602
972 624
972 64
972 196
972 638
972 286
972 62
972 892
972 963
972 409
973 590
973 817
973 38
973 986
974 734
974 894
975 984
975 295
975 162
975 180
976 633
976 326
977 775
977 156
977 914
977 318
977 946
977 660
977 435
977 863
977 279
977 753
977 989
978 44
978 335
978 939
979 329
979 747
979 453
979 683
979 656
979 44
979 539
979 229
979 634
979 943
979 86
980 687
980 760
980 597
980 607
980 677
980 552
981 883
981 898
981 587
981 718
981 519
981 483
981 919
981 656
981 114
981 26
982 815
982 182
982 333
982 269
982 522
982 171
982 742
982 243
982 551
982 769
983 589
983 286
983 235
983 949
983 319
983 166
983 664
983 15
983 159
983 709
983 654
983 638
983 934
983 411
983 637
984 704
984 975
984 204
984 429
984 169
984 251
984 278
984 482
984 662
984 276
984 567
984 587
985 744
985 293
985 567
985 956
985 620
985 37
985 834
986 740
986 957
986 261
986 948
986 84
986 803
986 813
986 973
986 316
986 963
986 273
986 875
986 70
986 40
986 39
987 558
987 966
987 6
987 105
988 186
989 164
989 898
989 977
989 796
989 661
989 146
989 829
989 590
989 926
989 239
989 848
990 559
990 465
990 226
990 888
990 161
990 837
990 504
990 607
990 23
990 551
990 450
991 910
991 368
991 152
991 613
992 80
992 289
992 724
992 611
993 84
993 397
993 847
993 705
993 816
993 350
993 281
993 846
993 114
993 58
993 619
994 871
994 199
994 110
994 326
994 832
994 58
994 904
995 294
995 116
995 365
995 727
995 352
995 786
995 374
995 938
996 200
996 45
996 555
996 38
997 330
997 295
997 32
997 692
998 782
998 828
998 954
998 585
998 658
998 218
998 724
999 613
999 899
999 38
999 288
999 550
999 943
999 22
1000 2
1000 296
1000 316
1000 864
1000 707
1000 227
1000 435
1000 420
1000 384
1000 449
