1 92
1 24
1 99
1 38
1 72
1 43
1 86
1 46
1 4
1 6
1 22
1 32
1 57
1 60
1 76
1 79
1 85
1 90
1 93
1 65
1 45
1 33
2 46
2 17
2 68
2 26
2 69
2 24
2 25
2 27
2 58
2 80
2 81
2 100
2 52
2 33
3 58
3 19
3 11
3 76
3 99
3 8
3 95
3 22
3 30
3 14
3 18
3 89
3 100
3 12
3 67
3 66
3 56
4 53
4 34
4 81
4 26
4 68
4 67
4 18
4 45
4 75
4 56
4 17
4 29
4 30
4 31
4 69
4 72
4 96
4 33
4 84
4 71
4 1
5 77
5 11
5 29
5 35
5 85
5 87
5 88
5 98
5 80
5 20
6 44
6 41
6 89
6 31
6 42
6 1
6 16
6 56
6 7
6 9
6 25
6 30
6 35
6 38
6 40
6 43
6 60
6 81
6 82
6 85
6 92
6 95
6 36
6 79
7 41
7 62
7 22
7 25
7 53
7 77
7 44
7 6
7 73
7 79
7 35
7 38
7 40
7 51
7 68
7 81
7 36
7 45
8 25
8 53
8 74
8 43
8 58
8 14
8 78
8 57
8 19
8 41
8 61
8 77
8 86
8 92
8 100
8 3
8 79
8 45
9 38
9 99
9 40
9 6
9 31
9 82
9 37
9 55
9 69
9 92
9 68
10 73
10 61
10 44
10 52
10 94
10 56
10 17
10 27
10 98
10 93
10 90
10 15
10 16
10 29
10 31
10 49
10 54
10 55
10 63
10 91
10 58
11 81
11 3
11 5
11 34
11 38
11 47
11 53
11 57
11 61
11 65
11 66
11 63
11 48
12 54
12 93
12 46
12 40
12 58
12 37
12 3
12 27
12 31
12 55
12 59
12 71
12 92
12 96
12 99
13 84
13 55
13 22
13 57
13 56
13 31
13 37
13 52
13 90
13 96
13 40
13 63
14 80
14 66
14 3
14 84
14 46
14 81
14 62
14 98
14 93
14 92
14 94
14 49
14 58
14 47
14 15
14 17
14 68
14 99
14 8
14 33
14 71
15 39
15 21
15 75
15 82
15 17
15 10
15 80
15 14
15 86
15 73
15 95
15 99
15 100
15 33
16 26
16 53
16 57
16 84
16 85
16 10
16 82
16 43
16 69
16 64
16 56
16 6
16 18
16 22
16 38
16 72
16 44
17 92
17 14
17 4
17 21
17 53
17 99
17 25
17 24
17 62
17 40
17 2
17 10
17 15
17 59
17 60
17 83
17 84
17 86
17 100
18 3
18 39
18 90
18 93
18 22
18 16
18 80
18 46
18 26
18 37
18 38
18 41
18 45
18 56
18 71
18 77
18 94
18 100
18 4
18 82
19 91
19 99
19 34
19 70
19 30
19 8
19 58
19 3
19 42
19 47
19 54
19 72
19 81
19 82
19 86
19 92
20 58
20 35
20 99
20 56
20 52
20 98
20 28
20 51
20 23
20 60
20 30
20 93
20 32
20 21
20 69
20 81
20 80
20 5
20 38
20 44
20 54
20 57
20 64
20 59
20 68
20 45
21 84
21 74
21 81
21 15
21 17
21 20
21 25
21 30
21 41
21 47
21 54
21 58
21 59
21 85
21 91
21 100
21 63
22 72
22 1
22 16
22 63
22 37
22 7
22 13
22 18
22 35
22 73
22 77
22 90
22 100
22 69
22 81
22 87
22 3
23 69
23 24
23 20
23 26
23 27
23 29
23 36
23 52
23 66
23 88
23 91
23 37
24 99
24 2
24 93
24 97
24 83
24 1
24 17
24 23
24 55
24 56
24 77
24 95
24 51
24 45
25 2
25 21
25 58
25 99
25 6
25 55
25 61
25 91
25 76
25 29
25 69
25 7
25 8
25 17
25 27
25 36
25 47
25 49
25 59
25 82
25 85
25 45
26 93
26 96
26 56
26 18
26 49
26 23
26 82
26 80
26 54
26 48
26 50
26 74
26 46
26 40
26 41
26 84
26 31
26 2
26 4
26 16
26 66
26 76
26 95
26 62
26 33
27 25
27 56
27 40
27 83
27 95
27 23
27 63
27 50
27 2
27 43
27 39
27 10
27 29
27 44
27 55
27 57
27 69
27 82
27 89
27 98
27 12
27 28
28 64
28 40
28 52
28 85
28 77
28 53
28 94
28 43
28 27
28 20
28 48
28 66
28 74
28 84
28 100
28 69
28 79
29 4
29 51
29 23
29 43
29 5
29 76
29 93
29 52
29 46
29 60
29 27
29 10
29 25
29 41
29 86
29 63
30 6
30 93
30 4
30 32
30 53
30 90
30 72
30 80
30 74
30 35
30 34
30 21
30 50
30 55
30 19
30 20
30 31
30 41
30 48
30 57
30 61
30 62
30 95
30 42
30 3
31 4
31 13
31 62
31 30
31 54
31 12
31 10
31 67
31 6
31 9
31 55
31 58
31 63
31 26
32 88
32 59
32 64
32 82
32 35
32 38
32 73
32 66
32 1
32 68
32 70
32 58
32 83
32 20
32 30
32 72
32 76
32 84
32 90
32 96
32 95
33 93
33 4
33 14
33 15
33 1
33 2
33 43
33 26
33 100
33 85
34 68
34 47
34 46
34 11
34 64
34 82
34 60
34 78
34 44
34 43
34 4
34 19
34 30
34 57
34 58
34 100
34 97
35 52
35 6
35 22
35 64
35 62
35 5
35 48
35 82
35 71
35 7
35 41
35 20
35 30
35 32
35 58
35 60
35 81
35 85
35 90
35 97
35 77
35 61
35 57
36 25
36 23
36 38
36 100
36 70
36 7
36 6
36 97
36 80
36 74
36 66
36 81
36 88
36 93
36 92
37 18
37 13
37 46
37 64
37 38
37 70
37 9
37 58
37 54
37 23
37 40
37 41
37 50
37 63
37 76
37 94
37 100
37 22
37 12
37 80
38 66
38 89
38 93
38 11
38 83
38 7
38 20
38 18
38 6
38 16
38 57
38 58
38 1
38 9
38 32
38 37
38 52
38 55
38 60
38 62
38 71
38 81
38 100
38 84
38 36
38 88
39 97
39 78
39 65
39 15
39 18
39 56
39 61
39 74
39 84
39 88
39 27
40 76
40 37
40 6
40 7
40 59
40 13
40 9
40 12
40 26
40 27
40 28
40 69
40 81
40 84
40 17
41 61
41 42
41 8
41 29
41 18
41 21
41 30
41 37
41 6
41 7
41 35
41 50
41 62
41 76
41 95
41 100
41 26
41 63
42 68
42 19
42 55
42 43
42 84
42 50
42 30
42 6
42 41
42 59
42 89
43 84
43 74
43 6
43 98
43 76
43 80
43 1
43 8
43 16
43 27
43 29
43 34
43 42
43 44
43 90
43 77
43 28
43 33
44 76
44 96
44 20
44 88
44 54
44 89
44 93
44 47
44 43
44 27
44 59
44 16
44 6
44 7
44 10
44 34
44 57
44 80
44 97
44 86
45 95
45 18
45 63
45 25
45 24
45 1
45 20
45 8
45 64
45 7
45 59
45 87
45 70
45 100
45 4
46 63
46 76
46 90
46 70
46 2
46 12
46 14
46 26
46 29
46 34
46 37
46 60
46 69
46 80
46 88
46 100
46 1
46 18
47 88
47 25
47 19
47 85
47 49
47 21
47 66
47 11
47 34
47 44
47 70
47 75
47 84
47 94
47 100
47 61
47 14
48 49
48 60
48 28
48 94
48 30
48 81
48 11
48 26
48 35
48 56
48 64
48 72
48 73
48 76
48 86
49 83
49 53
49 50
49 10
49 25
49 98
49 96
49 26
49 47
49 48
49 58
49 81
49 93
49 94
49 95
49 99
49 14
49 86
50 66
50 82
50 37
50 41
50 63
50 51
50 85
50 99
50 26
50 27
50 30
50 42
50 49
50 83
51 81
51 74
51 80
51 7
51 24
51 90
51 20
51 29
51 50
51 71
52 71
52 80
52 23
52 76
52 69
52 38
52 13
52 2
52 10
52 20
52 28
52 29
52 35
52 54
52 55
52 56
52 58
52 70
52 94
52 95
52 97
52 59
53 11
53 89
53 66
53 54
53 61
53 4
53 7
53 8
53 16
53 17
53 28
53 30
53 49
53 83
53 99
53 75
54 84
54 89
54 20
54 10
54 19
54 77
54 52
54 21
54 97
54 12
54 26
54 31
54 44
54 53
54 58
54 63
54 69
54 73
54 82
54 88
54 37
55 89
55 24
55 10
55 100
55 38
55 99
55 27
55 9
55 12
55 90
55 52
55 31
55 98
55 74
55 13
55 25
55 42
55 63
55 73
55 75
55 30
56 39
56 18
56 85
56 24
56 48
56 52
56 3
56 10
56 13
56 20
56 26
56 27
56 59
56 64
56 95
56 4
56 6
56 16
57 78
57 61
57 97
57 27
57 65
57 11
57 71
57 30
57 44
57 90
57 69
57 34
57 20
57 1
57 35
57 13
57 16
57 86
57 93
57 38
57 8
58 54
58 77
58 2
58 52
58 49
58 35
58 31
58 63
58 92
58 21
58 34
58 10
58 3
58 8
58 12
58 20
58 25
58 32
58 37
58 64
58 80
58 100
58 19
58 14
58 38
59 56
59 42
59 74
59 17
59 12
59 21
59 25
59 20
59 52
59 32
59 40
59 44
59 90
59 45
60 1
60 88
60 81
60 35
60 38
60 46
60 98
60 17
60 6
60 20
60 29
60 34
60 48
60 61
60 70
60 89
60 92
60 73
61 60
61 85
61 8
61 89
61 11
61 39
61 94
61 30
61 71
61 78
61 83
61 47
61 35
61 10
61 25
61 41
61 53
61 57
61 64
61 66
61 68
61 82
61 90
61 84
62 99
62 82
62 38
62 41
62 30
62 26
62 7
62 14
62 17
62 31
62 35
62 73
62 74
62 76
62 77
62 81
62 63
63 82
63 10
63 89
63 55
63 54
63 37
63 31
63 73
63 29
63 21
63 62
63 13
63 41
63 11
63 22
63 27
63 46
63 50
63 58
63 81
63 45
63 74
64 58
64 70
64 82
64 20
64 80
64 61
64 56
64 75
64 68
64 48
64 16
64 28
64 32
64 34
64 35
64 37
64 88
64 97
64 45
65 11
65 1
65 100
65 88
65 57
65 81
65 39
66 23
66 11
66 36
66 26
66 83
66 70
66 61
66 68
66 81
66 28
66 97
66 3
66 80
66 14
66 32
66 38
66 47
66 50
66 53
66 79
66 89
66 93
67 3
67 4
67 31
68 14
68 61
68 94
68 7
68 20
68 9
68 2
68 4
68 32
68 34
68 42
68 64
68 66
68 77
68 95
68 96
69 97
69 40
69 27
69 54
69 4
69 46
69 9
69 89
69 95
69 22
69 28
69 16
69 20
69 23
69 52
69 57
69 73
69 79
69 98
69 25
69 2
70 52
70 60
70 84
70 47
70 74
70 19
70 32
70 37
70 46
70 64
70 66
70 85
70 98
70 36
70 45
71 86
71 38
71 18
71 12
71 76
71 100
71 14
71 72
71 4
71 51
71 35
71 52
71 57
71 61
72 19
72 16
72 32
72 76
72 48
72 4
72 1
72 22
72 30
72 88
72 71
73 69
73 22
73 54
73 99
73 62
73 89
73 55
73 48
73 15
73 60
73 83
73 79
73 7
73 10
73 32
73 93
73 63
74 86
74 100
74 39
74 28
74 62
74 63
74 8
74 21
74 26
74 30
74 43
74 51
74 59
74 70
74 75
74 76
74 81
74 88
74 90
74 55
74 36
75 95
75 74
75 47
75 55
75 53
75 15
75 64
75 4
76 74
76 26
76 1
76 32
76 48
76 99
76 90
76 41
76 37
76 62
76 100
76 3
76 25
76 29
76 40
76 43
76 44
76 46
76 52
76 71
76 72
76 84
77 82
77 18
77 22
77 8
77 24
77 68
77 84
77 62
77 35
77 43
77 5
77 7
77 28
77 54
77 58
77 80
77 97
77 93
77 79
78 80
78 34
78 39
78 57
78 61
78 96
78 8
79 1
79 69
79 66
79 8
79 28
79 77
79 6
79 73
79 7
80 44
80 58
80 46
80 77
80 2
80 5
80 37
80 14
80 15
80 20
80 26
80 30
80 51
80 52
80 64
80 85
80 95
80 96
80 36
80 78
80 66
80 43
80 18
81 49
81 35
81 40
81 6
81 62
81 65
81 36
81 95
81 19
81 2
81 74
81 63
81 7
81 38
81 22
81 4
81 11
81 14
81 20
81 48
81 51
81 60
81 66
81 100
81 21
82 92
82 19
82 61
82 6
82 27
82 54
82 25
82 84
82 18
82 15
82 16
82 26
82 32
82 34
82 35
82 50
82 62
82 63
82 64
82 77
82 95
82 9
83 89
83 53
83 100
83 17
83 50
83 27
83 38
83 49
83 61
83 66
83 95
83 96
83 32
83 24
83 73
84 32
84 28
84 40
84 39
84 47
84 76
84 17
84 38
84 4
84 91
84 61
84 13
84 14
84 16
84 21
84 42
84 43
84 54
84 70
84 77
84 82
84 26
84 86
85 80
85 21
85 5
85 1
85 25
85 70
85 6
85 35
85 33
85 16
85 28
85 47
85 50
85 56
85 61
85 94
85 98
85 99
86 17
86 29
86 57
86 19
86 8
86 84
86 49
86 44
86 48
86 1
86 71
86 74
86 93
86 15
87 5
87 22
87 45
88 5
88 64
88 90
88 23
88 39
88 54
88 72
88 46
88 91
88 74
88 36
88 97
88 38
88 32
88 44
88 47
88 60
88 99
88 65
89 60
89 66
89 27
89 42
89 100
89 3
89 6
89 38
89 44
89 53
89 54
89 55
89 61
89 63
89 69
89 73
89 83
90 43
90 74
90 32
90 61
90 1
90 22
90 100
90 35
90 13
90 59
90 18
90 30
90 46
90 55
90 57
90 76
90 88
90 96
90 10
90 51
91 100
91 21
91 10
91 23
91 19
91 25
91 88
91 84
92 6
92 12
92 8
92 9
92 60
92 19
92 36
92 1
92 14
92 17
92 58
92 82
92 93
93 57
93 49
93 66
93 92
93 1
93 73
93 94
93 36
93 86
93 77
93 99
93 10
93 12
93 14
93 18
93 20
93 24
93 26
93 29
93 30
93 33
93 38
93 44
93 96
94 52
94 18
94 37
94 47
94 100
94 49
94 85
94 10
94 28
94 48
94 61
94 68
94 93
94 96
94 14
95 83
95 80
95 24
95 56
95 6
95 30
95 15
95 52
95 82
95 41
95 68
95 49
95 26
95 32
95 27
95 45
95 69
95 75
95 81
95 3
96 94
96 68
96 4
96 78
96 80
96 32
96 13
96 93
96 12
96 90
96 83
96 26
96 44
96 49
97 35
97 64
97 52
97 77
97 44
97 34
97 24
97 39
97 54
97 57
97 66
97 69
97 88
97 36
98 70
98 27
98 69
98 5
98 85
98 10
98 14
98 20
98 43
98 49
98 55
98 60
98 100
99 88
99 49
99 85
99 12
99 14
99 15
99 53
99 1
99 9
99 17
99 19
99 20
99 24
99 25
99 55
99 62
99 73
99 76
99 3
99 50
99 93
100 34
100 98
100 81
100 3
100 2
100 28
100 8
100 46
100 18
100 58
100 15
100 47
100 22
100 33
100 38
100 45
100 41
100 37
100 21
100 17
100 55
100 71
100 74
100 83
100 89
100 90
100 91
100 94
100 36
100 65
100 76
