1 768
1 808
1 740
1 712
1 131
1 365
1 373
2 571
3 825
3 122
4 382
4 861
5 683
6 778
6 212
7 237
8 128
8 45
8 535
9 892
10 474
11 600
12 42
12 404
13 788
14 848
14 110
14 293
14 961
14 187
14 352
14 218
14 777
15 87
17 586
17 54
17 675
18 937
18 434
18 339
18 675
19 353
19 453
20 174
21 349
22 411
23 46
23 376
23 896
23 581
23 580
23 223
23 466
23 493
23 115
23 838
23 230
23 57
23 411
24 884
24 600
24 174
26 34
26 941
26 926
26 659
27 161
27 157
28 989
28 691
28 30
28 715
28 678
28 175
28 903
28 703
28 667
28 585
29 354
30 28
32 452
32 393
32 117
32 271
32 143
32 41
32 971
32 525
32 859
32 998
32 427
32 775
32 292
32 220
33 745
34 26
34 900
34 373
35 943
35 924
36 619
37 417
37 502
38 658
38 221
38 115
38 856
38 330
38 521
38 592
38 618
38 466
38 751
38 580
38 293
38 474
38 137
40 349
40 879
41 875
41 217
41 538
41 115
41 795
41 403
41 511
41 32
42 623
42 754
42 800
42 523
42 142
42 12
42 345
42 740
42 375
43 215
44 927
44 758
44 691
44 282
44 475
45 370
45 460
45 8
45 898
45 787
45 67
45 949
45 559
45 306
45 414
45 974
45 443
45 812
45 137
46 978
46 988
46 324
46 23
46 701
46 675
47 174
49 508
50 252
50 80
51 113
51 608
51 328
51 691
52 314
53 830
53 147
53 847
54 407
54 770
54 17
54 501
54 790
54 276
54 564
54 882
54 711
55 599
55 226
56 791
56 508
57 660
57 23
58 615
59 709
59 744
60 569
61 401
61 937
61 208
61 942
61 799
61 910
61 791
61 698
61 924
61 241
61 756
62 199
62 84
62 503
63 926
63 789
64 610
64 358
64 928
64 210
64 449
64 486
64 745
65 621
65 960
65 902
65 603
65 131
65 972
65 338
65 558
65 999
65 156
66 455
67 711
67 45
68 807
68 926
69 266
69 999
70 310
70 943
70 337
70 80
71 802
72 354
72 847
73 138
73 249
73 304
73 343
73 299
73 975
73 711
74 210
74 127
75 310
75 87
75 585
76 615
78 968
78 553
78 599
78 503
79 475
80 335
80 791
80 124
80 629
80 50
80 268
80 379
80 406
80 70
80 809
80 833
80 353
80 726
80 951
80 621
81 524
82 646
83 305
83 748
84 690
84 471
84 733
84 898
84 927
84 62
84 574
84 806
84 961
84 479
84 515
84 237
85 613
86 302
87 592
87 803
87 75
87 891
87 192
87 90
87 513
87 15
87 141
87 787
87 449
88 817
88 99
88 649
89 788
90 610
90 87
91 272
92 740
93 935
94 981
95 349
96 421
99 255
99 736
99 88
99 820
99 279
100 487
100 137
101 619
104 854
104 174
104 711
105 311
106 329
106 405
107 614
108 670
108 637
108 460
109 512
110 755
110 296
110 246
110 322
110 698
110 14
110 486
110 337
110 900
111 781
111 509
112 151
112 659
112 901
113 51
113 652
114 688
115 41
115 38
115 23
116 802
117 301
117 882
117 119
117 414
117 685
117 167
117 510
117 187
117 32
117 201
118 703
119 692
119 117
120 509
120 216
120 311
120 688
122 655
122 666
122 927
122 717
122 466
122 3
123 661
123 515
123 731
124 177
124 711
124 701
124 80
125 405
125 788
125 847
125 357
126 255
126 330
126 789
126 879
127 319
127 270
127 261
127 908
127 172
127 897
127 242
127 375
127 925
127 161
127 74
127 486
128 8
128 771
128 301
128 249
128 257
128 686
128 199
128 805
128 451
128 480
128 430
128 852
128 637
128 285
129 834
130 665
130 587
131 746
131 979
131 65
131 1
132 260
132 205
132 544
132 329
132 976
132 926
133 755
133 854
133 691
133 453
133 701
134 474
135 981
135 470
135 788
135 309
135 486
135 237
136 524
137 571
137 733
137 38
137 905
137 616
137 694
137 617
137 952
137 45
137 100
138 73
138 445
139 889
139 383
139 565
139 789
140 177
140 405
140 241
141 87
141 226
141 585
142 42
142 652
143 155
143 32
144 701
144 349
145 653
145 460
146 825
146 758
147 468
147 610
147 705
147 206
147 836
147 271
147 933
147 959
147 593
147 53
147 604
147 178
148 661
148 683
149 952
150 311
151 112
151 564
151 799
151 968
151 693
152 682
152 536
152 369
152 357
153 703
154 935
155 143
155 192
156 370
156 459
156 714
156 65
156 704
156 385
156 483
157 437
157 27
157 485
157 566
157 730
157 832
157 958
157 746
157 492
158 692
158 847
158 411
159 513
159 740
160 201
161 27
161 127
162 682
162 926
163 474
163 460
166 527
166 611
166 662
166 689
166 559
166 792
166 356
166 447
166 894
166 393
166 920
166 534
166 286
166 295
167 726
167 390
167 765
167 838
167 519
167 117
168 952
168 502
169 864
169 220
170 961
171 553
172 127
173 674
173 693
173 679
173 500
173 733
173 300
173 926
174 47
174 20
174 24
174 439
174 104
174 512
174 862
174 855
174 360
174 475
175 620
175 28
175 240
177 124
177 450
177 140
177 589
177 986
177 246
177 516
177 722
177 789
178 188
178 499
178 807
178 647
178 559
178 798
178 354
178 762
178 205
178 643
178 147
178 538
179 811
180 610
180 238
181 502
182 404
182 604
182 901
182 834
183 337
184 630
184 530
185 738
186 640
186 838
186 957
186 353
186 615
187 214
187 858
187 117
187 14
188 373
188 178
188 745
188 789
188 683
189 464
189 981
189 731
190 486
190 212
190 585
191 943
191 901
192 155
192 854
192 87
193 896
193 762
193 237
194 570
194 515
194 289
195 918
195 509
195 807
195 876
196 778
196 475
196 604
196 220
197 455
198 470
198 892
199 903
199 687
199 953
199 62
199 698
199 785
199 820
199 378
199 128
200 486
200 744
200 879
201 399
201 950
201 117
201 763
201 319
201 935
201 400
201 160
201 728
201 696
201 865
201 705
202 335
203 692
204 513
204 252
204 631
205 738
205 132
205 178
206 147
207 778
208 61
209 381
209 251
209 246
209 682
209 220
210 655
210 257
210 74
210 746
210 378
210 442
210 824
210 267
210 994
210 64
210 511
210 745
211 779
212 370
212 982
212 190
212 6
212 577
212 948
212 713
212 675
213 600
213 515
213 630
213 656
214 187
214 239
215 43
216 120
216 271
216 774
216 333
216 751
217 41
217 604
218 14
218 530
219 825
219 691
220 169
220 618
220 378
220 969
220 513
220 196
220 558
220 781
220 644
220 32
220 547
220 258
220 209
220 491
221 774
221 681
221 818
221 376
221 984
221 644
221 760
221 38
221 834
222 802
222 649
222 945
223 416
223 673
223 414
223 464
223 775
223 731
223 23
225 979
226 477
226 770
226 513
226 141
226 430
226 702
226 918
226 55
226 641
226 763
227 741
227 816
227 919
227 640
227 841
228 502
230 934
230 551
230 459
230 993
230 933
230 23
230 569
230 492
232 569
234 613
234 272
234 404
236 653
237 7
237 193
237 843
237 692
237 448
237 532
237 872
237 992
237 135
237 582
237 84
238 764
238 617
238 553
238 800
238 180
238 287
238 753
239 364
239 457
239 258
239 214
239 565
239 394
239 343
239 952
239 834
239 503
239 357
240 953
240 366
240 175
240 379
240 660
241 500
241 61
241 140
242 884
242 691
242 807
242 127
242 502
243 945
244 475
244 604
245 709
246 603
246 209
246 177
246 110
246 926
246 337
247 864
248 571
248 879
249 73
249 128
250 552
250 619
250 683
251 566
251 209
251 991
251 585
252 204
252 753
252 400
252 574
252 304
252 50
252 897
252 735
253 511
254 968
254 847
255 126
255 280
255 557
255 99
255 791
255 656
256 778
257 353
257 210
257 128
257 834
258 239
258 220
259 954
260 132
261 127
261 460
262 349
263 944
264 848
264 501
264 836
264 367
264 283
264 265
264 590
264 807
265 427
265 954
265 762
265 264
265 945
266 625
266 360
266 69
266 272
267 210
267 876
267 619
268 80
269 976
270 817
270 405
270 711
270 127
271 651
271 951
271 147
271 216
271 32
272 91
272 266
272 429
272 412
272 388
272 473
272 791
272 339
272 234
272 779
273 455
276 661
276 553
276 54
276 758
277 981
277 289
278 952
279 99
280 255
280 282
281 524
281 661
282 468
282 315
282 793
282 898
282 602
282 44
282 280
283 264
284 892
284 357
285 841
285 128
286 166
287 405
287 238
287 530
287 675
288 574
288 840
288 805
288 722
289 551
289 590
289 780
289 953
289 934
289 803
289 194
289 730
289 277
289 849
289 847
290 445
290 585
290 503
291 620
292 553
292 991
292 32
292 475
292 309
292 892
293 14
293 38
295 503
295 166
296 110
296 789
299 73
300 566
300 173
300 789
301 620
301 692
301 536
301 117
301 509
301 128
301 474
301 492
302 86
302 688
302 631
303 369
303 675
304 73
304 252
304 475
305 83
305 461
306 45
307 967
307 483
307 728
307 858
307 375
308 731
309 135
309 700
309 336
309 660
309 616
309 793
309 292
309 869
309 330
309 677
309 683
309 503
310 550
310 70
310 75
310 751
311 120
311 610
311 348
311 476
311 662
311 797
311 362
311 830
311 612
311 105
311 150
311 615
312 329
312 619
313 796
313 341
313 828
313 356
313 744
314 786
314 52
314 465
314 838
314 936
314 833
314 906
314 453
314 834
314 615
315 991
315 282
317 356
317 599
317 631
318 834
319 127
319 449
319 711
319 201
321 618
321 745
321 847
322 110
322 509
324 46
324 689
325 486
326 395
326 709
326 569
327 876
328 51
328 834
328 349
329 106
329 769
329 664
329 312
329 132
329 692
329 652
330 648
330 343
330 498
330 126
330 478
330 468
330 751
330 587
330 485
330 38
330 309
330 535
333 216
333 411
334 745
335 514
335 966
335 202
335 747
335 672
335 398
335 846
335 885
335 80
336 309
337 607
337 110
337 823
337 70
337 960
337 595
337 246
337 183
338 65
339 18
339 272
340 501
340 701
341 313
341 369
341 864
341 834
342 615
343 589
343 73
343 239
343 330
345 42
346 455
347 778
348 311
349 428
349 705
349 95
349 40
349 472
349 853
349 985
349 144
349 262
349 21
349 579
349 328
349 463
352 14
352 892
352 745
353 818
353 257
353 790
353 496
353 580
353 948
353 186
353 19
353 480
353 80
354 72
354 472
354 29
354 178
355 646
356 381
356 313
356 317
356 430
356 528
356 434
356 976
356 745
356 166
357 527
357 125
357 627
357 152
357 284
357 239
357 808
357 542
357 635
357 374
357 634
357 733
358 64
360 266
360 979
360 174
360 944
361 758
362 536
362 311
363 589
363 738
363 553
363 675
363 631
364 239
364 701
365 1
366 774
366 240
367 264
367 807
367 864
368 464
368 744
368 892
369 303
369 429
369 704
369 574
369 423
369 909
369 341
369 152
369 537
369 832
370 156
370 45
370 744
370 722
370 212
371 954
371 825
371 762
371 876
373 188
373 518
373 830
373 392
373 663
373 602
373 400
373 679
373 957
373 990
373 859
373 34
373 1
373 382
374 475
374 470
374 357
375 848
375 668
375 820
375 653
375 471
375 916
375 992
375 562
375 958
375 710
375 307
375 42
375 650
375 976
375 127
376 221
376 692
376 475
376 23
377 405
377 711
378 210
378 199
378 220
379 620
379 240
379 552
379 80
380 492
381 209
381 356
382 4
382 965
382 849
382 762
382 373
383 139
383 791
383 944
385 156
386 470
386 847
386 879
388 272
390 167
391 554
391 604
392 791
392 744
392 373
393 32
393 166
394 239
394 599
395 326
395 558
395 955
395 987
396 867
396 856
396 466
396 830
396 640
396 728
396 911
397 762
398 335
399 201
399 464
400 252
400 711
400 201
400 722
400 373
401 61
401 876
401 614
403 41
403 516
404 983
404 234
404 448
404 814
404 759
404 647
404 788
404 12
404 182
404 532
405 287
405 770
405 440
405 783
405 592
405 125
405 140
405 270
405 377
405 589
405 518
405 106
405 881
405 830
405 960
405 701
406 508
406 689
406 892
406 80
407 54
407 976
407 876
407 722
407 503
409 449
409 876
410 954
410 991
410 573
411 732
411 559
411 333
411 23
411 22
411 533
411 158
411 855
412 272
412 585
414 961
414 117
414 223
414 45
415 935
415 861
416 223
417 37
419 807
419 683
421 96
422 804
422 925
422 856
422 813
422 500
422 535
423 762
423 369
424 445
424 487
425 981
427 265
427 32
427 900
428 349
428 619
429 369
429 272
430 524
430 356
430 128
430 226
430 503
431 512
432 892
434 18
434 356
437 157
437 503
438 470
439 174
439 981
440 405
441 603
442 918
442 210
442 689
443 979
443 45
445 539
445 424
445 290
445 805
445 840
445 138
445 692
447 778
447 552
447 166
448 691
448 404
448 237
449 319
449 476
449 815
449 87
449 511
449 409
449 64
449 496
449 735
450 177
450 536
450 688
451 620
451 128
451 689
452 32
452 502
453 580
453 133
453 314
453 763
453 882
453 851
453 800
453 487
453 460
453 19
453 692
453 646
453 516
454 513
454 926
455 597
455 346
455 273
455 66
455 488
455 197
456 653
457 239
458 778
459 230
459 156
460 261
460 591
460 163
460 839
460 108
460 145
460 453
460 45
461 305
461 954
461 613
461 659
462 516
463 595
463 731
463 349
464 778
464 189
464 399
464 764
464 979
464 670
464 700
464 368
464 223
464 926
465 536
465 314
465 490
466 661
466 513
466 396
466 122
466 38
466 23
466 492
468 282
468 147
468 330
470 135
470 731
470 815
470 438
470 374
470 915
470 386
470 981
470 951
470 761
470 198
470 480
470 876
471 84
471 375
472 354
472 349
473 272
474 895
474 10
474 134
474 163
474 869
474 499
474 791
474 301
474 589
474 620
474 38
474 901
475 174
475 79
475 376
475 196
475 44
475 374
475 244
475 292
475 532
475 536
475 510
475 304
475 788
475 652
476 570
476 311
476 449
476 924
477 613
477 226
478 999
478 330
479 84
480 353
480 128
480 470
480 486
481 689
483 307
483 156
485 330
485 157
486 773
486 561
486 135
486 127
486 899
486 110
486 325
486 539
486 64
486 935
486 480
486 200
486 190
486 772
487 100
487 424
487 968
487 856
487 840
487 453
488 455
489 924
490 750
490 465
490 590
490 761
490 812
490 827
490 756
491 788
491 892
491 220
492 607
492 380
492 301
492 466
492 230
492 842
492 157
492 683
493 23
493 569
494 589
495 553
495 944
495 952
496 353
496 449
498 330
498 709
499 474
499 178
500 173
500 807
500 241
500 422
500 604
501 340
501 961
501 54
501 264
502 37
502 181
502 168
502 228
502 242
502 648
502 952
502 452
503 735
503 606
503 955
503 78
503 407
503 309
503 927
503 437
503 430
503 295
503 786
503 870
503 616
503 290
503 945
503 540
503 239
503 956
503 62
503 950
504 653
506 756
506 688
507 630
508 815
508 859
508 583
508 56
508 49
508 774
508 521
508 406
508 689
509 120
509 580
509 824
509 570
509 642
509 195
509 301
509 322
509 111
510 117
510 475
511 41
511 210
511 253
511 643
511 449
511 659
512 109
512 994
512 603
512 431
512 886
512 174
513 874
513 159
513 466
513 729
513 454
513 204
513 87
513 226
513 220
514 335
515 908
515 213
515 590
515 851
515 726
515 849
515 194
515 891
515 123
515 84
515 926
516 773
516 177
516 453
516 462
516 403
516 749
516 624
518 405
518 373
519 167
519 536
520 789
521 508
521 38
521 573
522 610
522 748
522 619
523 42
524 136
524 81
524 281
524 565
524 430
524 573
525 999
525 32
526 711
527 879
527 357
527 166
528 618
528 356
530 609
530 218
530 287
530 184
531 935
531 879
532 475
532 404
532 237
533 656
533 411
534 166
535 571
535 679
535 422
535 330
535 8
535 580
535 653
535 631
536 301
536 362
536 152
536 465
536 519
536 662
536 450
536 856
536 630
536 475
537 369
538 41
538 178
539 445
539 486
539 864
540 503
542 357
543 913
543 646
544 132
546 692
547 696
547 994
547 220
547 745
549 664
550 310
550 976
551 289
551 731
551 230
552 250
552 447
552 379
552 693
552 991
553 495
553 171
553 292
553 964
553 276
553 363
553 78
553 238
554 391
554 691
554 614
555 724
555 799
556 571
557 255
557 604
557 945
558 395
558 65
558 220
559 45
559 178
559 411
559 166
560 803
561 486
562 375
564 54
564 151
565 139
565 524
565 239
566 891
566 300
566 251
566 157
569 60
569 941
569 493
569 606
569 326
569 230
569 232
569 799
569 694
570 476
570 626
570 194
570 874
570 600
570 509
571 2
571 556
571 929
571 248
571 920
571 900
571 675
571 585
571 756
571 573
571 137
571 535
573 571
573 410
573 704
573 645
573 894
573 865
573 993
573 728
573 524
573 854
573 521
573 671
573 836
574 288
574 252
574 84
574 369
577 212
577 945
578 943
578 683
579 349
580 353
580 509
580 38
580 453
580 23
580 689
580 535
581 23
582 237
583 508
584 926
585 571
585 868
585 75
585 290
585 712
585 412
585 251
585 190
585 656
585 28
585 141
586 17
587 130
587 330
589 343
589 363
589 494
589 177
589 405
589 474
590 968
590 515
590 264
590 289
590 490
591 460
592 87
592 405
592 731
592 38
592 900
593 677
593 884
593 147
594 682
595 463
595 950
595 918
595 709
595 337
595 619
597 455
598 847
599 785
599 682
599 317
599 78
599 394
599 650
599 55
599 765
600 11
600 570
600 743
600 213
600 24
601 864
602 282
602 373
603 668
603 441
603 246
603 512
603 65
603 901
604 629
604 838
604 182
604 391
604 557
604 217
604 638
604 620
604 196
604 147
604 821
604 244
604 500
604 748
605 652
606 918
606 569
606 503
607 492
607 337
608 620
608 51
608 991
609 530
610 180
610 90
610 522
610 64
610 884
610 147
610 311
611 166
612 311
613 477
613 85
613 912
613 461
613 234
614 732
614 960
614 554
614 921
614 401
614 985
614 794
614 107
614 810
615 58
615 785
615 342
615 314
615 692
615 311
615 830
615 186
615 76
616 309
616 137
616 503
617 238
617 137
618 321
618 528
618 943
618 38
618 864
618 220
619 250
619 595
619 522
619 267
619 428
619 312
619 36
619 101
619 952
620 301
620 962
620 451
620 787
620 608
620 291
620 175
620 379
620 474
620 604
621 65
621 900
621 80
623 42
623 834
624 516
625 266
625 722
626 570
626 779
627 945
627 900
627 357
629 604
629 80
630 802
630 859
630 694
630 844
630 507
630 184
630 536
630 213
630 671
630 788
630 649
630 631
631 302
631 630
631 740
631 363
631 317
631 204
631 754
631 535
633 688
634 745
634 357
635 357
636 981
637 108
637 691
637 128
637 689
638 604
640 227
640 186
640 396
641 758
641 779
641 226
642 509
643 511
643 178
644 221
644 220
645 573
646 355
646 543
646 854
646 710
646 82
646 453
647 763
647 404
647 178
648 330
648 731
648 502
649 711
649 760
649 222
649 842
649 630
649 88
649 828
650 817
650 599
650 375
651 271
651 991
652 949
652 142
652 329
652 475
652 706
652 739
652 763
652 113
652 968
652 605
652 945
653 504
653 456
653 960
653 971
653 236
653 700
653 754
653 145
653 375
653 535
654 664
655 122
655 210
656 894
656 255
656 533
656 704
656 758
656 931
656 213
656 585
657 692
657 879
658 38
659 112
659 26
659 461
659 976
659 511
659 825
660 57
660 240
660 309
660 675
661 276
661 123
661 148
661 466
661 842
661 281
662 536
662 311
662 166
663 924
663 373
664 654
664 549
664 904
664 329
665 130
666 122
667 28
668 603
668 375
670 108
670 464
670 901
671 911
671 630
671 573
672 335
673 223
674 173
675 571
675 711
675 46
675 660
675 913
675 750
675 303
675 18
675 287
675 17
675 363
675 874
675 212
677 593
677 309
678 943
678 28
679 173
679 779
679 535
679 373
680 861
681 221
682 907
682 209
682 594
682 898
682 162
682 152
682 930
682 599
683 250
683 492
683 188
683 309
683 578
683 748
683 419
683 774
683 5
683 148
684 834
685 117
686 711
686 128
686 924
687 199
688 302
688 120
688 852
688 114
688 633
688 450
688 1000
688 506
689 899
689 481
689 451
689 980
689 637
689 857
689 442
689 508
689 580
689 981
689 406
689 324
689 166
690 84
691 44
691 219
691 242
691 637
691 975
691 448
691 755
691 133
691 913
691 51
691 28
691 554
692 301
692 158
692 329
692 445
692 203
692 657
692 546
692 693
692 119
692 376
692 981
692 453
692 237
692 615
693 173
693 692
693 788
693 151
693 552
694 630
694 924
694 569
694 137
695 791
695 847
696 547
696 201
697 854
698 110
698 199
698 61
699 879
700 653
700 464
700 309
701 46
701 405
701 992
701 905
701 711
701 703
701 124
701 364
701 340
701 144
701 133
701 994
701 924
702 741
702 226
703 153
703 812
703 118
703 28
703 701
704 369
704 656
704 156
704 573
705 147
705 201
705 349
705 879
706 652
707 932
709 245
709 498
709 326
709 595
709 59
710 646
710 375
710 892
711 936
711 270
711 319
711 686
711 124
711 104
711 400
711 377
711 898
711 67
711 54
711 862
711 526
711 73
711 701
711 649
711 675
712 1
712 585
713 740
713 212
714 156
715 28
717 122
721 864
721 945
722 370
722 898
722 288
722 177
722 724
722 400
722 625
722 407
722 945
724 555
724 722
726 167
726 515
726 779
726 976
726 80
728 307
728 396
728 201
728 573
729 513
730 289
730 157
731 551
731 953
731 308
731 123
731 648
731 223
731 976
731 592
731 189
731 463
731 470
732 614
732 411
733 173
733 84
733 137
733 357
735 252
735 503
735 449
736 99
737 981
738 205
738 185
738 363
738 801
738 893
739 968
739 740
739 652
740 839
740 92
740 713
740 42
740 159
740 818
740 739
740 1
740 631
740 847
741 227
741 702
743 918
743 600
743 924
744 370
744 200
744 897
744 368
744 392
744 59
744 313
744 751
745 188
745 334
745 356
745 210
745 321
745 352
745 33
745 547
745 64
745 634
746 131
746 210
746 157
747 335
748 859
748 984
748 843
748 942
748 967
748 83
748 996
748 522
748 604
748 683
749 788
749 516
750 490
750 876
750 675
751 310
751 216
751 330
751 38
751 744
753 252
753 918
753 238
754 42
754 653
754 631
755 133
755 110
755 691
756 571
756 506
756 872
756 490
756 876
756 61
757 825
758 44
758 796
758 641
758 276
758 146
758 361
758 656
759 404
760 221
760 649
761 470
761 490
761 834
762 821
762 371
762 193
762 423
762 382
762 397
762 265
762 178
763 922
763 647
763 201
763 226
763 453
763 652
764 238
764 464
765 167
765 599
765 876
766 774
768 1
768 834
769 329
770 54
770 405
770 226
771 128
772 486
773 516
773 486
774 366
774 766
774 221
774 216
774 508
774 683
775 896
775 32
775 223
776 789
777 14
777 847
778 447
778 871
778 865
778 256
778 458
778 347
778 207
778 196
778 970
778 6
778 464
779 905
779 626
779 958
779 641
779 726
779 679
779 211
779 272
780 976
780 289
781 111
781 220
782 791
782 924
783 405
784 802
785 599
785 199
785 615
786 314
786 503
787 620
787 87
787 45
788 135
788 491
788 835
788 749
788 13
788 693
788 475
788 981
788 89
788 125
788 630
788 404
789 188
789 296
789 177
789 776
789 300
789 520
789 139
789 973
789 126
789 969
789 63
790 353
790 54
791 842
791 910
791 255
791 383
791 898
791 392
791 56
791 782
791 955
791 695
791 474
791 61
791 272
791 80
792 166
793 282
793 309
794 614
795 41
796 313
796 758
797 311
797 847
798 178
798 847
799 555
799 61
799 569
799 151
800 42
800 238
800 453
801 738
802 116
802 982
802 784
802 222
802 71
802 873
802 630
803 560
803 952
803 807
803 87
803 289
804 422
805 288
805 445
805 128
806 84
807 803
807 68
807 881
807 264
807 367
807 195
807 500
807 419
807 242
807 178
808 976
808 999
808 1
808 357
809 80
810 614
811 179
812 703
812 490
812 45
813 926
813 422
813 892
814 404
815 508
815 449
815 470
816 227
817 650
817 959
817 88
817 931
817 270
818 353
818 221
818 740
818 952
820 199
820 99
820 375
821 762
821 604
822 945
823 337
824 210
824 509
825 3
825 986
825 146
825 219
825 757
825 371
825 860
825 659
827 490
828 313
828 649
830 53
830 396
830 405
830 311
830 373
830 615
832 369
832 157
833 314
833 834
833 80
834 949
834 314
834 257
834 768
834 341
834 129
834 239
834 761
834 182
834 328
834 833
834 221
834 684
834 880
834 623
834 318
834 850
834 879
835 954
835 788
836 147
836 264
836 573
838 186
838 167
838 314
838 23
838 604
839 740
839 460
840 288
840 445
840 487
841 285
841 227
841 918
842 791
842 661
842 649
842 492
843 748
843 237
844 630
846 335
847 854
847 598
847 740
847 798
847 72
847 321
847 777
847 125
847 695
847 956
847 386
847 962
847 158
847 797
847 289
847 53
847 254
847 944
848 940
848 14
848 264
848 375
849 382
849 515
849 289
850 834
851 884
851 515
851 453
852 128
852 688
853 349
854 192
854 104
854 697
854 133
854 646
854 847
854 573
854 945
855 961
855 174
855 411
856 396
856 536
856 487
856 38
856 422
857 689
858 187
858 307
859 748
859 508
859 630
859 32
859 373
860 825
860 884
861 415
861 680
861 950
861 948
861 893
861 4
862 174
862 711
864 169
864 539
864 601
864 247
864 618
864 367
864 341
864 721
865 778
865 201
865 573
867 396
868 585
869 474
869 309
870 503
871 778
872 924
872 237
872 756
873 802
874 570
874 513
874 675
875 41
876 944
876 765
876 982
876 994
876 409
876 267
876 327
876 470
876 195
876 401
876 407
876 371
876 750
876 756
878 968
879 527
879 657
879 126
879 248
879 699
879 40
879 705
879 834
879 386
879 893
879 531
879 200
880 834
881 405
881 807
882 54
882 117
882 453
884 593
884 24
884 860
884 851
884 242
884 610
885 335
886 512
889 139
891 566
891 979
891 515
891 87
892 9
892 284
892 292
892 198
892 432
892 368
892 986
892 710
892 406
892 813
892 352
892 491
893 738
893 861
893 879
894 656
894 573
894 166
895 474
896 775
896 193
896 918
896 23
896 926
897 252
897 127
897 744
898 791
898 682
898 84
898 711
898 282
898 722
898 45
899 689
899 486
900 571
900 621
900 110
900 34
900 427
900 627
900 592
901 112
901 603
901 191
901 182
901 958
901 474
901 670
902 65
903 199
903 28
904 664
905 779
905 944
905 918
905 701
905 137
906 314
907 682
908 515
908 127
909 369
910 791
910 61
911 671
911 396
912 613
912 924
912 926
913 543
913 918
913 691
913 675
915 470
916 375
918 995
918 195
918 841
918 913
918 606
918 896
918 442
918 905
918 743
918 753
918 595
918 226
919 227
920 571
920 166
921 614
922 763
924 35
924 872
924 686
924 489
924 743
924 663
924 958
924 61
924 782
924 694
924 912
924 476
924 701
925 127
925 422
926 813
926 173
926 68
926 515
926 63
926 896
926 246
926 584
926 464
926 132
926 912
926 454
926 26
926 162
927 44
927 122
927 84
927 503
928 64
929 571
930 682
930 999
931 817
931 656
932 707
933 147
933 230
934 230
934 289
935 415
935 531
935 154
935 93
935 201
935 486
936 711
936 314
937 18
937 61
937 945
938 945
940 848
941 26
941 569
941 945
942 748
942 61
943 618
943 70
943 35
943 578
943 678
943 191
944 905
944 383
944 495
944 263
944 360
944 876
944 847
945 627
945 243
945 937
945 721
945 265
945 557
945 722
945 941
945 938
945 577
945 652
945 854
945 222
945 822
945 503
948 353
948 861
948 212
949 834
949 652
949 45
950 595
950 861
950 201
950 503
951 271
951 470
951 80
952 803
952 278
952 239
952 973
952 993
952 495
952 818
952 168
952 149
952 502
952 137
952 619
953 240
953 199
953 999
953 731
953 289
954 371
954 265
954 461
954 410
954 835
954 259
955 395
955 791
955 503
956 503
956 847
957 186
957 373
958 779
958 375
958 924
958 157
958 901
959 817
959 147
960 405
960 65
960 653
960 337
960 614
961 170
961 501
961 414
961 855
961 84
961 14
962 620
962 847
963 991
964 553
965 382
966 335
967 307
967 748
968 590
968 78
968 739
968 878
968 254
968 487
968 652
968 151
969 220
969 789
970 778
971 653
971 32
972 65
973 952
973 789
974 45
975 73
975 691
976 808
976 780
976 269
976 726
976 550
976 356
976 407
976 132
976 375
976 731
976 659
978 46
979 443
979 225
979 891
979 131
979 360
979 464
980 689
981 135
981 737
981 189
981 277
981 94
981 439
981 692
981 636
981 425
981 470
981 788
981 689
982 802
982 876
982 212
983 404
984 221
984 748
985 349
985 614
986 177
986 825
986 892
987 395
988 46
989 28
990 373
991 315
991 651
991 410
991 608
991 292
991 963
991 251
991 552
992 375
992 701
992 237
993 952
993 230
993 573
994 547
994 512
994 210
994 876
994 701
995 918
996 748
998 32
999 808
999 930
999 525
999 65
999 69
999 478
999 953
1000 688
