1 808
1 740
1 712
1 131
1 365
1 823
1 380
1 373
1 335
2 7
2 439
2 579
2 514
2 755
2 248
2 398
3 825
3 122
3 144
3 765
4 382
4 861
4 38
4 703
4 68
5 683
5 672
6 797
6 681
6 607
6 564
6 692
6 250
6 992
7 237
7 848
7 992
7 349
7 2
7 720
8 128
8 45
8 535
8 912
8 444
9 892
10 474
10 250
10 127
10 108
11 354
11 566
11 56
11 233
12 601
12 60
12 673
12 136
12 706
12 330
12 371
12 42
12 319
12 245
12 58
12 905
13 788
14 848
14 110
14 293
14 961
14 352
14 218
14 777
14 214
14 365
14 600
14 153
14 355
15 87
15 315
16 778
16 665
16 153
17 586
17 54
17 675
17 913
18 937
18 434
18 339
18 675
18 745
19 353
19 453
19 592
19 899
19 318
20 174
20 250
20 58
20 574
21 349
21 174
21 283
21 26
21 558
21 331
22 411
22 58
22 862
23 46
23 376
23 896
23 580
23 223
23 466
23 493
23 115
23 838
23 230
23 694
23 504
23 291
23 411
23 967
23 665
24 844
24 532
24 494
24 398
24 909
24 884
24 174
24 491
24 287
25 108
25 559
25 767
25 71
26 34
26 941
26 21
26 438
26 781
26 148
26 327
26 659
26 157
26 698
27 161
27 157
27 370
27 234
28 989
28 691
28 30
28 715
28 678
28 175
28 903
28 667
28 457
28 439
28 585
28 207
28 883
29 306
29 86
29 67
29 814
29 491
29 820
29 214
29 37
29 296
29 662
29 572
29 388
29 988
29 597
30 28
30 521
30 452
30 966
31 552
31 43
31 993
31 917
31 908
31 608
31 179
31 108
31 104
31 587
31 647
32 393
32 117
32 271
32 143
32 41
32 971
32 525
32 859
32 998
32 775
32 292
32 908
32 196
32 200
32 220
32 472
32 96
32 384
33 745
33 814
33 121
34 26
34 900
34 373
34 407
34 811
35 943
35 924
35 858
35 454
35 665
35 79
35 331
36 619
36 612
37 417
37 502
37 58
37 29
38 658
38 221
38 115
38 856
38 330
38 521
38 618
38 466
38 751
38 580
38 293
38 474
38 4
38 220
38 137
38 850
40 349
40 879
40 709
40 370
40 447
41 875
41 217
41 538
41 115
41 795
41 403
41 511
41 32
41 60
41 811
41 966
42 623
42 754
42 800
42 523
42 142
42 12
42 345
42 740
42 375
42 876
42 355
43 215
43 31
44 927
44 94
44 739
44 878
44 808
44 809
44 698
44 151
44 345
44 987
44 659
44 343
44 758
44 282
44 405
44 662
45 460
45 8
45 898
45 787
45 67
45 949
45 559
45 306
45 414
45 974
45 443
45 812
45 823
45 137
45 879
45 60
46 978
46 324
46 780
46 71
46 239
46 472
46 23
46 701
46 848
46 698
46 920
47 174
47 812
47 162
48 950
48 810
48 272
48 919
48 331
48 815
48 363
48 193
49 508
49 521
49 357
49 166
49 966
50 252
50 80
50 287
50 395
50 455
51 113
51 608
51 691
51 488
51 255
51 301
51 193
52 314
52 162
52 690
52 609
53 830
53 147
53 847
53 814
53 121
54 407
54 770
54 17
54 501
54 790
54 276
54 564
54 882
54 711
54 117
54 447
54 226
54 354
55 599
55 226
55 912
55 402
56 791
56 508
56 301
56 250
56 135
56 11
56 846
57 976
57 80
57 958
57 485
57 435
57 658
57 660
57 953
58 943
58 37
58 869
58 20
58 573
58 837
58 22
58 697
58 879
58 12
58 432
58 892
59 709
59 744
59 202
60 45
60 663
60 360
60 590
60 41
60 662
60 305
60 521
60 109
60 979
60 412
60 511
60 12
60 354
61 937
61 208
61 942
61 799
61 910
61 791
61 320
61 432
61 909
61 450
61 924
61 241
61 756
61 370
61 122
61 96
62 199
62 84
62 503
62 442
62 685
63 505
63 256
63 223
63 502
63 264
63 146
63 866
63 789
63 478
63 82
63 402
64 610
64 358
64 928
64 210
64 449
64 486
64 745
64 439
65 621
65 960
65 902
65 603
65 131
65 972
65 338
65 558
65 999
65 156
65 266
66 264
66 869
66 661
66 748
66 283
66 189
66 280
66 752
66 370
66 367
66 435
67 711
67 45
67 876
67 704
67 992
67 905
67 691
67 29
67 318
68 427
68 190
68 705
68 108
68 827
68 848
68 857
68 4
68 637
68 749
68 807
68 692
68 485
68 720
69 987
69 211
69 168
69 592
69 466
69 622
69 825
69 325
69 884
69 845
69 359
69 710
69 157
69 420
69 999
69 821
69 685
69 475
69 636
70 310
70 943
70 337
70 80
70 558
71 281
71 298
71 802
71 773
71 25
71 772
71 803
71 228
71 46
71 421
71 669
72 354
72 847
72 318
72 885
73 138
73 249
73 304
73 343
73 299
73 975
73 711
73 331
74 210
74 127
74 814
74 247
74 802
75 310
75 87
75 585
75 574
75 116
76 615
77 665
77 883
78 968
78 553
78 599
78 503
79 276
79 785
79 217
79 118
79 538
79 493
79 923
79 35
79 741
79 750
79 988
80 791
80 124
80 629
80 50
80 268
80 379
80 406
80 70
80 809
80 833
80 353
80 726
80 951
80 621
80 907
80 314
80 57
81 524
81 758
81 813
81 356
81 690
82 482
82 608
82 809
82 243
82 926
82 465
82 397
82 153
82 493
82 522
82 312
82 699
82 361
82 895
82 63
82 769
82 627
82 142
83 305
83 748
83 896
84 471
84 733
84 898
84 62
84 574
84 806
84 961
84 479
84 515
84 913
84 876
84 237
84 228
85 613
85 447
85 760
85 920
86 302
86 564
86 247
86 29
87 592
87 75
87 891
87 192
87 90
87 513
87 15
87 141
87 787
87 812
87 715
87 449
88 817
88 99
88 649
88 704
88 475
89 788
90 610
90 87
90 652
91 272
91 301
91 599
92 740
92 95
93 777
93 229
93 637
93 565
93 577
93 494
93 247
93 346
93 331
94 981
94 656
94 112
94 472
94 44
94 96
95 473
95 327
95 342
95 92
95 430
95 872
95 176
95 135
95 703
95 672
96 115
96 859
96 32
96 680
96 427
96 903
96 94
96 61
96 843
96 647
96 763
96 184
97 112
98 612
98 811
99 255
99 736
99 88
99 820
99 279
99 548
99 484
100 487
100 137
100 534
101 534
101 193
101 824
101 859
101 224
101 901
101 903
101 796
101 473
102 250
102 173
102 491
102 166
103 813
103 864
103 576
104 298
104 677
104 234
104 542
104 811
104 854
104 711
104 267
104 31
105 311
105 193
106 329
106 405
107 614
107 155
107 197
108 637
108 309
108 10
108 237
108 25
108 460
108 828
108 356
108 68
108 31
108 885
108 826
109 512
109 60
109 442
110 755
110 296
110 246
110 322
110 698
110 14
110 486
110 337
110 900
110 660
110 162
111 781
111 509
111 155
111 636
112 136
112 400
112 488
112 234
112 598
112 570
112 97
112 94
112 151
112 659
112 142
113 51
113 652
113 130
113 318
113 166
114 688
115 41
115 38
115 23
115 940
115 96
116 504
116 264
116 75
116 254
116 804
116 851
116 802
116 352
116 134
117 301
117 882
117 119
117 414
117 167
117 510
117 187
117 54
117 559
117 32
117 201
117 545
118 703
118 485
118 921
118 79
119 692
119 117
119 842
119 166
119 151
119 130
119 846
120 509
120 216
120 311
120 688
120 693
120 813
120 574
120 767
120 455
120 920
121 949
121 772
121 53
121 140
121 912
121 472
121 672
121 473
121 33
121 600
121 198
122 655
122 666
122 717
122 466
122 3
122 521
122 299
122 61
122 876
123 661
123 515
123 731
123 750
123 876
124 177
124 711
124 701
124 80
124 758
125 405
125 788
125 847
125 357
125 660
125 485
126 255
126 330
126 789
126 879
126 832
126 855
127 270
127 261
127 908
127 172
127 897
127 242
127 375
127 925
127 161
127 74
127 10
127 486
127 521
127 331
128 8
128 771
128 301
128 249
128 257
128 686
128 199
128 805
128 451
128 480
128 430
128 852
128 637
128 285
128 685
128 672
129 834
129 896
129 811
129 885
130 587
130 707
130 169
130 868
130 167
130 676
130 403
130 962
130 113
130 481
130 119
130 212
130 237
131 746
131 979
131 65
131 1
131 660
132 260
132 205
132 544
132 505
132 602
132 825
132 329
132 976
132 554
132 647
132 346
132 883
133 755
133 854
133 691
133 453
133 701
133 193
133 398
133 703
134 233
134 443
134 116
134 598
134 809
134 933
134 985
134 202
135 793
135 95
135 956
135 607
135 56
135 981
135 470
135 486
135 188
135 354
135 534
136 524
136 12
136 112
136 199
137 733
137 38
137 905
137 616
137 694
137 617
137 952
137 45
137 100
137 175
137 644
137 660
138 73
138 445
138 341
138 576
139 889
139 383
139 565
139 789
139 188
139 912
140 177
140 405
140 241
140 303
140 121
141 87
141 226
141 585
141 455
142 112
142 513
142 921
142 619
142 82
142 686
142 606
142 569
142 42
142 491
143 155
143 32
143 401
143 388
144 479
144 604
144 172
144 811
144 3
144 211
144 405
144 765
144 737
144 446
144 315
144 987
144 280
144 349
144 301
145 653
145 460
145 935
145 762
146 825
146 758
146 63
146 862
147 468
147 610
147 705
147 206
147 836
147 271
147 933
147 959
147 593
147 53
147 604
147 178
148 661
148 683
148 237
148 559
148 26
149 952
149 765
149 921
149 355
150 311
151 112
151 799
151 968
151 693
151 119
151 865
151 44
151 484
152 682
152 536
152 369
152 357
152 202
153 194
153 192
153 16
153 897
153 14
153 221
153 82
154 935
155 143
155 107
155 655
155 557
155 111
155 284
156 370
156 459
156 714
156 65
156 704
156 385
156 483
156 675
157 437
157 27
157 958
157 746
157 165
157 26
157 168
157 171
157 812
157 492
157 199
157 69
158 692
158 847
158 411
158 690
158 433
159 513
159 740
160 201
160 474
160 672
160 286
161 27
161 127
161 768
161 307
161 730
161 286
162 377
162 855
162 110
162 47
162 52
162 386
162 649
162 682
162 360
162 664
163 288
163 354
163 425
163 284
163 831
163 523
163 460
163 779
163 780
163 720
164 367
164 780
165 157
165 587
166 611
166 792
166 920
166 295
166 263
166 246
166 49
166 119
166 532
166 900
166 601
166 835
166 113
166 102
166 335
167 726
167 390
167 765
167 838
167 519
167 117
167 130
168 952
168 502
168 230
168 905
168 945
168 157
168 587
168 706
168 69
169 864
169 220
169 130
169 286
169 576
169 627
170 961
170 760
171 553
171 195
171 157
171 197
172 127
172 250
172 627
172 144
172 388
172 706
172 582
173 674
173 679
173 500
173 733
173 300
173 102
173 908
173 470
173 449
173 706
174 47
174 20
174 24
174 439
174 512
174 360
174 610
174 228
174 733
174 21
174 738
174 537
174 769
174 611
174 475
174 647
174 986
174 474
175 620
175 28
175 240
175 842
175 137
175 765
175 395
176 695
176 812
176 300
176 505
176 521
176 301
176 405
176 95
177 124
177 450
177 140
177 589
177 986
177 246
177 516
177 722
177 789
177 188
178 499
178 807
178 647
178 559
178 798
178 354
178 762
178 205
178 643
178 147
178 538
178 693
178 328
178 581
179 424
179 383
179 881
179 288
179 471
179 614
179 31
180 610
180 238
180 850
181 502
181 930
182 748
182 855
182 739
182 588
182 344
182 904
182 604
182 901
182 834
182 427
183 337
183 472
183 894
184 96
184 759
184 715
184 667
184 417
184 258
184 532
184 983
184 630
184 370
184 360
184 812
184 665
185 738
186 640
186 838
186 957
186 353
186 615
186 301
187 214
187 858
187 471
187 812
187 472
187 117
187 730
187 811
187 433
188 139
188 930
188 286
188 993
188 977
188 135
188 205
188 177
188 310
188 789
188 683
188 592
188 532
188 193
188 435
189 464
189 981
189 731
189 581
189 636
189 66
190 486
190 212
190 585
190 530
190 68
190 894
191 943
191 901
191 199
191 341
192 220
192 520
192 546
192 412
192 978
192 854
192 87
192 153
193 866
193 51
193 195
193 765
193 874
193 952
193 503
193 133
193 940
193 48
193 105
193 378
193 188
193 896
193 762
193 101
194 570
194 515
194 289
194 935
194 778
194 791
194 670
194 762
194 228
194 153
195 269
195 671
195 941
195 603
195 171
195 638
195 728
195 550
195 740
195 918
195 509
195 807
195 193
196 778
196 475
196 604
196 220
196 850
196 32
196 913
196 802
197 501
197 952
197 274
197 107
197 995
197 171
197 295
197 442
197 986
197 605
197 956
197 627
197 774
197 812
197 639
197 850
197 904
197 996
197 388
197 834
197 675
198 121
198 871
198 467
198 200
198 640
198 208
198 818
198 326
198 994
198 470
199 903
199 687
199 953
199 62
199 698
199 820
199 378
199 136
199 191
199 157
199 598
199 562
199 128
199 899
199 393
199 346
199 846
200 486
200 744
200 879
200 198
200 284
200 32
201 399
201 950
201 117
201 319
201 935
201 400
201 160
201 728
201 696
201 865
201 705
201 288
201 527
201 662
202 255
202 423
202 280
202 134
202 371
202 217
202 223
202 449
202 59
202 468
202 829
202 843
202 152
202 731
202 998
202 248
202 879
202 934
202 582
203 692
203 488
203 448
204 513
204 252
204 631
205 738
205 132
205 178
205 188
206 147
206 247
207 956
207 934
207 606
207 255
207 896
207 441
207 28
207 967
207 245
208 61
208 198
209 381
209 251
209 246
209 682
209 220
209 675
210 655
210 257
210 74
210 746
210 378
210 442
210 824
210 267
210 994
210 64
210 511
210 745
210 576
211 779
211 250
211 660
211 144
211 69
212 370
212 982
212 190
212 577
212 948
212 713
212 675
212 825
212 646
212 405
212 130
213 584
213 807
213 389
213 600
213 515
213 630
214 187
214 239
214 649
214 14
214 765
214 29
215 43
215 670
215 918
216 120
216 271
216 774
216 333
216 751
216 250
216 828
216 442
216 530
217 41
217 604
217 314
217 79
217 202
218 324
218 451
218 849
218 284
218 621
218 14
218 560
219 825
219 691
219 698
220 169
220 618
220 378
220 969
220 513
220 196
220 558
220 781
220 644
220 32
220 547
220 258
220 209
220 491
220 192
220 38
221 774
221 681
221 818
221 376
221 984
221 644
221 760
221 38
221 834
221 153
221 327
222 802
222 649
222 945
222 599
222 472
222 609
223 416
223 673
223 414
223 464
223 775
223 731
223 23
223 527
223 63
223 202
224 101
224 407
224 392
225 979
225 848
225 582
226 477
226 770
226 513
226 141
226 430
226 702
226 918
226 55
226 641
226 54
227 741
227 816
227 919
227 640
227 841
227 918
227 864
227 335
228 71
228 701
228 425
228 635
228 325
228 290
228 194
228 839
228 585
228 84
228 970
228 949
228 553
228 174
228 245
228 813
228 675
228 765
228 698
228 548
229 485
229 349
229 93
229 885
230 551
230 459
230 993
230 933
230 168
230 23
230 569
230 492
231 803
231 574
232 569
232 250
232 894
233 11
233 134
233 331
234 986
234 918
234 821
234 511
234 778
234 476
234 593
234 285
234 737
234 715
234 417
234 650
234 904
234 556
234 712
234 836
234 944
234 27
234 613
234 272
234 104
234 112
236 653
236 327
237 7
237 843
237 448
237 532
237 872
237 84
237 130
237 148
237 507
237 464
237 820
237 485
237 108
237 814
237 548
237 597
238 764
238 617
238 553
238 800
238 180
238 287
238 753
238 732
238 354
239 364
239 457
239 258
239 214
239 565
239 394
239 343
239 952
239 834
239 503
239 357
239 307
239 981
239 46
240 953
240 366
240 175
240 379
240 747
240 858
240 966
241 500
241 61
241 140
242 884
242 691
242 807
242 127
242 502
242 953
243 945
243 284
243 834
243 82
243 706
244 475
244 604
244 407
244 701
244 940
244 760
245 12
245 834
245 408
245 872
245 228
245 207
245 812
245 899
246 603
246 209
246 177
246 110
246 926
246 337
246 709
246 166
246 354
246 318
247 86
247 776
247 625
247 93
247 206
247 972
247 74
248 850
248 2
248 571
248 992
248 465
248 813
248 283
248 574
248 202
248 335
249 73
249 128
249 992
249 858
249 999
249 331
250 172
250 484
250 102
250 216
250 539
250 497
250 469
250 835
250 748
250 424
250 56
250 731
250 972
250 232
250 6
250 808
250 211
250 10
250 20
250 795
250 619
250 953
251 566
251 209
251 991
251 585
251 612
251 747
252 204
252 753
252 400
252 574
252 304
252 50
252 897
252 735
252 407
252 763
252 988
253 511
253 401
254 968
254 847
254 612
254 986
254 116
254 266
255 126
255 280
255 557
255 99
255 791
255 656
255 51
255 207
255 647
255 202
255 545
255 384
256 778
256 63
256 654
256 926
257 353
257 210
257 128
257 834
258 239
258 220
258 612
258 768
258 184
259 954
259 427
260 132
261 127
261 460
262 349
262 811
263 944
263 166
263 318
263 582
264 836
264 367
264 265
264 590
264 535
264 473
264 414
264 807
264 607
264 927
264 63
264 828
264 116
264 767
264 66
265 427
265 954
265 762
265 264
265 945
265 988
265 402
266 625
266 65
266 728
266 254
266 736
266 272
266 335
267 818
267 431
267 956
267 573
267 457
267 738
267 700
267 718
267 104
267 519
267 859
267 210
267 619
267 411
267 921
267 966
268 80
268 501
268 926
268 765
269 976
269 195
269 966
270 817
270 405
270 711
270 127
270 491
270 455
271 651
271 951
271 147
271 216
271 32
271 779
271 953
271 331
272 91
272 266
272 429
272 412
272 473
272 791
272 339
272 234
272 779
272 424
272 871
272 490
272 560
272 48
273 455
273 574
273 488
274 197
276 661
276 553
276 54
276 758
276 647
276 892
276 79
276 988
277 841
277 807
277 350
277 871
277 524
277 456
277 325
277 685
277 583
277 928
277 289
277 698
278 952
279 99
279 947
280 255
280 282
280 926
280 144
280 452
280 202
280 66
280 545
280 846
281 524
281 661
281 711
281 842
281 862
281 71
282 468
282 793
282 898
282 602
282 44
282 280
282 426
282 722
282 335
282 435
282 947
283 248
283 830
283 732
283 21
283 985
283 66
284 484
284 200
284 608
284 698
284 327
284 155
284 431
284 833
284 814
284 243
284 344
284 299
284 915
284 357
284 926
284 585
284 967
284 218
284 163
285 841
285 128
285 478
285 234
286 307
286 913
286 556
286 320
286 160
286 665
286 874
286 161
286 169
286 547
286 188
286 862
286 395
287 597
287 50
287 878
287 290
287 576
287 24
287 417
287 612
287 830
287 405
287 238
287 530
287 750
287 302
288 840
288 805
288 401
288 356
288 748
288 864
288 722
288 201
288 163
288 179
289 551
289 590
289 780
289 953
289 934
289 803
289 194
289 730
289 277
289 849
289 847
289 750
289 828
289 901
289 732
290 445
290 585
290 503
290 228
290 287
290 985
291 620
291 356
291 23
292 553
292 991
292 32
292 475
292 309
292 892
292 612
293 14
293 38
293 934
293 892
293 534
294 765
294 767
294 398
295 503
295 166
295 850
295 765
295 352
295 197
296 110
296 789
296 328
296 341
296 894
296 29
297 545
298 508
298 104
298 732
298 341
298 71
299 73
299 284
299 122
299 896
300 566
300 173
300 789
300 478
300 850
300 176
300 303
301 91
301 837
301 144
301 186
301 51
301 176
301 56
301 771
301 620
301 692
301 536
301 117
301 509
301 128
301 492
301 404
302 86
302 287
302 789
302 934
303 996
303 843
303 140
303 929
303 796
303 638
303 514
303 300
303 369
303 858
303 767
304 73
304 252
304 475
304 926
305 83
305 461
305 60
305 401
305 632
306 45
306 29
306 331
307 483
307 728
307 339
307 161
307 855
307 239
307 318
307 656
307 895
307 425
307 774
307 375
307 934
307 286
308 731
308 660
308 319
308 785
309 700
309 336
309 660
309 616
309 793
309 292
309 869
309 330
309 677
309 481
309 683
309 503
309 108
310 550
310 70
310 75
310 751
310 188
311 120
311 610
311 348
311 476
311 662
311 797
311 362
311 830
311 105
311 150
311 323
311 615
312 329
312 619
312 407
312 82
313 796
313 341
313 828
313 356
313 744
313 732
314 786
314 52
314 838
314 936
314 833
314 906
314 217
314 866
314 80
314 453
314 834
314 615
314 828
315 15
315 339
315 544
315 831
315 857
315 705
315 573
315 905
315 144
315 454
316 646
317 356
317 599
317 631
317 703
317 706
318 72
318 499
318 263
318 941
318 608
318 800
318 738
318 113
318 19
318 67
318 246
318 319
318 307
319 884
319 308
319 12
319 459
319 318
319 825
319 711
319 201
319 660
320 61
320 363
320 367
320 286
321 618
321 745
321 847
321 703
321 333
321 986
321 331
322 110
322 509
322 935
323 311
323 999
323 768
324 46
324 689
324 662
324 218
325 486
325 656
325 277
325 228
325 69
326 395
326 709
326 569
326 198
327 869
327 221
327 458
327 978
327 236
327 284
327 95
327 26
327 953
328 532
328 373
328 867
328 178
328 865
328 933
328 296
328 494
328 675
328 834
328 349
328 828
328 367
328 967
329 106
329 769
329 664
329 312
329 132
329 692
329 652
330 648
330 343
330 498
330 126
330 478
330 468
330 751
330 587
330 534
330 548
330 38
330 309
330 535
330 927
330 12
331 271
331 249
331 694
331 306
331 679
331 321
331 628
331 711
331 645
331 233
331 818
331 971
331 21
331 93
331 35
331 73
331 127
331 715
331 912
331 812
331 48
332 935
333 557
333 876
333 321
333 455
333 796
333 666
333 393
333 216
333 407
334 745
335 514
335 408
335 166
335 282
335 378
335 1
335 227
335 248
335 266
335 924
335 571
336 309
337 110
337 823
337 70
337 960
337 595
337 246
337 183
337 393
337 360
338 65
338 530
339 18
339 272
339 315
339 307
339 773
339 560
339 421
340 501
340 701
340 848
341 342
341 796
341 296
341 298
341 191
341 764
341 430
341 843
341 677
341 138
341 313
341 369
341 864
341 966
342 615
342 95
342 341
343 589
343 73
343 239
343 330
343 692
343 44
343 966
344 182
344 284
344 576
345 42
345 703
345 44
346 953
346 132
346 93
346 669
346 543
346 199
346 924
346 592
346 530
346 672
347 778
348 311
348 660
349 428
349 705
349 40
349 472
349 853
349 985
349 144
349 262
349 21
349 579
349 328
349 463
349 229
349 7
349 855
350 277
350 401
351 883
352 295
352 716
352 833
352 981
352 576
352 768
352 116
352 14
352 745
353 818
353 257
353 790
353 496
353 580
353 948
353 186
353 19
353 480
353 80
353 631
353 444
354 72
354 60
354 428
354 837
354 888
354 54
354 135
354 246
354 238
354 178
354 163
354 11
354 669
355 549
355 682
355 647
355 42
355 769
355 552
355 847
355 14
355 862
355 149
355 421
355 986
356 381
356 313
356 317
356 430
356 528
356 434
356 743
356 81
356 291
356 650
356 108
356 464
356 976
356 745
356 288
357 125
357 627
357 152
357 284
357 239
357 808
357 542
357 635
357 374
357 634
357 733
357 49
357 862
357 545
358 64
358 404
359 773
359 69
360 337
360 882
360 659
360 889
360 162
360 697
360 184
360 979
360 174
360 944
360 60
360 999
361 758
361 370
361 82
362 536
362 311
362 848
362 788
363 673
363 937
363 48
363 320
363 625
363 589
363 738
363 553
363 631
363 732
364 239
364 701
364 894
365 1
365 485
365 14
365 802
366 774
366 240
366 411
366 940
367 450
367 66
367 320
367 645
367 164
367 433
367 328
367 724
367 264
367 807
368 464
368 744
368 892
368 850
369 303
369 429
369 704
369 574
369 423
369 909
369 341
369 152
369 537
369 600
369 830
369 418
369 940
370 184
370 941
370 611
370 361
370 27
370 651
370 589
370 673
370 61
370 40
370 528
370 750
370 668
370 66
370 156
370 744
370 212
371 954
371 825
371 762
371 876
371 12
371 202
373 518
373 830
373 392
373 663
373 602
373 400
373 679
373 957
373 990
373 859
373 34
373 1
373 382
373 734
373 328
373 802
374 475
374 470
374 357
374 491
374 545
374 885
375 848
375 668
375 820
375 653
375 471
375 916
375 992
375 562
375 958
375 710
375 307
375 42
375 650
375 976
375 127
375 559
375 920
376 221
376 692
376 475
376 23
376 647
376 913
377 405
377 711
377 162
378 210
378 199
378 220
378 193
378 335
379 620
379 240
379 552
379 80
379 731
379 862
380 492
380 1
381 209
381 356
381 527
381 791
381 888
381 484
382 4
382 965
382 849
382 762
382 373
382 926
382 398
383 139
383 791
383 944
383 179
384 815
384 255
384 678
384 630
384 705
384 584
384 652
384 32
384 856
384 932
385 156
385 826
386 470
386 847
386 879
386 854
386 162
387 491
388 871
388 29
388 172
388 143
388 953
388 474
388 197
388 504
388 577
388 615
388 499
389 213
389 920
390 167
390 448
391 554
391 604
392 713
392 918
392 418
392 224
392 599
392 935
392 754
392 744
392 373
392 472
393 541
393 199
393 582
393 32
393 337
393 333
393 665
393 920
394 239
394 599
394 485
394 559
395 326
395 955
395 987
395 886
395 422
395 429
395 50
395 430
395 790
395 175
395 286
395 675
395 747
396 867
396 856
396 466
396 830
396 640
396 728
396 911
396 592
396 739
396 747
397 762
397 82
397 669
398 294
398 382
398 133
398 760
398 861
398 2
398 414
398 926
398 900
398 564
398 24
398 953
399 201
399 464
399 455
399 402
400 252
400 711
400 201
400 722
400 373
400 112
401 253
401 350
401 722
401 305
401 143
401 571
401 429
401 420
401 876
401 614
401 288
401 559
401 454
401 672
402 55
402 734
402 399
402 510
402 746
402 988
402 63
402 265
402 535
402 821
402 803
402 986
402 920
403 41
403 516
403 130
404 983
404 759
404 647
404 788
404 301
404 758
404 644
404 358
404 742
404 664
404 685
405 287
405 770
405 440
405 783
405 125
405 140
405 270
405 377
405 589
405 518
405 106
405 881
405 830
405 960
405 44
405 970
405 761
405 943
405 176
405 212
405 701
405 144
405 883
406 508
406 689
406 892
406 80
406 660
407 482
407 224
407 549
407 710
407 252
407 34
407 244
407 911
407 333
407 312
407 54
407 976
407 722
407 503
407 966
408 527
408 245
408 335
408 765
409 449
409 876
409 765
409 448
410 954
410 991
410 573
410 508
410 912
410 985
411 559
411 23
411 22
411 533
411 158
411 855
411 267
411 366
412 272
412 585
412 192
412 660
412 60
412 732
412 814
412 581
413 584
414 961
414 117
414 223
414 45
414 646
414 264
414 398
415 935
415 861
415 454
415 966
416 223
416 560
417 37
417 184
417 287
417 894
417 234
418 392
418 369
419 807
419 683
420 615
420 69
420 401
421 339
421 604
421 71
421 902
421 759
421 446
421 934
421 670
421 355
422 804
422 925
422 856
422 813
422 500
422 535
422 395
423 762
423 369
423 953
423 202
424 445
424 487
424 250
424 627
424 944
424 272
424 179
425 981
425 485
425 228
425 307
425 163
426 282
427 265
427 182
427 763
427 259
427 946
427 900
427 68
427 706
427 96
428 349
428 619
428 354
428 574
428 534
429 369
429 272
429 401
429 395
430 524
430 356
430 128
430 226
430 503
430 95
430 465
430 341
430 395
431 512
431 284
431 267
432 892
432 58
432 61
432 478
432 765
433 158
433 580
433 187
433 959
433 563
433 737
433 521
433 633
433 367
433 532
434 18
434 356
434 926
435 282
435 938
435 803
435 66
435 698
435 188
435 57
435 488
435 985
436 534
437 157
437 503
438 470
438 531
438 26
438 981
439 64
439 174
439 28
439 2
439 545
440 405
441 603
441 207
441 986
441 662
442 771
442 789
442 109
442 216
442 756
442 979
442 62
442 210
442 689
442 197
443 979
443 45
443 134
444 733
444 353
444 461
444 482
444 8
444 609
445 539
445 424
445 290
445 805
445 840
445 138
445 692
446 144
446 421
447 620
447 618
447 85
447 563
447 824
447 54
447 623
447 820
447 40
447 778
447 552
447 465
447 472
447 584
448 390
448 981
448 963
448 876
448 409
448 689
448 781
448 203
448 691
448 237
449 476
449 815
449 87
449 511
449 409
449 64
449 496
449 735
449 743
449 173
449 773
449 202
450 177
450 536
450 688
450 367
450 61
451 620
451 128
451 689
451 587
451 218
451 484
452 484
452 757
452 280
452 879
452 854
452 30
452 502
453 580
453 133
453 314
453 882
453 851
453 800
453 487
453 460
453 19
453 692
453 646
453 709
453 490
453 516
454 401
454 35
454 623
454 315
454 580
454 945
454 509
454 866
454 415
454 892
454 513
455 273
455 270
455 141
455 120
455 603
455 399
455 50
455 572
455 759
455 876
455 333
456 653
456 277
457 239
457 803
457 267
457 28
458 778
458 612
458 812
458 327
459 230
459 156
459 319
460 261
460 591
460 163
460 839
460 108
460 145
460 453
460 45
460 918
461 305
461 954
461 613
461 659
461 444
462 516
463 595
463 731
463 349
464 778
464 189
464 399
464 764
464 979
464 670
464 700
464 368
464 732
464 223
464 356
464 581
464 237
465 815
465 447
465 495
465 653
465 496
465 430
465 485
465 610
465 999
465 248
465 536
465 490
465 82
466 661
466 513
466 396
466 122
466 38
466 23
466 492
466 501
466 69
467 198
468 282
468 147
468 330
468 202
469 492
469 250
469 652
470 135
470 731
470 815
470 438
470 374
470 915
470 386
470 981
470 951
470 761
470 198
470 480
470 173
470 848
470 632
471 84
471 375
471 187
471 862
471 179
472 222
472 649
472 94
472 723
472 183
472 447
472 890
472 717
472 911
472 392
472 792
472 828
472 32
472 349
472 834
472 187
472 121
472 46
473 272
473 264
473 95
473 121
473 101
474 895
474 10
474 869
474 499
474 791
474 589
474 620
474 160
474 794
474 174
474 38
474 901
474 388
475 174
475 376
475 196
475 374
475 244
475 292
475 532
475 536
475 510
475 304
475 69
475 88
475 632
475 788
475 652
476 570
476 311
476 449
476 924
476 688
476 234
477 613
477 226
477 709
478 300
478 63
478 631
478 432
478 285
478 330
478 527
479 84
479 646
479 768
479 144
480 353
480 128
480 470
480 486
480 930
480 530
481 689
481 309
481 130
481 966
482 407
482 82
482 444
483 307
483 156
483 926
484 687
484 99
484 381
484 451
484 528
484 967
484 151
484 250
484 284
484 670
484 452
485 365
485 394
485 425
485 229
485 559
485 68
485 922
485 118
485 237
485 125
485 465
485 57
486 773
486 561
486 135
486 127
486 110
486 325
486 539
486 64
486 935
486 480
486 200
486 190
486 772
486 983
486 813
487 100
487 424
487 968
487 856
487 840
487 453
488 839
488 489
488 616
488 521
488 646
488 987
488 998
488 203
488 654
488 273
488 435
488 112
488 51
488 985
489 924
489 492
489 967
489 986
489 488
489 750
489 883
489 947
490 465
490 590
490 761
490 812
490 827
490 272
490 701
490 756
490 739
490 453
491 142
491 949
491 546
491 24
491 890
491 819
491 882
491 102
491 387
491 270
491 585
491 374
491 788
491 220
491 842
491 29
492 380
492 301
492 466
492 230
492 842
492 157
492 489
492 469
492 683
492 722
492 966
493 23
493 569
493 82
493 79
494 589
494 93
494 328
494 24
495 553
495 944
495 952
495 465
495 656
496 353
496 449
496 465
496 559
497 250
497 888
498 330
498 709
499 474
499 178
499 656
499 388
499 318
500 173
500 807
500 241
500 422
500 604
500 750
500 559
500 560
500 720
501 340
501 466
501 268
501 961
501 54
501 197
502 37
502 181
502 168
502 242
502 648
502 952
502 452
502 662
502 63
503 735
503 606
503 955
503 78
503 407
503 309
503 437
503 430
503 295
503 786
503 870
503 616
503 290
503 945
503 540
503 239
503 956
503 62
503 950
503 750
503 193
504 653
504 23
504 388
504 116
505 63
505 132
505 176
506 756
506 688
506 576
507 630
507 515
507 237
508 815
508 859
508 583
508 56
508 49
508 774
508 406
508 410
508 853
508 298
508 689
508 559
508 665
509 120
509 580
509 824
509 570
509 642
509 195
509 301
509 322
509 111
509 454
510 117
510 475
510 402
511 41
511 210
511 253
511 643
511 449
511 659
511 60
511 234
512 109
512 994
512 603
512 431
512 886
512 174
512 750
513 874
513 159
513 466
513 729
513 454
513 204
513 87
513 226
513 220
513 142
513 814
514 335
514 559
514 2
514 303
515 908
515 213
515 590
515 851
515 726
515 849
515 194
515 891
515 123
515 507
515 84
515 832
515 947
516 177
516 453
516 462
516 403
516 749
516 624
516 554
516 986
516 531
516 834
517 780
518 405
518 373
519 167
519 536
519 267
520 789
520 192
520 559
521 937
521 30
521 49
521 127
521 176
521 38
521 573
521 927
521 60
521 122
521 488
521 433
522 610
522 748
522 619
522 82
523 42
523 662
523 163
524 136
524 81
524 281
524 565
524 430
524 573
524 277
524 582
525 999
525 32
525 720
526 711
526 842
526 758
526 747
527 408
527 223
527 381
527 201
527 478
527 879
527 675
527 920
528 618
528 356
528 370
528 484
530 287
530 338
530 346
530 190
530 216
530 480
530 630
530 564
530 940
531 516
531 742
531 438
531 616
531 879
531 559
531 545
532 433
532 861
532 842
532 920
532 599
532 677
532 188
532 475
532 237
532 328
532 184
532 24
532 166
533 939
533 996
533 558
533 824
533 411
534 699
534 293
534 436
534 100
534 627
534 135
534 428
534 101
534 330
535 679
535 422
535 330
535 8
535 580
535 653
535 402
535 631
535 264
535 665
536 301
536 362
536 152
536 465
536 519
536 662
536 450
536 856
536 630
536 475
537 369
537 174
537 690
538 41
538 178
538 79
538 584
539 445
539 486
539 864
539 250
539 632
539 966
540 503
541 393
542 357
542 104
542 558
543 913
543 646
543 785
543 346
544 132
544 315
545 814
545 357
545 297
545 941
545 280
545 255
545 674
545 989
545 871
545 439
545 833
545 117
545 374
545 531
545 559
545 672
546 692
546 192
546 491
547 696
547 994
547 220
547 745
547 286
548 753
548 805
548 646
548 99
548 237
548 567
548 553
548 228
548 760
548 892
548 930
548 330
549 664
549 934
549 407
549 355
550 310
550 976
550 195
551 289
551 731
551 230
552 447
552 379
552 693
552 991
552 977
552 31
552 988
552 355
553 495
553 171
553 292
553 964
553 276
553 363
553 78
553 238
553 228
553 548
554 391
554 691
554 132
554 516
555 724
555 799
555 558
555 614
556 571
556 234
556 286
557 255
557 604
557 945
557 155
557 821
557 333
557 664
558 762
558 21
558 70
558 808
558 555
558 542
558 711
558 957
558 65
558 220
558 828
558 773
558 533
559 148
559 828
559 514
559 496
559 868
559 707
559 670
559 25
559 531
559 394
559 832
559 640
559 655
559 545
559 520
559 909
559 500
559 401
559 508
559 375
559 45
559 178
559 411
559 485
559 842
559 117
559 587
560 416
560 872
560 272
560 500
560 811
560 218
560 339
560 819
561 486
561 894
561 760
562 375
562 199
562 730
563 447
563 433
564 831
564 989
564 797
564 530
564 792
564 398
564 86
564 54
564 6
565 139
565 524
565 239
565 93
566 891
566 300
566 251
566 715
566 803
566 791
566 11
567 548
569 941
569 493
569 606
569 326
569 230
569 232
569 799
569 694
569 699
569 142
570 476
570 626
570 194
570 874
570 600
570 509
570 112
570 669
571 556
571 929
571 248
571 951
571 615
571 335
571 813
571 931
571 611
571 900
571 675
571 756
571 401
572 821
572 29
572 455
573 410
573 704
573 645
573 894
573 865
573 993
573 728
573 524
573 854
573 521
573 671
573 836
573 315
573 874
573 267
573 58
574 231
574 633
574 120
574 428
574 273
574 927
574 248
574 20
574 75
574 675
574 252
574 84
574 369
574 935
574 896
576 955
576 506
576 103
576 344
576 138
576 926
576 210
576 169
576 912
576 287
576 352
577 212
577 945
577 93
577 388
578 943
578 683
578 985
578 690
579 349
579 991
579 2
579 921
580 353
580 509
580 38
580 453
580 23
580 689
580 535
580 612
580 454
580 433
581 464
581 412
581 982
581 178
581 614
581 677
581 751
581 189
581 854
581 690
582 862
582 263
582 987
582 524
582 172
582 873
582 881
582 966
582 202
582 225
582 746
582 393
583 508
583 277
583 730
583 876
584 538
584 413
584 657
584 447
584 981
584 213
584 384
584 747
585 868
585 75
585 290
585 712
585 412
585 251
585 190
585 656
585 28
585 141
585 284
585 491
585 228
585 913
586 17
586 828
586 773
587 754
587 168
587 651
587 165
587 813
587 559
587 632
587 451
587 130
587 330
587 876
587 31
588 934
588 182
588 612
588 632
589 343
589 363
589 494
589 177
589 405
589 474
589 926
589 750
589 370
590 968
590 515
590 264
590 289
590 490
590 60
591 460
591 649
592 666
592 894
592 825
592 396
592 19
592 188
592 346
592 87
592 69
593 677
593 884
593 147
593 234
594 682
595 463
595 950
595 918
595 709
595 337
595 619
595 862
596 758
596 706
597 761
597 29
597 639
597 969
597 701
597 237
597 649
597 287
597 940
598 847
598 112
598 199
598 134
599 682
599 317
599 78
599 394
599 650
599 55
599 765
599 91
599 222
599 683
599 392
599 532
600 570
600 743
600 213
600 756
600 14
600 634
600 789
600 813
600 369
600 121
601 864
601 12
601 166
602 282
602 373
602 132
602 760
603 668
603 441
603 246
603 512
603 65
603 901
603 195
603 768
603 814
603 455
604 629
604 838
604 182
604 391
604 557
604 217
604 638
604 620
604 196
604 147
604 821
604 244
604 500
604 748
604 144
604 421
605 652
605 197
606 918
606 569
606 503
606 142
606 207
607 949
607 959
607 264
607 6
607 135
607 609
607 672
608 620
608 51
608 991
608 284
608 82
608 318
608 31
609 651
609 783
609 795
609 52
609 931
609 222
609 639
609 766
609 444
609 998
609 607
609 968
609 697
609 903
609 683
609 632
610 180
610 90
610 522
610 64
610 884
610 147
610 311
610 174
610 465
611 166
611 370
611 649
611 174
611 571
612 659
612 98
612 580
612 924
612 258
612 458
612 36
612 892
612 836
612 918
612 251
612 292
612 908
612 969
612 588
612 254
612 772
612 287
613 477
613 85
613 912
613 461
613 234
614 732
614 960
614 401
614 794
614 107
614 810
614 811
614 555
614 872
614 581
614 179
615 785
615 342
615 314
615 692
615 311
615 830
615 186
615 76
615 420
615 571
615 388
616 309
616 137
616 503
616 531
616 488
617 238
617 137
617 811
618 321
618 528
618 943
618 38
618 864
618 220
618 447
618 814
618 646
619 250
619 595
619 522
619 267
619 428
619 312
619 36
619 952
619 782
619 142
619 720
620 301
620 962
620 451
620 787
620 608
620 291
620 175
620 379
620 474
620 604
620 447
621 65
621 900
621 80
621 693
621 218
622 918
622 69
623 42
623 834
623 649
623 447
623 454
623 930
624 516
625 266
625 722
625 675
625 363
625 247
626 570
626 779
627 424
627 172
627 169
627 900
627 357
627 82
627 534
627 197
628 331
629 604
629 80
629 813
629 832
629 935
629 913
629 669
630 802
630 859
630 694
630 844
630 507
630 184
630 536
630 213
630 671
630 834
630 530
630 788
630 631
630 854
630 384
631 630
631 740
631 363
631 317
631 204
631 754
631 535
631 353
631 478
632 588
632 792
632 539
632 470
632 855
632 609
632 891
632 828
632 305
632 759
632 782
632 997
632 587
632 475
633 688
633 574
633 433
634 745
634 357
634 600
635 357
635 228
636 776
636 69
636 111
636 189
636 653
636 940
637 108
637 691
637 128
637 689
637 93
637 68
637 921
638 604
638 195
638 765
638 303
639 609
639 597
639 197
640 227
640 186
640 396
640 198
640 730
640 559
641 758
641 779
641 226
641 791
642 509
643 511
643 178
644 221
644 220
644 137
644 404
645 573
645 367
645 331
646 543
646 710
646 212
646 414
646 479
646 771
646 680
646 316
646 618
646 453
646 488
646 548
647 132
647 174
647 376
647 276
647 31
647 255
647 96
647 967
647 878
647 809
647 404
647 178
647 355
648 330
648 731
648 502
648 850
649 711
649 222
649 88
649 214
649 623
649 797
649 800
649 611
649 591
649 472
649 162
649 597
650 817
650 599
650 375
650 356
650 662
650 234
650 883
651 271
651 991
651 370
651 587
651 609
651 888
652 949
652 329
652 475
652 763
652 113
652 968
652 605
652 469
652 801
652 674
652 90
652 945
652 384
653 504
653 456
653 960
653 971
653 236
653 700
653 754
653 145
653 375
653 535
653 465
653 940
653 636
654 256
654 488
655 122
655 210
655 155
655 559
656 894
656 255
656 931
656 94
656 325
656 499
656 710
656 761
656 884
656 495
656 585
656 307
657 692
657 879
657 584
658 38
658 57
658 811
659 112
659 26
659 461
659 976
659 511
659 825
659 612
659 360
659 44
660 57
660 665
660 319
660 308
660 412
660 110
660 348
660 406
660 211
660 137
660 125
660 131
660 944
660 309
660 675
660 690
661 276
661 123
661 148
661 466
661 842
661 281
661 773
661 913
661 66
662 800
662 201
662 742
662 441
662 324
662 523
662 44
662 766
662 650
662 536
662 311
662 60
662 502
662 29
662 760
663 924
663 373
663 60
664 549
664 904
664 969
664 763
664 162
664 670
664 873
664 557
664 329
664 404
665 35
665 508
665 535
665 393
665 23
665 906
665 16
665 77
665 184
665 840
665 704
665 660
665 286
666 122
666 592
666 333
666 732
667 28
667 184
667 780
667 747
668 603
668 375
668 370
668 953
669 354
669 397
669 699
669 570
669 71
669 629
669 346
670 215
670 194
670 421
670 715
670 484
670 464
670 901
670 821
670 559
670 664
670 720
671 911
671 630
671 573
671 927
671 195
671 894
671 913
671 811
671 672
672 128
672 545
672 160
672 754
672 607
672 710
672 961
672 795
672 671
672 401
672 897
672 346
672 95
672 5
672 981
672 121
672 947
673 223
673 370
673 12
673 363
674 173
674 704
674 652
674 545
675 571
675 660
675 18
675 17
675 874
675 156
675 625
675 228
675 527
675 976
675 209
675 197
675 395
675 212
675 731
675 763
675 328
675 574
676 130
677 593
677 309
677 104
677 341
677 581
677 532
678 943
678 28
678 384
679 173
679 779
679 535
679 373
679 703
679 780
679 331
680 861
680 940
680 646
680 96
681 221
681 6
681 703
681 855
681 953
682 907
682 209
682 594
682 898
682 162
682 152
682 930
682 599
682 355
683 492
683 188
683 309
683 578
683 748
683 419
683 774
683 5
683 148
683 609
683 599
684 834
685 62
685 404
685 128
685 69
685 277
686 711
686 128
686 924
686 142
687 199
687 484
688 120
688 852
688 114
688 633
688 450
688 1000
688 506
688 768
688 476
689 899
689 481
689 451
689 980
689 637
689 857
689 442
689 508
689 580
689 981
689 406
689 324
689 448
690 660
690 929
690 987
690 911
690 957
690 158
690 578
690 697
690 81
690 537
690 581
690 52
690 822
690 704
690 720
691 219
691 242
691 637
691 975
691 448
691 755
691 133
691 913
691 867
691 67
691 809
691 51
691 28
691 554
692 301
692 158
692 329
692 445
692 203
692 657
692 546
692 693
692 119
692 376
692 343
692 68
692 826
692 981
692 453
692 615
692 6
693 983
693 621
693 120
693 692
693 788
693 151
693 552
693 779
693 178
694 630
694 924
694 569
694 137
694 23
694 331
695 791
695 847
695 176
696 547
696 201
697 854
697 58
697 360
697 703
697 690
697 609
698 46
698 26
698 751
698 733
698 228
698 277
698 219
698 110
698 199
698 284
698 44
698 435
699 879
699 569
699 82
699 534
699 669
700 653
700 464
700 309
700 267
700 862
701 46
701 405
701 992
701 905
701 711
701 703
701 124
701 364
701 340
701 133
701 994
701 924
701 244
701 490
701 228
701 597
702 741
702 226
703 118
703 321
703 4
703 345
703 317
703 679
703 697
703 681
703 95
703 133
703 797
703 701
704 690
704 88
704 665
704 674
704 67
704 809
704 804
704 369
704 156
704 573
704 758
705 147
705 201
705 349
705 879
705 315
705 68
705 384
706 317
706 243
706 173
706 596
706 427
706 168
706 172
706 12
707 932
707 559
707 130
709 498
709 326
709 595
709 59
709 40
709 246
709 903
709 477
709 453
710 646
710 375
710 892
710 656
710 407
710 69
710 672
711 936
711 270
711 319
711 686
711 124
711 104
711 400
711 377
711 898
711 67
711 54
711 862
711 526
711 73
711 281
711 701
711 649
711 558
711 331
712 1
712 585
712 234
713 740
713 212
713 392
714 156
715 28
715 87
715 670
715 566
715 184
715 773
715 234
715 331
716 352
717 122
717 472
718 267
720 619
720 785
720 791
720 525
720 500
720 7
720 690
720 959
720 670
720 163
720 68
720 821
721 864
721 945
721 813
722 898
722 288
722 177
722 724
722 400
722 625
722 407
722 492
722 945
722 401
722 282
723 472
723 926
724 555
724 722
724 367
724 864
726 167
726 515
726 779
726 976
726 80
728 307
728 396
728 201
728 573
728 195
728 266
729 513
729 892
730 187
730 765
730 583
730 754
730 640
730 562
730 811
730 161
730 289
730 862
731 551
731 953
731 308
731 123
731 648
731 223
731 976
731 189
731 463
731 379
731 675
731 470
731 250
731 927
731 202
732 412
732 942
732 979
732 363
732 298
732 238
732 769
732 313
732 745
732 666
732 936
732 289
732 614
732 464
732 283
732 913
733 173
733 84
733 137
733 357
733 174
733 698
733 444
734 785
734 373
734 402
735 252
735 503
735 449
735 846
736 99
736 266
737 981
737 144
737 234
737 433
738 205
738 185
738 363
738 801
738 893
738 174
738 267
738 318
738 883
739 860
739 396
739 883
739 490
739 968
739 740
739 182
739 44
739 846
740 839
740 92
740 713
740 42
740 159
740 818
740 739
740 1
740 631
740 847
740 195
741 227
741 702
741 765
741 79
742 531
742 662
742 921
742 404
743 918
743 600
743 924
743 449
743 356
744 370
744 200
744 897
744 368
744 392
744 59
744 313
744 751
744 940
744 985
745 334
745 356
745 210
745 321
745 352
745 33
745 547
745 64
745 634
745 18
745 732
746 131
746 210
746 157
746 582
746 402
747 526
747 396
747 954
747 584
747 395
747 251
747 941
747 667
747 976
747 240
748 859
748 984
748 843
748 942
748 967
748 83
748 996
748 522
748 604
748 683
748 182
748 250
748 288
748 66
749 788
749 516
749 68
750 79
750 589
750 984
750 289
750 287
750 512
750 500
750 926
750 123
750 489
750 876
750 503
750 370
751 310
751 216
751 330
751 38
751 744
751 581
751 698
752 66
753 252
753 918
753 238
753 548
754 42
754 653
754 631
754 392
754 730
754 587
754 672
755 133
755 110
755 691
755 2
756 571
756 506
756 872
756 490
756 876
756 61
756 442
756 600
757 825
757 452
758 44
758 796
758 641
758 276
758 146
758 361
758 526
758 124
758 973
758 81
758 704
758 786
758 596
758 785
758 404
758 768
759 404
759 813
759 999
759 184
759 421
759 632
759 455
760 874
760 561
760 244
760 662
760 170
760 937
760 805
760 602
760 841
760 823
760 85
760 221
760 930
760 398
760 548
761 470
761 490
761 834
761 926
761 656
761 405
761 597
762 371
762 193
762 423
762 382
762 397
762 265
762 194
762 145
762 964
762 959
762 178
762 558
763 922
763 675
763 252
763 764
763 96
763 652
763 664
763 427
764 238
764 464
764 763
764 341
765 638
765 409
765 741
765 408
765 294
765 432
765 149
765 268
765 175
765 919
765 839
765 295
765 214
765 808
765 228
765 3
765 769
765 167
765 599
765 144
765 730
765 193
766 774
766 842
766 662
766 609
767 303
767 120
767 264
767 294
767 25
768 603
768 258
768 892
768 758
768 479
768 323
768 796
768 161
768 834
768 688
768 352
768 947
769 329
769 732
769 765
769 174
769 82
769 355
770 54
770 405
770 226
771 128
771 646
771 301
771 442
771 930
772 486
772 934
772 612
772 773
772 121
772 71
773 339
773 958
773 772
773 359
773 661
773 792
773 715
773 558
773 586
773 486
773 449
773 71
774 366
774 766
774 221
774 216
774 508
774 683
774 307
774 197
775 896
775 32
775 223
776 789
776 247
776 636
777 14
777 847
777 93
778 447
778 871
778 865
778 256
778 458
778 347
778 196
778 970
778 831
778 194
778 781
778 16
778 785
778 877
778 464
778 234
779 626
779 958
779 641
779 726
779 679
779 211
779 271
779 163
779 693
779 905
779 272
780 163
780 517
780 667
780 895
780 935
780 164
780 870
780 869
780 679
780 984
780 976
780 289
780 46
781 111
781 220
781 778
781 26
781 448
782 791
782 924
782 619
782 811
782 632
783 405
783 609
784 802
785 758
785 543
785 734
785 308
785 976
785 615
785 778
785 899
785 79
785 720
786 314
786 503
786 758
787 620
787 87
787 45
788 491
788 835
788 749
788 13
788 693
788 475
788 981
788 89
788 125
788 630
788 362
788 404
789 188
789 296
789 177
789 776
789 300
789 520
789 139
789 973
789 126
789 969
789 63
789 302
789 442
789 600
790 353
790 54
790 894
790 395
791 842
791 910
791 255
791 383
791 898
791 56
791 782
791 955
791 695
791 381
791 194
791 641
791 566
791 974
791 474
791 61
791 272
791 80
791 720
791 802
791 826
792 166
792 472
792 773
792 564
792 632
793 282
793 309
793 135
794 614
794 474
795 41
795 609
795 672
795 250
796 313
796 758
796 101
796 864
796 768
796 333
796 341
796 855
796 303
797 311
797 847
797 6
797 649
797 564
797 703
798 178
798 847
799 555
799 61
799 569
799 151
800 42
800 238
800 453
800 803
800 905
800 649
800 662
800 318
801 738
801 652
802 116
802 982
802 784
802 222
802 873
802 791
802 969
802 373
802 74
802 365
802 196
802 630
802 71
803 800
803 457
803 71
803 566
803 231
803 402
803 864
803 952
803 807
803 289
803 913
803 435
804 422
804 704
804 116
805 288
805 445
805 128
805 760
805 548
806 84
807 803
807 68
807 881
807 264
807 367
807 195
807 500
807 419
807 242
807 178
807 213
807 277
807 912
808 976
808 999
808 1
808 357
808 250
808 44
808 765
808 558
809 80
809 704
809 647
809 691
809 44
809 82
809 134
810 614
810 48
811 880
811 262
811 41
811 34
811 658
811 921
811 98
811 129
811 187
811 617
811 671
811 782
811 104
811 614
811 144
811 730
811 560
812 245
812 458
812 331
812 837
812 47
812 184
812 490
812 45
812 87
812 187
812 157
812 176
812 197
813 986
813 600
813 103
813 759
813 248
813 120
813 629
813 951
813 721
813 81
813 228
813 422
813 892
813 571
813 486
813 587
814 618
814 53
814 513
814 237
814 33
814 412
814 74
814 603
814 284
814 29
814 545
815 508
815 449
815 470
815 992
815 465
815 855
815 48
815 384
816 227
817 650
817 959
817 88
817 931
817 270
818 353
818 221
818 740
818 952
818 198
818 267
818 331
819 491
819 560
820 199
820 99
820 375
820 447
820 29
820 237
821 557
821 402
821 69
821 572
821 670
821 720
821 604
821 234
822 945
822 690
823 337
823 45
823 832
823 1
823 940
823 760
824 210
824 509
824 101
824 447
824 533
825 3
825 986
825 146
825 219
825 757
825 371
825 860
825 659
825 592
825 319
825 132
825 212
825 69
826 851
826 845
826 385
826 108
826 852
826 791
826 692
827 490
827 68
828 289
828 216
828 558
828 834
828 264
828 108
828 314
828 586
828 328
828 313
828 472
828 559
828 632
829 202
830 53
830 396
830 405
830 311
830 373
830 615
830 369
830 283
830 287
831 778
831 315
831 564
831 163
832 823
832 629
832 515
832 126
832 894
832 559
833 314
833 834
833 80
833 284
833 352
833 545
834 949
834 314
834 257
834 768
834 129
834 239
834 761
834 182
834 328
834 833
834 221
834 684
834 880
834 623
834 472
834 243
834 516
834 197
834 879
834 927
834 245
834 828
834 630
835 954
835 788
835 250
835 166
836 147
836 264
836 573
836 612
836 234
837 301
837 58
837 812
837 354
838 186
838 167
838 314
838 23
838 604
839 740
839 460
839 228
839 765
839 488
840 288
840 445
840 487
840 953
840 665
841 285
841 227
841 918
841 277
841 760
841 883
842 526
842 766
842 559
842 175
842 281
842 888
842 491
842 119
842 791
842 661
842 492
842 992
842 532
843 748
843 237
843 341
843 303
843 202
843 96
843 966
844 630
844 854
844 24
845 69
845 826
846 199
846 56
846 119
846 739
846 280
846 735
846 930
847 854
847 598
847 740
847 798
847 72
847 321
847 777
847 125
847 695
847 956
847 386
847 962
847 158
847 797
847 289
847 53
847 254
847 944
847 899
847 355
848 933
848 340
848 225
848 362
848 7
848 986
848 46
848 14
848 375
848 470
848 918
848 68
849 382
849 515
849 289
849 850
849 218
850 849
850 196
850 295
850 300
850 180
850 648
850 914
850 368
850 38
850 248
850 913
850 197
851 884
851 515
851 453
851 934
851 116
851 826
852 128
852 688
852 826
853 349
853 508
854 192
854 104
854 697
854 133
854 386
854 844
854 581
854 630
854 847
854 573
854 945
854 452
855 126
855 681
855 815
855 349
855 796
855 961
855 411
855 182
855 307
855 162
855 632
856 396
856 536
856 487
856 38
856 422
856 384
857 689
857 315
857 68
858 891
858 303
858 893
858 890
858 957
858 249
858 35
858 942
858 240
858 968
858 187
859 748
859 508
859 630
859 32
859 373
859 101
859 267
859 986
859 96
859 883
860 825
860 884
860 739
861 415
861 680
861 950
861 948
861 893
861 4
861 532
861 398
862 700
862 286
862 146
862 916
862 379
862 281
862 595
862 22
862 730
862 871
862 357
862 471
862 711
862 934
862 582
862 355
864 169
864 539
864 601
864 618
864 341
864 721
864 724
864 227
864 796
864 103
864 288
864 803
865 778
865 201
865 573
865 328
865 151
866 63
866 314
866 454
866 193
866 883
867 396
867 328
867 691
868 585
868 559
868 130
869 474
869 309
869 58
869 780
869 327
869 920
869 66
870 503
870 780
870 966
871 778
871 198
871 277
871 862
871 272
871 388
871 545
872 924
872 237
872 756
872 892
872 245
872 95
872 560
872 614
873 802
873 664
873 582
874 570
874 513
874 675
874 573
874 918
874 193
874 760
874 286
875 41
876 944
876 982
876 994
876 409
876 401
876 371
876 750
876 67
876 455
876 42
876 587
876 122
876 123
876 583
876 756
876 333
876 448
876 84
877 778
878 968
878 647
878 44
878 287
879 527
879 657
879 126
879 699
879 40
879 705
879 834
879 386
879 893
879 531
879 200
879 45
879 58
879 452
879 202
880 834
880 811
881 405
881 807
881 179
881 582
882 54
882 117
882 453
882 491
882 360
883 841
883 953
883 866
883 957
883 859
883 405
883 351
883 77
883 489
883 650
883 738
883 995
883 132
883 28
883 739
883 894
884 593
884 24
884 860
884 851
884 242
884 610
884 319
884 656
884 953
884 69
885 229
885 108
885 129
885 374
885 72
886 512
886 395
888 651
888 381
888 497
888 842
888 354
889 139
889 360
890 491
890 858
890 472
891 566
891 979
891 515
891 87
891 858
891 632
892 9
892 292
892 432
892 368
892 710
892 406
892 813
892 293
892 872
892 58
892 970
892 729
892 276
892 612
892 768
892 454
892 548
893 738
893 861
893 879
893 918
893 858
893 894
894 883
894 671
894 790
894 893
894 417
894 190
894 903
894 296
894 232
894 183
894 926
894 561
894 364
894 656
894 573
894 592
894 832
895 474
895 307
895 82
895 780
896 775
896 193
896 949
896 299
896 574
896 83
896 129
896 918
896 23
896 992
896 207
897 252
897 127
897 744
897 153
897 672
898 791
898 682
898 84
898 711
898 282
898 722
898 45
898 905
899 847
899 19
899 904
899 199
899 785
899 245
899 689
900 571
900 621
900 110
900 34
900 427
900 627
900 398
900 166
901 603
901 191
901 182
901 958
901 474
901 670
901 289
901 101
902 65
902 421
903 199
903 28
903 101
903 709
903 894
903 609
903 96
904 664
904 934
904 182
904 899
904 234
904 197
905 168
905 315
905 934
905 898
905 67
905 800
905 12
905 918
905 701
905 137
905 779
905 930
906 314
906 665
907 682
907 80
908 515
908 127
908 173
908 612
908 32
908 31
909 369
909 61
909 559
909 24
910 791
910 61
910 953
911 671
911 396
911 407
911 472
911 985
911 690
912 55
912 8
912 139
912 331
912 576
912 807
912 410
912 946
912 613
912 924
912 926
912 121
912 966
913 376
913 196
913 17
913 671
913 850
913 629
913 803
913 585
913 732
913 661
913 543
913 918
913 691
913 84
913 286
914 850
914 985
915 470
915 284
916 375
916 862
917 31
918 995
918 195
918 841
918 913
918 606
918 896
918 905
918 743
918 753
918 595
918 622
918 874
918 893
918 227
918 460
918 848
918 215
918 226
918 392
918 612
918 234
919 227
919 765
919 48
920 393
920 375
920 46
920 85
920 869
920 402
920 120
920 527
920 389
920 166
920 532
921 267
921 637
921 118
921 149
921 579
921 742
921 142
921 811
922 763
922 485
923 79
924 35
924 872
924 686
924 489
924 743
924 663
924 958
924 61
924 782
924 694
924 912
924 476
924 701
924 612
924 346
924 335
925 127
925 422
926 246
926 912
926 589
926 761
926 284
926 398
926 280
926 268
926 483
926 382
926 304
926 983
926 434
926 723
926 256
926 750
926 82
926 894
926 576
927 947
927 264
927 984
927 521
927 731
927 834
927 671
927 330
927 44
927 574
928 64
928 277
929 571
929 690
929 303
930 623
930 760
930 905
930 846
930 771
930 181
930 480
930 682
930 188
930 548
931 817
931 656
931 571
931 609
932 707
932 384
933 147
933 230
933 848
933 328
933 134
934 421
934 961
934 588
934 293
934 307
934 851
934 772
934 202
934 904
934 862
934 549
934 302
934 289
934 905
934 207
934 966
935 415
935 154
935 574
935 332
935 322
935 145
935 194
935 629
935 201
935 486
935 392
935 780
936 711
936 314
936 732
937 18
937 61
937 945
937 521
937 363
937 760
938 945
938 435
939 533
940 636
940 744
940 115
940 680
940 244
940 369
940 823
940 366
940 530
940 653
940 597
940 193
941 26
941 569
941 945
941 195
941 370
941 318
941 545
941 747
942 748
942 61
942 858
942 732
943 618
943 70
943 35
943 578
943 678
943 191
943 58
943 405
944 383
944 495
944 263
944 360
944 424
944 876
944 847
944 660
944 234
945 243
945 937
945 721
945 265
945 557
945 722
945 941
945 938
945 577
945 652
945 854
945 222
945 822
945 168
945 503
945 454
946 912
946 427
947 489
947 768
947 282
947 515
947 279
947 672
947 927
948 353
948 861
948 212
949 834
949 652
949 45
949 607
949 491
949 228
949 896
949 121
950 595
950 861
950 201
950 503
950 48
951 271
951 470
951 80
951 571
951 813
952 803
952 278
952 239
952 973
952 993
952 495
952 818
952 168
952 149
952 502
952 137
952 619
952 193
952 197
953 327
953 398
953 242
953 681
953 250
953 57
953 840
953 884
953 668
953 423
953 271
953 910
953 240
953 199
953 731
953 289
953 388
953 346
953 883
954 371
954 265
954 461
954 410
954 835
954 259
954 747
955 395
955 791
955 503
955 576
956 503
956 847
956 135
956 267
956 207
956 197
957 186
957 373
957 858
957 558
957 690
957 883
958 779
958 375
958 924
958 157
958 901
958 57
958 773
959 817
959 147
959 607
959 762
959 433
959 720
960 405
960 65
960 653
960 337
960 614
961 170
961 501
961 414
961 855
961 84
961 14
961 934
961 672
962 620
962 847
962 130
963 991
963 448
964 553
964 762
965 382
966 407
966 492
966 267
966 934
966 343
966 269
966 49
966 240
966 843
966 870
966 912
966 539
966 41
966 415
966 30
966 341
966 481
966 582
967 328
967 23
967 489
967 284
967 748
967 207
967 647
967 484
968 590
968 78
968 739
968 878
968 254
968 487
968 652
968 151
968 858
968 609
969 220
969 789
969 612
969 664
969 802
969 597
970 778
970 405
970 892
970 228
971 653
971 32
971 331
972 65
972 250
972 247
973 952
973 789
973 758
974 45
974 791
975 73
975 691
976 808
976 780
976 269
976 726
976 550
976 356
976 407
976 132
976 375
976 731
976 659
976 785
976 57
976 675
976 747
977 552
977 188
978 46
978 192
978 327
979 443
979 225
979 891
979 131
979 360
979 464
979 60
979 442
979 732
980 689
981 135
981 737
981 189
981 94
981 692
981 425
981 672
981 239
981 438
981 470
981 788
981 689
981 352
981 448
981 584
982 802
982 876
982 212
982 581
983 404
983 693
983 486
983 184
983 926
984 221
984 748
984 750
984 927
984 780
985 488
985 290
985 914
985 134
985 283
985 435
985 744
985 578
985 911
985 410
985 997
985 349
986 489
986 321
986 402
986 441
986 174
986 859
986 355
986 254
986 177
986 825
986 848
986 813
986 516
986 234
986 197
987 395
987 144
987 44
987 488
987 690
987 69
987 582
988 79
988 552
988 265
988 276
988 252
988 29
988 402
989 28
989 564
989 545
990 373
991 651
991 410
991 608
991 292
991 963
991 251
991 579
991 552
992 7
992 815
992 249
992 6
992 842
992 896
992 248
992 67
992 375
992 701
993 952
993 230
993 573
993 188
993 31
994 547
994 512
994 210
994 876
994 701
994 198
995 918
995 883
995 197
996 748
996 533
996 303
996 197
997 985
997 632
998 32
998 488
998 609
998 202
999 808
999 525
999 65
999 69
999 323
999 759
999 249
999 360
999 465
1000 688
