1 536
1 916
1 178
1 697
1 774
1 643
2 551
4 573
5 844
5 349
6 686
6 750
7 922
7 791
8 52
8 962
8 282
8 719
8 822
8 545
8 897
8 31
8 237
8 382
8 895
9 232
9 746
9 731
9 10
10 597
10 934
10 573
10 492
10 543
10 260
10 9
10 347
10 435
10 261
11 575
11 720
11 760
11 631
12 843
15 152
15 591
15 918
15 699
15 513
15 954
16 298
16 511
16 389
16 38
16 617
16 973
16 172
16 711
16 790
16 21
16 444
16 696
16 577
16 92
17 252
18 922
18 133
18 373
18 696
19 518
19 387
19 411
20 174
21 252
21 16
21 130
21 672
22 74
22 965
22 548
22 441
22 643
23 745
24 259
24 699
24 801
25 573
25 867
26 754
26 38
26 220
26 349
26 569
26 250
26 701
26 729
27 456
27 539
27 417
27 955
27 467
27 520
28 995
28 510
28 240
28 296
28 426
28 958
28 829
30 844
30 877
31 8
31 430
32 732
33 57
33 52
33 414
33 530
33 460
33 761
33 134
33 289
33 906
34 892
35 178
35 341
36 64
36 879
36 878
36 588
37 689
38 26
38 114
38 16
38 703
39 801
40 124
41 252
41 588
42 623
42 243
42 759
42 756
42 819
42 897
42 712
42 689
43 638
43 985
43 689
46 250
47 518
48 640
48 985
50 122
50 879
50 922
51 655
51 59
52 8
52 33
53 640
53 464
54 379
54 251
54 827
55 643
55 731
55 415
56 358
56 771
56 573
56 845
56 706
56 294
56 231
56 713
56 61
56 537
56 587
56 944
56 444
57 33
57 936
58 428
59 600
59 991
59 303
59 286
59 815
59 51
59 458
59 848
59 423
60 444
61 100
61 218
61 883
61 574
61 757
61 789
61 56
61 464
62 791
63 399
64 344
64 104
64 36
64 903
64 887
65 655
66 643
66 573
66 227
67 834
68 490
68 460
69 812
69 850
69 820
69 414
69 352
70 238
70 726
71 353
71 976
71 661
71 611
71 602
71 250
72 761
73 450
73 387
74 22
74 373
74 954
75 225
76 334
77 486
77 178
77 940
77 669
80 918
80 689
81 321
81 635
81 420
82 823
82 154
82 857
82 176
82 540
82 423
82 421
82 599
82 667
82 992
82 519
82 275
82 358
82 277
83 201
84 373
85 883
86 302
86 420
88 470
88 762
89 178
89 242
89 602
89 430
89 887
90 632
91 399
91 729
92 392
92 759
92 356
92 340
92 816
92 245
92 641
92 16
92 620
92 215
92 308
92 119
92 743
93 570
93 898
93 415
93 614
93 696
95 152
96 174
97 791
98 401
99 726
99 471
100 669
100 61
100 568
102 813
103 880
104 64
105 242
105 679
106 903
107 879
107 917
107 277
109 703
110 703
111 878
112 576
112 396
112 489
112 872
112 624
112 365
112 130
112 277
113 654
113 838
113 360
113 877
114 38
114 263
114 643
115 772
115 505
116 201
116 174
116 428
117 389
117 836
117 920
117 828
117 298
117 643
118 220
118 238
118 906
119 226
119 92
120 329
120 505
121 707
122 538
122 674
122 337
122 50
122 509
122 267
122 894
122 471
123 215
123 917
123 445
123 227
124 572
124 40
124 162
124 886
124 605
124 214
124 731
124 515
124 612
125 130
125 691
125 420
127 471
128 689
129 441
129 643
129 573
130 495
130 21
130 125
130 285
130 966
130 743
130 466
130 202
130 434
130 112
132 761
132 499
132 250
133 18
133 670
133 394
133 302
133 582
133 518
134 539
134 33
135 320
136 550
136 508
136 403
137 573
137 729
138 510
138 403
140 772
140 940
140 397
140 152
140 602
140 588
140 632
141 804
141 635
142 877
143 699
143 762
144 588
145 985
145 686
148 215
148 726
151 951
151 187
151 646
152 140
152 384
152 203
152 503
152 546
152 15
152 509
152 508
152 95
152 917
152 689
153 437
153 411
154 430
154 762
154 82
155 891
155 251
157 880
158 249
158 238
158 997
158 603
158 951
158 511
158 688
158 894
159 826
160 470
160 726
161 927
161 202
161 174
161 234
161 869
161 303
162 124
163 513
164 777
164 715
164 380
164 344
164 468
166 518
166 762
167 877
167 750
168 638
169 887
169 314
170 563
171 757
171 726
172 265
172 454
172 16
172 750
174 20
174 783
174 116
174 995
174 465
174 213
174 707
174 210
174 215
174 553
174 953
174 96
174 858
174 161
175 631
175 588
176 591
176 82
177 330
178 596
178 723
178 35
178 89
178 77
178 301
178 1
180 800
180 631
182 588
183 632
184 732
186 417
186 697
186 858
186 356
186 234
186 730
186 906
186 840
187 472
187 367
187 151
187 578
188 813
189 252
190 201
190 250
191 267
191 314
192 903
193 905
193 346
193 795
193 971
193 444
193 358
193 873
193 958
193 590
193 783
194 640
194 575
194 906
194 918
195 388
196 330
197 880
199 716
199 608
199 385
199 840
199 754
199 788
199 384
199 746
199 769
199 464
200 577
201 477
201 190
201 755
201 916
201 313
201 835
201 723
201 83
201 322
201 116
201 974
201 747
202 486
202 591
202 130
202 161
202 632
202 614
203 152
203 745
204 632
205 651
205 737
206 471
207 978
208 660
208 473
208 427
208 330
208 500
208 396
208 879
208 516
208 558
208 954
209 651
209 958
209 867
210 578
210 174
212 450
213 174
213 701
214 124
215 929
215 461
215 246
215 446
215 123
215 148
215 174
215 801
215 92
216 697
216 624
216 998
216 370
216 464
216 894
218 61
218 441
218 720
219 318
219 236
219 961
219 349
219 745
220 26
220 312
220 118
220 800
220 861
220 943
221 894
222 758
222 369
222 954
223 640
225 733
225 75
225 756
225 233
225 866
225 277
225 668
226 119
226 301
226 562
226 661
226 965
226 732
226 541
226 510
226 380
226 711
227 899
227 123
227 913
227 66
227 550
227 485
227 920
227 698
227 434
227 379
228 612
228 804
229 801
230 658
230 505
230 936
231 284
231 234
231 610
231 330
231 56
231 612
231 729
232 9
232 760
232 867
233 225
234 231
234 591
234 186
234 161
236 219
237 691
237 8
238 70
238 396
238 118
238 932
238 744
238 158
238 267
239 651
240 575
240 28
240 936
241 500
241 374
242 105
242 89
242 672
243 42
243 551
245 954
245 737
245 729
245 92
246 356
246 850
246 349
246 215
247 568
247 450
248 877
249 158
249 745
250 46
250 26
250 190
250 879
250 506
250 71
250 762
250 433
250 999
250 132
250 318
250 444
250 908
250 580
250 408
250 736
250 517
250 860
250 369
251 622
251 54
251 304
251 259
251 155
251 928
251 966
251 433
252 17
252 636
252 189
252 324
252 21
252 481
252 41
252 895
253 834
253 691
254 880
255 894
256 878
256 757
256 758
257 732
257 428
258 469
259 347
259 24
259 251
260 10
260 551
260 829
261 926
261 10
262 772
262 758
263 114
264 952
264 349
265 172
265 801
266 789
267 778
267 238
267 122
267 873
267 191
268 801
269 469
270 817
271 878
271 420
272 341
272 415
273 672
273 632
273 369
273 513
274 415
275 539
275 730
275 827
275 82
276 570
276 430
276 335
277 399
277 107
277 521
277 82
277 503
277 688
277 853
277 112
277 595
277 894
277 225
278 455
278 420
279 558
281 817
281 612
282 8
283 732
284 231
284 672
284 577
285 130
285 612
286 597
286 704
286 670
286 523
286 508
286 431
286 676
286 997
286 427
286 505
286 59
287 978
289 394
289 322
289 334
289 374
289 33
291 952
291 867
292 374
292 415
293 844
293 879
294 56
295 903
295 551
296 872
296 28
296 335
297 370
298 559
298 304
298 117
298 16
298 635
300 804
301 178
301 329
301 696
301 887
301 226
302 86
302 683
302 133
302 887
303 161
303 59
304 298
304 251
305 778
305 512
305 837
305 692
305 669
305 396
305 672
305 437
306 420
306 577
306 729
308 92
308 646
309 463
309 731
310 813
311 761
312 220
312 397
312 320
313 201
314 169
314 191
314 826
314 786
314 508
314 554
314 564
314 429
315 782
315 738
315 935
315 649
316 834
316 887
317 638
318 219
318 250
319 701
320 135
320 854
320 993
320 312
320 612
321 363
321 81
321 749
321 651
321 990
321 794
322 289
322 201
323 510
323 985
324 252
324 612
325 813
326 725
326 824
326 643
327 726
327 747
328 726
329 432
329 120
329 301
329 725
329 651
329 646
330 478
330 368
330 506
330 231
330 546
330 177
330 909
330 196
330 208
331 445
333 455
333 944
333 430
334 289
334 495
334 980
334 820
334 723
334 76
335 632
335 371
335 450
335 789
335 611
335 276
335 296
335 850
337 122
337 604
338 879
338 696
339 880
340 892
340 92
341 272
341 365
341 603
341 35
341 370
342 575
343 455
343 445
344 64
344 164
344 758
344 602
344 696
344 420
345 762
346 193
347 259
347 10
347 475
348 640
349 638
349 264
349 519
349 246
349 219
349 658
349 5
349 26
349 451
349 744
350 577
351 480
351 954
352 69
352 922
353 71
354 978
354 750
355 707
356 246
356 757
356 186
356 92
357 872
358 56
358 82
358 804
358 415
358 193
359 397
359 758
360 113
361 396
361 804
362 490
363 321
364 732
365 341
365 604
365 643
365 112
366 703
366 894
367 187
368 330
368 944
369 401
369 843
369 952
369 948
369 250
369 584
369 728
369 617
369 509
369 273
369 222
370 297
370 390
370 341
370 502
370 406
370 216
370 467
370 950
371 536
371 429
371 335
372 702
373 707
373 74
373 84
373 842
373 506
373 504
373 499
373 410
373 18
373 632
373 513
374 292
374 961
374 906
374 241
374 289
376 510
376 460
376 940
376 898
377 813
379 453
379 849
379 54
379 726
379 227
380 164
380 762
380 226
381 640
382 8
384 152
384 199
384 737
385 199
386 696
387 697
387 73
387 906
387 621
387 793
387 926
387 998
387 439
387 19
388 735
388 673
388 195
388 518
389 117
389 16
390 604
390 757
390 370
392 92
392 471
393 563
394 289
394 918
394 133
395 632
396 361
396 462
396 238
396 891
396 305
396 208
396 112
397 140
397 694
397 359
397 951
397 312
397 493
398 829
399 63
399 91
399 445
399 277
399 985
401 98
401 930
401 369
401 696
401 791
403 621
403 136
403 138
403 591
406 370
406 646
407 428
408 918
408 450
408 250
409 922
410 834
410 373
411 571
411 604
411 554
411 19
411 923
411 453
411 153
412 775
414 69
414 33
415 597
415 817
415 292
415 792
415 606
415 629
415 986
415 473
415 901
415 993
415 712
415 358
415 579
415 93
415 55
415 274
415 844
415 272
416 691
417 186
417 791
417 27
417 420
417 686
418 612
419 470
419 475
420 306
420 612
420 533
420 417
420 711
420 81
420 735
420 774
420 271
420 86
420 671
420 278
420 344
420 733
420 125
420 658
420 902
420 745
421 804
421 475
421 82
421 437
421 745
423 82
423 59
426 640
426 28
427 638
427 208
427 895
427 917
427 286
427 475
428 547
428 620
428 407
428 840
428 116
428 58
428 257
428 454
428 695
429 371
429 917
429 801
429 314
430 659
430 735
430 751
430 89
430 502
430 968
430 886
430 31
430 276
430 154
430 574
430 333
431 598
431 286
432 329
432 464
432 635
433 669
433 251
433 602
433 250
434 130
434 450
434 227
435 640
435 10
436 720
436 591
436 445
437 723
437 633
437 679
437 305
437 711
437 731
437 421
437 574
437 987
437 905
437 819
437 153
437 644
438 640
439 387
441 218
441 818
441 831
441 22
441 636
441 129
442 827
442 471
444 60
444 862
444 461
444 16
444 56
444 193
444 250
445 399
445 861
445 331
445 436
445 343
445 877
445 123
445 674
446 569
446 215
447 469
450 434
450 408
450 212
450 495
450 663
450 73
450 247
450 817
450 545
450 467
450 335
451 349
452 880
453 379
453 917
453 411
454 172
454 826
454 604
454 428
455 333
455 278
455 343
456 27
458 604
458 59
459 469
460 376
460 868
460 493
460 68
460 653
460 926
460 505
460 33
460 936
461 215
461 444
462 396
462 672
463 309
463 758
464 567
464 647
464 432
464 61
464 53
464 199
464 491
464 627
464 216
465 174
466 130
466 958
467 844
467 370
467 27
467 450
468 164
469 459
469 258
469 447
469 269
469 679
469 954
470 160
470 419
470 911
470 529
470 937
470 706
470 88
470 550
470 885
470 906
470 758
470 602
471 392
471 122
471 527
471 979
471 961
471 99
471 835
471 582
471 513
471 560
471 593
471 951
471 442
471 127
471 206
472 187
473 208
473 415
475 421
475 810
475 868
475 419
475 599
475 541
475 427
475 520
475 347
475 934
475 684
475 590
475 997
476 978
477 201
478 330
480 351
480 493
480 896
481 252
481 604
481 726
483 696
483 612
484 978
485 551
485 227
486 202
486 487
486 77
486 750
487 486
489 604
489 112
489 701
490 583
490 362
490 68
490 760
491 707
491 464
492 10
493 460
493 397
493 480
493 894
495 130
495 539
495 334
495 450
496 813
497 903
497 926
497 737
498 731
498 887
499 132
499 771
499 994
499 864
499 702
499 373
500 241
500 208
500 791
500 877
501 880
502 370
502 430
503 152
503 917
503 277
504 702
504 373
504 696
505 230
505 120
505 559
505 115
505 286
505 540
505 460
505 804
506 330
506 906
506 373
506 250
508 136
508 152
508 895
508 286
508 314
509 122
509 568
509 152
509 730
509 369
510 323
510 138
510 780
510 528
510 630
510 376
510 965
510 28
510 226
511 158
511 16
511 726
512 305
512 745
513 803
513 915
513 661
513 163
513 273
513 579
513 15
513 373
513 768
513 471
515 717
515 980
515 124
515 722
515 661
516 208
517 917
517 250
518 166
518 589
518 19
518 388
518 133
518 627
518 47
519 349
519 82
520 27
520 475
521 887
521 277
522 732
523 286
525 569
526 653
527 471
528 510
529 470
530 884
530 33
531 713
533 672
533 420
534 813
536 1
536 371
536 878
537 56
538 718
538 753
538 688
538 574
538 822
538 122
538 701
538 689
539 495
539 796
539 569
539 134
539 275
539 545
539 695
539 27
540 82
540 505
541 475
541 729
541 226
543 10
544 791
544 551
545 539
545 8
545 450
546 152
546 330
546 789
547 428
548 22
550 136
550 879
550 470
550 672
550 227
551 597
551 2
551 243
551 485
551 919
551 544
551 671
551 624
551 914
551 744
551 260
551 758
551 586
551 295
551 942
552 978
553 640
553 174
554 411
554 314
555 806
555 867
556 604
557 702
557 655
558 279
558 208
559 845
559 896
559 298
559 505
559 936
560 817
560 699
560 922
560 471
561 896
561 985
562 226
563 927
563 393
563 170
563 840
564 922
564 314
565 891
566 878
566 917
567 464
567 745
568 247
568 589
568 509
568 823
568 779
568 676
568 100
569 446
569 26
569 940
569 679
569 525
569 756
569 539
570 799
570 910
570 723
570 93
570 276
570 879
570 643
571 411
572 124
573 963
573 713
573 919
573 66
573 4
573 129
573 137
573 25
573 56
573 10
574 538
574 61
574 430
574 437
575 11
575 240
575 342
575 194
576 112
577 306
577 350
577 654
577 888
577 608
577 925
577 976
577 284
577 200
577 945
577 16
577 827
577 718
578 210
578 869
578 1000
578 673
578 803
578 187
578 887
579 903
579 415
579 513
580 640
580 877
580 250
581 775
581 731
582 133
582 471
583 490
583 822
583 604
584 731
584 791
584 369
584 689
586 551
587 56
587 867
587 646
588 984
588 140
588 41
588 175
588 888
588 144
588 36
588 182
589 568
589 651
589 518
590 193
590 475
591 234
591 403
591 755
591 202
591 15
591 176
591 436
591 612
592 855
592 878
592 646
593 471
594 867
595 277
596 178
596 679
597 551
597 286
597 415
597 10
597 762
598 431
598 731
598 985
599 82
599 475
600 59
600 614
600 635
600 689
602 71
602 800
602 973
602 344
602 470
602 819
602 433
602 140
602 89
602 929
603 341
603 158
604 636
604 337
604 365
604 556
604 481
604 390
604 583
604 489
604 755
604 907
604 458
604 454
604 411
605 124
606 415
607 789
607 918
608 199
608 577
609 747
610 231
610 890
610 964
610 628
611 71
611 335
612 228
612 765
612 613
612 124
612 918
612 943
612 975
612 324
612 231
612 320
612 483
612 285
612 591
612 281
612 925
612 620
612 418
612 420
613 612
614 600
614 904
614 893
614 913
614 202
614 841
614 804
614 93
615 813
616 758
617 16
617 369
617 686
618 940
618 895
619 640
620 612
620 92
620 428
621 403
621 387
622 251
622 729
623 42
623 737
624 216
624 655
624 112
624 551
625 985
627 518
627 464
628 610
629 415
629 635
630 510
631 180
631 868
631 175
631 11
632 905
632 661
632 140
632 974
632 273
632 373
632 183
632 395
632 90
632 204
632 202
632 335
633 437
633 829
634 720
635 600
635 81
635 629
635 298
635 432
635 141
635 888
635 819
636 252
636 441
636 604
638 168
638 43
638 427
638 317
638 349
640 194
640 435
640 53
640 580
640 438
640 223
640 553
640 670
640 426
640 619
640 48
640 348
640 381
640 946
641 92
642 806
642 879
642 691
643 916
643 66
643 117
643 55
643 326
643 129
643 365
643 863
643 22
643 570
643 1
643 114
644 437
645 804
646 802
646 908
646 151
646 329
646 587
646 308
646 406
646 592
646 721
647 464
648 761
649 315
650 775
651 658
651 329
651 205
651 907
651 669
651 209
651 589
651 239
651 321
651 731
652 791
652 750
653 526
653 957
653 460
653 950
654 113
654 985
654 577
655 51
655 557
655 624
655 977
655 65
655 868
655 904
655 701
658 230
658 651
658 349
658 420
659 430
660 208
661 71
661 515
661 632
661 513
661 226
662 906
663 450
666 926
666 954
667 883
667 82
668 225
669 100
669 433
669 678
669 77
669 651
669 305
670 640
670 133
670 286
670 829
671 551
671 420
672 853
672 242
672 862
672 550
672 284
672 21
672 921
672 305
672 533
672 462
672 273
673 388
673 578
674 702
674 122
674 775
674 903
674 445
675 750
676 568
676 806
676 286
678 669
679 105
679 596
679 980
679 469
679 569
679 760
679 437
680 701
681 922
683 302
684 475
685 878
685 699
686 6
686 804
686 417
686 617
686 145
688 538
688 158
688 277
688 737
689 37
689 584
689 43
689 538
689 152
689 80
689 833
689 42
689 805
689 918
689 128
689 600
690 803
690 750
691 237
691 916
691 800
691 125
691 416
691 253
691 932
691 642
691 891
692 305
694 397
695 539
695 428
696 401
696 344
696 18
696 504
696 338
696 483
696 386
696 93
696 998
696 301
696 16
697 1
697 216
697 186
697 387
698 227
699 857
699 24
699 685
699 15
699 143
699 560
701 810
701 703
701 655
701 859
701 538
701 213
701 489
701 319
701 875
701 680
701 794
701 26
701 844
702 557
702 372
702 674
702 504
702 499
703 752
703 861
703 109
703 110
703 920
703 366
703 38
703 774
703 800
703 701
704 286
706 470
706 56
707 491
707 355
707 121
707 373
707 174
708 880
709 880
711 16
711 437
711 420
711 226
712 42
712 415
713 531
713 730
713 573
713 56
713 791
715 164
716 199
717 906
717 515
717 750
718 538
718 577
719 8
720 11
720 634
720 436
720 823
720 218
721 813
721 646
722 515
723 178
723 822
723 570
723 201
723 334
723 437
724 891
724 926
724 917
725 326
725 329
725 762
726 821
726 481
726 148
726 171
726 70
726 511
726 327
726 328
726 793
726 979
726 824
726 379
726 99
726 160
728 369
729 306
729 26
729 997
729 948
729 231
729 245
729 622
729 137
729 541
729 91
730 275
730 713
730 840
730 923
730 863
730 509
730 186
731 124
731 498
731 824
731 9
731 651
731 598
731 55
731 581
731 309
731 584
731 437
732 364
732 283
732 982
732 981
732 947
732 257
732 876
732 32
732 522
732 184
732 226
733 225
733 420
735 388
735 430
735 420
736 250
737 245
737 623
737 808
737 205
737 384
737 497
737 906
737 768
737 812
737 874
737 688
738 315
741 918
743 130
743 92
744 349
744 238
744 551
744 950
745 567
745 203
745 249
745 421
745 820
745 917
745 23
745 512
745 219
745 420
746 9
746 199
746 789
747 768
747 1000
747 928
747 201
747 609
747 327
748 866
749 321
750 675
750 354
750 6
750 652
750 486
750 717
750 690
750 172
750 167
750 845
751 430
752 703
753 538
754 26
754 199
755 604
755 591
755 201
756 42
756 569
756 225
757 171
757 61
757 390
757 256
757 356
757 858
757 909
758 616
758 932
758 262
758 256
758 344
758 859
758 359
758 470
758 760
758 463
758 222
758 551
759 42
759 92
760 874
760 859
760 788
760 232
760 975
760 490
760 11
760 679
760 758
761 132
761 814
761 311
761 974
761 859
761 648
761 72
761 33
762 166
762 345
762 789
762 154
762 143
762 380
762 88
762 597
762 725
762 250
765 612
768 747
768 513
768 737
769 199
770 903
771 499
771 56
772 901
772 140
772 262
772 115
772 827
773 813
774 940
774 828
774 1
774 703
774 420
775 650
775 581
775 674
775 412
775 894
776 926
777 164
777 887
778 305
778 267
779 568
780 510
782 315
783 174
783 193
786 314
788 199
788 760
789 607
789 827
789 835
789 61
789 814
789 912
789 266
789 546
789 746
789 762
789 335
790 16
790 954
791 417
791 584
791 500
791 544
791 713
791 62
791 966
791 955
791 401
791 993
791 97
791 7
791 652
792 415
793 726
793 387
793 936
794 321
794 701
795 193
796 539
799 570
799 806
800 180
800 220
800 878
800 703
800 602
800 691
801 229
801 39
801 429
801 215
801 268
801 906
801 24
801 265
802 646
803 690
803 513
803 578
804 421
804 361
804 141
804 645
804 228
804 358
804 505
804 888
804 300
804 987
804 614
804 686
805 689
806 555
806 799
806 851
806 994
806 676
806 642
807 878
808 900
808 737
810 701
810 475
812 69
812 737
813 721
813 941
813 534
813 102
813 310
813 615
813 325
813 377
813 188
813 773
813 496
814 761
814 789
815 892
815 59
816 978
816 92
817 270
817 992
817 560
817 281
817 879
817 450
817 415
818 441
819 42
819 602
819 437
819 635
820 69
820 334
820 745
821 726
822 993
822 723
822 538
822 583
822 8
823 568
823 720
823 82
824 326
824 726
824 731
826 159
826 454
826 314
827 442
827 772
827 275
827 939
827 54
827 789
827 577
828 117
828 945
828 774
829 905
829 260
829 633
829 28
829 670
829 919
829 398
829 985
830 940
830 958
831 441
833 689
834 996
834 410
834 934
834 972
834 316
834 871
834 67
834 875
834 253
834 903
834 936
835 201
835 789
835 954
835 471
836 117
836 940
837 305
838 113
839 906
840 940
840 199
840 730
840 186
840 563
840 428
841 922
841 614
842 373
843 12
843 369
844 293
844 5
844 873
844 467
844 30
844 917
844 415
844 701
845 559
845 56
845 922
845 750
848 917
848 59
849 379
850 69
850 246
850 940
850 335
851 806
853 672
853 887
853 277
854 320
855 592
857 699
857 82
858 757
858 186
858 174
859 761
859 760
859 758
859 701
860 250
861 220
861 703
861 445
862 672
862 444
862 922
863 730
863 643
863 944
864 499
866 748
866 225
867 927
867 555
867 25
867 587
867 291
867 594
867 209
867 232
867 950
868 460
868 655
868 631
868 475
869 578
869 161
871 834
871 985
872 296
872 357
872 112
873 844
873 267
873 193
874 760
874 936
874 737
875 834
875 701
876 732
877 927
877 580
877 113
877 888
877 30
877 248
877 142
877 500
877 167
877 445
878 566
878 256
878 807
878 685
878 592
878 271
878 36
878 800
878 536
878 111
879 817
879 50
879 107
879 36
879 293
879 570
879 338
879 642
879 550
879 903
879 208
879 250
880 103
880 157
880 452
880 254
880 709
880 970
880 197
880 501
880 339
880 708
880 894
882 917
883 977
883 667
883 85
883 61
884 530
885 470
886 124
886 430
887 169
887 777
887 302
887 853
887 301
887 521
887 89
887 316
887 498
887 64
887 578
888 588
888 877
888 804
888 635
888 577
889 894
890 610
891 155
891 896
891 724
891 565
891 396
891 691
892 815
892 34
892 959
892 340
892 936
893 614
894 255
894 122
894 277
894 880
894 221
894 216
894 775
894 493
894 366
894 976
894 158
894 889
895 508
895 8
895 252
895 427
895 618
896 559
896 561
896 480
896 891
897 42
897 8
898 376
898 93
899 227
900 808
901 772
901 415
902 420
903 497
903 192
903 295
903 923
903 943
903 106
903 879
903 834
903 674
903 579
903 770
903 64
904 655
904 614
905 829
905 632
905 193
905 437
906 717
906 118
906 662
906 470
906 506
906 839
906 194
906 374
906 186
906 387
906 33
906 801
906 737
907 604
907 651
908 250
908 646
909 330
909 757
910 570
911 470
912 789
913 614
913 227
914 551
915 513
916 643
916 1
916 201
916 691
917 882
917 503
917 844
917 918
917 517
917 107
917 427
917 123
917 848
917 453
917 152
917 961
917 566
917 429
917 724
917 745
918 194
918 741
918 408
918 607
918 923
918 952
918 394
918 80
918 972
918 15
918 917
918 612
918 689
919 573
919 551
919 829
920 117
920 703
920 227
921 672
922 18
922 409
922 7
922 953
922 50
922 862
922 564
922 845
922 560
922 352
922 681
922 841
923 730
923 903
923 918
923 411
924 978
925 612
925 577
926 776
926 497
926 460
926 261
926 666
926 952
926 967
926 724
926 387
927 563
927 877
927 867
927 161
928 251
928 747
929 215
929 602
930 401
931 983
932 238
932 758
932 691
934 834
934 10
934 475
935 315
936 892
936 230
936 460
936 559
936 57
936 874
936 240
936 834
936 793
937 470
939 827
940 774
940 77
940 850
940 840
940 140
940 618
940 830
940 376
940 836
940 569
941 813
942 551
943 220
943 903
943 612
944 333
944 368
944 863
944 56
945 828
945 577
946 640
947 732
948 369
948 729
950 370
950 653
950 979
950 744
950 867
951 151
951 397
951 158
951 471
952 264
952 291
952 926
952 918
952 369
953 922
953 174
954 245
954 666
954 15
954 74
954 790
954 222
954 469
954 835
954 208
954 351
955 27
955 791
957 653
958 986
958 209
958 830
958 466
958 28
958 193
959 892
961 219
961 374
961 917
961 471
962 8
963 573
964 610
965 510
965 22
965 226
966 251
966 130
966 791
967 926
968 430
970 880
971 193
972 834
972 918
973 16
973 602
974 761
974 201
974 632
975 760
975 612
976 71
976 894
976 577
977 883
977 655
978 354
978 924
978 476
978 816
978 287
978 484
978 552
978 207
979 726
979 950
979 471
980 679
980 334
980 515
981 732
982 732
983 931
984 588
985 399
985 829
985 654
985 598
985 625
985 871
985 43
985 48
985 561
985 145
985 323
986 958
986 415
987 437
987 804
990 321
991 59
992 817
992 82
993 822
993 320
993 791
993 415
994 499
994 806
995 28
995 174
996 834
997 158
997 286
997 475
997 729
998 216
998 387
998 696
999 250
1000 747
1000 578
