1 536
1 916
1 178
1 697
1 774
1 643
1 559
1 502
1 144
2 551
2 91
3 883
3 803
3 935
3 876
4 573
4 166
4 344
4 673
5 304
5 301
5 727
5 404
5 747
5 930
5 349
5 58
6 260
6 532
6 125
6 992
6 306
6 750
6 166
6 707
6 802
7 922
7 791
7 171
7 67
7 884
8 52
8 962
8 282
8 719
8 822
8 545
8 897
8 31
8 237
8 382
8 895
8 455
9 232
9 746
9 731
9 10
9 59
9 859
9 592
9 182
10 597
10 934
10 573
10 492
10 543
10 260
10 9
10 347
10 435
10 261
10 761
10 210
10 454
11 575
11 720
11 760
11 631
11 401
11 802
12 843
12 600
12 658
12 344
12 182
12 198
13 57
13 899
13 19
14 871
15 152
15 591
15 918
15 699
15 513
15 954
15 253
16 298
16 511
16 389
16 38
16 617
16 973
16 172
16 711
16 790
16 21
16 444
16 696
16 577
16 92
16 210
16 815
16 941
16 96
17 252
17 778
17 370
17 355
18 780
18 864
18 194
18 655
18 108
18 133
18 373
18 696
18 841
18 782
18 924
19 793
19 965
19 797
19 423
19 13
19 109
19 444
19 518
19 387
19 32
20 174
20 255
21 252
21 16
21 130
21 672
21 344
21 649
22 74
22 965
22 548
22 441
22 643
22 660
22 113
23 745
23 747
23 257
23 476
24 259
24 699
24 801
25 573
25 867
25 557
25 144
25 116
26 754
26 38
26 220
26 349
26 569
26 250
26 701
26 729
26 597
26 144
26 372
26 665
27 539
27 417
27 955
27 467
27 520
27 646
27 318
27 522
27 759
27 345
27 389
27 210
28 995
28 510
28 240
28 296
28 426
28 958
28 829
29 817
29 320
29 184
30 844
30 877
30 992
31 8
31 430
31 132
31 638
31 389
31 264
31 894
31 875
32 971
32 364
32 533
32 87
32 164
32 852
32 803
32 520
32 798
32 260
32 456
32 447
32 667
32 19
32 195
32 522
32 283
33 52
33 530
33 460
33 761
33 134
33 289
33 906
33 832
33 978
33 124
33 392
33 37
34 798
34 571
34 663
34 627
34 755
34 491
34 773
34 551
34 736
34 946
34 502
35 178
35 341
35 810
36 64
36 879
36 878
36 588
36 136
36 67
36 465
37 532
37 797
37 33
37 443
37 557
37 995
37 834
37 280
37 726
38 26
38 114
38 16
38 703
38 255
38 98
39 801
39 428
39 813
39 552
40 99
40 162
40 443
40 914
40 338
40 390
40 640
40 464
40 791
40 643
40 762
40 621
40 119
40 843
40 665
40 859
40 940
40 768
41 252
41 588
41 732
42 623
42 243
42 759
42 819
42 140
42 193
42 662
42 375
42 793
42 689
42 935
42 370
42 315
42 401
42 924
43 638
43 985
43 689
43 388
43 287
44 228
44 135
46 901
46 67
46 834
46 245
46 499
46 180
46 309
47 518
47 389
48 525
48 456
48 200
48 591
48 508
48 932
48 985
49 660
49 435
49 649
50 122
50 879
50 922
50 155
50 810
51 655
51 59
51 660
51 984
51 85
52 8
52 33
53 640
53 464
53 421
53 317
53 522
54 379
54 251
54 827
54 992
54 560
54 484
55 643
55 731
55 415
56 358
56 771
56 573
56 845
56 706
56 294
56 231
56 713
56 61
56 537
56 587
56 944
56 444
56 353
56 58
56 355
57 498
57 516
57 13
57 459
57 478
57 80
57 936
57 320
57 922
58 460
58 365
58 56
58 123
58 582
58 5
58 555
58 652
58 817
58 720
58 910
58 585
59 991
59 303
59 286
59 815
59 51
59 458
59 848
59 423
59 206
59 9
60 444
60 361
60 360
61 218
61 883
61 574
61 807
61 848
61 950
61 324
61 520
61 466
61 971
61 757
61 789
61 56
61 464
61 169
62 791
62 567
62 821
62 113
62 198
63 796
63 918
63 863
63 930
63 487
63 390
63 580
63 761
63 188
63 773
64 104
64 36
64 927
64 129
64 351
64 903
64 887
64 638
64 892
65 655
65 411
65 186
65 318
66 643
66 573
66 227
66 821
66 661
67 73
67 36
67 321
67 729
67 972
67 322
67 723
67 7
67 145
67 46
67 353
68 490
68 460
69 812
69 850
69 820
69 414
69 352
69 184
70 238
70 726
71 976
71 445
71 163
71 919
71 385
71 102
71 602
71 250
71 778
72 761
72 317
72 257
73 450
73 387
73 67
73 941
73 184
74 22
74 373
74 954
74 768
74 938
74 364
75 225
75 559
75 970
76 334
76 201
77 486
77 178
77 940
77 669
77 155
77 291
78 433
78 417
79 88
79 125
79 602
79 239
79 355
79 761
79 548
79 739
79 553
80 918
80 689
80 57
80 105
81 321
81 635
81 420
81 367
82 823
82 154
82 857
82 176
82 540
82 423
82 421
82 599
82 667
82 992
82 519
82 275
82 358
82 277
83 201
83 222
84 373
84 362
84 250
84 773
84 113
85 51
85 718
85 638
85 513
85 873
85 585
85 356
85 667
85 875
86 302
86 420
86 188
87 105
87 32
88 470
88 762
88 638
88 745
88 588
88 79
89 178
89 242
89 602
89 430
89 887
89 982
90 632
90 859
90 635
90 703
91 2
91 1000
91 600
91 167
91 973
91 729
92 759
92 356
92 340
92 816
92 245
92 641
92 16
92 620
92 215
92 308
92 119
92 743
92 874
92 456
92 972
93 570
93 898
93 415
93 614
93 696
93 817
93 774
94 392
94 353
94 880
94 147
95 152
96 16
96 345
96 768
96 911
96 755
96 958
96 458
96 927
96 369
96 841
96 776
96 195
96 665
97 791
97 199
98 111
98 243
98 785
98 38
98 398
98 376
98 844
98 318
99 726
99 471
99 892
99 803
99 40
99 577
100 929
100 662
100 862
100 504
100 793
100 393
100 669
100 568
100 318
100 673
101 228
101 841
102 534
102 296
102 376
102 708
102 943
102 201
102 270
102 445
102 305
102 340
102 778
102 317
102 71
102 920
102 970
103 695
103 510
103 572
103 899
103 437
103 760
103 884
104 64
104 938
105 628
105 860
105 175
105 520
105 252
105 782
105 80
105 87
105 591
105 679
105 978
106 903
106 455
107 879
107 917
107 277
107 162
108 926
108 18
108 712
109 703
109 231
109 223
109 19
110 703
111 878
111 417
111 756
111 318
111 673
111 98
111 297
112 396
112 489
112 872
112 624
112 365
112 130
112 743
112 636
112 277
112 309
112 798
113 654
113 84
113 22
113 327
113 62
113 877
113 403
113 665
114 38
114 263
114 643
114 195
114 207
115 772
115 505
116 695
116 560
116 238
116 626
116 25
116 420
116 201
116 174
116 905
116 465
117 836
117 920
117 528
117 747
117 525
117 495
117 127
117 954
117 601
117 828
117 298
117 643
117 318
117 255
118 220
118 238
118 906
118 859
118 778
118 876
118 496
119 188
119 570
119 541
119 432
119 717
119 92
119 712
119 40
120 329
120 505
120 619
120 880
121 832
121 893
121 561
121 260
121 818
121 914
121 573
121 489
121 826
121 919
121 497
121 222
121 164
121 197
122 538
122 674
122 337
122 50
122 509
122 267
122 894
122 471
123 215
123 917
123 445
123 227
123 992
123 58
124 572
124 886
124 605
124 568
124 436
124 33
124 466
124 871
124 731
124 515
124 612
125 130
125 691
125 420
125 859
125 6
125 614
125 79
126 245
126 559
126 314
126 287
127 471
127 844
127 117
127 198
128 689
128 920
129 441
129 643
129 573
129 64
129 972
130 495
130 21
130 125
130 285
130 966
130 743
130 466
130 202
130 434
130 112
130 905
130 340
130 984
130 195
130 808
132 455
132 31
132 756
132 308
132 476
132 719
132 499
132 250
133 18
133 670
133 394
133 302
133 582
133 518
133 456
134 539
134 33
134 425
134 364
135 764
135 148
135 913
135 903
135 44
135 353
136 508
136 201
136 681
136 36
136 379
136 403
137 573
137 729
137 169
138 510
138 403
138 841
139 488
139 978
140 772
140 940
140 397
140 152
140 602
140 588
140 632
140 883
140 42
140 257
140 310
141 804
141 635
141 467
141 900
142 877
142 841
142 255
143 699
143 762
143 778
143 491
143 897
143 422
144 181
144 988
144 797
144 26
144 400
144 713
144 979
144 1
144 25
144 792
144 157
144 273
144 687
144 463
145 985
145 686
145 67
145 732
146 583
146 557
147 159
147 627
147 597
147 682
147 411
147 939
147 440
147 944
147 94
147 418
147 833
147 362
147 396
147 585
148 215
148 726
148 135
148 984
148 938
149 920
150 467
150 834
150 197
151 951
151 187
151 646
151 199
152 140
152 384
152 203
152 503
152 546
152 15
152 509
152 508
152 95
152 917
152 689
153 437
153 411
154 430
154 762
154 82
155 50
155 789
155 545
155 998
155 77
155 251
155 918
155 504
157 205
157 761
157 309
157 416
157 358
157 949
157 733
157 724
157 290
157 144
158 249
158 238
158 997
158 603
158 951
158 511
158 688
158 894
159 459
159 445
159 824
159 588
159 617
159 633
159 346
159 313
159 284
159 369
159 491
159 147
160 470
160 726
160 171
160 467
160 291
160 496
160 197
161 202
161 174
161 234
161 869
161 303
161 903
161 365
161 162
161 776
161 773
162 815
162 278
162 107
162 161
162 634
162 432
162 724
162 844
162 40
162 166
162 982
163 513
163 71
164 777
164 715
164 344
164 711
164 951
164 121
164 667
164 952
164 353
164 455
164 32
164 808
165 611
165 924
166 228
166 299
166 622
166 286
166 965
166 247
166 261
166 599
166 4
166 6
166 897
166 885
166 636
166 162
166 309
166 661
166 195
167 877
167 750
167 399
167 834
167 255
167 91
167 941
167 488
168 638
169 369
169 384
169 137
169 480
169 61
169 448
169 526
169 887
170 563
170 228
170 600
171 983
171 413
171 809
171 160
171 7
171 997
171 599
171 727
171 359
171 726
171 208
172 265
172 454
172 16
172 750
172 228
172 899
173 471
173 522
173 355
174 20
174 783
174 116
174 995
174 707
174 215
174 553
174 953
174 858
174 423
174 406
174 827
174 674
174 990
174 161
175 631
175 588
175 105
176 591
176 82
176 306
176 354
176 999
177 330
177 340
177 738
177 332
178 596
178 723
178 35
178 89
178 77
178 301
178 1
180 800
180 631
180 559
180 46
181 144
182 9
182 12
182 976
182 842
182 709
182 829
183 632
184 816
184 73
184 632
184 522
184 472
184 581
184 29
184 69
186 697
186 858
186 356
186 234
186 730
186 906
186 840
186 65
186 612
186 437
186 512
187 472
187 151
187 357
187 469
187 839
187 578
187 738
188 356
188 415
188 260
188 367
188 63
188 192
188 875
188 86
188 610
188 897
188 119
188 518
188 592
189 252
189 578
190 201
190 250
191 267
191 314
191 567
191 938
192 903
192 188
192 197
193 905
193 346
193 795
193 971
193 444
193 358
193 873
193 958
193 590
193 783
193 433
193 42
194 640
194 575
194 906
194 918
194 716
194 18
194 490
194 456
194 938
195 166
195 32
195 957
195 96
195 114
195 963
195 410
195 277
195 130
195 716
195 222
195 834
196 330
196 559
196 959
197 690
197 217
197 355
197 900
197 268
197 703
197 444
197 836
197 405
197 261
197 381
197 150
197 192
197 978
197 121
197 416
197 160
197 921
198 915
198 208
198 62
198 12
198 689
198 127
198 442
198 596
198 244
198 972
199 608
199 385
199 840
199 754
199 788
199 384
199 746
199 769
199 515
199 825
199 97
199 151
199 464
199 231
199 490
199 930
200 577
200 231
200 48
200 597
201 190
201 755
201 916
201 313
201 835
201 723
201 83
201 322
201 116
201 974
201 76
201 933
201 747
201 414
201 136
201 417
201 571
201 614
201 102
202 486
202 591
202 130
202 161
202 632
202 614
203 152
203 745
203 578
204 632
204 452
204 970
205 651
205 737
205 228
205 946
205 157
205 364
206 471
206 59
206 651
207 866
207 499
207 488
207 343
207 381
207 114
207 799
207 463
207 773
208 473
208 427
208 330
208 500
208 396
208 879
208 516
208 558
208 171
208 381
208 371
208 954
208 709
208 198
209 651
209 958
209 867
210 728
210 16
210 797
210 840
210 10
210 950
210 757
210 417
210 315
210 446
210 577
210 27
210 415
210 300
211 926
211 712
211 557
211 482
212 450
212 611
213 389
213 464
213 807
213 701
213 578
213 318
214 290
214 882
214 525
214 266
214 761
214 522
214 696
214 350
214 388
214 563
214 548
215 929
215 461
215 246
215 446
215 123
215 148
215 174
215 801
215 92
215 362
215 959
216 697
216 624
216 998
216 370
216 464
216 894
216 778
216 559
217 427
217 197
218 61
218 441
218 720
218 310
218 926
218 287
218 970
219 318
219 236
219 961
219 349
219 745
219 651
219 433
219 401
219 370
219 808
220 26
220 312
220 118
220 800
220 861
220 943
220 899
220 435
221 894
222 790
222 523
222 935
222 643
222 310
222 461
222 876
222 83
222 195
222 293
222 121
222 758
222 954
222 392
222 745
223 369
223 561
223 381
223 109
223 356
223 365
223 988
223 231
223 721
223 585
225 733
225 75
225 756
225 233
225 866
225 277
225 668
225 927
225 673
225 808
226 301
226 562
226 661
226 965
226 732
226 541
226 510
226 380
226 711
226 890
227 123
227 913
227 66
227 550
227 485
227 920
227 698
227 434
227 379
227 620
227 560
227 362
227 257
228 172
228 338
228 852
228 205
228 843
228 44
228 375
228 101
228 651
228 170
228 469
228 909
228 405
228 804
228 166
228 468
229 553
229 526
229 458
229 343
229 545
229 887
229 493
229 306
229 876
230 658
230 505
230 936
230 421
230 576
231 234
231 200
231 523
231 372
231 373
231 199
231 109
231 759
231 223
231 610
231 330
231 56
231 612
231 729
231 817
231 560
231 619
231 691
231 999
232 9
232 760
232 867
232 726
233 225
233 768
234 231
234 591
234 186
234 161
234 808
236 219
236 467
237 599
237 759
237 298
237 609
237 597
237 568
237 788
237 273
237 644
237 711
237 538
237 8
237 389
237 567
237 339
238 70
238 396
238 118
238 932
238 744
238 158
238 267
238 871
238 116
238 741
239 651
239 597
239 79
239 970
240 575
240 28
240 936
241 500
241 374
241 372
241 766
242 89
242 565
242 897
242 496
242 281
242 672
242 284
242 504
243 42
243 551
243 98
244 883
244 920
244 198
245 981
245 638
245 747
245 684
245 126
245 548
245 729
245 92
245 46
246 356
246 850
246 349
246 215
246 661
247 568
247 450
247 166
248 877
248 768
248 253
249 158
249 745
249 388
249 999
249 665
250 26
250 190
250 879
250 506
250 71
250 762
250 132
250 444
250 908
250 580
250 408
250 736
250 517
250 860
250 693
250 467
250 801
250 875
250 84
250 397
250 369
250 703
250 802
250 959
251 622
251 54
251 304
251 259
251 155
251 928
251 966
251 433
251 560
252 17
252 636
252 189
252 324
252 21
252 481
252 41
252 895
252 105
253 535
253 15
253 248
253 555
253 398
253 280
253 691
254 880
254 389
254 411
254 709
255 325
255 659
255 142
255 598
255 729
255 38
255 567
255 20
255 856
255 167
255 869
255 117
255 520
255 761
255 468
255 585
256 878
256 757
256 758
256 876
257 751
257 506
257 72
257 613
257 140
257 23
257 227
257 263
257 493
257 428
257 638
257 305
257 776
258 469
259 347
259 24
259 251
259 309
259 757
260 10
260 551
260 829
260 6
260 646
260 188
260 121
260 32
261 926
261 10
261 497
261 166
261 741
261 197
262 772
262 758
263 114
263 257
264 497
264 31
264 387
264 337
264 833
264 275
264 312
264 349
264 815
265 172
265 801
265 484
266 789
266 214
267 778
267 238
267 122
267 873
267 191
267 686
267 946
268 801
268 716
268 876
268 197
269 469
269 333
270 817
270 102
271 878
271 420
271 651
271 291
271 333
272 341
272 415
272 497
272 332
273 672
273 632
273 369
273 513
273 560
273 237
273 144
274 415
275 539
275 730
275 827
275 82
275 264
275 690
276 570
276 430
276 335
276 897
276 646
276 425
277 107
277 521
277 82
277 503
277 688
277 853
277 112
277 595
277 458
277 936
277 894
277 225
277 195
278 455
278 420
278 778
278 162
278 900
279 558
279 892
279 477
279 813
280 37
280 253
281 817
281 612
281 242
281 355
282 8
282 940
283 32
283 399
283 642
283 650
284 757
284 327
284 898
284 973
284 919
284 819
284 242
284 531
284 453
284 795
284 611
284 332
284 159
284 672
284 577
284 776
285 130
285 612
285 803
286 597
286 704
286 670
286 523
286 508
286 431
286 676
286 997
286 427
286 505
286 59
286 166
287 698
287 218
287 965
287 797
287 126
287 544
287 510
287 43
287 754
287 844
287 353
288 588
288 585
289 394
289 322
289 334
289 374
289 33
289 859
289 876
289 959
289 738
290 214
290 712
290 899
290 157
291 77
291 978
291 271
291 160
291 867
291 826
291 999
292 374
292 415
292 467
292 665
293 844
293 879
293 392
293 222
294 56
294 696
294 884
294 310
295 903
295 551
295 738
296 872
296 28
296 335
296 362
296 102
297 800
297 586
297 111
297 876
297 670
297 714
297 546
297 632
297 855
298 304
298 117
298 502
298 507
298 741
298 655
298 322
298 16
298 635
298 686
298 237
299 166
299 972
300 804
300 210
300 673
301 178
301 329
301 696
301 887
301 226
301 5
302 86
302 683
302 133
302 887
302 982
303 161
303 59
303 344
304 298
304 251
304 5
304 841
304 920
304 978
305 512
305 837
305 692
305 669
305 396
305 257
305 632
305 672
305 437
305 454
305 102
305 924
306 176
306 379
306 738
306 229
306 570
306 420
306 571
306 6
307 844
307 774
307 563
307 361
307 999
308 92
308 646
308 132
308 456
309 819
309 616
309 259
309 661
309 445
309 612
309 112
309 46
309 166
309 343
309 731
309 157
310 218
310 652
310 140
310 908
310 772
310 294
310 949
310 980
310 222
310 821
310 721
311 761
312 220
312 397
312 320
312 264
312 834
313 201
313 159
313 883
313 425
314 191
314 826
314 786
314 508
314 554
314 564
314 429
314 126
314 439
315 993
315 963
315 712
315 945
315 493
315 42
315 210
316 834
316 887
317 560
317 961
317 532
317 102
317 53
317 460
317 683
317 875
317 72
317 610
317 502
317 612
317 389
317 834
318 484
318 665
318 117
318 829
318 598
318 111
318 213
318 98
318 100
318 568
318 65
318 219
318 27
319 701
319 477
320 854
320 993
320 312
320 57
320 29
320 538
320 612
320 757
320 922
320 709
321 363
321 81
321 749
321 651
321 990
321 794
321 897
321 702
321 67
321 372
322 289
322 201
322 298
322 576
322 67
322 552
323 510
323 985
323 884
324 252
324 612
324 918
324 61
324 702
325 432
325 674
325 548
325 255
326 725
326 824
326 643
326 550
326 559
326 741
327 726
327 747
327 284
327 113
328 726
328 660
328 422
328 880
329 432
329 120
329 301
329 725
329 651
329 646
329 557
329 673
329 332
330 478
330 368
330 506
330 231
330 546
330 177
330 909
330 196
330 208
330 454
331 445
332 725
332 329
332 497
332 272
332 900
332 177
332 629
332 845
332 284
333 269
333 374
333 382
333 271
333 566
333 785
333 960
333 944
333 430
333 952
334 289
334 495
334 980
334 820
334 723
334 76
334 665
335 632
335 371
335 450
335 789
335 611
335 276
335 296
335 850
335 619
335 920
336 803
336 774
337 122
337 604
337 611
337 264
337 766
338 879
338 696
338 228
338 40
338 673
339 808
339 600
339 629
339 654
339 467
339 844
339 408
339 809
339 814
339 237
339 823
340 631
340 537
340 775
340 177
340 102
340 130
340 706
340 851
340 92
340 465
340 355
341 272
341 365
341 603
341 35
341 370
341 841
341 918
342 575
342 619
343 455
343 445
343 667
343 348
343 309
343 583
343 619
343 229
343 410
343 207
344 21
344 303
344 4
344 492
344 640
344 12
344 164
344 758
344 602
344 696
344 420
344 455
345 762
345 348
345 27
345 941
345 96
346 193
346 490
346 380
346 159
346 802
347 259
347 10
347 475
348 819
348 385
348 475
348 345
348 343
348 946
348 673
348 364
349 638
349 264
349 519
349 246
349 219
349 658
349 5
349 26
349 451
349 744
349 871
350 577
350 214
351 480
351 954
351 64
351 388
352 69
352 922
352 774
353 164
353 591
353 402
353 641
353 956
353 713
353 720
353 94
353 664
353 940
353 56
353 135
353 827
353 287
353 67
353 993
353 627
353 780
353 462
353 938
354 480
354 176
354 945
354 826
354 797
354 733
354 509
354 501
354 912
354 978
354 762
355 17
355 340
355 648
355 56
355 676
355 606
355 387
355 818
355 584
355 173
355 281
355 425
355 79
355 197
356 246
356 757
356 186
356 92
356 223
356 403
356 815
356 188
356 85
356 477
356 970
357 872
357 187
357 892
357 834
357 396
358 56
358 82
358 804
358 415
358 193
358 638
358 567
358 501
358 157
358 808
359 397
359 758
359 171
359 465
359 410
360 746
360 60
360 980
360 867
360 748
360 947
360 594
361 307
361 385
361 666
361 60
361 804
361 984
362 227
362 84
362 147
362 882
362 848
362 296
362 699
362 942
362 862
362 215
362 638
362 661
362 468
363 321
363 597
363 924
364 910
364 134
364 407
364 74
364 544
364 975
364 816
364 348
364 984
364 787
364 205
364 565
364 32
364 924
365 341
365 604
365 643
365 112
365 161
365 223
365 576
365 557
365 58
366 916
366 999
366 625
366 847
366 838
366 808
366 489
366 429
366 769
366 946
366 894
366 571
366 388
367 587
367 567
367 446
367 81
367 688
367 944
367 634
367 843
367 188
367 522
368 330
368 944
368 482
369 843
369 952
369 948
369 250
369 584
369 728
369 617
369 509
369 273
369 941
369 159
369 888
369 223
369 169
369 96
370 390
370 341
370 406
370 216
370 467
370 797
370 808
370 219
370 42
370 987
370 17
370 796
370 928
370 871
370 950
370 433
370 935
371 536
371 429
371 335
371 208
371 774
372 321
372 707
372 241
372 26
372 931
372 497
372 231
372 638
372 927
372 920
373 707
373 74
373 84
373 842
373 506
373 504
373 499
373 410
373 18
373 632
373 513
373 231
374 292
374 961
374 906
374 241
374 289
374 896
374 333
375 228
375 42
376 510
376 460
376 940
376 898
376 102
376 98
376 930
377 813
377 488
379 453
379 849
379 54
379 726
379 227
379 136
379 306
380 346
380 762
380 226
381 640
381 414
381 208
381 463
381 223
381 207
381 197
382 8
382 922
382 940
382 504
382 333
382 484
383 821
384 152
384 199
384 737
384 169
384 482
385 199
385 348
385 702
385 815
385 71
385 361
385 585
386 696
387 697
387 73
387 906
387 621
387 793
387 926
387 998
387 439
387 19
387 264
387 855
387 355
388 735
388 781
388 782
388 748
388 43
388 249
388 366
388 842
388 351
388 795
388 868
388 518
388 214
388 954
389 237
389 608
389 27
389 715
389 708
389 47
389 532
389 588
389 254
389 617
389 31
389 16
389 317
389 213
390 604
390 757
390 370
390 40
390 467
390 815
390 552
390 978
390 63
391 567
392 94
392 293
392 440
392 33
392 532
392 222
392 918
393 563
393 100
393 726
394 289
394 918
394 133
395 632
396 462
396 410
396 147
396 710
396 843
396 901
396 357
396 899
396 238
396 891
396 305
396 208
396 112
396 844
396 946
397 140
397 694
397 359
397 951
397 312
397 493
397 583
397 597
397 250
398 829
398 716
398 253
398 98
399 167
399 951
399 663
399 801
399 720
399 774
399 550
399 445
399 551
399 283
400 144
401 567
401 219
401 617
401 599
401 11
401 964
401 962
401 42
401 791
401 578
402 353
402 690
402 972
402 924
403 136
403 138
403 356
403 412
403 113
403 591
403 712
403 496
403 488
404 5
404 826
404 592
405 638
405 972
405 228
405 197
406 370
406 646
406 834
406 174
406 999
407 428
407 455
407 364
408 918
408 450
408 250
408 339
409 922
409 756
410 799
410 633
410 683
410 899
410 412
410 636
410 343
410 359
410 853
410 996
410 373
410 396
410 195
411 604
411 554
411 923
411 453
411 153
411 711
411 65
411 254
411 918
411 776
411 709
411 147
412 775
412 660
412 403
412 410
413 171
414 948
414 381
414 201
414 69
414 774
414 422
415 597
415 817
415 292
415 792
415 606
415 629
415 986
415 473
415 901
415 993
415 712
415 358
415 579
415 93
415 55
415 274
415 844
415 272
415 210
415 188
415 938
416 691
416 157
416 197
417 201
417 821
417 422
417 914
417 111
417 78
417 791
417 27
417 686
417 210
417 918
418 612
418 425
418 147
419 470
419 475
419 841
420 306
420 612
420 533
420 711
420 81
420 735
420 774
420 271
420 86
420 671
420 278
420 344
420 733
420 125
420 658
420 902
420 745
420 610
420 927
420 477
420 116
421 230
421 666
421 813
421 888
421 53
421 552
421 804
421 82
421 437
421 745
421 502
421 802
422 414
422 741
422 430
422 143
422 328
422 417
422 946
422 690
423 82
423 59
423 632
423 174
423 896
423 19
423 826
424 785
425 765
425 839
425 446
425 418
425 355
425 438
425 134
425 276
425 756
425 313
425 530
426 640
426 28
427 217
427 883
427 919
427 651
427 630
427 208
427 895
427 917
427 286
427 475
427 938
428 547
428 620
428 407
428 840
428 257
428 695
428 39
428 834
428 641
428 559
429 371
429 917
429 801
429 314
429 559
429 782
429 366
430 659
430 735
430 751
430 89
430 502
430 968
430 886
430 31
430 276
430 154
430 574
430 333
430 490
430 422
431 598
431 286
432 329
432 464
432 635
432 119
432 162
432 325
432 585
433 476
433 78
433 219
433 458
433 627
433 370
433 193
433 534
433 669
433 251
433 602
433 941
433 938
434 130
434 450
434 227
435 652
435 736
435 473
435 220
435 496
435 49
435 10
435 810
436 720
436 591
436 445
436 124
437 723
437 633
437 679
437 305
437 711
437 731
437 421
437 574
437 987
437 905
437 819
437 153
437 644
437 186
437 959
437 103
438 640
438 425
439 387
439 463
439 314
439 946
440 392
440 496
440 147
441 218
441 818
441 831
441 22
441 636
441 129
441 592
442 827
442 471
442 756
442 918
442 198
443 37
443 40
443 855
444 60
444 862
444 461
444 16
444 56
444 193
444 250
444 891
444 19
444 468
444 197
445 399
445 861
445 331
445 436
445 343
445 877
445 123
445 674
445 309
445 640
445 707
445 71
445 984
445 159
445 102
445 690
446 569
446 215
446 367
446 210
446 808
446 425
447 469
447 621
447 32
448 169
450 434
450 408
450 212
450 495
450 663
450 73
450 247
450 817
450 545
450 467
450 335
450 782
451 349
451 504
451 876
452 934
452 204
452 462
452 872
452 880
452 910
452 926
453 379
453 917
453 411
453 284
453 844
454 547
454 974
454 718
454 455
454 805
454 1000
454 586
454 330
454 10
454 305
454 172
454 826
454 604
454 611
454 690
455 278
455 343
455 8
455 106
455 407
455 344
455 563
455 817
455 164
455 132
455 454
456 754
456 92
456 854
456 568
456 884
456 728
456 194
456 510
456 133
456 631
456 308
456 48
456 32
457 900
458 604
458 59
458 277
458 433
458 756
458 229
458 96
459 469
459 57
459 897
459 159
459 876
460 376
460 868
460 493
460 68
460 653
460 926
460 505
460 33
460 936
460 317
460 58
460 982
461 215
461 444
461 660
461 571
461 222
461 896
462 396
462 672
462 353
462 798
462 452
463 681
463 509
463 439
463 144
463 381
463 758
463 926
463 207
463 930
464 647
464 432
464 61
464 53
464 199
464 491
464 627
464 216
464 611
464 40
464 702
464 213
464 930
465 630
465 489
465 36
465 913
465 340
465 795
465 900
465 116
465 490
465 359
465 707
466 130
466 958
466 124
466 61
466 741
467 236
467 292
467 141
467 537
467 150
467 709
467 390
467 613
467 921
467 597
467 160
467 683
467 370
467 27
467 450
467 250
467 867
467 339
468 444
468 531
468 362
468 689
468 255
468 228
468 489
468 542
468 582
468 831
468 994
468 571
468 496
469 459
469 258
469 447
469 269
469 679
469 954
469 228
469 187
469 651
470 160
470 419
470 911
470 529
470 937
470 706
470 88
470 550
470 885
470 906
470 758
470 602
470 557
470 504
471 122
471 527
471 979
471 961
471 99
471 835
471 582
471 513
471 560
471 593
471 951
471 442
471 127
471 206
471 173
471 660
471 658
472 187
472 896
472 926
472 808
472 785
472 184
473 208
473 415
473 557
473 768
473 435
475 810
475 868
475 419
475 599
475 541
475 427
475 520
475 347
475 934
475 684
475 590
475 997
475 869
475 348
475 778
476 930
476 23
476 132
476 433
476 557
476 876
477 652
477 768
477 979
477 613
477 564
477 279
477 319
477 420
477 356
477 924
478 330
478 57
479 638
479 841
479 592
480 351
480 493
480 896
480 491
480 169
480 952
480 354
480 709
481 252
481 604
481 726
482 368
482 625
482 950
482 677
482 633
482 211
482 384
483 696
483 612
484 990
484 382
484 265
484 912
484 54
484 841
484 763
484 952
484 318
484 880
485 551
485 227
486 202
486 487
486 77
486 750
486 583
486 810
487 486
487 63
488 564
488 890
488 716
488 500
488 593
488 167
488 139
488 749
488 403
488 377
488 871
488 557
488 207
489 604
489 112
489 701
489 871
489 815
489 366
489 468
489 465
489 121
490 68
490 430
490 978
490 199
490 346
490 812
490 194
490 760
490 883
490 465
491 527
491 837
491 543
491 715
491 821
491 143
491 757
491 480
491 676
491 947
491 612
491 159
491 464
491 559
491 34
492 10
492 344
493 460
493 397
493 480
493 894
493 229
493 257
493 315
493 802
495 130
495 539
495 334
495 450
495 117
495 815
495 690
495 741
496 403
496 952
496 967
496 440
496 695
496 578
496 118
496 160
496 468
496 660
496 242
496 435
497 272
497 893
497 121
497 663
497 825
497 261
497 903
497 737
497 264
497 372
497 332
498 731
498 887
498 57
499 132
499 771
499 994
499 864
499 702
499 373
499 46
499 207
500 241
500 208
500 791
500 877
500 798
500 488
501 920
501 358
501 939
501 992
501 559
501 354
502 1
502 867
502 667
502 973
502 421
502 690
502 34
502 763
502 430
502 298
502 810
502 317
503 152
503 917
503 277
503 660
503 576
504 470
504 382
504 539
504 242
504 155
504 451
504 803
504 559
504 584
504 782
504 373
504 696
504 100
504 557
505 230
505 120
505 559
505 115
505 286
505 540
505 460
505 804
505 810
506 330
506 906
506 373
506 250
506 257
506 838
507 298
507 891
508 136
508 152
508 895
508 286
508 314
508 48
509 122
509 568
509 152
509 730
509 369
509 463
509 354
509 924
510 323
510 138
510 780
510 528
510 630
510 376
510 965
510 28
510 226
510 550
510 707
510 456
510 287
510 103
511 158
511 16
511 726
512 305
512 745
512 186
513 915
513 661
513 163
513 273
513 579
513 15
513 373
513 768
513 763
513 471
513 926
513 85
513 900
513 585
514 984
515 717
515 980
515 124
515 722
515 661
515 199
515 802
516 208
516 57
516 571
517 917
517 250
517 612
517 935
518 589
518 19
518 388
518 133
518 627
518 47
518 867
518 818
518 188
519 349
519 82
520 27
520 475
520 756
520 61
520 105
520 255
520 32
521 887
521 277
521 938
522 765
522 173
522 32
522 367
522 53
522 214
522 27
522 741
522 184
523 286
523 231
523 222
524 972
525 569
525 214
525 48
525 117
526 653
526 169
526 229
526 673
526 999
526 665
527 471
527 491
528 510
528 117
528 802
529 470
529 899
529 638
530 708
530 938
530 716
530 717
530 425
530 593
530 33
530 667
531 713
531 992
531 284
531 468
532 392
532 37
532 389
532 6
532 317
533 672
533 420
533 918
533 32
534 813
534 433
534 102
534 924
535 253
536 1
536 371
536 878
537 56
537 340
537 467
538 718
538 753
538 688
538 574
538 822
538 122
538 701
538 689
538 320
538 237
539 495
539 796
539 569
539 134
539 275
539 545
539 695
539 27
539 504
539 803
540 82
540 505
541 475
541 729
541 226
541 716
541 119
542 468
543 10
543 583
543 491
543 576
543 709
543 930
544 791
544 551
544 559
544 732
544 287
544 364
545 539
545 8
545 450
545 155
545 229
546 152
546 330
546 789
546 773
546 297
547 428
547 454
547 773
548 22
548 245
548 214
548 649
548 325
548 79
550 326
550 610
550 786
550 721
550 808
550 510
550 879
550 470
550 672
550 227
550 399
551 2
551 243
551 485
551 919
551 544
551 671
551 624
551 914
551 744
551 260
551 758
551 586
551 295
551 942
551 399
551 34
552 390
552 800
552 557
552 322
552 39
552 421
553 640
553 174
553 229
553 79
554 411
554 314
554 559
555 806
555 867
555 817
555 253
555 58
555 978
556 604
557 473
557 586
557 470
557 365
557 833
557 476
557 504
557 211
557 329
557 25
557 841
557 845
557 146
557 488
557 655
557 37
557 552
558 279
558 208
558 567
558 884
559 845
559 491
559 326
559 428
559 932
559 126
559 946
559 216
559 658
559 429
559 1
559 935
559 180
559 544
559 196
559 554
559 634
559 75
559 667
559 501
559 505
559 936
559 504
560 251
560 684
560 227
560 231
560 273
560 575
560 950
560 54
560 699
560 922
560 471
560 952
560 317
560 116
561 896
561 985
561 223
561 121
562 226
562 776
563 393
563 170
563 840
563 307
563 948
563 214
563 600
563 455
564 922
564 314
564 477
564 959
564 488
565 891
565 242
565 364
566 878
566 917
566 333
567 191
567 736
567 558
567 619
567 685
567 237
567 835
567 391
567 62
567 358
567 367
567 401
567 255
568 247
568 589
568 509
568 823
568 779
568 676
568 100
568 883
568 124
568 456
568 237
568 318
569 446
569 26
569 940
569 679
569 525
569 756
569 539
569 826
569 941
570 799
570 910
570 723
570 93
570 276
570 879
570 643
570 306
570 119
570 813
571 201
571 891
571 366
571 516
571 461
571 468
571 306
571 918
571 878
571 776
571 34
571 959
572 124
572 689
572 726
572 880
572 982
572 103
573 963
573 713
573 919
573 66
573 4
573 129
573 137
573 25
573 56
573 10
573 597
573 121
574 538
574 61
574 430
574 437
575 11
575 240
575 342
575 194
575 560
576 874
576 503
576 543
576 957
576 853
576 365
576 322
576 230
576 640
577 350
577 654
577 888
577 608
577 925
577 976
577 284
577 200
577 945
577 16
577 827
577 718
577 99
577 210
577 880
577 970
578 869
578 1000
578 673
578 803
578 187
578 189
578 203
578 941
578 401
578 213
578 887
578 496
579 903
579 415
579 513
580 640
580 877
580 250
580 747
580 63
581 775
581 731
581 773
581 184
582 133
582 471
582 58
582 468
583 797
583 733
583 903
583 146
583 685
583 343
583 397
583 608
583 543
583 486
583 822
583 604
583 782
584 731
584 791
584 369
584 689
584 504
584 355
585 147
585 911
585 255
585 513
585 58
585 223
585 432
585 672
585 385
585 288
585 943
585 85
586 551
586 557
586 454
586 297
587 56
587 867
587 646
587 367
587 894
588 140
588 41
588 175
588 888
588 36
588 620
588 288
588 88
588 389
588 159
589 568
589 651
589 518
589 658
589 813
590 193
590 475
591 234
591 403
591 755
591 202
591 15
591 176
591 436
591 612
591 48
591 105
591 353
592 804
592 404
592 188
592 611
592 9
592 441
592 479
592 878
592 646
593 471
593 530
593 488
594 867
594 876
594 360
595 277
595 920
596 178
596 679
596 747
596 984
596 198
597 397
597 26
597 927
597 573
597 239
597 200
597 363
597 286
597 415
597 10
597 762
597 859
597 467
597 237
597 147
598 431
598 731
598 985
598 318
598 255
598 649
599 82
599 475
599 171
599 166
599 237
599 401
600 170
600 563
600 989
600 968
600 754
600 769
600 12
600 689
600 91
600 339
601 117
602 71
602 800
602 973
602 344
602 470
602 819
602 433
602 140
602 89
602 929
602 79
603 341
603 158
604 636
604 337
604 365
604 556
604 481
604 390
604 583
604 489
604 755
604 907
604 458
604 454
604 411
604 774
604 802
605 124
605 760
605 892
606 415
606 355
607 789
607 918
607 855
608 199
608 577
608 883
608 583
608 389
608 946
608 649
609 747
609 237
609 702
610 231
610 890
610 964
610 628
610 550
610 420
610 927
610 317
610 188
611 337
611 700
611 165
611 212
611 454
611 335
611 284
611 464
611 592
612 765
612 613
612 124
612 918
612 943
612 975
612 324
612 231
612 320
612 483
612 285
612 591
612 281
612 925
612 620
612 418
612 517
612 420
612 309
612 491
612 186
612 317
613 612
613 834
613 467
613 477
613 257
613 938
614 904
614 893
614 913
614 202
614 804
614 93
614 201
614 125
614 962
614 880
615 813
616 758
616 309
617 16
617 369
617 686
617 389
617 401
617 159
618 940
618 895
619 335
619 231
619 932
619 922
619 343
619 990
619 342
619 745
619 120
619 567
619 930
620 612
620 92
620 428
620 227
620 588
620 972
621 987
621 447
621 957
621 825
621 799
621 834
621 387
621 892
621 40
622 251
622 729
622 166
623 42
623 737
623 838
624 216
624 655
624 112
624 551
624 892
625 985
625 366
625 482
626 116
627 518
627 464
627 433
627 353
627 34
627 982
627 147
628 610
628 105
628 834
629 415
629 635
629 339
629 332
630 510
630 427
630 465
631 180
631 868
631 175
631 11
631 737
631 340
631 456
631 876
632 661
632 140
632 974
632 273
632 373
632 183
632 395
632 90
632 204
632 202
632 297
632 423
632 335
632 305
632 184
633 437
633 829
633 159
633 410
633 482
634 720
634 367
634 559
634 162
635 81
635 629
635 298
635 432
635 141
635 888
635 819
635 90
636 252
636 441
636 604
636 166
636 112
636 410
638 168
638 43
638 31
638 257
638 479
638 88
638 362
638 358
638 372
638 64
638 776
638 405
638 529
638 349
638 245
638 716
638 85
639 712
640 194
640 53
640 580
640 438
640 553
640 670
640 426
640 381
640 834
640 445
640 783
640 673
640 736
640 576
640 40
640 344
640 855
641 92
641 841
641 896
641 353
641 690
641 428
641 798
641 982
642 806
642 879
642 691
642 283
643 916
643 66
643 117
643 55
643 326
643 129
643 365
643 863
643 22
643 570
643 1
643 114
643 222
643 40
644 437
644 237
645 804
645 738
646 908
646 151
646 329
646 587
646 308
646 406
646 592
646 260
646 276
646 27
647 464
648 761
648 355
649 548
649 598
649 608
649 748
649 735
649 706
649 740
649 21
649 49
649 927
650 775
650 880
650 283
651 329
651 205
651 907
651 669
651 209
651 589
651 239
651 752
651 469
651 219
651 206
651 271
651 321
651 731
651 228
651 427
652 791
652 750
652 477
652 58
652 435
652 310
653 526
653 957
653 460
653 950
653 905
654 113
654 985
654 577
654 954
654 339
655 51
655 557
655 624
655 977
655 65
655 868
655 904
655 701
655 298
655 18
655 808
657 815
658 230
658 846
658 471
658 589
658 12
658 983
658 881
658 349
658 420
658 559
658 768
659 430
659 255
659 785
660 843
660 412
660 979
660 461
660 51
660 503
660 471
660 959
660 722
660 496
660 49
660 22
660 328
661 66
661 246
661 362
661 910
661 718
661 913
661 667
661 166
661 515
661 632
661 513
661 226
661 309
662 906
662 42
662 100
662 946
663 450
663 497
663 399
663 34
664 353
664 773
665 334
665 868
665 96
665 703
665 249
665 526
665 965
665 292
665 26
665 113
665 40
665 318
666 926
666 954
666 421
666 361
667 852
667 822
667 949
667 894
667 839
667 530
667 85
667 343
667 82
667 559
667 661
667 502
667 164
667 32
668 225
668 984
669 100
669 433
669 678
669 77
669 651
669 305
669 896
670 640
670 133
670 286
670 829
670 920
670 297
671 551
671 420
672 853
672 242
672 862
672 550
672 284
672 21
672 921
672 305
672 533
672 462
672 273
672 585
673 4
673 111
673 100
673 526
673 893
673 338
673 870
673 225
673 348
673 300
673 329
673 578
673 640
674 702
674 122
674 775
674 903
674 445
674 834
674 174
674 325
675 750
675 844
676 568
676 806
676 286
676 491
676 897
676 355
676 766
677 482
678 669
679 105
679 596
679 980
679 469
679 569
679 760
679 437
679 972
680 701
680 883
681 922
681 136
681 463
681 810
681 982
682 147
683 302
683 467
683 317
683 410
684 475
684 245
684 560
685 878
685 699
685 583
685 567
686 804
686 417
686 617
686 145
686 298
686 267
686 690
687 778
687 834
687 144
687 982
688 538
688 158
688 277
688 737
688 367
689 584
689 43
689 538
689 152
689 80
689 833
689 42
689 805
689 918
689 128
689 600
689 572
689 468
689 198
690 714
690 695
690 739
690 275
690 454
690 991
690 641
690 422
690 850
690 445
690 402
690 686
690 495
690 750
690 984
690 502
690 875
690 924
690 197
691 916
691 800
691 125
691 416
691 253
691 932
691 642
691 891
691 231
691 995
691 727
692 305
693 250
694 397
694 871
694 701
695 539
695 428
695 716
695 747
695 690
695 116
695 496
695 918
695 103
696 344
696 18
696 504
696 338
696 483
696 386
696 93
696 998
696 301
696 16
696 294
696 214
697 1
697 216
697 186
697 387
698 227
698 801
698 287
699 857
699 24
699 685
699 15
699 143
699 560
699 362
700 611
701 703
701 655
701 859
701 538
701 213
701 489
701 319
701 875
701 680
701 794
701 26
701 844
701 694
701 834
701 884
702 674
702 794
702 464
702 385
702 321
702 821
702 324
702 609
702 499
702 930
703 752
703 861
703 109
703 110
703 38
703 774
703 800
703 799
703 822
703 90
703 250
703 701
703 665
703 197
704 286
704 778
706 470
706 56
706 340
706 776
706 782
706 649
707 465
707 510
707 995
707 445
707 6
707 731
707 373
707 174
707 760
707 372
708 864
708 389
708 530
708 102
709 797
709 809
709 320
709 480
709 208
709 411
709 543
709 254
709 905
709 467
709 182
710 396
711 16
711 437
711 420
711 226
711 411
711 237
711 946
711 164
712 119
712 639
712 914
712 925
712 768
712 290
712 904
712 211
712 403
712 794
712 872
712 108
712 415
712 892
712 315
713 531
713 730
713 573
713 56
713 791
713 353
713 144
714 690
714 297
714 970
715 164
715 389
715 491
716 541
716 398
716 268
716 695
716 195
716 194
716 638
716 530
716 488
717 906
717 515
717 750
717 119
717 530
718 538
718 577
718 661
718 454
718 85
719 8
719 132
719 876
720 11
720 634
720 436
720 823
720 218
720 399
720 760
720 952
720 353
720 813
720 58
721 310
721 812
721 223
721 813
721 550
721 876
722 515
722 660
722 871
723 178
723 822
723 570
723 201
723 334
723 437
723 67
724 891
724 926
724 917
724 162
724 884
724 157
725 326
725 329
725 762
725 332
726 481
726 148
726 171
726 70
726 511
726 327
726 328
726 793
726 979
726 824
726 379
726 99
726 160
726 847
726 37
726 572
726 232
726 393
727 5
727 171
727 691
728 369
728 210
728 456
729 26
729 997
729 948
729 231
729 245
729 622
729 137
729 541
729 91
729 795
729 255
729 67
729 741
730 275
730 713
730 840
730 923
730 863
730 509
730 186
730 871
730 876
730 938
731 124
731 498
731 824
731 9
731 651
731 598
731 55
731 581
731 309
731 584
731 437
731 707
732 981
732 947
732 544
732 756
732 926
732 872
732 829
732 145
732 737
732 965
732 791
732 41
732 226
733 225
733 420
733 583
733 354
733 157
733 808
735 388
735 430
735 420
735 649
736 250
736 567
736 768
736 640
736 435
736 34
737 623
737 808
737 205
737 384
737 497
737 906
737 768
737 812
737 874
737 688
737 631
737 732
738 645
738 767
738 954
738 785
738 295
738 187
738 289
738 177
738 306
739 690
739 79
740 935
740 649
740 741
741 466
741 522
741 822
741 261
741 729
741 238
741 326
741 495
741 740
741 887
741 909
741 298
741 422
743 130
743 92
743 883
743 859
743 112
743 892
743 970
744 349
744 238
744 551
744 950
744 905
744 776
744 984
745 203
745 249
745 421
745 820
745 917
745 23
745 512
745 219
745 88
745 222
745 420
745 619
746 9
746 199
746 789
746 360
747 1000
747 928
747 201
747 609
747 327
747 695
747 596
747 580
747 23
747 245
747 5
747 117
748 866
748 388
748 649
748 360
749 321
749 892
749 488
750 675
750 6
750 652
750 486
750 717
750 690
750 172
750 167
750 845
750 995
751 430
751 257
752 703
752 651
753 538
753 871
754 26
754 199
754 600
754 456
754 287
755 604
755 591
755 201
755 96
755 34
755 938
756 442
756 458
756 520
756 409
756 111
756 858
756 569
756 225
756 132
756 732
756 425
757 61
757 390
757 256
757 356
757 858
757 909
757 320
757 833
757 259
757 284
757 491
757 210
758 616
758 932
758 262
758 256
758 344
758 859
758 359
758 470
758 760
758 463
758 222
758 551
759 42
759 92
759 231
759 27
759 237
759 782
760 874
760 788
760 232
760 975
760 490
760 11
760 679
760 707
760 605
760 720
760 103
760 758
760 935
761 814
761 311
761 974
761 859
761 648
761 72
761 255
761 63
761 888
761 10
761 915
761 33
761 214
761 768
761 157
761 79
762 345
762 789
762 154
762 143
762 380
762 88
762 597
762 725
762 354
762 909
762 250
762 927
762 40
763 513
763 502
763 884
763 941
763 484
764 883
764 135
765 612
765 926
765 522
765 425
766 676
766 821
766 241
766 337
766 772
767 738
768 658
768 248
768 473
768 74
768 233
768 761
768 736
768 40
768 513
768 737
768 712
768 477
768 96
769 199
769 600
769 366
770 903
771 499
771 56
772 901
772 140
772 262
772 115
772 827
772 310
772 766
773 581
773 664
773 161
773 84
773 546
773 547
773 207
773 990
773 63
773 34
774 307
774 371
774 414
774 352
774 336
774 604
774 93
774 899
774 828
774 1
774 703
774 420
774 935
774 399
774 978
775 650
775 581
775 674
775 412
775 894
775 340
776 96
776 411
776 571
776 562
776 706
776 257
776 161
776 284
776 744
776 638
777 164
777 887
778 71
778 687
778 475
778 806
778 959
778 704
778 102
778 858
778 118
778 143
778 890
778 216
778 278
778 17
778 267
779 568
779 900
780 510
780 18
780 353
781 388
781 970
782 18
782 583
782 929
782 429
782 706
782 450
782 759
782 883
782 105
782 504
782 388
783 174
783 193
783 640
785 659
785 424
785 821
785 472
785 946
785 333
785 98
785 959
785 738
786 314
786 550
787 813
787 364
788 199
788 760
788 237
788 970
789 607
789 827
789 835
789 61
789 814
789 912
789 266
789 546
789 746
789 762
789 335
789 155
790 16
790 954
790 222
790 897
791 417
791 584
791 500
791 544
791 713
791 62
791 966
791 955
791 401
791 993
791 97
791 7
791 652
791 40
791 732
792 415
792 144
793 726
793 387
793 936
793 42
793 100
793 19
794 321
794 701
794 905
794 859
794 712
794 702
795 193
795 284
795 729
795 388
795 465
796 539
796 927
796 370
796 941
796 63
797 583
797 37
797 210
797 370
797 19
797 354
797 144
797 709
797 287
798 462
798 922
798 112
798 641
798 921
798 500
798 34
798 32
799 570
799 806
799 621
799 703
799 826
799 410
799 207
800 180
800 220
800 878
800 703
800 602
800 691
800 552
800 297
801 39
801 429
801 215
801 268
801 906
801 24
801 265
801 698
801 399
801 250
801 952
802 421
802 250
802 952
802 604
802 904
802 346
802 515
802 6
802 493
802 528
802 11
802 834
803 3
803 99
803 861
803 285
803 913
803 336
803 539
803 578
803 841
803 504
803 32
804 421
804 361
804 141
804 645
804 228
804 358
804 505
804 888
804 300
804 987
804 614
804 686
804 838
804 592
805 689
805 821
805 454
805 900
806 555
806 799
806 851
806 994
806 676
806 642
806 778
806 838
806 999
807 878
807 61
807 213
807 972
808 472
808 854
808 910
808 130
808 446
808 225
808 234
808 164
808 358
808 733
808 655
808 219
808 737
808 550
808 370
808 366
808 339
809 171
809 709
809 339
810 505
810 681
810 35
810 884
810 435
810 889
810 50
810 502
810 486
810 931
810 475
810 815
812 69
812 737
812 490
812 721
813 721
813 534
813 615
813 377
813 570
813 39
813 720
813 589
813 907
813 787
813 279
813 883
813 421
814 761
814 789
814 339
815 385
815 495
815 919
815 864
815 356
815 264
815 810
815 657
815 962
815 16
815 489
815 390
815 59
815 162
816 978
816 92
816 364
816 184
817 270
817 281
817 29
817 952
817 231
817 912
817 555
817 93
817 879
817 450
817 415
817 58
817 455
817 938
818 441
818 518
818 121
818 355
819 42
819 602
819 437
819 635
819 284
819 348
819 309
820 69
820 334
820 745
821 62
821 66
821 310
821 383
821 895
821 805
821 417
821 491
821 702
821 766
821 785
822 993
822 723
822 538
822 583
822 8
822 667
822 703
822 741
823 568
823 720
823 82
823 959
823 339
824 326
824 726
824 731
824 159
825 497
825 199
825 621
826 454
826 569
826 799
826 423
826 291
826 404
826 314
826 354
826 121
827 442
827 772
827 275
827 939
827 54
827 789
827 577
827 992
827 844
827 353
827 174
828 117
828 945
828 774
829 260
829 633
829 28
829 670
829 919
829 398
829 974
829 985
829 318
829 732
829 182
830 940
830 958
831 441
831 468
832 33
832 121
833 689
833 757
833 557
833 264
833 946
833 147
834 996
834 934
834 316
834 195
834 701
834 317
834 167
834 613
834 856
834 802
834 687
834 674
834 406
834 357
834 984
834 312
834 628
834 150
834 903
834 936
834 640
834 37
834 621
834 46
834 428
835 201
835 789
835 954
835 471
835 567
836 117
836 940
836 197
837 305
837 491
838 856
838 871
838 804
838 506
838 806
838 623
838 366
838 884
839 906
839 667
839 187
839 425
840 940
840 199
840 730
840 186
840 563
840 428
840 210
840 952
841 906
841 341
841 419
841 138
841 803
841 641
841 479
841 142
841 304
841 101
841 18
841 96
841 851
841 922
841 557
841 941
841 959
841 484
842 373
842 388
842 182
843 12
843 369
843 228
843 660
843 367
843 40
843 396
843 924
844 293
844 873
844 30
844 453
844 396
844 307
844 827
844 675
844 162
844 287
844 127
844 98
844 895
844 917
844 415
844 701
844 339
845 559
845 56
845 922
845 750
845 859
845 557
845 959
845 332
846 658
847 726
847 366
848 917
848 59
848 362
848 61
849 379
850 69
850 246
850 940
850 335
850 892
850 690
851 806
851 340
851 841
852 228
852 667
852 32
852 972
853 672
853 887
853 277
853 576
853 410
854 320
854 456
854 808
855 297
855 640
855 387
855 443
855 607
855 897
855 892
856 834
856 255
856 838
857 699
857 82
858 757
858 186
858 174
858 992
858 778
858 756
859 862
859 289
859 845
859 983
859 994
859 90
859 794
859 597
859 9
859 40
859 118
859 743
859 125
859 761
859 758
859 701
860 250
860 105
861 220
861 703
861 445
861 803
862 672
862 444
862 922
862 859
862 362
862 100
863 730
863 643
863 944
863 871
863 63
864 499
864 18
864 815
864 708
865 875
866 748
866 225
866 207
867 555
867 25
867 587
867 291
867 594
867 209
867 232
867 467
867 950
867 518
867 502
867 360
868 460
868 655
868 631
868 475
868 388
868 665
869 578
869 161
869 475
869 255
870 673
871 753
871 722
871 489
871 730
871 14
871 972
871 349
871 863
871 694
871 238
871 985
871 124
871 838
871 370
871 488
872 296
872 357
872 112
872 712
872 732
872 452
873 844
873 267
873 193
873 85
874 760
874 936
874 737
874 92
874 576
874 959
875 690
875 989
875 865
875 31
875 85
875 701
875 992
875 317
875 250
875 188
876 256
876 459
876 3
876 118
876 451
876 631
876 721
876 730
876 289
876 594
876 476
876 229
876 268
876 719
876 222
876 297
876 900
877 927
877 580
877 113
877 888
877 30
877 248
877 142
877 500
877 167
877 445
878 566
878 256
878 807
878 685
878 592
878 271
878 36
878 800
878 536
878 111
878 571
879 817
879 50
879 107
879 36
879 293
879 570
879 338
879 642
879 550
879 903
879 208
879 250
880 254
880 614
880 650
880 572
880 328
880 577
880 976
880 884
880 94
880 120
880 883
880 484
880 894
880 452
881 658
882 917
882 214
882 362
882 970
883 977
883 743
883 813
883 568
883 3
883 782
883 680
883 608
883 915
883 490
883 764
883 244
883 140
883 313
883 61
883 427
883 880
884 763
884 558
884 103
884 294
884 838
884 323
884 701
884 7
884 724
884 456
884 810
884 880
885 470
885 166
886 124
886 430
887 169
887 777
887 302
887 853
887 301
887 521
887 89
887 316
887 498
887 64
887 578
887 229
887 741
888 588
888 877
888 804
888 635
888 577
888 761
888 421
888 369
889 894
889 810
890 610
890 778
890 226
890 488
891 896
891 724
891 565
891 396
891 507
891 933
891 444
891 691
891 571
892 279
892 621
892 850
892 357
892 749
892 99
892 605
892 624
892 900
892 712
892 743
892 855
892 64
892 936
893 614
893 497
893 673
893 121
893 938
894 122
894 277
894 880
894 221
894 216
894 775
894 493
894 366
894 976
894 158
894 889
894 31
894 587
894 667
895 508
895 8
895 252
895 427
895 618
895 844
895 821
896 561
896 472
896 374
896 423
896 641
896 461
896 669
896 480
896 891
896 926
896 897
896 982
897 321
897 855
897 676
897 896
897 188
897 276
897 459
897 143
897 790
897 8
897 166
897 242
898 376
898 93
898 284
898 972
899 172
899 936
899 13
899 529
899 220
899 290
899 774
899 396
899 410
899 103
900 805
900 278
900 141
900 457
900 876
900 513
900 779
900 892
900 952
900 465
900 332
900 197
901 772
901 415
901 905
901 46
901 396
902 420
903 497
903 192
903 295
903 923
903 943
903 106
903 879
903 834
903 674
903 579
903 770
903 64
903 161
903 135
903 583
904 655
904 614
904 712
904 802
905 709
905 744
905 653
905 901
905 130
905 794
905 116
905 193
905 437
906 717
906 118
906 662
906 470
906 506
906 839
906 194
906 374
906 186
906 387
906 33
906 801
906 737
906 841
907 604
907 651
907 813
908 250
908 646
908 310
909 330
909 757
909 228
909 762
909 741
910 570
910 661
910 808
910 452
910 364
910 58
911 470
911 96
911 585
912 789
912 817
912 354
912 484
913 614
913 227
913 135
913 803
913 661
913 465
914 551
914 417
914 712
914 40
914 121
915 513
915 883
915 761
915 198
916 643
916 1
916 201
916 691
916 366
917 882
917 503
917 844
917 918
917 517
917 107
917 427
917 123
917 848
917 453
917 152
917 961
917 566
917 429
917 724
917 745
917 972
918 194
918 408
918 607
918 923
918 394
918 80
918 972
918 15
918 324
918 155
918 411
918 417
918 442
918 533
918 963
918 341
918 695
918 917
918 612
918 689
918 392
918 571
918 63
919 573
919 551
919 829
919 284
919 427
919 815
919 71
919 121
920 128
920 670
920 149
920 335
920 244
920 372
920 102
920 304
920 595
920 117
920 227
920 501
921 672
921 467
921 798
921 197
922 409
922 7
922 953
922 50
922 862
922 564
922 845
922 560
922 352
922 681
922 841
922 57
922 320
922 382
922 619
922 798
923 730
923 903
923 918
923 411
924 18
924 305
924 942
924 993
924 690
924 402
924 509
924 363
924 843
924 165
924 534
924 364
924 477
924 42
924 985
925 612
925 577
925 712
926 460
926 261
926 666
926 952
926 967
926 724
926 463
926 108
926 513
926 896
926 452
926 211
926 765
926 472
926 218
926 387
926 732
927 796
927 649
927 939
927 420
927 762
927 225
927 372
927 610
927 877
927 597
927 64
927 96
928 251
928 747
928 370
929 215
929 602
929 100
929 782
930 702
930 376
930 463
930 199
930 464
930 543
930 619
930 5
930 476
930 63
931 983
931 372
931 810
932 238
932 758
932 691
932 559
932 48
932 619
933 891
933 201
934 834
934 10
934 475
934 452
935 3
935 740
935 774
935 517
935 760
935 42
935 370
935 995
935 559
935 222
936 892
936 230
936 460
936 559
936 57
936 874
936 240
936 834
936 793
936 277
936 899
937 470
938 353
938 74
938 104
938 194
938 730
938 415
938 893
938 521
938 427
938 817
938 191
938 613
938 433
938 148
938 755
938 530
939 827
939 927
939 501
939 147
940 77
940 850
940 840
940 140
940 618
940 830
940 376
940 836
940 382
940 282
940 40
940 569
940 353
941 763
941 796
941 167
941 433
941 345
941 569
941 16
941 841
941 73
941 369
941 578
942 551
942 362
942 924
943 220
943 903
943 612
943 102
943 585
944 333
944 368
944 863
944 56
944 367
944 147
945 828
945 577
945 315
945 354
946 422
946 205
946 439
946 662
946 348
946 711
946 608
946 396
946 267
946 833
946 34
946 559
946 366
946 785
947 732
947 491
947 360
948 369
948 729
948 414
948 563
949 667
949 310
949 157
950 370
950 653
950 979
950 744
950 867
950 560
950 210
950 61
950 482
951 151
951 397
951 158
951 471
951 399
951 164
952 560
952 164
952 480
952 720
952 900
952 801
952 840
952 333
952 484
952 926
952 369
952 817
952 802
952 496
953 922
953 174
954 666
954 15
954 74
954 790
954 222
954 469
954 835
954 208
954 351
954 654
954 388
954 117
954 738
955 27
955 791
956 353
957 653
957 576
957 621
957 195
958 986
958 209
958 830
958 466
958 28
958 193
958 96
959 571
959 196
959 564
959 437
959 823
959 250
959 874
959 215
959 841
959 785
959 845
959 289
959 660
959 778
960 333
961 219
961 374
961 917
961 471
961 317
962 8
962 815
962 614
962 401
963 573
963 918
963 315
963 195
964 610
964 401
965 510
965 22
965 226
965 166
965 19
965 665
965 732
965 287
966 251
966 130
966 791
967 926
967 496
968 430
968 600
970 577
970 218
970 714
970 102
970 204
970 239
970 743
970 75
970 882
970 356
970 781
970 788
971 193
971 61
971 32
972 524
972 402
972 198
972 898
972 620
972 807
972 129
972 405
972 299
972 679
972 852
972 917
972 92
972 918
972 871
972 67
973 16
973 602
973 284
973 502
973 91
974 761
974 201
974 632
974 829
974 454
975 760
975 612
975 364
976 71
976 894
976 577
976 984
976 182
976 880
977 883
977 655
978 354
978 816
978 555
978 390
978 304
978 139
978 105
978 774
978 33
978 490
978 291
978 197
979 726
979 950
979 471
979 660
979 477
979 144
980 679
980 334
980 515
980 310
980 360
981 732
981 245
982 627
982 641
982 89
982 687
982 460
982 162
982 572
982 896
982 302
982 681
983 931
983 658
983 859
983 171
984 668
984 148
984 744
984 514
984 51
984 596
984 690
984 445
984 976
984 130
984 361
984 834
984 364
985 829
985 654
985 598
985 625
985 871
985 43
985 48
985 561
985 145
985 323
985 924
986 958
986 415
987 437
987 804
987 621
987 370
988 223
988 144
989 600
989 875
990 321
990 619
990 773
990 174
990 484
991 59
991 690
992 531
992 875
992 54
992 827
992 501
992 30
992 123
992 858
992 82
992 6
993 822
993 320
993 791
993 415
993 315
993 353
993 924
994 499
994 806
994 859
994 468
995 28
995 174
995 37
995 707
995 691
995 935
995 750
996 834
996 410
997 158
997 286
997 475
997 729
997 171
998 216
998 387
998 696
998 155
999 307
999 249
999 406
999 526
999 291
999 806
999 176
999 231
999 366
1000 747
1000 578
1000 91
1000 454
