1 536
1 178
1 697
1 774
1 409
1 524
1 525
1 643
1 559
1 502
1 144
1 582
1 993
1 269
1 328
2 551
2 91
2 442
2 620
2 598
2 928
3 629
3 901
3 619
3 79
3 91
3 883
3 803
3 935
3 947
3 328
4 573
4 166
4 344
4 673
4 39
5 304
5 301
5 727
5 404
5 747
5 930
5 349
5 545
5 995
6 260
6 125
6 306
6 598
6 715
6 750
6 166
6 707
6 802
6 503
7 195
7 928
7 646
7 221
7 59
7 401
7 110
7 851
7 257
7 223
7 925
7 996
7 359
7 687
7 120
7 922
7 791
7 171
7 884
7 628
8 52
8 962
8 282
8 719
8 822
8 545
8 897
8 31
8 382
8 795
8 755
8 43
8 553
8 363
8 895
8 455
8 442
8 218
8 636
8 828
9 232
9 746
9 921
9 782
9 311
9 731
9 10
9 59
9 859
9 182
9 405
9 132
10 934
10 573
10 492
10 543
10 260
10 9
10 347
10 435
10 261
10 401
10 507
10 761
10 210
10 454
10 316
10 653
11 73
11 173
11 980
11 702
11 720
11 760
11 631
11 802
11 222
11 94
11 779
11 652
12 843
12 764
12 899
12 194
12 72
12 197
12 544
12 344
12 182
12 198
12 376
12 605
12 545
12 765
13 775
13 405
13 716
13 429
13 390
13 57
13 19
13 582
13 146
14 871
14 107
14 968
15 689
15 515
15 982
15 886
15 35
15 26
15 422
15 20
15 733
15 861
15 859
15 651
15 957
15 248
15 152
15 591
15 699
15 513
15 954
15 253
15 624
15 598
16 298
16 511
16 389
16 38
16 617
16 973
16 172
16 711
16 790
16 21
16 444
16 696
16 577
16 92
16 210
16 815
16 941
16 96
16 754
17 382
17 194
17 97
17 470
17 955
17 513
17 597
17 724
17 452
17 545
17 301
17 977
17 598
17 151
17 252
17 778
17 355
17 358
17 976
17 101
17 968
17 644
18 864
18 194
18 655
18 108
18 991
18 373
18 696
18 841
18 782
18 945
19 793
19 965
19 797
19 423
19 13
19 444
19 668
19 518
19 387
19 32
19 412
19 653
20 174
20 255
20 15
20 610
20 828
21 485
21 223
21 656
21 112
21 69
21 633
21 252
21 16
21 130
21 672
21 344
21 848
21 923
21 447
22 965
22 548
22 566
22 323
22 402
22 460
22 441
22 643
22 660
22 113
22 779
23 745
23 747
23 257
23 476
23 443
23 913
23 469
23 945
23 428
24 348
24 520
24 751
24 376
24 75
24 699
24 801
24 993
24 336
25 750
25 461
25 835
25 331
25 142
25 628
25 58
25 334
25 573
25 867
25 557
25 144
25 545
25 592
25 727
26 754
26 38
26 220
26 349
26 569
26 250
26 701
26 729
26 597
26 144
26 372
26 665
26 343
26 15
26 939
26 564
27 539
27 417
27 955
27 467
27 520
27 646
27 318
27 522
27 759
27 345
27 389
27 210
27 174
27 351
28 995
28 510
28 240
28 296
28 426
28 958
28 829
28 313
28 722
29 817
29 320
29 184
29 63
29 663
29 760
29 868
29 840
29 259
30 844
30 877
30 992
30 605
30 107
31 8
31 430
31 132
31 638
31 389
31 264
31 894
31 875
31 486
31 918
32 971
32 533
32 87
32 164
32 852
32 803
32 520
32 798
32 260
32 456
32 447
32 667
32 19
32 534
32 195
32 522
32 283
32 56
33 52
33 530
33 460
33 761
33 134
33 289
33 906
33 832
33 978
33 124
33 392
33 37
33 947
33 890
33 384
33 913
33 455
34 663
34 773
34 551
34 736
34 292
34 819
34 36
34 606
34 660
34 946
34 200
34 722
34 397
35 411
35 420
35 953
35 349
35 412
35 615
35 798
35 178
35 341
35 15
35 880
35 548
36 64
36 879
36 878
36 588
36 136
36 67
36 465
36 914
36 34
36 945
37 532
37 797
37 33
37 995
37 834
37 362
37 248
37 106
37 726
37 749
38 693
38 768
38 865
38 771
38 788
38 171
38 333
38 173
38 685
38 78
38 907
38 322
38 270
38 418
38 26
38 114
38 16
38 703
38 98
38 324
38 448
38 548
39 236
39 4
39 305
39 282
39 309
39 365
39 198
39 801
39 813
39 552
39 297
39 443
40 99
40 162
40 443
40 914
40 338
40 390
40 640
40 464
40 791
40 643
40 762
40 621
40 119
40 843
40 612
40 859
40 940
40 768
40 663
40 965
40 687
40 993
40 889
41 826
41 459
41 796
41 760
41 815
41 229
41 926
41 818
41 252
41 588
41 343
41 788
41 101
41 44
42 623
42 243
42 759
42 819
42 140
42 193
42 662
42 375
42 81
42 689
42 935
42 370
42 315
42 924
42 385
43 825
43 783
43 506
43 306
43 893
43 734
43 890
43 638
43 985
43 689
43 287
43 8
43 930
44 397
44 41
44 423
44 856
44 975
44 843
44 778
44 692
44 95
44 395
44 720
44 93
44 755
44 417
44 562
44 834
45 234
45 914
45 624
46 67
46 834
46 245
46 499
46 957
46 943
46 827
46 472
46 968
46 303
47 518
47 389
47 188
47 169
47 923
47 733
47 555
47 628
48 525
48 456
48 200
48 591
48 508
48 932
48 985
48 517
48 561
48 492
48 618
48 838
48 448
49 564
49 116
49 589
49 674
49 977
49 923
49 840
50 200
50 889
50 470
50 685
50 391
50 122
50 879
50 922
50 155
50 376
50 242
50 351
51 415
51 138
51 55
51 131
51 307
51 655
51 59
51 984
51 85
51 487
51 459
51 366
52 8
52 33
52 205
53 640
53 464
53 421
53 317
53 522
53 858
53 509
53 143
53 856
54 379
54 251
54 827
54 992
54 560
54 484
54 505
54 525
54 918
55 643
55 731
55 415
55 109
55 71
55 398
55 51
56 771
56 573
56 845
56 706
56 294
56 231
56 713
56 61
56 537
56 587
56 944
56 651
56 32
56 444
56 353
56 58
56 355
56 357
56 60
57 498
57 516
57 13
57 478
57 80
57 592
57 936
57 320
57 922
58 56
58 652
58 720
58 910
58 466
58 779
58 690
58 826
58 373
58 304
58 755
58 585
58 25
58 650
58 569
59 991
59 303
59 286
59 815
59 51
59 458
59 848
59 423
59 206
59 9
59 7
59 344
59 928
59 502
59 779
60 245
60 548
60 262
60 234
60 595
60 842
60 987
60 56
60 476
60 862
60 353
60 174
60 360
60 773
60 793
60 532
60 477
60 609
61 218
61 883
61 574
61 807
61 950
61 324
61 520
61 466
61 971
61 67
61 757
61 789
61 56
61 464
61 169
61 442
61 558
61 489
62 74
62 964
62 237
62 294
62 726
62 950
62 189
62 203
62 877
62 507
62 791
62 567
62 821
62 198
62 892
63 796
63 918
63 487
63 390
63 580
63 29
63 898
63 761
63 188
63 773
63 749
63 108
64 104
64 36
64 927
64 129
64 351
64 903
64 887
64 638
64 892
64 963
65 655
65 411
65 186
65 318
65 769
66 643
66 573
66 227
66 821
66 661
66 840
66 644
67 73
67 36
67 321
67 729
67 972
67 322
67 723
67 145
67 601
67 46
67 353
67 599
67 345
67 810
67 61
68 490
68 460
68 279
68 892
68 219
69 812
69 850
69 820
69 414
69 352
69 184
69 903
69 21
69 453
69 446
69 220
70 238
70 726
70 150
71 445
71 163
71 919
71 385
71 55
71 678
71 250
71 778
71 687
71 574
71 76
72 761
72 317
72 257
72 743
72 362
72 12
72 150
73 450
73 387
73 67
73 941
73 184
73 11
73 529
74 708
74 602
74 459
74 551
74 770
74 373
74 954
74 768
74 938
74 364
74 254
74 384
74 923
74 62
74 901
75 225
75 559
75 970
75 525
75 24
76 558
76 880
76 439
76 650
76 71
76 746
76 577
76 278
76 619
76 201
76 459
77 486
77 178
77 940
77 669
77 155
77 291
77 453
77 797
77 653
77 448
78 195
78 222
78 557
78 133
78 117
78 433
78 38
78 628
78 150
78 712
79 88
79 125
79 602
79 239
79 355
79 761
79 548
79 553
79 221
79 3
80 918
80 689
80 57
80 105
80 789
80 669
80 803
80 947
80 890
81 321
81 635
81 420
81 367
81 997
81 42
81 220
81 901
81 250
81 609
82 823
82 154
82 857
82 176
82 540
82 423
82 421
82 599
82 667
82 992
82 519
82 275
82 358
82 277
82 304
83 201
83 222
83 385
83 101
84 594
84 539
84 109
84 561
84 543
84 720
84 400
84 897
84 337
84 931
84 837
84 373
84 773
84 113
84 406
84 953
85 51
85 718
85 638
85 513
85 873
85 356
85 353
85 667
85 875
85 465
85 460
86 797
86 193
86 352
86 87
86 233
86 626
86 546
86 860
86 130
86 302
86 420
86 735
86 913
87 105
87 32
87 858
87 86
88 470
88 762
88 638
88 745
88 588
88 79
88 539
88 945
88 822
89 178
89 242
89 602
89 430
89 887
89 982
89 996
89 722
89 772
89 553
89 350
90 801
90 879
90 529
90 172
90 715
90 921
90 657
90 632
90 859
90 635
90 205
90 733
91 2
91 1000
91 600
91 167
91 973
91 729
91 711
91 573
91 636
91 564
91 3
92 759
92 356
92 340
92 816
92 641
92 16
92 620
92 215
92 308
92 119
92 743
92 874
92 249
92 456
92 972
92 876
92 909
92 304
92 998
93 570
93 898
93 415
93 614
93 696
93 817
93 774
93 234
93 547
93 310
93 44
94 380
94 118
94 732
94 601
94 447
94 880
94 669
94 984
94 484
94 624
94 387
94 11
94 155
94 734
94 220
94 392
94 353
94 147
94 503
95 167
95 438
95 689
95 545
95 248
95 159
95 126
95 597
95 927
95 44
95 926
96 16
96 345
96 768
96 911
96 755
96 958
96 458
96 369
96 491
96 841
96 776
96 195
96 665
96 949
96 509
96 962
97 791
97 199
97 316
97 17
97 352
97 749
98 111
98 243
98 38
98 288
98 261
98 152
98 844
98 318
98 852
98 167
99 309
99 470
99 136
99 705
99 255
99 726
99 471
99 892
99 40
99 577
99 234
99 599
100 929
100 662
100 862
100 504
100 793
100 142
100 669
100 568
100 318
100 673
100 412
100 259
101 911
101 745
101 273
101 955
101 17
101 613
101 83
101 41
101 289
101 228
101 354
101 722
101 562
102 534
102 296
102 376
102 708
102 943
102 201
102 270
102 445
102 305
102 340
102 778
102 317
102 920
102 970
102 363
102 316
103 695
103 510
103 572
103 899
103 437
103 760
103 358
103 289
103 890
103 808
104 64
104 938
104 118
104 597
104 963
104 211
104 652
105 628
105 860
105 175
105 520
105 252
105 80
105 87
105 591
105 612
105 679
105 978
105 195
105 146
106 903
106 455
106 356
106 37
106 707
107 199
107 664
107 30
107 14
107 493
107 275
107 879
107 917
107 277
107 366
107 698
108 460
108 119
108 164
108 63
108 969
108 18
108 712
108 842
108 894
108 548
109 788
109 451
109 604
109 518
109 55
109 314
109 834
109 582
109 653
109 562
109 818
109 577
109 134
109 516
109 231
109 223
109 84
109 916
110 703
110 7
111 878
111 417
111 756
111 318
111 673
111 98
111 297
112 396
112 489
112 872
112 624
112 365
112 130
112 743
112 636
112 277
112 309
112 798
112 486
112 21
113 654
113 84
113 22
113 327
113 814
113 877
113 665
113 382
114 38
114 263
114 643
114 195
114 207
114 202
114 354
114 858
114 516
114 259
115 772
115 505
115 343
115 797
115 336
116 695
116 560
116 238
116 626
116 420
116 574
116 201
116 465
116 653
116 49
116 652
117 836
117 920
117 528
117 747
117 495
117 127
117 954
117 601
117 377
117 828
117 298
117 643
117 318
117 711
117 840
117 608
117 864
117 78
117 555
118 703
118 148
118 104
118 806
118 749
118 537
118 840
118 961
118 413
118 388
118 220
118 238
118 906
118 859
118 778
118 496
118 949
118 599
118 739
118 564
118 94
118 126
119 570
119 541
119 432
119 406
119 478
119 92
119 712
119 40
119 123
119 575
119 510
119 843
119 108
120 629
120 586
120 134
120 574
120 333
120 752
120 437
120 564
120 374
120 329
120 505
120 619
120 7
120 755
120 302
120 841
120 553
121 260
121 818
121 573
121 826
121 919
121 500
121 647
121 843
121 993
121 256
121 222
121 164
121 197
121 749
121 652
122 538
122 674
122 337
122 50
122 509
122 267
122 894
122 471
122 357
122 691
122 928
122 779
123 961
123 768
123 943
123 202
123 973
123 616
123 418
123 119
123 161
123 673
123 828
123 199
123 311
123 215
123 917
123 445
123 227
123 992
123 769
124 572
124 886
124 605
124 436
124 33
124 466
124 871
124 835
124 731
124 515
124 612
124 228
125 130
125 691
125 420
125 859
125 6
125 614
125 79
125 872
125 447
126 750
126 767
126 621
126 234
126 978
126 199
126 355
126 118
126 512
126 784
126 192
126 843
126 559
126 314
126 287
126 95
126 816
126 736
127 471
127 844
127 117
127 198
127 977
127 233
127 953
128 689
128 920
128 754
128 660
128 553
129 441
129 643
129 573
129 64
129 972
129 202
130 495
130 21
130 125
130 285
130 966
130 743
130 466
130 202
130 434
130 112
130 905
130 340
130 984
130 195
130 808
130 916
130 588
130 86
131 744
131 503
131 909
131 356
131 444
131 51
132 31
132 756
132 308
132 476
132 719
132 9
132 250
132 903
132 703
132 755
132 843
133 670
133 394
133 302
133 582
133 972
133 212
133 154
133 377
133 518
133 456
133 289
133 78
133 407
134 539
134 33
134 425
134 364
134 109
134 759
134 840
134 120
135 764
135 148
135 913
135 903
135 656
135 353
135 866
135 598
136 508
136 201
136 681
136 36
136 379
136 403
136 99
136 218
136 348
136 354
136 553
137 573
137 729
137 169
137 432
137 620
137 659
138 510
138 403
138 841
138 866
138 334
138 51
139 488
139 978
139 631
139 339
139 451
140 772
140 940
140 397
140 152
140 602
140 588
140 632
140 883
140 42
140 257
140 310
140 797
141 804
141 635
141 467
141 900
141 893
141 230
141 674
142 584
142 342
142 926
142 372
142 161
142 461
142 765
142 896
142 877
142 841
142 25
142 522
142 100
143 905
143 828
143 636
143 456
143 53
143 373
143 281
143 211
143 362
143 288
143 638
143 346
143 472
143 954
143 699
143 762
143 778
143 491
143 897
143 568
143 493
144 181
144 988
144 797
144 26
144 400
144 713
144 979
144 1
144 25
144 792
144 157
144 273
144 609
144 453
144 432
145 985
145 686
145 67
145 732
145 748
146 424
146 688
146 591
146 953
146 13
146 658
146 533
146 105
146 535
146 715
146 557
146 188
146 744
146 915
146 839
146 447
146 987
147 159
147 627
147 597
147 682
147 411
147 939
147 440
147 944
147 94
147 418
147 833
147 362
147 585
147 329
147 259
148 215
148 726
148 135
148 984
148 938
148 174
148 118
148 755
148 983
149 920
149 255
150 924
150 170
150 841
150 409
150 78
150 316
150 800
150 574
150 678
150 72
150 575
150 199
150 276
150 70
150 467
150 197
150 711
151 951
151 187
151 646
151 199
151 993
151 636
151 738
151 17
152 140
152 384
152 203
152 503
152 546
152 15
152 509
152 508
152 567
152 399
152 458
152 867
152 917
152 689
152 176
152 472
152 98
153 637
153 575
153 204
153 824
153 936
153 677
153 411
153 912
153 363
153 453
153 376
153 605
153 809
154 430
154 762
154 82
154 315
154 324
154 133
155 50
155 789
155 77
155 764
155 392
155 251
155 504
155 631
155 913
155 94
155 439
155 785
156 238
157 761
157 309
157 416
157 949
157 733
157 724
157 290
157 479
157 836
157 144
157 976
157 460
157 856
158 249
158 238
158 997
158 603
158 951
158 511
158 688
158 894
158 237
158 561
159 445
159 824
159 588
159 617
159 633
159 346
159 313
159 423
159 284
159 369
159 491
159 147
159 641
159 95
159 793
160 470
160 726
160 171
160 467
160 291
160 496
160 197
160 914
160 255
160 652
161 202
161 174
161 234
161 869
161 303
161 903
161 365
161 162
161 776
161 773
161 123
161 810
161 142
161 928
161 238
161 312
162 815
162 278
162 161
162 634
162 432
162 724
162 413
162 844
162 40
162 166
162 982
162 866
163 513
163 71
163 717
163 405
163 780
164 777
164 715
164 344
164 711
164 951
164 121
164 667
164 952
164 353
164 455
164 32
164 547
164 460
164 108
165 287
165 999
165 506
166 228
166 286
166 261
166 599
166 4
166 6
166 897
166 162
166 280
166 721
166 449
166 204
166 547
166 543
166 309
166 661
166 827
166 412
166 890
166 839
166 337
167 257
167 919
167 667
167 548
167 212
167 286
167 98
167 799
167 877
167 750
167 399
167 834
167 91
167 941
167 488
167 95
167 620
167 793
168 638
169 369
169 137
169 480
169 61
169 526
169 47
169 797
169 316
169 639
170 717
170 836
170 670
170 522
170 867
170 880
170 775
170 672
170 385
170 518
170 519
170 704
170 312
170 722
170 563
170 228
170 345
170 150
171 983
171 413
171 160
171 7
171 599
171 727
171 359
171 958
171 674
171 726
171 208
171 38
172 265
172 454
172 16
172 750
172 228
172 899
172 90
172 754
172 652
173 471
173 522
173 355
173 11
173 949
173 38
173 238
174 20
174 783
174 995
174 707
174 215
174 953
174 423
174 370
174 729
174 27
174 148
174 921
174 879
174 239
174 161
174 60
174 666
174 816
175 631
175 588
175 105
175 866
175 788
175 230
175 913
175 598
176 617
176 990
176 181
176 152
176 591
176 82
176 306
176 999
176 935
177 330
177 340
177 738
177 332
177 432
177 547
178 596
178 723
178 35
178 89
178 77
178 301
178 1
179 915
179 503
179 868
179 600
180 222
180 428
180 580
180 308
180 284
180 781
180 800
180 631
180 559
181 144
181 176
181 345
182 9
182 12
182 976
182 842
182 709
182 829
182 687
183 632
183 869
183 310
184 816
184 73
184 632
184 522
184 472
184 581
184 29
184 69
184 354
185 602
185 405
186 697
186 858
186 356
186 234
186 730
186 906
186 840
186 65
186 612
186 512
186 444
186 239
186 397
187 472
187 151
187 357
187 469
187 617
187 578
187 788
187 443
187 269
187 566
187 451
188 260
188 63
188 610
188 146
188 47
188 309
188 679
188 426
188 692
188 518
188 592
188 460
188 842
188 796
189 252
189 578
189 62
190 201
190 250
190 284
190 509
191 267
191 314
191 567
191 938
191 299
191 882
191 866
191 893
191 219
192 629
192 988
192 598
192 908
192 764
192 903
192 197
192 202
192 201
192 461
192 769
192 765
192 995
192 126
193 346
193 795
193 971
193 444
193 358
193 873
193 958
193 590
193 783
193 584
193 882
193 236
193 370
193 433
193 42
193 754
193 687
193 660
193 318
193 86
194 640
194 575
194 906
194 918
194 716
194 18
194 490
194 456
194 938
194 788
194 12
194 17
194 365
194 280
195 32
195 957
195 96
195 114
195 963
195 410
195 277
195 130
195 105
195 716
195 222
195 834
195 7
195 285
195 893
195 965
195 489
195 78
195 779
195 609
196 330
196 559
196 959
196 279
196 766
196 736
196 644
197 690
197 217
197 355
197 900
197 268
197 703
197 444
197 836
197 405
197 381
197 150
197 192
197 978
197 121
197 416
197 160
197 921
197 873
197 12
197 345
197 843
198 208
198 62
198 12
198 689
198 127
198 442
198 596
198 244
198 505
198 972
198 39
199 608
199 385
199 840
199 754
199 788
199 384
199 746
199 769
199 515
199 825
199 97
199 151
199 464
199 231
199 490
199 930
199 123
199 107
199 150
199 126
200 850
200 854
200 403
200 34
200 256
200 476
200 577
200 231
200 48
200 599
200 653
200 50
201 190
201 755
201 916
201 835
201 723
201 83
201 322
201 116
201 974
201 76
201 933
201 192
201 747
201 414
201 136
201 571
201 614
201 102
201 582
202 129
202 991
202 949
202 736
202 935
202 397
202 310
202 218
202 304
202 825
202 916
202 358
202 192
202 114
202 929
202 653
202 602
202 486
202 591
202 130
202 161
202 632
202 123
202 885
202 871
202 268
203 152
203 745
203 578
203 62
203 548
204 632
204 452
204 970
204 299
204 627
204 509
204 769
204 166
204 809
204 153
204 983
205 248
205 52
205 835
205 90
205 390
205 294
205 258
205 651
205 737
205 228
205 946
205 364
205 376
205 233
205 529
206 471
206 59
206 651
206 951
206 976
206 269
206 529
207 866
207 499
207 488
207 343
207 114
207 799
207 463
207 908
207 990
207 861
208 473
208 427
208 330
208 500
208 396
208 879
208 516
208 558
208 171
208 371
208 858
208 954
208 709
208 198
209 251
209 432
209 611
209 377
209 434
209 651
209 958
209 990
209 503
209 840
209 774
209 803
209 953
210 728
210 16
210 797
210 840
210 10
210 950
210 757
210 315
210 446
210 577
210 27
210 415
210 300
210 610
210 914
210 571
210 816
211 885
211 104
211 781
211 709
211 231
211 354
211 343
211 931
211 265
211 926
211 712
211 482
211 748
211 143
211 279
211 909
211 593
212 626
212 618
212 548
212 343
212 551
212 667
212 470
212 584
212 450
212 167
212 769
212 133
213 389
213 464
213 807
213 701
213 578
213 237
213 611
213 861
214 290
214 525
214 761
214 522
214 696
214 388
214 563
214 548
214 245
214 589
214 318
214 289
214 598
214 816
214 720
215 929
215 461
215 246
215 123
215 148
215 257
215 580
215 464
215 795
215 681
215 174
215 801
215 92
215 362
215 959
215 869
215 624
216 697
216 624
216 998
216 370
216 464
216 894
216 778
216 559
216 316
217 427
217 197
218 253
218 457
218 136
218 219
218 8
218 61
218 441
218 720
218 310
218 287
218 970
218 202
218 354
218 901
219 318
219 236
219 961
219 527
219 417
219 405
219 191
219 322
219 826
219 68
219 774
219 304
219 399
219 349
219 745
219 651
219 433
219 401
219 370
219 218
219 816
220 26
220 312
220 118
220 800
220 861
220 943
220 443
220 495
220 843
220 502
220 81
220 661
220 791
220 69
220 435
220 503
220 94
221 894
221 7
221 79
221 939
221 899
221 658
222 790
222 523
222 935
222 643
222 310
222 461
222 83
222 195
222 293
222 121
222 11
222 758
222 954
222 392
222 745
222 180
222 868
222 755
222 78
222 288
223 369
223 561
223 381
223 109
223 356
223 365
223 988
223 231
223 721
223 585
223 7
223 21
223 477
224 840
224 803
225 733
225 75
225 756
225 233
225 866
225 277
225 668
225 682
225 673
225 808
225 239
225 312
225 562
226 301
226 562
226 661
226 965
226 732
226 541
226 510
226 380
226 711
226 985
226 446
226 707
227 123
227 913
227 66
227 550
227 485
227 920
227 698
227 434
227 379
227 620
227 560
227 362
227 257
227 899
227 808
227 652
228 172
228 338
228 205
228 843
228 375
228 101
228 651
228 170
228 469
228 405
228 914
228 124
228 664
228 804
228 166
228 468
228 608
229 553
229 526
229 458
229 343
229 545
229 887
229 493
229 306
229 41
229 350
230 175
230 803
230 141
230 350
230 639
230 505
230 936
230 421
230 576
231 234
231 200
231 523
231 373
231 199
231 109
231 759
231 223
231 662
231 330
231 56
231 612
231 729
231 817
231 560
231 619
231 691
231 999
231 211
231 828
232 9
232 760
232 867
232 726
232 868
233 950
233 336
233 275
233 339
233 127
233 837
233 722
233 205
233 469
233 337
233 225
233 788
233 602
233 451
233 86
234 498
234 753
234 267
234 93
234 367
234 731
234 663
234 376
234 366
234 647
234 348
234 520
234 45
234 99
234 676
234 391
234 518
234 815
234 231
234 591
234 186
234 161
234 924
234 60
234 606
234 506
234 288
234 126
234 589
235 239
235 503
235 328
235 247
236 219
236 467
236 39
236 193
236 711
236 939
236 698
237 599
237 298
237 568
237 273
237 538
237 158
237 213
237 551
237 620
237 569
237 674
237 389
237 567
237 472
237 62
237 407
238 70
238 396
238 118
238 932
238 744
238 879
238 156
238 161
238 614
238 638
238 173
238 158
238 267
238 116
238 741
238 574
238 319
239 186
239 706
239 225
239 846
239 476
239 648
239 235
239 942
239 742
239 801
239 612
239 651
239 79
239 970
239 573
239 384
239 945
239 174
240 575
240 28
240 936
240 460
240 350
241 500
241 374
241 372
241 766
241 607
241 437
241 769
242 89
242 565
242 897
242 281
242 50
242 672
242 284
242 504
242 299
242 962
242 916
242 655
242 765
242 644
243 42
243 551
243 98
243 358
243 574
244 883
244 920
244 198
244 324
244 564
245 981
245 638
245 747
245 684
245 743
245 554
245 729
245 46
245 214
245 840
245 982
245 60
245 529
246 356
246 850
246 349
246 215
246 661
246 840
247 967
247 335
247 366
247 235
247 831
247 902
247 340
247 568
247 450
247 622
247 561
247 382
248 877
248 768
248 253
248 299
248 949
248 95
248 883
248 15
248 205
248 37
248 352
249 158
249 745
249 388
249 999
249 665
249 687
249 92
250 26
250 190
250 879
250 71
250 762
250 132
250 444
250 908
250 580
250 408
250 736
250 860
250 693
250 467
250 801
250 875
250 480
250 706
250 359
250 81
250 369
250 703
250 959
250 574
250 690
250 842
250 995
251 622
251 54
251 304
251 259
251 155
251 928
251 966
251 433
251 560
251 869
251 209
251 405
251 780
252 17
252 636
252 189
252 324
252 21
252 481
252 41
252 895
252 105
252 995
253 535
253 15
253 248
253 555
253 280
253 976
253 691
253 218
253 533
254 572
254 319
254 458
254 941
254 74
254 485
254 791
254 455
254 463
254 880
254 389
255 729
255 20
255 520
255 388
255 930
255 370
255 506
255 700
255 639
255 754
255 160
255 149
255 833
255 99
256 878
256 757
256 758
256 876
256 788
256 200
256 121
256 600
257 751
257 506
257 72
257 613
257 140
257 23
257 227
257 263
257 493
257 428
257 638
257 305
257 776
257 7
257 215
257 167
257 828
257 396
258 469
258 205
259 347
259 100
259 778
259 363
259 961
259 147
259 114
259 896
259 901
259 326
259 842
259 29
259 402
259 427
259 251
259 309
259 757
259 514
259 983
260 10
260 551
260 829
260 6
260 646
260 188
260 121
260 32
260 442
260 357
260 739
260 493
260 469
260 388
261 663
261 919
261 522
261 735
261 793
261 567
261 547
261 10
261 497
261 166
261 98
261 842
261 594
261 529
262 772
262 758
262 486
262 60
262 987
263 114
263 257
263 872
263 852
263 562
264 497
264 31
264 387
264 337
264 833
264 275
264 312
264 349
264 815
265 172
265 801
265 484
265 669
265 358
265 503
265 599
265 622
265 211
266 463
266 768
266 707
266 402
266 436
266 789
266 472
266 617
267 778
267 238
267 122
267 873
267 191
267 686
267 946
267 234
267 765
268 950
268 994
268 712
268 202
268 521
268 801
268 716
268 197
269 710
269 678
269 187
269 833
269 1
269 426
269 883
269 206
269 947
269 450
269 333
269 743
270 817
270 102
270 852
270 348
270 38
270 350
271 878
271 420
271 651
271 291
271 333
271 882
271 672
272 341
272 415
272 497
272 332
272 963
272 816
273 925
273 527
273 632
273 369
273 513
273 237
273 144
273 890
273 101
273 319
274 415
274 453
274 608
274 765
274 479
275 539
275 730
275 827
275 82
275 264
275 690
275 739
275 107
275 233
275 905
276 570
276 430
276 335
276 897
276 646
276 425
276 876
276 150
276 589
277 107
277 521
277 82
277 503
277 688
277 853
277 112
277 595
277 458
277 936
277 894
277 225
277 195
278 455
278 420
278 778
278 162
278 900
278 912
278 76
278 840
278 384
278 994
278 987
279 196
279 875
279 68
279 452
279 949
279 211
279 435
279 998
279 892
279 813
279 446
279 983
280 194
280 631
280 549
280 358
280 323
280 543
280 665
280 253
280 343
280 166
280 722
280 529
281 817
281 612
281 242
281 355
281 143
281 749
281 569
282 8
282 940
282 39
282 780
282 628
282 288
283 32
283 399
283 642
283 650
283 915
283 864
283 895
283 356
283 628
283 447
284 757
284 327
284 898
284 973
284 919
284 819
284 242
284 531
284 453
284 795
284 332
284 159
284 190
284 672
284 577
284 776
284 180
284 976
284 736
285 444
285 840
285 530
285 195
285 703
285 130
285 612
285 505
285 345
285 598
285 382
286 597
286 704
286 670
286 523
286 508
286 431
286 676
286 997
286 427
286 505
286 59
286 166
286 167
287 218
287 965
287 797
287 126
287 544
287 510
287 43
287 754
287 743
287 165
288 222
288 642
288 317
288 907
288 282
288 234
288 585
288 98
288 143
288 963
288 328
288 644
289 394
289 322
289 214
289 940
289 541
289 133
289 544
289 895
289 103
289 829
289 825
289 306
289 334
289 374
289 33
289 859
289 959
289 738
289 547
289 101
289 998
290 214
290 712
290 899
290 157
290 882
290 525
290 405
291 77
291 271
291 160
291 328
291 867
291 826
291 999
291 976
292 374
292 415
292 467
292 665
292 34
292 788
292 893
292 890
292 916
292 333
293 844
293 879
293 392
293 222
293 503
293 658
294 56
294 696
294 884
294 310
294 205
294 333
294 62
295 903
295 551
295 738
295 314
295 611
296 872
296 28
296 335
296 362
296 102
296 749
296 617
296 987
297 800
297 586
297 111
297 670
297 714
297 546
297 39
297 632
297 855
297 406
297 316
297 900
297 336
298 304
298 117
298 502
298 507
298 741
298 655
298 322
298 16
298 635
298 686
298 237
298 381
298 428
298 499
298 594
299 248
299 204
299 808
299 590
299 836
299 191
299 242
299 476
299 544
299 388
299 997
299 858
299 539
300 804
300 210
300 673
300 534
300 393
301 178
301 329
301 696
301 887
301 226
301 5
301 665
301 17
301 683
301 589
302 86
302 782
302 120
302 133
302 887
302 815
302 780
302 562
303 46
303 539
303 515
303 559
303 729
303 874
303 692
303 547
303 161
303 59
303 763
303 839
303 480
303 451
303 639
304 92
304 832
304 969
304 741
304 665
304 891
304 82
304 521
304 493
304 414
304 298
304 251
304 5
304 841
304 920
304 202
304 915
304 492
304 58
304 219
304 337
305 512
305 837
305 692
305 669
305 396
305 257
305 632
305 672
305 437
305 454
305 102
305 924
305 39
306 176
306 379
306 738
306 229
306 570
306 420
306 571
306 6
306 797
306 289
306 43
307 844
307 774
307 563
307 361
307 999
307 51
308 92
308 646
308 132
308 456
308 180
308 606
309 819
309 616
309 259
309 661
309 445
309 612
309 112
309 166
309 343
309 568
309 731
309 157
309 39
309 99
309 446
309 653
309 188
309 816
309 628
309 881
310 218
310 652
310 140
310 908
310 294
310 980
310 183
310 93
310 222
310 821
310 721
310 202
310 582
311 761
311 123
311 655
311 9
311 923
311 472
311 889
312 546
312 161
312 622
312 826
312 854
312 666
312 225
312 220
312 397
312 320
312 264
312 170
313 513
313 708
313 699
313 577
313 637
313 28
313 159
313 425
313 479
314 191
314 826
314 786
314 508
314 554
314 564
314 429
314 126
314 295
314 109
314 748
314 573
314 995
315 945
315 42
315 795
315 780
315 154
315 694
315 210
315 869
315 678
315 868
315 316
315 389
315 890
316 102
316 97
316 528
316 981
316 972
316 169
316 408
316 361
316 341
316 297
316 315
316 10
316 216
316 887
316 848
316 150
317 560
317 961
317 532
317 102
317 53
317 460
317 683
317 875
317 72
317 610
317 502
317 612
317 389
317 834
317 858
317 562
317 288
318 484
318 665
318 117
318 829
318 598
318 111
318 98
318 100
318 568
318 65
318 193
318 219
318 27
318 765
318 889
318 214
319 789
319 273
319 238
319 495
319 660
319 922
319 701
319 379
319 254
319 628
320 854
320 993
320 312
320 57
320 29
320 538
320 612
320 757
320 922
320 709
320 479
321 363
321 81
321 749
321 651
321 990
321 794
321 897
321 702
321 67
321 372
321 876
321 432
322 289
322 201
322 298
322 576
322 67
322 552
322 672
322 38
322 219
323 510
323 985
323 884
323 962
323 722
323 22
323 280
324 385
324 648
324 480
324 38
324 244
324 154
324 747
324 906
324 252
324 612
324 61
324 702
324 600
325 432
325 674
325 548
325 499
326 725
326 824
326 643
326 550
326 559
326 741
326 743
326 259
327 726
327 747
327 284
327 113
327 700
328 366
328 873
328 3
328 1
328 658
328 288
328 993
328 335
328 235
328 726
328 422
328 880
328 869
328 486
328 291
329 120
329 301
329 725
329 828
329 431
329 712
329 147
329 651
329 646
329 557
329 673
329 332
330 478
330 368
330 506
330 231
330 546
330 177
330 909
330 196
330 208
330 454
331 445
331 641
331 25
331 840
331 405
332 725
332 329
332 497
332 272
332 900
332 177
332 629
332 845
332 284
332 343
332 864
333 269
333 374
333 271
333 960
333 372
333 294
333 292
333 944
333 430
333 952
333 487
333 872
333 848
333 38
333 120
333 337
334 289
334 495
334 980
334 820
334 723
334 358
334 722
334 138
334 665
334 979
334 25
334 754
334 553
334 967
335 632
335 371
335 450
335 789
335 611
335 276
335 296
335 850
335 619
335 920
335 328
335 247
336 646
336 795
336 415
336 448
336 398
336 24
336 787
336 358
336 115
336 874
336 666
336 297
336 732
336 774
336 872
336 233
337 917
337 333
337 533
337 304
337 407
337 528
337 166
337 802
337 122
337 604
337 264
337 766
337 84
337 381
337 780
337 233
338 879
338 696
338 228
338 40
338 673
338 597
338 499
339 808
339 600
339 629
339 654
339 467
339 844
339 408
339 809
339 814
339 823
339 139
339 711
339 628
339 233
340 631
340 537
340 775
340 177
340 102
340 130
340 706
340 851
340 92
340 355
340 984
340 545
340 489
340 407
340 247
340 700
341 272
341 365
341 603
341 35
341 370
341 841
341 918
341 517
341 316
341 492
341 909
341 780
342 575
342 619
342 142
342 606
343 819
343 874
343 830
343 896
343 115
343 776
343 41
343 332
343 26
343 280
343 820
343 767
343 443
343 445
343 667
343 348
343 309
343 583
343 619
343 229
343 410
343 207
343 744
343 211
343 212
344 21
344 4
344 640
344 12
344 59
344 597
344 164
344 758
344 602
344 696
344 420
344 455
344 453
344 548
345 285
345 67
345 890
345 644
345 827
345 531
345 181
345 959
345 861
345 197
345 170
345 762
345 27
345 941
345 96
345 962
345 968
345 883
346 193
346 490
346 380
346 159
346 802
346 143
347 259
347 10
347 475
347 609
348 819
348 475
348 343
348 136
348 270
348 946
348 673
348 364
348 234
348 620
348 24
349 638
349 264
349 519
349 246
349 219
349 658
349 5
349 26
349 451
349 744
349 871
349 534
349 949
349 803
349 35
349 609
350 229
350 240
350 883
350 401
350 623
350 89
350 517
350 437
350 270
350 577
350 230
350 492
350 606
351 985
351 50
351 27
351 567
351 512
351 480
351 954
351 64
351 748
351 553
352 97
352 749
352 248
352 529
352 517
352 564
352 509
352 69
352 922
352 86
353 164
353 591
353 402
353 641
353 956
353 713
353 720
353 94
353 664
353 940
353 56
353 135
353 827
353 67
353 993
353 627
353 780
353 462
353 959
353 938
353 85
353 432
353 769
353 60
354 416
354 101
354 114
354 485
354 184
354 218
354 742
354 718
354 136
354 978
354 912
354 486
354 412
354 453
354 797
354 211
354 733
355 17
355 340
355 648
355 56
355 676
355 606
355 387
355 818
355 584
355 173
355 281
355 425
355 79
355 197
355 840
355 126
356 444
356 131
356 953
356 385
356 283
356 962
356 530
356 106
356 529
356 545
356 419
356 655
356 246
356 757
356 186
356 92
356 223
356 403
356 815
356 85
356 477
356 970
356 384
356 437
357 260
357 56
357 837
357 517
357 658
357 398
357 740
357 891
357 482
357 122
357 626
357 508
357 872
357 187
357 834
357 396
357 765
358 103
358 17
358 265
358 741
358 243
358 919
358 660
358 82
358 804
358 415
358 193
358 638
358 567
358 501
358 808
358 202
358 334
358 510
358 280
358 336
359 397
359 758
359 171
359 465
359 410
359 7
359 250
360 746
360 60
360 980
360 867
360 748
360 947
360 594
361 307
361 385
361 666
361 851
361 804
361 984
361 316
362 227
362 147
362 882
362 848
362 296
362 699
362 942
362 862
362 215
362 72
362 638
362 661
362 468
362 37
362 143
362 861
363 102
363 734
363 812
363 780
363 153
363 321
363 924
363 8
363 816
363 259
364 910
364 134
364 407
364 74
364 544
364 975
364 816
364 348
364 984
364 787
364 205
364 565
364 924
364 405
365 775
365 919
365 194
365 987
365 804
365 380
365 558
365 819
365 983
365 614
365 341
365 604
365 643
365 112
365 161
365 223
365 576
365 557
365 39
365 574
366 999
366 847
366 838
366 808
366 489
366 429
366 769
366 946
366 107
366 51
366 894
366 571
366 388
366 234
366 641
366 379
366 959
366 328
366 977
366 247
367 587
367 567
367 446
367 81
367 688
367 944
367 634
367 843
367 522
367 234
367 828
368 330
368 944
368 482
368 869
369 843
369 952
369 948
369 250
369 584
369 728
369 617
369 509
369 273
369 941
369 159
369 888
369 223
369 169
369 96
370 390
370 341
370 216
370 467
370 797
370 808
370 219
370 42
370 772
370 562
370 435
370 569
370 396
370 881
370 950
370 433
370 174
370 193
370 255
371 536
371 429
371 335
371 208
371 774
371 401
371 453
372 321
372 241
372 26
372 931
372 497
372 598
372 638
372 927
372 920
372 142
372 333
373 707
373 74
373 84
373 842
373 506
373 504
373 499
373 410
373 18
373 632
373 513
373 231
373 143
373 58
373 650
374 292
374 961
374 906
374 241
374 289
374 896
374 333
374 866
374 437
374 120
375 228
375 42
375 503
375 516
376 50
376 205
376 153
376 12
376 640
376 573
376 510
376 460
376 940
376 898
376 102
376 930
376 234
376 749
376 24
377 813
377 488
377 209
377 133
377 727
377 117
377 447
378 660
378 809
378 892
378 983
378 553
378 736
379 849
379 54
379 366
379 841
379 970
379 719
379 319
379 726
379 227
379 136
379 306
379 985
379 417
380 346
380 762
380 226
380 687
380 365
380 765
380 94
380 437
381 496
381 966
381 298
381 337
381 819
381 486
381 894
381 640
381 463
381 223
381 197
381 644
382 247
382 113
382 815
382 551
382 285
382 990
382 8
382 922
382 940
382 504
382 484
382 743
382 17
382 674
383 821
383 978
384 278
384 74
384 356
384 558
384 33
384 776
384 396
384 839
384 239
384 882
384 152
384 199
384 737
384 482
385 398
385 83
385 562
385 42
385 706
385 608
385 199
385 815
385 71
385 361
385 585
385 324
385 356
385 606
385 170
386 696
386 893
387 697
387 73
387 906
387 621
387 793
387 926
387 998
387 439
387 19
387 264
387 855
387 355
387 997
387 94
388 781
388 782
388 748
388 249
388 366
388 795
388 400
388 467
388 408
388 260
388 663
388 518
388 214
388 954
388 255
388 299
388 118
388 617
389 237
389 608
389 27
389 715
389 47
389 532
389 588
389 254
389 617
389 31
389 315
389 16
389 317
389 213
389 415
390 604
390 757
390 370
390 40
390 467
390 815
390 552
390 978
390 63
390 763
390 13
390 205
391 567
391 234
391 797
391 461
391 50
391 617
392 94
392 293
392 440
392 33
392 222
392 918
392 928
392 155
393 428
393 912
393 300
393 563
393 726
393 876
393 890
394 289
394 918
394 133
394 655
394 834
395 632
395 667
395 44
396 462
396 410
396 710
396 843
396 901
396 357
396 899
396 257
396 238
396 891
396 305
396 208
396 112
396 844
396 946
396 641
396 897
396 575
396 763
396 384
396 963
396 489
396 370
397 140
397 694
397 359
397 951
397 312
397 493
397 34
397 503
397 783
397 186
397 583
397 597
397 202
397 533
397 562
397 44
398 55
398 678
398 569
398 968
398 685
398 889
398 741
398 829
398 716
398 357
398 385
398 336
399 167
399 801
399 774
399 550
399 807
399 502
399 793
399 445
399 551
399 283
399 912
399 152
399 469
399 525
399 219
400 144
400 84
400 388
400 840
401 567
401 219
401 964
401 371
401 796
401 423
401 556
401 579
401 791
401 578
401 7
401 10
401 407
401 350
402 353
402 690
402 972
402 924
402 711
402 22
402 266
402 945
402 977
402 259
403 136
403 138
403 356
403 412
403 535
403 591
403 712
403 496
403 488
403 200
403 687
404 5
404 826
404 592
405 163
405 364
405 290
405 888
405 765
405 796
405 666
405 555
405 569
405 584
405 9
405 822
405 711
405 885
405 331
405 185
405 721
405 674
405 251
405 577
405 972
405 228
405 197
405 976
405 503
405 13
405 722
405 219
405 926
406 452
406 801
406 737
406 514
406 84
406 297
406 929
406 834
406 119
407 340
407 781
407 422
407 737
407 133
407 702
407 401
407 923
407 623
407 237
407 364
407 852
407 575
407 337
408 918
408 450
408 250
408 339
408 316
408 880
408 388
408 562
409 922
409 756
409 1
409 150
410 799
410 633
410 683
410 412
410 636
410 343
410 359
410 853
410 996
410 498
410 373
410 396
410 195
410 618
411 604
411 554
411 923
411 453
411 153
411 711
411 65
411 546
411 918
411 776
411 709
411 147
411 566
411 35
411 548
412 480
412 100
412 19
412 354
412 166
412 775
412 403
412 410
412 717
412 35
412 953
413 171
413 118
413 162
413 954
414 948
414 201
414 522
414 69
414 774
414 422
414 627
414 304
415 597
415 817
415 292
415 792
415 606
415 629
415 986
415 473
415 901
415 993
415 712
415 358
415 579
415 93
415 55
415 274
415 844
415 272
415 389
415 210
415 938
415 51
415 652
415 336
416 691
416 157
416 197
416 354
416 852
416 509
416 617
416 562
417 914
417 111
417 672
417 744
417 379
417 44
417 27
417 686
417 918
417 428
417 219
418 612
418 425
418 147
418 123
418 38
418 928
418 532
419 470
419 475
419 841
419 356
419 625
420 306
420 612
420 533
420 711
420 81
420 735
420 774
420 271
420 86
420 671
420 278
420 344
420 733
420 125
420 658
420 902
420 745
420 610
420 927
420 116
420 35
421 230
421 666
421 813
421 888
421 53
421 476
421 804
421 82
421 437
421 745
421 502
421 802
421 754
421 618
421 793
421 477
422 414
422 741
422 430
422 328
422 458
422 946
422 690
422 15
422 876
422 407
423 82
423 59
423 632
423 174
423 896
423 19
423 826
423 159
423 949
423 401
423 916
423 913
423 44
424 785
424 146
425 765
425 839
425 446
425 418
425 355
425 438
425 134
425 276
425 756
425 313
425 789
425 876
426 640
426 28
426 517
426 269
426 842
426 617
426 188
427 217
427 883
427 919
427 651
427 630
427 208
427 895
427 917
427 286
427 475
427 938
427 582
427 259
427 700
428 547
428 257
428 695
428 834
428 897
428 417
428 298
428 674
428 23
428 559
428 180
428 497
428 393
428 594
429 371
429 917
429 801
429 314
429 559
429 782
429 366
429 13
429 842
430 659
430 735
430 751
430 89
430 502
430 968
430 886
430 31
430 276
430 154
430 574
430 333
430 490
430 422
430 711
430 909
431 598
431 286
431 443
431 329
432 600
432 177
432 144
432 321
432 708
432 985
432 928
432 915
432 935
432 353
432 137
432 464
432 635
432 119
432 162
432 325
432 585
432 799
432 209
432 755
432 525
433 476
433 78
433 219
433 458
433 370
433 193
433 534
433 515
433 669
433 251
433 602
433 941
433 938
433 469
434 130
434 450
434 227
434 209
435 652
435 736
435 473
435 220
435 496
435 499
435 10
435 810
435 575
435 279
435 803
435 370
435 606
435 982
436 720
436 591
436 445
436 124
436 748
436 266
437 723
437 633
437 679
437 305
437 731
437 421
437 987
437 905
437 819
437 644
437 374
437 241
437 380
437 356
437 959
437 103
437 797
437 915
437 890
437 120
437 350
438 640
438 425
438 95
438 687
438 916
438 738
439 155
439 387
439 463
439 946
439 487
439 76
440 392
440 496
440 147
441 218
441 818
441 831
441 22
441 636
441 129
441 592
441 882
442 2
442 61
442 688
442 8
442 862
442 975
442 260
442 827
442 471
442 756
442 198
442 915
442 711
443 431
443 879
443 39
443 578
443 23
443 187
443 465
443 543
443 40
443 343
443 916
443 220
443 922
443 700
444 862
444 461
444 16
444 56
444 131
444 193
444 250
444 891
444 19
444 468
444 197
444 285
444 186
444 674
444 356
444 732
445 399
445 861
445 331
445 436
445 343
445 877
445 123
445 674
445 309
445 640
445 707
445 71
445 984
445 159
445 102
445 690
446 878
446 279
446 520
446 69
446 575
446 537
446 309
446 952
446 538
446 226
446 367
446 210
446 808
446 425
446 965
447 987
447 125
447 21
447 377
447 962
447 945
447 492
447 146
447 283
447 469
447 32
447 94
447 623
448 770
448 828
448 866
448 77
448 38
448 829
448 48
448 508
448 624
448 730
448 336
449 459
449 166
449 610
449 548
450 434
450 408
450 212
450 495
450 663
450 73
450 247
450 817
450 545
450 467
450 335
450 782
450 269
450 589
451 530
451 139
451 187
451 987
451 303
451 233
451 349
451 504
451 109
452 934
452 204
452 462
452 872
452 910
452 705
452 926
452 406
452 279
452 17
452 600
452 624
452 856
452 953
453 344
453 905
453 670
453 69
453 274
453 973
453 371
453 354
453 885
453 77
453 153
453 738
453 144
453 917
453 411
453 284
453 844
454 974
454 718
454 455
454 805
454 1000
454 586
454 330
454 10
454 305
454 877
454 172
454 826
454 604
454 611
454 690
454 624
455 278
455 8
455 106
455 344
455 563
455 817
455 164
455 880
455 33
455 454
455 254
455 624
455 736
456 92
456 854
456 568
456 884
456 728
456 194
456 510
456 133
456 631
456 308
456 906
456 48
456 32
456 143
456 558
457 900
457 788
457 218
457 687
458 604
458 59
458 277
458 433
458 756
458 229
458 96
458 631
458 152
458 422
458 254
458 562
458 977
459 995
459 449
459 480
459 76
459 645
459 51
459 482
459 469
459 897
459 674
459 74
459 41
460 376
460 868
460 493
460 68
460 653
460 575
460 164
460 188
460 157
460 240
460 85
460 816
460 926
460 505
460 33
460 936
460 317
460 982
460 620
460 22
460 108
460 736
461 917
461 804
461 391
461 192
461 631
461 489
461 639
461 816
461 215
461 444
461 660
461 222
461 896
461 25
461 142
461 769
461 623
462 396
462 672
462 353
462 798
462 452
462 915
462 765
463 681
463 509
463 439
463 381
463 961
463 758
463 926
463 207
463 930
463 254
463 266
463 606
463 617
463 639
463 589
464 647
464 432
464 61
464 53
464 199
464 491
464 627
464 216
464 611
464 40
464 702
464 213
464 930
464 215
464 967
465 630
465 489
465 36
465 913
465 795
465 116
465 490
465 359
465 85
465 639
465 707
465 443
465 623
465 652
466 130
466 958
466 124
466 61
466 741
466 58
466 499
467 236
467 292
467 141
467 537
467 150
467 709
467 390
467 613
467 921
467 597
467 160
467 683
467 370
467 27
467 450
467 250
467 867
467 339
467 743
467 744
467 388
467 763
468 444
468 531
468 362
468 689
468 228
468 489
468 542
468 582
468 831
468 994
468 833
468 571
468 496
468 827
468 893
468 945
469 459
469 258
469 447
469 260
469 953
469 399
469 23
469 433
469 679
469 954
469 228
469 187
469 651
469 233
469 609
470 160
470 419
470 911
470 529
470 937
470 706
470 88
470 550
470 885
470 906
470 758
470 602
470 557
470 504
470 99
470 803
470 50
470 17
470 212
471 122
471 527
471 979
471 961
471 99
471 835
471 582
471 513
471 560
471 593
471 951
471 442
471 127
471 206
471 173
471 660
471 658
472 736
472 821
472 750
472 844
472 46
472 880
472 809
472 972
472 727
472 311
472 152
472 237
472 266
472 187
472 896
472 926
472 808
472 184
472 143
472 687
473 208
473 415
473 557
473 768
473 435
474 765
475 810
475 868
475 419
475 599
475 541
475 427
475 520
475 347
475 934
475 684
475 590
475 997
475 869
475 348
475 778
475 593
476 930
476 23
476 132
476 433
476 557
476 876
476 299
476 239
476 200
476 708
476 60
476 421
477 768
477 613
477 356
477 223
477 691
477 421
477 797
477 821
477 60
477 924
478 330
478 57
478 775
478 620
478 119
478 489
479 274
479 313
479 320
479 689
479 503
479 638
479 841
479 157
480 351
480 493
480 896
480 303
480 595
480 491
480 169
480 952
480 709
480 412
480 459
480 250
480 914
480 963
480 324
480 555
480 625
481 252
481 604
481 726
481 779
482 368
482 625
482 950
482 677
482 633
482 211
482 384
482 486
482 459
482 357
483 696
483 612
484 990
484 382
484 265
484 912
484 54
484 841
484 763
484 318
484 880
484 94
485 551
485 227
485 21
485 354
485 254
485 517
486 202
486 77
486 655
486 112
486 981
486 354
486 787
486 826
486 482
486 31
486 976
486 262
486 645
486 900
486 328
486 750
486 583
486 381
486 659
486 953
487 333
487 51
487 711
487 715
487 439
487 63
487 517
487 653
487 720
488 564
488 890
488 716
488 500
488 593
488 167
488 139
488 749
488 403
488 377
488 871
488 557
488 207
488 797
489 195
489 340
489 672
489 396
489 833
489 61
489 478
489 604
489 112
489 701
489 871
489 815
489 366
489 468
489 465
489 517
489 461
489 516
489 772
489 953
490 68
490 430
490 199
490 346
490 812
490 194
490 569
490 760
490 883
490 465
490 698
491 527
491 837
491 543
491 715
491 821
491 143
491 757
491 480
491 676
491 947
491 612
491 159
491 464
491 559
491 96
491 765
492 48
492 304
492 956
492 804
492 350
492 825
492 763
492 341
492 10
492 915
492 447
493 679
493 143
493 572
493 260
493 460
493 397
493 480
493 894
493 229
493 257
493 802
493 882
493 658
493 890
493 304
493 107
494 893
495 130
495 539
495 334
495 450
495 117
495 815
495 690
495 741
495 220
495 945
495 319
496 403
496 952
496 967
496 440
496 695
496 578
496 118
496 160
496 468
496 660
496 435
496 990
496 381
497 272
497 893
497 663
497 825
497 261
497 428
497 737
497 264
497 372
497 332
497 717
498 731
498 887
498 57
498 234
498 410
498 963
499 771
499 994
499 864
499 702
499 704
499 338
499 325
499 298
499 917
499 466
499 373
499 46
499 207
499 949
499 435
500 241
500 208
500 791
500 877
500 798
500 488
500 121
500 916
501 920
501 358
501 939
501 992
501 559
502 1
502 867
502 667
502 973
502 421
502 690
502 763
502 59
502 430
502 298
502 810
502 317
502 399
502 220
502 861
503 6
503 293
503 657
503 799
503 633
503 265
503 512
503 220
503 179
503 209
503 94
503 405
503 828
503 636
503 235
503 997
503 590
503 504
503 131
503 375
503 152
503 917
503 277
503 576
503 582
503 397
503 479
504 470
504 382
504 539
504 242
504 155
504 451
504 559
504 584
504 782
504 903
504 373
504 696
504 100
504 557
504 503
504 621
504 532
505 230
505 120
505 559
505 115
505 286
505 540
505 460
505 285
505 54
505 804
505 198
505 687
505 558
505 945
506 234
506 165
506 811
506 330
506 906
506 373
506 257
506 838
506 255
506 43
507 298
507 891
507 10
507 683
507 968
507 62
507 659
507 856
508 136
508 152
508 895
508 286
508 314
508 48
508 357
508 585
508 448
508 609
509 96
509 633
509 956
509 190
509 652
509 204
509 53
509 416
509 763
509 122
509 568
509 152
509 730
509 369
509 463
509 924
509 663
509 872
509 352
509 846
510 323
510 138
510 780
510 528
510 630
510 376
510 965
510 358
510 845
510 594
510 119
510 28
510 226
510 550
510 456
510 287
510 103
510 743
511 158
511 16
511 726
511 993
511 916
511 816
512 305
512 745
512 186
512 503
512 351
512 126
513 915
513 661
513 163
513 273
513 579
513 15
513 373
513 768
513 763
513 471
513 926
513 85
513 900
513 585
513 313
513 892
513 17
514 584
514 662
514 718
514 259
514 406
514 856
515 717
515 980
515 124
515 722
515 661
515 199
515 802
515 433
515 15
515 303
516 543
516 489
516 824
516 853
516 755
516 375
516 114
516 913
516 208
516 57
516 109
516 622
516 659
516 892
516 609
517 706
517 799
517 341
517 643
517 763
517 523
517 918
517 485
517 971
517 48
517 487
517 874
517 426
517 489
517 917
517 612
517 935
517 357
517 352
517 683
517 553
517 350
518 589
518 19
518 388
518 133
518 627
518 47
518 867
518 818
518 188
518 614
518 234
518 109
518 748
518 788
518 170
519 349
519 82
519 832
519 799
519 553
519 170
520 27
520 475
520 756
520 61
520 105
520 255
520 32
520 234
520 446
520 765
520 24
521 887
521 277
521 938
521 673
521 304
521 268
522 173
522 32
522 367
522 53
522 142
522 214
522 27
522 741
522 184
522 990
522 414
522 261
522 170
523 286
523 231
523 222
523 517
523 625
524 972
524 1
525 915
525 974
525 890
525 399
525 54
525 536
525 75
525 432
525 290
525 745
525 569
525 214
525 48
525 1
526 653
526 169
526 229
526 673
526 999
526 665
526 890
527 471
527 491
527 273
527 219
528 510
528 117
528 802
528 316
528 562
528 337
529 245
529 669
529 205
529 965
529 73
529 280
529 698
529 206
529 261
529 470
529 638
529 90
529 352
529 356
529 889
530 938
530 717
530 800
530 947
530 638
530 859
530 33
530 667
530 869
530 285
530 356
530 451
531 713
531 992
531 284
531 468
531 345
531 618
531 650
532 951
532 680
532 821
532 504
532 60
532 997
532 418
532 37
532 389
532 317
533 253
533 632
533 870
533 397
533 672
533 420
533 32
533 582
533 606
533 146
533 337
533 796
534 349
534 841
534 854
534 923
534 778
534 300
534 995
534 813
534 433
534 102
534 32
534 639
535 253
535 890
535 403
535 146
535 750
536 1
536 371
536 878
536 525
537 56
537 340
537 467
537 446
537 118
538 718
538 753
538 688
538 574
538 822
538 122
538 701
538 689
538 320
538 237
538 446
538 594
539 495
539 796
539 569
539 134
539 275
539 545
539 695
539 299
539 597
539 802
539 88
539 803
539 27
539 504
539 893
539 84
539 303
540 82
540 505
540 990
540 893
540 868
540 993
540 809
541 475
541 729
541 226
541 716
541 119
541 289
541 569
541 983
542 468
543 10
543 583
543 491
543 576
543 709
543 930
543 84
543 443
543 516
543 280
543 166
544 791
544 551
544 559
544 732
544 287
544 364
544 299
544 289
544 12
545 929
545 766
545 5
545 340
545 858
545 25
545 672
545 546
545 979
545 828
545 12
545 585
545 916
545 861
545 539
545 8
545 450
545 229
545 607
545 95
545 17
545 913
545 356
545 859
545 720
546 152
546 330
546 789
546 773
546 297
546 545
546 411
546 312
546 86
547 883
547 164
547 93
547 603
547 289
547 177
547 983
547 428
547 773
547 765
547 261
547 166
547 303
548 35
548 411
548 108
548 449
548 38
548 549
548 796
548 344
548 986
548 203
548 821
548 22
548 214
548 649
548 325
548 79
548 167
548 212
548 60
548 628
549 951
549 765
549 280
549 548
550 326
550 610
550 786
550 808
550 510
550 976
550 879
550 470
550 672
550 227
550 399
550 914
550 804
551 2
551 243
551 485
551 919
551 544
551 671
551 624
551 914
551 744
551 260
551 758
551 586
551 295
551 942
551 399
551 34
551 979
551 237
551 74
551 382
551 212
551 785
552 390
552 800
552 557
552 322
552 39
552 951
552 620
553 708
553 519
553 378
553 120
553 136
553 808
553 89
553 334
553 128
553 517
553 351
553 640
553 229
553 79
553 8
553 983
553 698
554 411
554 314
554 559
554 245
555 854
555 117
555 47
555 480
555 927
555 612
555 861
555 992
555 806
555 867
555 817
555 253
555 978
555 405
556 604
556 401
557 473
557 586
557 470
557 365
557 833
557 476
557 504
557 329
557 25
557 841
557 845
557 146
557 488
557 970
557 655
557 552
557 78
558 456
558 969
558 732
558 859
558 61
558 942
558 708
558 505
558 208
558 567
558 884
558 582
558 76
558 384
558 365
558 736
559 845
559 491
559 326
559 428
559 932
559 126
559 946
559 216
559 429
559 1
559 935
559 180
559 544
559 196
559 554
559 634
559 75
559 667
559 501
559 958
559 505
559 936
559 504
559 951
559 303
560 251
560 684
560 227
560 231
560 575
560 950
560 54
560 843
560 699
560 922
560 471
560 952
560 317
560 116
561 762
561 693
561 839
561 247
561 933
561 944
561 755
561 158
561 48
561 848
561 896
561 985
561 223
561 979
561 84
561 768
562 786
562 416
562 101
562 528
562 458
562 408
562 317
562 263
562 859
562 397
562 954
562 225
562 44
562 700
562 302
562 226
562 663
562 109
562 574
562 799
562 385
562 370
563 393
563 170
563 840
563 307
563 948
563 214
563 600
563 455
564 740
564 91
564 919
564 26
564 690
564 244
564 118
564 922
564 314
564 959
564 488
564 568
564 352
564 49
564 120
565 891
565 242
565 364
566 187
566 713
566 870
566 411
566 878
566 917
566 22
567 191
567 736
567 558
567 619
567 685
567 237
567 835
567 391
567 62
567 358
567 367
567 401
567 152
567 261
567 351
568 247
568 589
568 509
568 823
568 779
568 676
568 100
568 930
568 655
568 680
568 564
568 143
568 883
568 456
568 237
568 318
568 309
568 687
568 953
569 26
569 940
569 679
569 525
569 756
569 281
569 541
569 627
569 58
569 539
569 826
569 941
569 490
569 398
569 405
569 842
569 370
569 237
570 799
570 910
570 723
570 93
570 276
570 879
570 643
570 306
570 119
570 813
570 573
570 759
570 793
571 201
571 891
571 366
571 468
571 306
571 918
571 878
571 866
571 210
571 959
572 124
572 689
572 726
572 880
572 982
572 103
572 254
572 493
572 928
573 963
573 713
573 919
573 66
573 4
573 129
573 137
573 25
573 239
573 91
573 570
573 821
573 700
573 314
573 56
573 10
573 121
573 376
573 915
573 889
574 238
574 243
574 365
574 736
574 250
574 562
574 715
574 921
574 71
574 599
574 538
574 61
574 430
574 116
574 945
574 120
574 150
575 240
575 342
575 194
575 407
575 119
575 435
575 396
575 560
575 446
575 582
575 460
575 150
575 153
576 874
576 503
576 543
576 957
576 853
576 365
576 322
576 230
576 640
577 350
577 654
577 888
577 608
577 925
577 976
577 284
577 200
577 945
577 16
577 827
577 718
577 99
577 210
577 880
577 970
577 997
577 109
577 965
577 876
577 313
577 76
577 405
577 889
577 609
578 869
578 1000
578 673
578 803
578 187
578 189
578 203
578 941
578 401
578 213
578 887
578 496
578 582
578 443
579 903
579 415
579 513
579 401
580 640
580 877
580 250
580 747
580 63
580 180
580 215
581 775
581 731
581 773
581 184
581 660
582 533
582 427
582 1
582 575
582 201
582 503
582 310
582 578
582 766
582 13
582 558
582 133
582 471
582 468
582 109
582 915
582 711
582 809
583 797
583 733
583 903
583 685
583 343
583 397
583 608
583 543
583 486
583 905
583 822
583 604
583 782
583 901
584 731
584 791
584 369
584 689
584 504
584 355
584 514
584 193
584 142
584 212
584 405
585 147
585 911
585 513
585 58
585 223
585 432
585 672
585 385
585 288
585 943
585 508
585 852
585 545
586 551
586 557
586 454
586 297
586 666
586 120
587 56
587 867
587 646
587 367
587 894
587 599
587 687
587 674
588 140
588 41
588 175
588 888
588 36
588 620
588 88
588 130
588 389
588 159
588 754
589 234
589 276
589 450
589 774
589 670
589 896
589 301
589 463
589 919
589 568
589 651
589 518
589 813
589 49
589 214
589 609
590 193
590 475
590 299
590 503
591 234
591 403
591 755
591 202
591 15
591 176
591 436
591 612
591 48
591 105
591 353
591 146
592 404
592 188
592 611
592 441
592 25
592 702
592 916
592 878
592 646
592 903
592 810
592 57
593 802
593 475
593 940
593 626
593 616
593 862
593 211
593 641
593 471
593 488
593 730
593 901
593 967
594 740
594 796
594 871
594 428
594 261
594 538
594 298
594 867
594 360
594 84
594 941
594 510
594 983
594 977
594 779
595 277
595 920
595 687
595 480
595 60
595 822
596 178
596 679
596 747
596 984
596 198
596 754
597 397
597 26
597 927
597 617
597 338
597 95
597 104
597 286
597 415
597 762
597 859
597 467
597 147
597 17
597 624
597 539
597 741
597 344
598 775
598 285
598 15
598 866
598 2
598 175
598 709
598 773
598 214
598 135
598 431
598 731
598 985
598 318
598 649
598 6
598 372
598 858
598 754
598 192
598 17
598 749
599 901
599 972
599 881
599 931
599 200
599 587
599 99
599 265
599 118
599 67
599 82
599 475
599 171
599 166
599 237
599 574
599 759
599 765
599 600
600 563
600 989
600 179
600 452
600 324
600 599
600 256
600 689
600 91
600 339
600 990
600 432
600 916
601 117
601 67
601 94
602 800
602 973
602 344
602 470
602 819
602 433
602 140
602 89
602 929
602 233
602 750
602 884
602 185
602 769
602 79
602 202
602 683
602 74
603 341
603 158
603 800
603 754
603 547
603 623
604 636
604 337
604 365
604 556
604 481
604 390
604 583
604 489
604 755
604 907
604 458
604 454
604 411
604 774
604 802
604 109
605 12
605 832
605 153
605 30
605 124
605 760
606 435
606 619
606 350
606 342
606 533
606 926
606 308
606 234
606 737
606 385
606 463
606 415
606 355
606 34
607 545
607 241
607 742
607 918
607 855
607 893
607 683
608 859
608 785
608 936
608 117
608 228
608 274
608 199
608 577
608 583
608 389
608 946
608 649
608 990
608 903
608 893
608 754
608 385
609 81
609 589
609 508
609 792
609 349
609 347
609 469
609 790
609 705
609 516
609 60
609 672
609 577
609 195
609 747
609 702
609 144
609 636
609 624
609 881
610 890
610 964
610 628
610 449
610 727
610 20
610 699
610 550
610 420
610 927
610 317
610 188
610 210
611 454
611 213
611 295
611 624
611 676
611 335
611 464
611 592
611 209
612 765
612 613
612 124
612 918
612 943
612 975
612 324
612 231
612 320
612 483
612 285
612 591
612 281
612 925
612 620
612 418
612 517
612 420
612 309
612 491
612 186
612 317
612 239
612 40
612 555
612 105
612 749
613 612
613 834
613 467
613 477
613 257
613 938
613 101
613 880
614 904
614 893
614 913
614 804
614 93
614 201
614 125
614 962
614 518
614 880
614 365
614 238
615 813
615 711
615 35
616 758
616 309
616 123
616 641
616 627
616 593
617 388
617 416
617 868
617 917
617 899
617 888
617 463
617 929
617 689
617 747
617 296
617 391
617 426
617 266
617 16
617 369
617 686
617 389
617 159
617 597
617 176
617 187
618 531
618 421
618 939
618 48
618 676
618 410
618 940
618 212
618 968
619 335
619 231
619 932
619 922
619 343
619 990
619 342
619 745
619 120
619 567
619 641
619 890
619 76
619 765
619 606
619 3
620 167
620 478
620 137
620 626
620 958
620 552
620 2
620 815
620 348
620 779
620 460
620 612
620 92
620 227
620 588
620 972
620 237
620 703
621 987
621 957
621 825
621 799
621 834
621 504
621 387
621 40
621 832
621 644
621 126
622 265
622 516
622 247
622 251
622 729
622 641
622 312
623 447
623 465
623 461
623 603
623 42
623 737
623 793
623 407
623 350
623 861
624 597
624 790
624 454
624 15
624 215
624 609
624 448
624 45
624 455
624 452
624 216
624 655
624 112
624 551
624 868
624 94
624 611
624 846
625 674
625 899
625 480
625 642
625 419
625 523
625 985
625 482
626 116
626 357
626 620
626 212
626 593
626 86
627 616
627 414
627 204
627 518
627 464
627 353
627 982
627 147
627 791
627 569
628 309
628 319
628 548
628 283
628 282
628 78
628 339
628 7
628 794
628 47
628 610
628 105
628 25
628 998
629 415
629 635
629 339
629 332
629 192
629 3
629 120
630 510
630 427
630 465
630 993
630 839
631 180
631 868
631 175
631 11
631 155
631 458
631 139
631 883
631 737
631 340
631 456
631 748
631 461
631 280
631 995
631 953
632 661
632 140
632 974
632 273
632 373
632 183
632 395
632 90
632 204
632 202
632 297
632 423
632 335
632 305
632 184
632 533
633 437
633 829
633 159
633 410
633 482
633 21
633 509
633 503
633 918
634 720
634 367
634 559
634 162
634 660
634 977
635 81
635 629
635 298
635 432
635 141
635 888
635 819
635 90
635 717
636 609
636 695
636 8
636 151
636 91
636 252
636 441
636 604
636 112
636 410
636 503
636 143
637 852
637 976
637 313
637 834
637 153
638 168
638 43
638 31
638 257
638 479
638 88
638 362
638 358
638 372
638 64
638 776
638 529
638 823
638 349
638 245
638 716
638 85
638 872
638 143
638 890
638 769
638 238
638 530
639 729
639 303
639 833
639 885
639 169
639 737
639 534
639 463
639 996
639 230
639 461
639 465
639 255
640 194
640 53
640 580
640 438
640 553
640 670
640 426
640 381
640 445
640 783
640 673
640 736
640 576
640 732
640 40
640 344
640 855
640 912
640 797
640 376
641 159
641 366
641 396
641 331
641 619
641 622
641 616
641 92
641 841
641 896
641 353
641 690
641 798
641 982
641 863
641 593
641 652
642 806
642 879
642 691
642 283
642 625
642 876
642 288
643 916
643 66
643 117
643 55
643 326
643 129
643 365
643 863
643 22
643 570
643 1
643 114
643 222
643 40
643 517
643 653
644 621
644 196
644 736
644 242
644 66
644 878
644 381
644 17
644 288
644 437
644 345
645 804
645 738
645 869
645 486
645 459
646 908
646 151
646 329
646 587
646 308
646 592
646 260
646 276
646 829
646 27
646 7
646 336
647 464
647 234
647 892
647 735
647 121
647 953
648 761
648 355
648 239
648 916
648 324
649 548
649 598
649 608
649 748
649 735
649 706
649 740
649 747
649 672
649 927
649 951
649 769
650 58
650 373
650 730
650 838
650 750
650 531
650 775
650 283
650 663
650 76
650 848
651 329
651 205
651 907
651 669
651 209
651 589
651 239
651 752
651 469
651 219
651 206
651 271
651 321
651 731
651 228
651 427
651 893
651 732
651 15
651 56
652 160
652 116
652 104
652 172
652 641
652 465
652 121
652 415
652 227
652 681
652 11
652 791
652 750
652 58
652 435
652 310
652 509
652 876
653 704
653 19
653 702
653 688
653 924
653 309
653 10
653 200
653 116
653 487
653 77
653 699
653 643
653 526
653 957
653 460
653 950
653 202
653 869
653 109
654 113
654 985
654 577
654 954
654 339
654 864
654 809
655 51
655 557
655 624
655 977
655 65
655 868
655 904
655 394
655 311
655 242
655 701
655 298
655 18
655 486
655 568
655 356
656 21
656 135
657 815
657 90
657 503
657 846
658 471
658 983
658 493
658 806
658 674
658 293
658 221
658 349
658 420
658 357
658 328
658 994
658 146
659 486
659 507
659 781
659 869
659 516
659 137
659 430
659 785
659 732
660 979
660 461
660 471
660 959
660 496
660 22
660 634
660 128
660 378
660 831
660 193
660 581
660 680
660 358
660 319
660 34
661 66
661 246
661 362
661 910
661 718
661 913
661 667
661 166
661 515
661 632
661 513
661 226
661 309
661 744
661 711
661 962
661 220
662 906
662 42
662 100
662 946
662 894
662 514
662 231
662 863
663 650
663 29
663 562
663 40
663 509
663 450
663 497
663 34
663 234
663 261
663 388
664 353
664 773
664 858
664 744
664 683
664 107
664 780
664 228
665 334
665 868
665 96
665 249
665 526
665 965
665 292
665 26
665 113
665 301
665 318
665 949
665 304
665 280
665 828
666 174
666 669
666 586
666 895
666 730
666 421
666 361
666 797
666 405
666 312
666 336
667 852
667 822
667 894
667 839
667 530
667 85
667 343
667 395
667 82
667 559
667 661
667 502
667 164
667 32
667 872
667 167
667 765
667 212
667 780
667 926
668 225
668 984
668 19
669 100
669 433
669 77
669 80
669 778
669 265
669 651
669 305
669 896
669 913
669 733
669 94
669 666
669 529
670 640
670 133
670 286
670 829
670 920
670 297
670 453
670 739
670 170
670 589
671 551
671 420
671 869
671 924
672 853
672 242
672 862
672 550
672 284
672 21
672 921
672 305
672 533
672 462
672 271
672 322
672 825
672 843
672 585
672 545
672 417
672 489
672 170
672 649
672 609
673 4
673 111
673 100
673 526
673 338
673 870
673 225
673 348
673 300
673 329
673 521
673 578
673 640
673 123
674 982
674 895
674 382
674 444
674 587
674 948
674 141
674 459
674 702
674 122
674 775
674 903
674 445
674 834
674 325
674 951
674 428
674 939
674 171
674 49
674 405
674 625
674 237
674 658
675 750
675 844
676 568
676 806
676 286
676 491
676 897
676 355
676 766
676 234
676 962
676 864
676 618
676 611
677 482
677 153
678 315
678 269
678 71
678 398
678 150
679 105
679 596
679 980
679 469
679 569
679 760
679 437
679 972
679 493
679 188
680 701
680 883
680 882
680 979
680 568
680 532
680 660
681 922
681 136
681 463
681 810
681 982
681 215
681 759
681 652
682 147
682 225
682 772
683 664
683 687
683 742
683 517
683 607
683 301
683 865
683 507
683 602
683 773
683 467
683 317
683 410
684 475
684 245
684 560
684 916
684 722
685 878
685 699
685 583
685 567
685 717
685 50
685 38
685 398
686 804
686 417
686 617
686 145
686 298
686 267
686 690
686 772
687 182
687 968
687 901
687 380
687 568
687 705
687 193
687 403
687 249
687 40
687 587
687 472
687 743
687 595
687 71
687 505
687 438
687 457
687 874
687 778
687 7
687 683
688 538
688 158
688 277
688 737
688 367
688 442
688 653
688 780
688 146
689 584
689 43
689 538
689 152
689 80
689 833
689 42
689 805
689 918
689 128
689 600
689 572
689 468
689 198
689 95
689 15
689 617
689 968
689 479
690 714
690 695
690 275
690 454
690 991
690 641
690 422
690 850
690 445
690 402
690 686
690 495
690 250
690 750
690 984
690 502
690 875
690 924
690 197
690 58
690 564
690 899
691 916
691 800
691 125
691 416
691 253
691 932
691 642
691 891
691 231
691 995
691 122
691 477
692 305
692 44
692 303
692 188
693 250
693 561
693 38
694 397
694 871
694 701
694 315
694 702
695 539
695 428
695 716
695 747
695 690
695 116
695 496
695 918
695 103
695 636
696 344
696 18
696 504
696 338
696 483
696 386
696 93
696 998
696 301
696 16
696 294
696 214
696 840
697 1
697 216
697 186
697 387
697 994
698 913
698 553
698 490
698 236
698 835
698 896
698 107
698 227
698 801
698 733
698 529
699 857
699 24
699 685
699 15
699 143
699 560
699 362
699 797
699 313
699 653
699 610
700 714
700 427
700 327
700 340
700 443
700 573
700 255
700 562
701 703
701 655
701 859
701 538
701 213
701 489
701 319
701 875
701 680
701 794
701 26
701 844
701 694
701 834
701 884
702 674
702 794
702 464
702 321
702 821
702 324
702 609
702 694
702 499
702 930
702 11
702 653
702 592
702 407
703 752
703 861
703 110
703 38
703 774
703 250
703 983
703 132
703 620
703 910
703 942
703 701
703 197
703 285
703 118
704 286
704 778
704 653
704 905
704 499
704 170
705 452
705 99
705 687
705 609
706 470
706 56
706 340
706 776
706 782
706 649
706 239
706 517
706 385
706 250
707 465
707 995
707 445
707 6
707 226
707 106
707 373
707 174
707 266
708 476
708 102
708 852
708 313
708 432
708 558
708 74
708 994
708 553
709 797
709 809
709 320
709 480
709 208
709 411
709 543
709 994
709 905
709 467
709 182
709 924
709 852
709 867
709 211
709 598
709 967
710 396
710 269
711 339
711 996
711 827
711 661
711 91
711 615
711 402
711 430
711 937
711 582
711 916
711 236
711 117
711 150
711 442
711 16
711 420
711 226
711 411
711 946
711 164
711 487
711 405
712 119
712 914
712 925
712 768
712 290
712 904
712 211
712 403
712 794
712 872
712 108
712 78
712 415
712 892
712 763
712 329
712 268
713 531
713 730
713 573
713 56
713 791
713 353
713 144
713 997
713 566
713 720
714 690
714 297
714 970
714 962
714 700
715 164
715 389
715 491
715 487
715 90
715 866
715 855
715 574
715 146
715 6
716 541
716 398
716 268
716 695
716 195
716 194
716 638
716 488
716 834
716 13
717 736
717 412
717 163
717 635
717 497
717 685
717 906
717 515
717 750
717 530
717 170
718 538
718 577
718 661
718 454
718 85
718 514
718 963
718 354
718 772
719 8
719 132
719 876
719 379
720 11
720 634
720 436
720 823
720 218
720 487
720 898
720 713
720 214
720 545
720 909
720 760
720 952
720 353
720 813
720 58
720 84
720 914
720 839
720 998
720 44
720 889
721 310
721 812
721 223
721 813
721 903
721 166
721 405
721 796
722 405
722 280
722 101
722 28
722 323
722 34
722 684
722 89
722 515
722 871
722 882
722 334
722 170
722 233
723 178
723 822
723 570
723 201
723 334
723 437
723 67
723 979
724 891
724 926
724 917
724 162
724 884
724 157
724 840
724 17
724 987
725 326
725 329
725 762
725 332
725 797
726 481
726 148
726 171
726 70
726 511
726 327
726 328
726 793
726 979
726 824
726 379
726 99
726 160
726 847
726 37
726 572
726 232
726 393
726 62
726 889
727 25
727 935
727 794
727 802
727 377
727 5
727 171
727 916
727 848
727 610
727 472
728 369
728 210
728 456
728 947
728 744
729 26
729 997
729 948
729 231
729 245
729 622
729 137
729 541
729 91
729 795
729 255
729 67
729 741
729 174
729 303
729 639
730 275
730 713
730 840
730 923
730 863
730 509
730 448
730 593
730 186
730 871
730 938
730 650
730 666
731 124
731 498
731 824
731 9
731 651
731 598
731 55
731 581
731 309
731 584
731 855
731 437
731 234
732 981
732 544
732 756
732 926
732 829
732 145
732 737
732 965
732 791
732 659
732 651
732 444
732 226
732 640
732 558
732 94
732 336
733 354
733 698
733 47
733 90
733 669
733 225
733 420
733 583
733 157
733 808
733 15
734 363
734 94
734 43
735 647
735 857
735 86
735 430
735 420
735 649
735 261
736 126
736 854
736 196
736 284
736 455
736 378
736 558
736 460
736 888
736 250
736 567
736 640
736 435
736 34
736 202
736 574
736 717
736 472
736 644
737 623
737 808
737 205
737 384
737 497
737 906
737 768
737 812
737 874
737 688
737 631
737 732
737 406
737 976
737 606
737 407
737 639
738 645
738 767
738 954
738 295
738 289
738 177
738 151
738 438
738 306
738 453
738 951
738 822
739 260
739 275
739 118
739 670
739 840
740 935
740 649
740 741
740 357
740 564
740 594
741 466
741 522
741 822
741 729
741 238
741 326
741 495
741 740
741 887
741 909
741 597
741 298
741 422
741 358
741 799
741 304
741 398
742 607
742 239
742 683
742 354
742 816
743 969
743 861
743 326
743 811
743 467
743 72
743 269
743 510
743 382
743 130
743 92
743 883
743 859
743 112
743 970
743 687
743 287
743 245
744 664
744 343
744 728
744 958
744 661
744 131
744 146
744 467
744 349
744 238
744 551
744 950
744 776
744 984
744 858
744 949
744 417
745 203
745 249
745 421
745 820
745 917
745 23
745 512
745 219
745 88
745 222
745 420
745 619
745 525
745 101
746 9
746 199
746 789
746 360
746 76
747 1000
747 928
747 201
747 609
747 327
747 695
747 596
747 580
747 23
747 245
747 5
747 117
747 649
747 324
747 617
747 846
748 518
748 631
748 211
748 351
748 145
748 314
748 801
748 436
748 952
748 388
748 649
748 360
748 858
748 963
748 809
749 121
749 376
749 803
749 37
749 281
749 296
749 612
749 63
749 911
749 97
749 863
749 598
749 889
749 321
749 488
749 118
749 352
750 675
750 6
750 652
750 486
750 717
750 690
750 172
750 167
750 845
750 535
750 25
750 602
750 650
750 472
750 126
751 430
751 257
751 24
752 703
752 651
752 120
753 538
753 871
753 234
754 172
754 193
754 958
754 334
754 16
754 421
754 128
754 588
754 598
754 596
754 603
754 608
754 26
754 199
754 287
754 255
755 148
755 789
755 222
755 44
755 432
755 120
755 132
755 604
755 591
755 201
755 96
755 938
755 8
755 561
755 810
755 58
755 516
756 442
756 458
756 520
756 409
756 111
756 858
756 569
756 225
756 132
756 732
756 425
757 61
757 390
757 256
757 356
757 858
757 909
757 320
757 833
757 259
757 284
757 491
757 210
757 979
758 616
758 932
758 262
758 256
758 344
758 859
758 359
758 470
758 760
758 463
758 222
758 551
759 599
759 809
759 681
759 570
759 134
759 42
759 92
759 231
759 27
759 782
759 913
760 874
760 788
760 232
760 975
760 490
760 11
760 679
760 605
760 720
760 103
760 29
760 758
760 935
760 993
760 780
760 41
761 814
761 311
761 974
761 859
761 648
761 72
761 63
761 888
761 10
761 915
761 841
761 33
761 214
761 768
761 157
761 79
761 793
762 345
762 789
762 154
762 143
762 380
762 88
762 597
762 725
762 909
762 825
762 250
762 927
762 40
762 561
762 968
763 712
763 396
763 467
763 303
763 390
763 513
763 502
763 884
763 484
763 509
763 915
763 517
763 492
764 883
764 135
764 192
764 155
764 12
765 462
765 549
765 242
765 192
765 318
765 520
765 667
765 491
765 267
765 619
765 357
765 474
765 380
765 599
765 12
765 274
765 547
765 612
765 926
765 425
765 142
765 405
766 676
766 241
766 337
766 772
766 196
766 582
766 545
766 927
767 738
767 343
767 995
767 126
768 248
768 473
768 74
768 761
768 40
768 561
768 771
768 882
768 513
768 737
768 712
768 477
768 96
768 123
768 38
768 266
769 353
769 638
769 893
769 957
769 123
769 999
769 212
769 192
769 204
769 945
769 649
769 241
769 461
769 65
769 199
769 366
769 602
770 903
770 74
770 448
771 499
771 56
771 38
771 768
772 901
772 140
772 262
772 115
772 489
772 89
772 718
772 686
772 900
772 682
772 909
772 885
772 827
772 766
772 370
773 581
773 664
773 161
773 84
773 546
773 547
773 990
773 63
773 60
773 34
773 683
773 598
774 307
774 371
774 414
774 336
774 604
774 93
774 882
774 209
774 1
774 703
774 420
774 935
774 399
774 978
774 219
774 589
775 650
775 581
775 674
775 412
775 881
775 478
775 340
775 13
775 864
775 365
775 598
775 170
776 96
776 411
776 706
776 257
776 161
776 284
776 744
776 831
776 930
776 638
776 343
776 384
777 164
777 887
777 834
778 71
778 687
778 475
778 806
778 959
778 704
778 102
778 858
778 118
778 143
778 890
778 216
778 278
778 17
778 267
778 669
778 534
778 965
778 983
778 44
778 259
778 953
779 481
779 122
779 195
779 594
779 875
779 59
779 813
779 22
779 912
779 11
779 568
779 58
779 620
780 163
780 667
780 282
780 341
780 251
780 337
780 664
780 688
780 302
780 760
780 510
780 353
780 912
780 363
780 832
780 315
780 846
781 388
781 970
781 180
781 211
781 659
781 407
782 18
782 583
782 929
782 429
782 706
782 450
782 759
782 883
782 504
782 388
782 9
782 302
783 174
783 193
783 640
783 397
783 43
784 861
784 126
785 659
785 424
785 821
785 551
785 155
785 797
785 608
785 843
786 314
786 550
786 788
786 562
787 813
787 364
787 486
787 336
788 194
788 175
788 41
788 856
788 518
788 292
788 187
788 457
788 233
788 786
788 256
788 199
788 760
788 970
788 109
788 38
789 827
789 835
789 61
789 814
789 912
789 266
789 546
789 746
789 887
789 425
789 80
789 762
789 335
789 155
789 755
789 319
790 16
790 954
790 222
790 897
790 962
790 624
790 609
791 584
791 500
791 544
791 713
791 62
791 966
791 955
791 401
791 993
791 97
791 7
791 652
791 627
791 840
791 40
791 732
791 254
791 220
792 415
792 144
792 852
792 609
793 761
793 623
793 60
793 570
793 809
793 167
793 159
793 421
793 726
793 387
793 936
793 100
793 19
793 905
793 939
793 261
793 399
794 321
794 701
794 905
794 859
794 712
794 702
794 848
794 727
794 628
795 193
795 284
795 729
795 388
795 465
795 215
795 8
795 315
795 336
796 188
796 721
796 533
796 539
796 927
796 941
796 63
796 401
796 405
796 594
796 41
796 548
797 488
797 354
797 666
797 640
797 115
797 437
797 140
797 77
797 306
797 699
797 984
797 785
797 391
797 725
797 583
797 37
797 210
797 370
797 19
797 144
797 709
797 287
797 477
797 169
797 900
797 86
798 462
798 922
798 112
798 641
798 921
798 500
798 32
798 35
798 804
799 432
799 519
799 562
799 880
799 741
799 570
799 806
799 621
799 826
799 410
799 207
799 503
799 517
799 167
800 180
800 872
800 994
800 603
800 220
800 878
800 602
800 691
800 552
800 297
800 530
800 150
801 39
801 429
801 215
801 268
801 906
801 24
801 265
801 698
801 399
801 250
801 952
801 90
801 239
801 748
801 406
802 421
802 952
802 604
802 904
802 346
802 515
802 6
802 493
802 528
802 11
802 889
802 834
802 539
802 727
802 593
802 337
803 3
803 80
803 470
803 435
803 349
803 224
803 209
803 578
803 841
803 32
803 230
803 539
803 749
803 861
804 421
804 361
804 141
804 645
804 228
804 358
804 505
804 888
804 300
804 987
804 550
804 798
804 990
804 614
804 686
804 838
804 461
804 492
804 365
804 945
805 689
805 821
805 454
805 900
805 885
806 555
806 799
806 851
806 994
806 676
806 642
806 778
806 838
806 999
806 868
806 118
806 658
806 843
807 878
807 61
807 213
807 972
807 399
808 472
808 854
808 910
808 130
808 446
808 225
808 358
808 733
808 920
808 811
808 103
808 227
808 737
808 550
808 370
808 366
808 339
808 299
808 553
809 811
809 540
809 856
809 582
809 378
809 827
809 654
809 153
809 204
809 904
809 748
809 709
809 339
809 759
809 793
809 472
810 681
810 884
810 435
810 889
810 502
810 931
810 161
810 755
810 67
810 592
810 475
811 743
811 808
811 809
811 506
812 69
812 737
812 490
812 721
812 363
813 721
813 534
813 615
813 377
813 570
813 39
813 720
813 589
813 907
813 787
813 279
813 883
813 421
813 990
813 901
813 779
814 761
814 789
814 339
814 113
815 385
815 495
815 919
815 864
815 356
815 264
815 657
815 962
815 16
815 489
815 390
815 302
815 59
815 162
815 234
815 869
815 620
815 382
815 843
815 41
816 219
816 126
816 742
816 272
816 887
816 309
816 363
816 210
816 868
816 214
816 174
816 511
816 92
816 364
816 184
816 461
816 460
817 270
817 281
817 29
817 952
817 231
817 912
817 555
817 93
817 879
817 450
817 415
817 455
817 938
817 915
818 441
818 518
818 121
818 355
818 109
818 848
818 863
818 41
819 42
819 602
819 437
819 635
819 284
819 348
819 309
819 34
819 343
819 381
819 365
820 69
820 334
820 745
820 343
821 62
821 66
821 310
821 383
821 895
821 805
821 491
821 702
821 785
821 573
821 472
821 532
821 477
821 548
822 993
822 723
822 538
822 583
822 944
822 595
822 738
822 832
822 88
822 8
822 667
822 741
822 405
823 568
823 720
823 82
823 959
823 339
823 638
824 326
824 726
824 731
824 159
824 516
824 153
825 497
825 199
825 621
825 202
825 672
825 289
825 492
825 762
825 43
826 454
826 569
826 799
826 423
826 291
826 404
826 314
826 121
826 827
826 486
826 58
826 312
826 219
826 41
827 442
827 772
827 275
827 939
827 54
827 826
827 166
827 46
827 468
827 789
827 577
827 992
827 844
827 353
827 711
827 345
827 809
827 859
828 117
828 945
828 665
828 257
828 367
828 887
828 20
828 8
828 231
828 123
828 503
828 143
828 545
828 329
828 448
829 260
829 633
829 28
829 670
829 919
829 398
829 974
829 985
829 318
829 732
829 182
829 289
829 876
829 936
829 448
829 646
830 940
830 958
830 343
831 441
831 468
831 776
831 660
831 247
832 913
832 780
832 621
832 519
832 934
832 33
832 605
832 304
832 822
833 689
833 757
833 557
833 264
833 946
833 147
833 468
833 915
833 489
833 269
833 255
833 639
834 934
834 195
834 701
834 317
834 167
834 613
834 856
834 802
834 674
834 406
834 357
834 984
834 716
834 881
834 777
834 394
834 637
834 44
834 903
834 936
834 37
834 621
834 46
834 428
834 109
835 201
835 789
835 954
835 471
835 567
835 124
835 25
835 205
835 928
835 698
836 117
836 940
836 197
836 299
836 157
836 170
837 305
837 491
837 84
837 357
837 233
838 856
838 871
838 804
838 506
838 806
838 48
838 366
838 884
838 963
838 650
839 166
839 630
839 720
839 303
839 146
839 906
839 667
839 425
839 976
839 561
839 384
840 117
840 400
840 971
840 49
840 278
840 134
840 66
840 29
840 949
840 331
840 209
840 246
840 739
840 245
840 355
840 696
840 224
840 724
840 940
840 199
840 730
840 186
840 563
840 210
840 952
840 285
840 791
840 118
841 906
841 341
841 419
841 138
841 803
841 641
841 479
841 142
841 304
841 18
841 96
841 851
841 120
841 922
841 557
841 941
841 959
841 484
841 761
841 534
841 379
841 858
841 868
841 150
842 877
842 426
842 108
842 569
842 250
842 188
842 261
842 429
842 373
842 182
842 882
842 60
842 259
843 815
843 785
843 806
843 932
843 197
843 119
843 132
843 12
843 369
843 228
843 367
843 40
843 396
843 924
843 560
843 672
843 121
843 220
843 44
843 126
844 293
844 873
844 30
844 453
844 396
844 307
844 827
844 675
844 162
844 127
844 98
844 895
844 976
844 917
844 415
844 701
844 339
844 916
844 914
844 472
845 559
845 56
845 922
845 750
845 859
845 557
845 959
845 332
845 864
845 510
846 657
846 928
846 624
846 509
846 780
846 747
846 239
847 726
847 366
847 998
848 21
848 316
848 727
848 794
848 818
848 333
848 650
848 917
848 59
848 362
848 990
848 561
849 379
850 69
850 246
850 940
850 335
850 892
850 690
850 200
850 885
851 806
851 340
851 841
851 7
851 361
851 856
852 944
852 407
852 637
852 585
852 270
852 98
852 709
852 708
852 416
852 792
852 263
852 667
852 32
852 972
853 672
853 887
853 277
853 576
853 410
853 516
854 320
854 456
854 808
854 534
854 200
854 555
854 312
854 736
855 297
855 640
855 387
855 607
855 715
855 897
855 892
855 949
855 918
855 926
855 731
856 507
856 53
856 157
856 851
856 514
856 452
856 834
856 838
856 887
856 788
856 883
856 809
856 44
857 699
857 82
857 735
858 299
858 744
858 664
858 53
858 841
858 87
858 748
858 114
858 317
858 598
858 757
858 186
858 992
858 778
858 756
858 208
858 545
859 862
859 289
859 845
859 90
859 794
859 597
859 9
859 40
859 118
859 743
859 125
859 545
859 827
859 761
859 758
859 701
859 15
859 608
859 558
859 978
859 562
859 530
860 250
860 105
860 86
861 207
861 502
861 362
861 910
861 803
861 213
861 784
861 623
861 220
861 703
861 445
861 743
861 965
861 15
861 545
861 345
861 555
862 672
862 444
862 922
862 859
862 362
862 100
862 442
862 60
862 936
862 593
862 952
863 818
863 641
863 662
863 730
863 643
863 944
863 871
863 749
864 332
864 962
864 117
864 932
864 901
864 845
864 654
864 676
864 775
864 283
864 499
864 18
864 815
865 875
865 683
865 38
865 987
866 162
866 191
866 374
866 175
866 138
866 715
866 135
866 225
866 207
866 571
866 598
866 448
867 555
867 25
867 587
867 291
867 594
867 232
867 467
867 709
867 950
867 518
867 502
867 360
867 152
867 170
868 29
868 806
868 179
868 624
868 315
868 841
868 232
868 997
868 222
868 540
868 460
868 655
868 631
868 475
868 665
868 617
868 816
869 530
869 368
869 645
869 653
869 815
869 251
869 671
869 904
869 328
869 215
869 315
869 183
869 578
869 161
869 475
869 659
870 673
870 566
870 533
871 753
871 722
871 489
871 730
871 14
871 972
871 349
871 863
871 694
871 202
871 985
871 124
871 838
871 488
871 594
872 296
872 357
872 125
872 509
872 336
872 333
872 895
872 667
872 263
872 638
872 877
872 112
872 712
872 452
872 800
873 844
873 267
873 193
873 85
873 328
873 197
874 760
874 936
874 737
874 92
874 576
874 959
874 343
874 951
874 687
874 517
874 303
874 336
875 690
875 989
875 865
875 31
875 85
875 701
875 992
875 317
875 250
875 279
875 779
876 256
876 476
876 719
876 276
876 321
876 92
876 577
876 393
876 920
876 829
876 642
876 422
876 652
876 425
877 580
877 113
877 888
877 30
877 248
877 142
877 500
877 167
877 985
877 445
877 872
877 454
877 842
877 62
878 566
878 256
878 807
878 685
878 592
878 271
878 36
878 800
878 536
878 111
878 571
878 446
878 644
879 817
879 50
879 107
879 36
879 293
879 570
879 338
879 642
879 550
879 903
879 208
879 250
879 90
879 443
879 238
879 174
880 254
880 614
880 572
880 328
880 577
880 976
880 884
880 883
880 484
880 408
880 35
880 613
880 894
880 455
880 799
880 76
880 94
880 472
880 170
881 309
881 609
881 775
881 599
881 834
881 370
882 191
882 441
882 722
882 271
882 842
882 680
882 290
882 493
882 917
882 362
882 970
882 193
882 384
882 774
882 768
883 743
883 813
883 568
883 3
883 782
883 680
883 915
883 490
883 764
883 244
883 140
883 248
883 856
883 345
883 61
883 427
883 880
883 631
883 547
883 269
883 350
884 763
884 558
884 294
884 838
884 323
884 701
884 7
884 724
884 931
884 456
884 810
884 880
884 893
884 602
885 202
885 850
885 975
885 972
885 805
885 470
885 453
885 211
885 405
885 772
885 639
886 124
886 430
886 15
886 909
887 777
887 302
887 853
887 301
887 521
887 89
887 316
887 498
887 64
887 578
887 856
887 229
887 741
887 789
887 816
887 828
888 588
888 877
888 804
888 635
888 577
888 761
888 421
888 369
888 405
888 617
888 736
889 573
889 40
889 577
889 529
889 720
889 318
889 921
889 726
889 311
889 810
889 50
889 802
889 398
889 749
890 273
890 393
890 80
890 638
890 437
890 166
890 619
890 103
890 493
890 526
890 535
890 292
890 315
890 33
890 610
890 778
890 488
890 345
890 525
890 43
891 896
891 724
891 565
891 396
891 507
891 933
891 444
891 691
891 571
891 357
891 304
891 968
892 279
892 850
892 99
892 712
892 855
892 64
892 647
892 921
892 513
892 68
892 378
892 516
892 62
893 607
893 386
893 976
893 191
893 539
893 494
893 608
893 468
893 651
893 292
893 195
893 884
893 141
893 540
893 614
893 497
893 938
893 769
893 983
893 43
894 122
894 277
894 880
894 221
894 216
894 493
894 366
894 976
894 158
894 31
894 587
894 662
894 108
894 667
894 381
895 508
895 8
895 252
895 427
895 283
895 914
895 844
895 821
895 872
895 289
895 674
895 666
896 561
896 472
896 374
896 423
896 641
896 461
896 669
896 480
896 891
896 926
896 897
896 982
896 343
896 142
896 259
896 698
896 589
897 321
897 855
897 676
897 896
897 276
897 459
897 143
897 790
897 396
897 8
897 166
897 242
897 428
897 84
898 376
898 93
898 284
898 972
898 949
898 63
898 720
899 172
899 936
899 290
899 227
899 690
899 221
899 396
899 103
899 12
899 617
899 625
900 805
900 278
900 141
900 457
900 513
900 297
900 797
900 952
900 332
900 197
900 486
900 772
901 81
901 813
901 218
901 954
901 74
901 593
901 583
901 772
901 415
901 905
901 396
901 599
901 687
901 864
901 3
901 259
902 420
902 247
903 192
903 295
903 923
903 943
903 106
903 879
903 834
903 674
903 579
903 770
903 64
903 993
903 132
903 721
903 592
903 608
903 971
903 69
903 161
903 135
903 583
903 912
903 504
904 655
904 614
904 712
904 802
904 869
904 809
905 709
905 901
905 130
905 794
905 793
905 704
905 275
905 437
905 453
905 143
905 583
906 717
906 118
906 662
906 470
906 506
906 839
906 194
906 374
906 186
906 387
906 33
906 801
906 737
906 841
906 456
906 324
907 604
907 651
907 813
907 38
907 288
908 250
908 646
908 310
908 192
908 207
909 131
909 886
909 211
909 341
909 92
909 430
909 330
909 757
909 762
909 741
909 994
909 772
909 720
910 570
910 661
910 808
910 452
910 364
910 58
910 703
910 861
911 470
911 96
911 585
911 915
911 101
911 749
912 399
912 780
912 640
912 903
912 153
912 278
912 969
912 354
912 789
912 817
912 484
912 393
912 779
913 545
913 33
913 920
913 175
913 23
913 759
913 155
913 669
913 423
913 86
913 614
913 227
913 135
913 661
913 465
913 832
913 516
913 698
914 36
914 210
914 550
914 720
914 160
914 480
914 844
914 45
914 551
914 417
914 712
914 40
914 228
914 895
915 304
915 763
915 573
915 833
915 582
915 179
915 911
915 817
915 442
915 492
915 283
915 146
915 437
915 462
915 513
915 883
915 761
915 432
915 525
916 443
916 511
916 500
916 292
916 993
916 438
916 130
916 242
916 727
916 648
916 844
916 684
916 600
916 423
916 109
916 643
916 201
916 691
916 202
916 711
916 545
916 592
917 882
917 503
917 844
917 918
917 517
917 107
917 427
917 123
917 848
917 453
917 152
917 961
917 566
917 429
917 724
917 745
917 972
917 949
917 461
917 617
917 499
917 337
918 194
918 408
918 607
918 394
918 80
918 972
918 411
918 417
918 963
918 341
918 695
918 922
918 855
918 633
918 31
918 935
918 54
918 917
918 612
918 689
918 392
918 571
918 63
918 517
919 573
919 551
919 829
919 284
919 427
919 815
919 71
919 121
919 358
919 167
919 365
919 261
919 564
919 589
920 128
920 670
920 149
920 335
920 244
920 372
920 102
920 304
920 595
920 117
920 227
920 501
920 808
920 913
920 876
921 672
921 467
921 798
921 197
921 90
921 892
921 574
921 9
921 174
921 889
922 409
922 7
922 50
922 862
922 564
922 845
922 560
922 352
922 681
922 841
922 57
922 320
922 382
922 443
922 619
922 798
922 918
922 319
923 21
923 74
923 943
923 47
923 311
923 730
923 903
923 411
923 534
923 49
923 407
924 305
924 942
924 993
924 690
924 402
924 509
924 363
924 843
924 364
924 477
924 42
924 709
924 234
924 671
924 653
924 939
924 150
925 612
925 577
925 712
925 7
925 273
926 460
926 952
926 724
926 463
926 513
926 896
926 452
926 211
926 765
926 472
926 981
926 667
926 855
926 405
926 95
926 387
926 732
926 142
926 606
926 41
927 796
927 649
927 420
927 762
927 372
927 610
927 95
927 766
927 597
927 64
927 555
927 945
928 122
928 59
928 835
928 418
928 572
928 2
928 161
928 251
928 747
928 7
928 432
928 392
928 846
929 215
929 602
929 100
929 782
929 202
929 406
929 545
929 617
930 702
930 376
930 463
930 199
930 464
930 543
930 43
930 5
930 476
930 568
930 255
930 776
931 983
931 372
931 810
931 990
931 84
931 599
931 211
931 884
932 238
932 758
932 691
932 559
932 48
932 619
932 979
932 864
932 843
932 995
933 891
933 201
933 561
934 834
934 10
934 475
934 452
934 832
935 3
935 740
935 774
935 517
935 760
935 42
935 995
935 176
935 559
935 222
935 202
935 432
935 727
935 918
936 230
936 460
936 559
936 57
936 874
936 240
936 834
936 793
936 862
936 829
936 277
936 899
936 608
936 963
936 153
937 470
937 999
937 711
938 353
938 74
938 104
938 194
938 730
938 415
938 893
938 521
938 427
938 817
938 191
938 613
938 433
938 148
938 755
938 530
938 996
939 26
939 924
939 236
939 221
939 674
939 793
939 827
939 501
939 147
939 618
940 77
940 850
940 840
940 140
940 618
940 830
940 376
940 836
940 382
940 282
940 40
940 569
940 353
940 289
940 947
940 593
941 796
941 167
941 433
941 345
941 569
941 16
941 841
941 73
941 594
941 369
941 578
941 254
941 963
942 551
942 362
942 924
942 239
942 558
942 703
943 220
943 903
943 612
943 102
943 585
943 123
943 923
943 46
944 333
944 368
944 863
944 56
944 367
944 147
944 852
944 561
944 822
945 36
945 468
945 987
945 23
945 505
945 927
945 495
945 402
945 971
945 18
945 88
945 239
945 804
945 574
945 828
945 577
945 315
945 769
945 447
946 422
946 205
946 439
946 662
946 348
946 711
946 608
946 396
946 267
946 833
946 34
946 559
946 366
946 983
947 3
947 728
947 959
947 940
947 33
947 80
947 491
947 360
947 269
947 530
948 369
948 729
948 414
948 563
948 674
949 96
949 964
949 349
949 898
949 423
949 665
949 173
949 917
949 855
949 744
949 499
949 248
949 118
949 157
949 202
949 840
949 279
950 370
950 653
950 979
950 744
950 867
950 560
950 210
950 61
950 482
950 62
950 233
950 268
951 559
951 549
951 874
951 649
951 674
951 206
951 738
951 552
951 151
951 397
951 158
951 471
951 164
951 532
952 560
952 164
952 480
952 720
952 900
952 801
952 840
952 333
952 862
952 926
952 369
952 817
952 802
952 496
952 748
952 446
953 84
953 489
953 452
953 127
953 412
953 209
953 983
953 568
953 778
953 486
953 647
953 631
953 174
953 469
953 356
953 35
953 146
954 15
954 74
954 790
954 222
954 469
954 835
954 208
954 351
954 654
954 388
954 413
954 117
954 738
954 143
954 901
954 562
955 27
955 791
955 17
955 101
956 353
956 996
956 509
956 492
957 653
957 576
957 621
957 195
957 46
957 15
957 769
958 986
958 209
958 830
958 466
958 28
958 193
958 96
958 171
958 972
958 754
958 744
958 620
958 559
959 571
959 196
959 564
959 437
959 823
959 250
959 874
959 215
959 841
959 845
959 289
959 366
959 660
959 778
959 947
959 345
959 353
960 333
961 219
961 374
961 917
961 471
961 317
961 123
961 118
961 463
961 259
962 242
962 323
962 714
962 345
962 676
962 661
962 790
962 96
962 8
962 815
962 614
962 864
962 356
962 447
963 996
963 936
963 941
963 396
963 498
963 288
963 272
963 104
963 64
963 480
963 748
963 838
963 718
963 573
963 918
963 195
964 610
964 401
964 949
964 62
964 983
965 40
965 577
965 861
965 195
965 446
965 778
965 510
965 22
965 226
965 19
965 665
965 732
965 287
965 529
966 251
966 130
966 791
966 381
967 464
967 334
967 709
967 593
967 496
967 247
968 891
968 762
968 17
968 345
968 46
968 14
968 507
968 618
968 689
968 430
968 687
968 398
969 912
969 743
969 558
969 304
969 108
970 577
970 218
970 714
970 102
970 204
970 239
970 743
970 75
970 882
970 356
970 781
970 788
970 379
970 557
971 193
971 61
971 32
971 903
971 517
971 840
971 945
972 524
972 402
972 198
972 898
972 620
972 807
972 129
972 405
972 679
972 852
972 917
972 92
972 958
972 918
972 871
972 67
972 599
972 316
972 885
972 133
972 472
973 16
973 602
973 284
973 502
973 91
973 123
973 453
974 761
974 201
974 632
974 829
974 454
974 525
975 760
975 612
975 364
975 442
975 885
975 44
976 291
976 206
976 737
976 839
976 637
976 157
976 405
976 17
976 284
976 894
976 577
976 984
976 182
976 880
976 486
976 844
976 893
976 550
976 253
977 458
977 634
977 594
977 366
977 402
977 127
977 655
977 17
977 49
978 354
978 555
978 390
978 139
978 105
978 774
978 383
978 859
978 33
978 197
978 126
979 723
979 932
979 757
979 680
979 561
979 334
979 551
979 726
979 950
979 471
979 660
979 144
979 545
980 679
980 334
980 515
980 310
980 360
980 11
981 732
981 245
981 486
981 926
981 316
982 627
982 641
982 89
982 460
982 162
982 572
982 896
982 681
982 245
982 435
982 15
982 674
983 931
983 594
983 541
983 778
983 946
983 964
983 893
983 259
983 378
983 553
983 279
983 148
983 204
983 658
983 171
983 703
983 547
983 365
983 953
984 668
984 148
984 744
984 51
984 596
984 690
984 445
984 976
984 130
984 361
984 340
984 834
984 364
984 797
984 94
985 829
985 654
985 598
985 625
985 871
985 43
985 48
985 561
985 145
985 323
985 379
985 877
985 226
985 432
985 351
985 995
986 958
986 415
986 996
986 548
987 724
987 296
987 146
987 262
987 865
987 278
987 437
987 804
987 621
987 365
987 60
987 945
987 447
987 451
988 223
988 144
988 192
989 600
989 875
990 848
990 600
990 813
990 207
990 540
990 209
990 996
990 496
990 522
990 608
990 931
990 321
990 619
990 773
990 484
990 176
990 382
990 804
991 59
991 690
991 202
991 18
992 531
992 875
992 54
992 827
992 501
992 30
992 123
992 858
992 82
992 555
993 1
993 40
993 24
993 151
993 630
993 540
993 760
993 511
993 822
993 320
993 791
993 415
993 353
993 924
993 903
993 916
993 121
993 328
994 909
994 708
994 697
994 278
994 658
994 499
994 806
994 468
994 800
994 709
994 268
995 192
995 932
995 5
995 985
995 767
995 252
995 314
995 631
995 250
995 28
995 174
995 37
995 707
995 691
995 935
995 534
995 459
996 986
996 639
996 938
996 89
996 956
996 410
996 990
996 7
996 711
996 963
997 577
997 299
997 387
997 81
997 713
997 158
997 286
997 475
997 729
997 503
997 868
997 532
998 628
998 92
998 289
998 720
998 847
998 216
998 387
998 696
998 279
999 307
999 249
999 526
999 291
999 806
999 176
999 231
999 937
999 366
999 165
999 769
1000 747
1000 578
1000 91
1000 454
