1 30
1 92
1 527
1 227
1 463
1 479
1 595
1 572
1 510
1 237
1 598
1 195
1 29
1 276
1 17
1 79
1 213
1 322
1 435
1 503
1 530
2 476
2 314
2 428
2 504
2 32
2 200
2 600
2 426
2 557
2 122
2 531
2 4
2 15
2 37
2 43
2 98
2 118
2 432
2 449
2 463
2 506
3 503
3 303
3 344
3 107
3 532
3 417
3 491
3 90
3 172
3 276
3 294
3 424
3 428
3 505
3 510
3 513
3 529
3 594
3 597
4 563
4 20
4 44
4 45
4 81
4 84
4 124
4 141
4 346
4 391
4 2
5 101
5 152
5 34
5 369
5 564
5 163
5 6
5 21
5 130
5 170
5 172
5 201
5 342
5 414
5 522
5 125
6 296
6 416
6 343
6 43
6 311
6 572
6 163
6 21
6 517
6 5
6 441
6 63
6 94
6 103
6 142
6 212
6 248
6 280
6 337
6 363
6 423
6 427
6 437
6 448
6 561
6 585
6 457
7 47
7 412
7 105
7 445
7 282
7 559
7 467
7 210
7 537
7 580
7 249
7 256
7 97
7 68
7 119
7 182
7 200
7 218
7 232
7 251
7 593
7 109
8 508
8 81
8 109
8 228
8 237
8 435
8 517
8 599
9 597
9 518
9 516
9 510
9 322
9 141
9 157
9 209
9 284
9 552
9 281
9 440
9 35
9 62
9 105
9 142
9 292
9 303
9 341
9 418
9 494
9 508
9 530
9 215
9 490
10 162
10 33
10 471
10 115
10 34
10 107
10 306
10 336
10 412
10 467
10 98
10 203
11 591
11 252
11 38
11 375
11 133
11 600
11 264
11 107
11 262
11 416
11 378
11 36
11 147
11 479
11 502
11 511
12 257
12 529
12 261
12 248
12 341
12 170
12 592
12 334
12 409
12 79
12 166
12 168
12 212
12 391
12 594
12 514
13 216
13 56
13 248
13 208
13 541
13 41
13 53
13 490
13 379
13 17
13 28
13 37
13 107
13 121
13 171
13 225
13 262
13 268
13 376
13 519
13 60
14 466
14 126
14 210
14 211
14 262
14 438
14 441
14 451
14 455
14 461
14 476
14 477
14 506
14 517
14 541
14 536
15 2
15 257
15 322
15 412
15 591
15 46
15 335
15 363
15 465
15 175
15 372
15 451
15 481
15 490
15 578
16 158
16 579
16 150
16 295
16 45
16 514
16 280
16 574
16 377
16 96
16 186
16 209
16 287
16 341
16 352
16 472
16 475
17 13
17 45
17 93
17 1
17 107
17 139
17 328
17 254
17 241
17 578
17 137
17 143
17 342
17 381
17 394
17 527
18 399
18 348
18 390
18 436
18 341
18 226
18 236
18 302
18 466
18 483
18 562
19 499
19 76
19 260
19 546
19 81
19 435
19 156
19 92
19 574
19 214
19 462
19 315
19 570
19 133
19 131
19 194
19 199
19 210
19 279
19 295
19 323
19 478
19 513
19 379
19 563
19 351
19 175
20 231
20 539
20 27
20 492
20 4
20 146
20 277
20 458
20 24
20 148
20 151
20 266
20 333
20 387
20 422
20 522
20 570
21 586
21 223
21 515
21 5
21 359
21 79
21 269
21 89
21 231
21 164
21 524
21 6
21 58
21 199
21 341
21 372
21 411
21 441
21 538
22 377
22 200
22 26
22 509
22 416
22 146
22 322
22 419
22 129
22 318
22 154
22 565
22 397
22 188
22 169
22 219
22 321
22 569
22 598
22 514
23 568
23 182
23 102
23 108
23 191
23 203
23 205
23 207
23 269
23 270
23 320
23 363
23 400
23 435
23 265
23 443
24 273
24 494
24 141
24 309
24 56
24 398
24 334
24 197
24 103
24 312
24 393
24 492
24 570
24 20
24 383
24 379
25 195
25 408
25 99
25 353
25 117
25 86
25 126
25 288
25 336
25 343
25 572
26 344
26 160
26 338
26 98
26 122
26 349
26 197
26 22
26 34
26 97
26 128
26 159
26 169
26 284
26 309
26 330
26 351
26 498
26 499
26 527
27 327
27 484
27 56
27 250
27 20
27 71
27 127
27 144
27 240
27 278
27 388
27 438
27 465
27 570
28 163
28 270
28 369
28 488
28 351
28 13
28 220
28 33
28 229
28 55
28 272
28 54
28 76
28 77
28 282
28 350
28 509
28 547
28 572
29 358
29 127
29 434
29 185
29 364
29 370
29 568
29 54
29 282
29 496
29 581
29 341
29 1
29 262
29 117
29 132
30 548
30 183
30 42
30 328
30 105
30 294
30 271
30 175
30 581
30 306
30 336
30 1
30 33
30 232
30 300
30 341
30 405
30 585
30 310
30 583
31 502
31 404
31 272
31 170
31 180
31 225
31 42
31 64
31 154
31 386
31 405
31 428
32 55
32 128
32 383
32 423
32 141
32 461
32 517
32 2
32 79
32 411
32 431
32 498
32 545
33 241
33 501
33 90
33 30
33 156
33 243
33 532
33 488
33 471
33 398
33 556
33 10
33 28
33 51
33 242
33 413
33 574
33 585
34 88
34 26
34 570
34 154
34 287
34 116
34 596
34 10
34 243
34 512
34 37
34 213
34 333
34 285
34 271
34 466
34 486
34 5
34 415
34 503
34 593
34 437
35 589
35 555
35 206
35 9
35 408
35 259
35 40
35 118
35 124
35 143
35 252
35 266
35 305
35 328
35 358
35 390
35 432
35 451
35 426
36 104
36 486
36 11
36 232
36 60
36 249
36 55
36 266
36 226
36 567
36 175
36 186
36 192
36 293
36 321
36 396
36 505
36 582
37 39
37 580
37 358
37 78
37 402
37 13
37 320
37 202
37 74
37 455
37 2
37 490
37 439
37 599
37 325
37 34
37 89
37 110
37 154
37 409
37 463
37 523
37 525
37 551
38 214
38 427
38 404
38 401
38 373
38 11
38 253
38 309
38 319
38 391
38 471
38 504
39 185
39 498
39 89
39 129
39 563
39 108
39 37
39 97
39 222
39 256
39 276
39 298
39 321
39 374
39 382
39 471
39 534
39 569
39 570
39 265
40 486
40 407
40 599
40 125
40 329
40 387
40 35
40 54
40 57
40 82
40 84
40 89
40 174
40 316
40 336
40 457
40 146
41 211
41 90
41 334
41 541
41 322
41 406
41 278
41 368
41 475
41 329
41 509
41 13
41 560
41 563
41 510
41 200
41 514
42 391
42 55
42 304
42 336
42 143
42 31
42 93
42 377
42 296
42 596
42 127
42 30
42 215
42 233
42 438
42 440
43 178
43 153
43 2
43 276
43 416
43 557
43 579
43 400
43 312
43 504
43 71
43 6
43 54
43 118
43 390
43 122
44 170
44 357
44 418
44 4
44 393
44 119
44 168
44 389
44 538
44 593
44 553
44 546
45 4
45 470
45 16
45 17
45 122
45 259
45 299
45 334
45 372
45 396
45 449
45 551
45 599
45 485
45 528
46 234
46 339
46 543
46 513
46 541
46 385
46 47
46 96
46 328
46 443
46 351
46 60
46 259
46 122
46 138
46 362
46 420
46 449
46 380
46 408
46 15
46 153
46 219
46 251
46 301
46 332
46 469
46 486
46 598
47 459
47 449
47 501
47 465
47 82
47 130
47 406
47 119
47 205
47 169
47 259
47 177
47 434
47 397
47 7
47 46
47 149
47 212
47 447
47 473
47 514
48 354
48 447
48 87
48 177
48 118
48 450
48 492
48 70
48 420
48 60
48 135
48 453
48 131
48 53
48 84
48 124
48 225
48 324
48 417
48 439
48 523
48 564
49 179
49 108
49 503
49 447
49 532
49 570
49 97
49 225
49 235
49 323
49 343
49 351
49 431
50 323
50 209
50 122
50 331
50 563
50 407
50 56
50 359
50 93
50 486
50 536
50 143
50 533
50 364
50 413
50 433
50 528
50 543
50 559
50 188
51 532
51 590
51 311
51 205
51 548
51 268
51 159
51 324
51 189
51 342
51 55
51 103
51 367
51 33
51 141
51 291
51 156
51 93
51 182
51 184
51 326
51 369
51 370
51 413
51 423
51 473
52 466
52 412
52 128
52 74
52 170
52 60
52 222
52 232
52 242
52 298
52 302
52 352
52 452
52 506
52 571
52 154
53 298
53 550
53 592
53 112
53 319
53 366
53 76
53 48
53 247
53 332
53 389
53 423
53 55
53 392
53 13
53 61
53 154
53 305
53 343
53 565
53 594
53 267
54 480
54 141
54 278
54 43
54 28
54 40
54 122
54 29
54 100
54 123
54 125
54 137
54 144
54 196
54 203
54 219
54 264
54 336
54 347
54 426
54 599
54 315
54 307
54 520
55 379
55 195
55 306
55 421
55 512
55 537
55 32
55 36
55 42
55 51
55 53
55 91
55 96
55 103
55 171
55 268
55 278
55 478
55 549
55 28
56 382
56 69
56 219
56 85
56 253
56 455
56 280
56 71
56 82
56 13
56 24
56 27
56 50
56 92
56 113
56 182
56 233
56 388
56 415
56 488
56 587
56 91
57 62
57 539
57 40
57 510
57 252
57 506
57 586
57 456
57 302
57 358
57 527
57 538
57 547
57 593
58 515
58 380
58 21
58 547
58 384
58 72
58 89
58 124
58 133
58 220
58 283
58 281
59 155
59 102
59 218
59 288
59 248
59 445
59 452
59 165
59 470
59 76
59 137
59 189
59 239
59 240
59 281
59 450
59 459
59 547
60 52
60 400
60 425
60 554
60 424
60 600
60 499
60 494
60 511
60 474
60 227
60 192
60 199
60 303
60 13
60 141
60 170
60 207
60 36
60 46
60 48
60 100
60 118
60 128
60 410
60 435
60 563
60 346
60 450
61 99
61 224
61 188
61 301
61 198
61 63
61 356
61 53
61 575
61 365
61 509
62 86
62 595
62 344
62 84
62 145
62 571
62 261
62 509
62 9
62 255
62 57
62 93
62 153
62 228
62 410
62 450
63 169
63 515
63 598
63 280
63 6
63 591
63 140
63 288
63 61
63 93
63 158
63 209
63 534
63 318
64 371
64 320
64 521
64 172
64 365
64 575
64 396
64 118
64 164
64 475
64 31
64 124
64 295
64 158
64 557
64 75
64 146
64 167
64 247
64 276
64 306
64 351
64 550
64 570
64 578
64 110
64 278
65 513
65 422
65 591
65 426
65 563
65 453
65 468
65 532
65 168
65 306
65 333
65 406
65 501
65 536
65 558
65 193
66 353
66 137
66 152
66 292
66 492
66 234
66 513
66 455
66 482
66 80
66 73
66 229
66 299
66 309
66 503
66 505
66 523
66 556
66 540
67 388
67 490
67 172
67 267
67 531
67 502
67 397
67 140
67 300
67 520
67 139
67 363
67 399
67 282
67 108
67 127
67 244
67 317
67 449
67 467
67 499
67 535
67 558
67 457
68 374
68 7
68 309
68 436
68 217
68 301
68 286
68 594
68 133
68 244
68 291
68 313
68 310
69 586
69 95
69 451
69 425
69 329
69 555
69 594
69 182
69 258
69 564
69 148
69 56
69 102
69 153
69 193
69 208
69 353
69 362
69 565
69 486
70 356
70 558
70 324
70 453
70 484
70 599
70 588
70 295
70 309
70 194
70 273
70 505
70 530
70 48
70 111
70 143
70 378
70 437
70 507
70 564
70 586
70 596
70 304
71 99
71 168
71 377
71 111
71 429
71 27
71 295
71 294
71 525
71 87
71 56
71 140
71 268
71 331
71 374
71 403
71 549
71 551
71 257
71 43
72 139
72 362
72 58
72 343
72 266
72 135
72 552
72 329
72 449
72 83
72 200
72 464
72 513
72 369
73 284
73 218
73 66
73 200
73 550
73 442
73 340
73 79
73 409
73 274
73 377
73 471
73 487
74 271
74 144
74 387
74 77
74 364
74 528
74 108
74 84
74 477
74 37
74 52
74 112
74 280
74 300
74 418
74 505
74 557
75 299
75 351
75 256
75 341
75 468
75 64
75 535
75 438
75 240
75 253
75 350
75 570
75 310
76 59
76 107
76 384
76 28
76 343
76 434
76 305
76 458
76 19
76 53
76 127
76 135
76 237
76 331
76 414
76 465
76 348
77 195
77 28
77 145
77 455
77 304
77 482
77 534
77 74
77 161
77 204
77 240
77 244
77 251
77 364
77 367
77 450
77 470
77 568
78 297
78 217
78 128
78 81
78 340
78 347
78 196
78 256
78 376
78 387
78 94
78 182
78 37
78 210
78 270
78 324
78 398
78 468
78 493
78 517
78 546
79 394
79 1
79 581
79 246
79 32
79 482
79 593
79 404
79 487
79 161
79 116
79 12
79 21
79 73
79 85
79 97
79 157
79 436
79 571
80 465
80 421
80 148
80 66
80 95
80 136
80 309
80 347
80 371
80 468
80 481
80 523
81 229
81 8
81 340
81 286
81 291
81 200
81 255
81 503
81 320
81 325
81 4
81 205
81 19
81 78
81 123
81 223
81 225
81 397
81 513
81 422
82 40
82 85
82 146
82 84
82 199
82 357
82 47
82 191
82 533
82 558
82 589
82 56
83 104
83 593
83 471
83 509
83 72
83 470
83 574
83 508
83 553
84 48
84 354
84 523
84 424
84 40
84 179
84 4
84 62
84 74
84 109
84 124
84 157
84 199
84 332
84 506
84 357
84 588
84 82
84 229
85 215
85 324
85 111
85 79
85 587
85 209
85 494
85 204
85 498
85 149
85 135
85 123
85 178
85 56
85 82
85 130
85 138
85 156
85 394
85 406
85 474
85 374
85 356
85 315
86 429
86 297
86 25
86 275
86 111
86 337
86 570
86 460
86 243
86 62
86 143
86 236
86 281
86 379
86 564
87 421
87 496
87 414
87 328
87 550
87 112
87 367
87 207
87 578
87 557
87 438
87 430
87 48
87 228
87 379
87 399
87 518
87 549
87 365
87 71
88 509
88 404
88 137
88 34
88 238
88 340
88 475
88 315
88 185
89 170
89 176
89 332
89 171
89 272
89 538
89 196
89 37
89 40
89 355
89 58
89 21
89 39
89 107
89 110
89 288
89 333
89 363
89 413
89 414
89 445
89 464
90 482
90 528
90 274
90 315
90 206
90 159
90 429
90 3
90 465
90 417
90 396
90 33
90 41
90 164
90 291
90 376
90 394
90 487
90 555
90 593
91 269
91 273
91 414
91 190
91 242
91 55
91 417
91 199
91 368
91 56
91 121
91 127
91 324
91 462
91 548
91 588
91 490
92 465
92 316
92 405
92 355
92 56
92 1
92 19
92 139
92 264
93 97
93 133
93 540
93 477
93 63
93 300
93 187
93 202
93 261
93 62
93 51
93 177
93 502
93 527
93 314
93 200
93 274
93 118
93 115
93 374
93 17
93 42
93 114
93 509
93 518
93 563
93 310
93 50
93 522
94 438
94 327
94 215
94 366
94 148
94 122
94 561
94 289
94 528
94 328
94 6
94 160
94 78
94 130
94 157
94 251
94 418
94 459
94 505
94 480
94 145
95 319
95 360
95 332
95 426
95 80
95 192
95 469
95 69
95 257
95 386
95 392
95 417
96 265
96 16
96 244
96 553
96 209
96 344
96 193
96 477
96 55
96 214
96 423
96 422
96 46
96 133
96 141
96 219
96 307
96 322
96 353
96 403
96 426
96 543
96 548
96 313
97 518
97 360
97 515
97 372
97 215
97 534
97 406
97 26
97 49
97 39
97 79
97 429
97 93
97 179
97 418
97 437
97 572
97 587
97 544
97 7
98 400
98 2
98 343
98 119
98 146
98 505
98 10
98 26
98 115
98 190
98 209
98 215
98 221
98 223
98 239
98 275
98 587
98 349
99 137
99 455
99 418
99 268
99 123
99 391
99 581
99 25
99 61
99 71
99 151
99 182
99 255
99 349
99 354
99 366
99 428
99 433
99 439
99 535
99 121
100 336
100 427
100 111
100 54
100 361
100 238
100 60
100 457
100 138
100 163
100 212
100 359
100 540
101 108
101 443
101 127
101 491
101 320
101 582
101 377
101 318
101 506
101 496
101 5
101 122
101 200
101 237
101 265
101 356
101 515
101 523
101 533
102 518
102 523
102 279
102 125
102 281
102 159
102 334
102 243
102 232
102 23
102 437
102 582
102 69
102 59
102 152
102 181
102 355
102 365
102 403
102 415
102 461
102 538
103 55
103 105
103 484
103 6
103 399
103 24
103 51
103 159
103 241
103 271
103 349
103 360
103 384
103 471
103 555
104 227
104 420
104 480
104 425
104 430
104 202
104 36
104 83
104 126
104 155
104 182
104 236
104 291
104 321
104 351
104 454
104 479
104 513
104 558
104 574
104 591
105 343
105 513
105 468
105 135
105 9
105 341
105 466
105 473
105 380
105 7
105 30
105 103
105 272
105 399
105 427
105 310
105 274
106 592
106 221
106 528
106 590
106 119
106 152
106 199
106 264
106 294
106 364
106 459
106 498
106 499
106 315
107 10
107 319
107 249
107 498
107 13
107 89
107 296
107 556
107 572
107 468
107 3
107 11
107 17
107 76
107 293
107 410
107 480
108 67
108 542
108 315
108 285
108 226
108 413
108 431
108 277
108 23
108 516
108 295
108 49
108 74
108 101
108 186
108 189
108 557
108 262
108 596
108 39
109 306
109 527
109 367
109 84
109 8
109 366
109 424
109 210
109 168
109 244
109 7
109 122
109 327
109 391
109 544
109 546
109 570
109 591
110 89
110 331
110 37
110 193
110 316
110 123
110 391
110 308
110 173
110 384
110 64
110 125
110 162
110 309
110 390
110 513
110 555
111 238
111 431
111 70
111 178
111 284
111 541
111 71
111 85
111 86
111 100
111 291
111 335
111 344
111 380
111 528
112 220
112 346
112 377
112 425
112 300
112 228
112 311
112 420
112 559
112 223
112 74
112 299
112 268
112 273
112 53
112 87
112 235
112 419
112 596
112 549
113 150
113 56
113 197
113 415
113 579
113 441
113 583
114 181
114 93
114 515
114 151
114 305
114 165
114 174
114 199
114 293
114 314
114 349
114 368
114 376
114 492
114 590
114 493
115 191
115 98
115 10
115 203
115 208
115 228
115 275
115 321
115 359
115 466
115 504
115 93
116 286
116 220
116 142
116 267
116 281
116 255
116 556
116 297
116 362
116 34
116 214
116 249
116 332
116 369
116 459
116 507
116 79
116 569
117 587
117 408
117 191
117 443
117 144
117 377
117 476
117 382
117 350
117 29
117 388
117 25
117 330
117 396
117 409
118 297
118 470
118 547
118 244
118 43
118 170
118 60
118 35
118 552
118 487
118 2
118 422
118 48
118 64
118 166
118 281
118 342
118 484
118 523
118 527
118 546
118 93
119 232
119 261
119 537
119 545
119 7
119 149
119 440
119 106
119 130
119 539
119 44
119 390
119 380
119 47
119 98
119 220
119 248
119 273
119 353
119 371
119 413
119 525
119 242
119 202
119 210
120 487
120 437
120 304
120 503
120 216
120 263
120 240
120 271
120 321
120 367
120 448
120 353
121 342
121 91
121 243
121 450
121 165
121 143
121 294
121 465
121 559
121 584
121 13
121 497
121 239
121 564
121 389
121 480
121 99
121 193
121 218
121 247
121 303
121 451
121 455
121 470
121 411
122 178
122 597
122 45
122 101
122 412
122 503
122 596
122 249
122 132
122 538
122 564
122 527
122 109
122 589
122 267
122 364
122 243
122 294
122 154
122 43
122 2
122 26
122 50
122 54
122 94
122 190
122 245
122 279
122 291
122 340
122 368
122 464
122 559
122 46
122 278
123 343
123 234
123 527
123 401
123 54
123 330
123 493
123 499
123 193
123 587
123 81
123 321
123 513
123 221
123 543
123 85
123 99
123 110
123 158
123 403
123 460
123 503
124 35
124 4
124 432
124 58
124 354
124 334
124 598
124 485
124 84
124 48
124 64
124 169
124 399
125 403
125 337
125 248
125 54
125 586
125 473
125 468
125 110
125 237
125 166
125 5
125 40
125 102
125 195
125 369
125 460
125 471
125 503
126 551
126 25
126 568
126 14
126 128
126 104
126 531
126 139
126 169
126 284
126 325
126 462
126 487
126 513
126 153
127 363
127 503
127 27
127 568
127 91
127 264
127 67
127 295
127 178
127 348
127 228
127 148
127 445
127 212
127 586
127 357
127 230
127 76
127 362
127 29
127 101
127 417
127 482
127 491
127 42
127 448
127 422
128 60
128 367
128 530
128 514
128 376
128 533
128 26
128 484
128 169
128 419
128 236
128 32
128 52
128 78
128 126
128 199
128 205
128 213
128 263
128 295
128 453
128 574
128 598
129 300
129 478
129 302
129 417
129 142
129 289
129 322
129 313
129 239
129 22
129 39
129 249
129 456
129 467
129 513
129 517
129 543
129 347
129 315
130 438
130 85
130 415
130 150
130 344
130 196
130 94
130 401
130 5
130 156
130 47
130 119
130 245
130 532
130 216
131 269
131 254
131 593
131 231
131 19
131 590
131 380
131 150
131 185
131 331
131 394
131 478
131 517
131 542
131 48
132 141
132 315
132 331
132 534
132 240
132 155
132 29
132 122
132 333
132 352
132 410
132 509
132 597
133 557
133 278
133 58
133 68
133 186
133 96
133 489
133 11
133 93
133 298
133 299
133 308
133 324
133 383
133 388
133 407
133 506
133 514
133 530
133 19
134 326
134 144
134 279
134 501
134 549
134 487
134 530
134 149
134 220
134 289
134 333
134 481
135 293
135 348
135 76
135 523
135 351
135 174
135 469
135 380
135 187
135 322
135 509
135 534
135 492
135 48
135 72
135 85
135 105
135 149
135 247
135 312
135 394
135 408
135 461
135 515
135 555
136 80
136 293
136 243
136 295
136 330
136 429
136 450
136 460
136 487
136 519
137 182
137 474
137 433
137 54
137 59
137 217
137 17
137 359
137 139
137 66
137 88
137 99
137 199
137 371
137 457
137 332
138 299
138 372
138 85
138 577
138 100
138 566
138 270
138 311
138 344
138 441
138 456
138 507
138 516
138 588
138 46
139 396
139 520
139 567
139 392
139 262
139 92
139 126
139 506
139 179
139 17
139 67
139 72
139 274
139 304
139 306
139 495
139 559
139 570
139 573
139 595
139 137
140 499
140 229
140 370
140 193
140 163
140 71
140 245
140 356
140 164
140 63
140 67
140 242
140 261
140 363
140 372
140 384
140 450
140 480
140 481
140 498
140 586
141 4
141 96
141 156
141 237
141 381
141 9
141 24
141 32
141 51
141 54
141 132
141 193
141 313
141 348
141 60
141 267
141 415
142 6
142 209
142 428
142 9
142 420
142 116
142 129
142 148
142 244
142 247
142 255
142 572
143 316
143 244
143 86
143 389
143 441
143 17
143 553
143 35
143 70
143 390
143 42
143 121
143 169
143 274
143 337
143 372
143 434
143 531
143 569
143 591
143 393
143 447
143 486
143 532
143 285
143 392
143 50
144 228
144 27
144 190
144 334
144 522
144 499
144 54
144 74
144 117
144 134
144 159
144 306
144 400
144 413
144 504
144 563
144 582
144 403
144 541
145 585
145 492
145 168
145 220
145 493
145 436
145 247
145 213
145 189
145 481
145 94
145 62
145 77
145 152
145 200
145 250
145 301
145 408
145 434
145 396
146 64
146 559
146 169
146 40
146 155
146 20
146 22
146 82
146 98
146 226
146 367
146 409
146 435
146 591
147 295
147 579
147 242
147 413
147 11
147 323
147 156
147 249
147 268
147 270
147 309
147 342
147 343
147 455
147 458
147 470
147 578
147 190
148 423
148 142
148 189
148 20
148 483
148 248
148 223
148 321
148 80
148 94
148 127
148 316
148 524
148 525
148 569
148 69
149 135
149 580
149 161
149 428
149 47
149 288
149 214
149 134
149 357
149 229
149 576
149 85
149 119
149 219
149 220
149 235
149 265
149 281
149 282
149 298
149 336
149 364
149 380
149 397
149 444
149 471
149 415
149 290
150 569
150 156
150 191
150 131
150 562
150 163
150 519
150 289
150 471
150 16
150 113
150 130
150 187
150 410
150 467
150 504
150 511
150 537
150 577
151 344
151 99
151 330
151 554
151 332
151 328
151 20
151 585
151 462
151 114
151 183
151 185
151 197
151 219
151 255
151 307
151 465
152 106
152 405
152 362
152 505
152 145
152 102
152 353
152 337
152 5
152 66
152 266
152 338
152 381
152 488
152 281
152 166
153 251
153 363
153 69
153 276
153 46
153 485
153 319
153 555
153 62
153 545
153 209
153 534
153 126
153 359
153 43
153 181
153 343
153 425
153 471
153 516
153 321
154 526
154 53
154 421
154 31
154 527
154 189
154 206
154 578
154 475
154 37
154 305
154 522
154 52
154 22
154 34
154 249
154 275
154 280
154 327
154 336
154 444
154 453
154 471
154 122
155 172
155 411
155 353
155 405
155 212
155 197
155 507
155 190
155 104
155 180
155 59
155 132
155 256
155 319
155 421
155 586
155 177
155 146
156 328
156 85
156 212
156 401
156 398
156 147
156 460
156 589
156 19
156 33
156 141
156 150
156 276
156 287
156 321
156 434
156 546
156 51
156 130
157 94
157 245
157 230
157 403
157 79
157 84
157 9
157 196
157 211
157 317
157 508
157 573
157 398
158 278
158 63
158 509
158 574
158 289
158 600
158 372
158 123
158 538
158 16
158 64
158 186
158 230
158 259
158 279
158 285
158 346
158 347
158 394
158 470
158 529
158 549
158 552
158 564
158 488
159 414
159 26
159 253
159 103
159 285
159 323
159 367
159 479
159 144
159 209
159 51
159 90
159 102
159 218
159 325
159 346
159 398
159 554
159 589
159 592
160 408
160 440
160 499
160 242
160 430
160 26
160 365
160 470
160 500
160 501
160 94
161 566
161 429
161 496
161 179
161 281
161 185
161 562
161 77
161 177
161 481
161 149
161 178
161 207
161 228
161 350
161 426
161 432
161 486
161 497
161 79
162 590
162 110
162 206
162 384
162 508
162 231
162 277
162 520
162 491
162 232
162 368
162 458
162 10
162 413
162 547
162 559
163 400
163 430
163 233
163 446
163 527
163 317
163 469
163 377
163 320
163 100
163 419
163 6
163 28
163 140
163 150
163 214
163 295
163 355
163 413
163 505
163 547
163 5
164 193
164 325
164 480
164 299
164 90
164 469
164 21
164 64
164 140
164 178
164 243
164 245
164 413
164 418
164 454
164 457
164 492
164 565
164 568
165 215
165 114
165 444
165 59
165 121
165 504
166 286
166 12
166 537
166 284
166 118
166 193
166 152
166 279
166 391
166 125
166 206
166 304
166 430
166 447
166 493
166 543
167 362
167 498
167 439
167 64
167 182
167 279
167 385
167 410
167 455
167 510
167 551
167 562
168 261
168 65
168 594
168 44
168 12
168 71
168 109
168 145
168 212
168 271
168 543
168 549
168 586
169 216
169 22
169 124
169 26
169 581
169 143
169 126
169 249
169 47
169 63
169 128
169 146
169 513
169 526
169 543
169 290
169 239
170 575
170 199
170 220
170 408
170 531
170 5
170 562
170 380
170 12
170 31
170 44
170 52
170 89
170 118
170 209
170 334
170 390
170 393
170 416
170 449
170 525
170 536
170 60
171 260
171 383
171 55
171 13
171 250
171 89
171 218
171 225
171 341
171 431
171 448
171 449
172 186
172 3
172 477
172 481
172 5
172 209
172 496
172 501
172 460
172 64
172 67
172 155
172 261
172 369
172 380
172 448
173 410
173 440
173 509
173 208
173 474
173 207
173 110
173 210
173 211
173 298
173 321
173 412
173 392
174 555
174 272
174 114
174 403
174 463
174 40
174 306
174 189
174 433
174 337
174 376
174 135
174 217
174 252
174 351
174 385
174 467
174 526
174 597
174 410
175 372
175 36
175 15
175 283
175 19
175 30
175 258
175 262
175 290
175 295
175 421
175 429
175 449
175 452
176 307
176 303
176 474
176 313
176 220
176 475
176 441
176 324
176 218
176 360
176 230
176 89
176 187
176 277
176 461
176 517
176 568
176 519
177 518
177 155
177 48
177 93
177 161
177 283
177 287
177 320
177 564
177 47
177 206
178 396
178 164
178 161
178 205
178 327
178 43
178 111
178 122
178 127
178 182
178 317
178 328
178 368
178 371
178 380
178 418
178 477
178 187
178 85
179 357
179 189
179 426
179 458
179 202
179 397
179 530
179 97
179 335
179 199
179 49
179 84
179 139
179 161
179 258
179 264
179 386
179 413
179 437
179 459
179 495
179 592
180 256
180 573
180 532
180 527
180 388
180 317
180 189
180 360
180 409
180 31
180 326
180 331
180 594
180 155
181 558
181 503
181 385
181 102
181 224
181 153
181 532
181 114
181 226
181 434
181 564
181 509
182 571
182 356
182 221
182 397
182 225
182 56
182 255
182 104
182 99
182 178
182 538
182 51
182 488
182 268
182 229
182 582
182 535
182 7
182 23
182 69
182 137
182 167
182 251
182 299
182 347
182 405
182 428
182 491
182 78
182 459
182 547
183 599
183 151
183 30
183 207
183 389
184 51
184 199
184 208
184 261
184 294
184 328
184 434
184 456
184 504
184 514
185 199
185 151
185 131
185 384
185 88
185 29
185 39
185 161
185 218
185 224
185 326
185 365
185 400
185 455
185 579
185 565
186 434
186 503
186 210
186 351
186 298
186 108
186 259
186 36
186 158
186 325
186 16
186 356
186 309
186 382
186 311
186 133
186 172
186 223
186 268
186 273
186 397
186 404
186 538
186 590
186 354
187 282
187 529
187 192
187 412
187 526
187 176
187 285
187 150
187 422
187 479
187 219
187 178
187 93
187 135
187 226
187 302
187 458
187 510
188 329
188 382
188 334
188 425
188 497
188 50
188 61
188 266
188 296
188 349
188 405
188 456
188 547
188 22
189 351
189 275
189 108
189 465
189 59
189 378
189 388
189 51
189 145
189 148
189 154
189 174
189 179
189 180
189 257
189 286
189 502
189 557
190 237
190 266
190 345
190 489
190 568
190 507
190 122
190 424
190 522
190 270
190 98
190 225
190 147
190 91
190 144
190 155
190 384
190 540
190 545
190 556
190 574
190 595
191 344
191 82
191 334
191 23
191 115
191 117
191 150
191 228
191 357
191 380
191 459
191 505
191 590
191 362
191 470
192 481
192 335
192 271
192 500
192 382
192 205
192 36
192 218
192 60
192 95
192 187
192 346
192 442
192 453
192 521
193 448
193 503
193 453
193 338
193 69
193 566
193 595
193 121
193 141
193 357
193 307
193 528
193 65
193 96
193 110
193 123
193 140
193 164
193 194
193 273
193 313
193 384
193 411
193 494
193 552
193 166
194 408
194 193
194 19
194 559
194 70
194 239
194 252
194 316
194 386
194 549
195 273
195 412
195 125
195 262
195 1
195 25
195 55
195 77
195 225
195 351
195 382
195 527
195 560
195 568
195 576
196 401
196 443
196 157
196 54
196 302
196 260
196 78
196 89
196 130
196 205
196 478
196 531
197 151
197 546
197 414
197 584
197 113
197 543
197 411
197 416
197 426
197 479
197 493
197 24
197 155
197 312
197 347
197 502
197 26
198 525
198 61
198 279
198 299
198 333
198 357
198 575
198 216
199 106
199 19
199 137
199 221
199 430
199 128
199 374
199 316
199 461
199 21
199 258
199 84
199 373
199 114
199 396
199 184
199 545
199 170
199 179
199 185
199 214
199 321
199 464
199 60
199 91
199 82
200 7
200 518
200 232
200 348
200 391
200 453
200 101
200 577
200 375
200 532
200 334
200 145
200 72
200 41
200 2
200 22
200 73
200 81
200 93
200 208
200 306
200 389
200 456
200 517
201 421
201 414
201 417
201 392
201 472
201 343
201 435
201 413
201 419
201 590
201 454
201 349
201 285
201 5
201 271
201 301
201 333
201 390
201 444
201 575
201 584
202 516
202 465
202 489
202 542
202 549
202 278
202 119
202 37
202 93
202 179
202 289
202 356
202 358
202 586
202 592
202 104
202 322
203 563
203 243
203 507
203 23
203 54
203 115
203 268
203 550
203 495
203 10
203 484
203 497
204 475
204 77
204 428
204 412
204 552
204 85
204 300
204 331
204 370
204 568
205 224
205 257
205 23
205 196
205 575
205 128
205 381
205 364
205 347
205 47
205 51
205 178
205 192
205 251
205 358
205 411
205 419
205 456
205 544
205 549
205 81
206 496
206 253
206 166
206 559
206 177
206 35
206 90
206 154
206 162
206 279
206 400
206 483
206 520
206 534
206 515
207 354
207 537
207 183
207 23
207 161
207 536
207 229
207 300
207 87
207 306
207 314
207 336
207 425
207 501
207 173
207 268
207 60
208 115
208 488
208 184
208 69
208 423
208 449
208 339
208 469
208 288
208 200
208 345
208 510
208 236
208 365
208 13
208 173
208 235
208 289
208 410
208 553
209 530
209 439
209 572
209 261
209 16
209 170
209 250
209 63
209 98
209 487
209 9
209 50
209 85
209 96
209 142
209 153
209 159
209 172
209 402
209 435
209 496
209 592
209 357
209 318
210 264
210 19
210 585
210 535
210 247
210 385
210 14
210 78
210 416
210 227
210 360
210 173
210 119
210 7
210 109
210 186
211 405
211 388
211 411
211 288
211 173
211 157
211 14
211 41
211 440
211 510
211 553
212 581
212 100
212 12
212 274
212 516
212 6
212 168
212 236
212 335
212 47
212 322
212 127
212 155
212 156
212 370
212 378
212 384
212 503
212 545
213 519
213 1
213 510
213 281
213 268
213 313
213 128
213 411
213 145
213 339
213 437
213 475
213 563
213 34
214 353
214 573
214 199
214 410
214 382
214 116
214 163
214 540
214 336
214 478
214 19
214 38
214 96
214 149
214 397
214 468
214 585
214 267
215 560
215 236
215 98
215 242
215 42
215 9
215 85
215 94
215 97
215 165
215 284
215 389
215 488
216 275
216 393
216 329
216 523
216 198
216 130
216 595
216 356
216 13
216 120
216 169
216 430
216 439
216 560
216 594
217 174
217 248
217 518
217 68
217 78
217 137
217 255
217 451
217 476
217 570
217 541
218 121
218 245
218 171
218 505
218 366
218 185
218 232
218 7
218 159
218 431
218 420
218 571
218 387
218 471
218 318
218 59
218 73
218 176
218 192
218 223
218 239
218 322
218 341
218 365
218 467
218 543
218 589
219 149
219 531
219 46
219 510
219 363
219 22
219 571
219 473
219 583
219 54
219 497
219 151
219 372
219 96
219 279
219 56
219 187
219 334
219 402
219 451
219 522
219 528
220 134
220 588
220 367
220 58
220 119
220 321
220 442
220 149
220 28
220 112
220 116
220 145
220 170
220 176
220 271
220 402
220 432
220 528
220 555
220 561
220 597
221 308
221 380
221 587
221 98
221 572
221 106
221 123
221 182
221 199
221 252
221 564
221 592
222 39
222 547
222 380
222 548
222 579
222 264
222 303
222 52
222 283
222 287
222 248
222 253
222 330
223 236
223 409
223 186
223 338
223 515
223 81
223 98
223 449
223 528
223 477
223 218
223 561
223 349
223 416
223 21
223 112
223 148
223 228
223 240
223 287
223 382
223 434
223 467
223 488
224 496
224 568
224 185
224 263
224 408
224 264
224 61
224 181
224 205
224 238
224 258
224 272
224 284
224 314
224 448
224 457
224 500
225 195
225 445
225 49
225 519
225 568
225 171
225 13
225 81
225 48
225 422
225 274
225 182
225 190
225 302
225 320
225 325
225 428
225 546
225 31
226 181
226 543
226 484
226 187
226 18
226 146
226 474
226 36
226 108
226 314
226 369
226 394
226 399
226 410
226 559
227 353
227 519
227 467
227 406
227 375
227 460
227 582
227 1
227 60
227 104
227 210
227 282
227 302
227 500
227 504
227 529
228 8
228 87
228 62
228 223
228 115
228 530
228 487
228 191
228 161
228 112
228 127
228 144
228 371
228 440
228 447
228 495
228 463
229 66
229 397
229 294
229 412
229 597
229 330
229 362
229 84
229 81
229 140
229 149
229 182
229 207
229 377
229 469
229 550
229 581
229 28
230 158
230 266
230 456
230 329
230 250
230 127
230 157
230 280
230 363
230 392
230 443
230 557
230 305
230 176
231 310
231 386
231 281
231 20
231 21
231 131
231 162
231 367
231 519
232 491
232 336
232 30
232 52
232 7
232 281
232 36
232 102
232 119
232 162
232 200
232 218
232 284
232 387
232 409
232 477
232 512
232 525
232 591
233 56
233 42
233 369
233 260
233 589
233 163
233 264
233 372
233 421
233 543
234 340
234 46
234 66
234 123
234 382
235 49
235 149
235 208
235 256
235 583
235 112
235 282
235 487
236 104
236 463
236 86
236 290
236 18
236 518
236 212
236 215
236 223
236 276
236 335
236 339
236 428
236 499
236 522
236 594
236 548
236 208
236 128
237 481
237 337
237 101
237 521
237 76
237 8
237 1
237 125
237 141
237 190
237 287
237 506
237 511
237 552
238 364
238 375
238 224
238 88
238 100
238 111
238 318
238 479
238 579
239 98
239 194
239 218
239 289
239 59
239 332
239 169
239 121
239 291
239 300
239 305
239 330
239 388
239 397
239 430
239 498
239 544
239 574
239 129
239 482
240 296
240 559
240 120
240 433
240 534
240 330
240 77
240 434
240 27
240 75
240 59
240 223
240 132
240 367
240 460
240 439
241 397
241 414
241 103
241 448
241 368
241 378
241 255
241 17
241 33
241 269
241 428
241 456
241 558
241 568
242 297
242 589
242 33
242 296
242 52
242 140
242 546
242 119
242 91
242 147
242 160
242 215
242 266
242 290
242 370
242 492
242 570
242 481
242 590
243 164
243 33
243 34
243 102
243 121
243 122
243 136
243 203
243 326
243 333
243 365
243 400
243 405
243 483
243 539
243 86
244 68
244 397
244 312
244 404
244 142
244 360
244 67
244 77
244 432
244 377
244 96
244 109
244 118
244 143
244 290
244 345
244 487
244 581
245 505
245 447
245 130
245 574
245 164
245 122
245 140
245 157
245 218
245 253
245 256
245 279
245 300
245 304
245 372
245 391
245 448
245 492
245 510
246 322
246 390
246 79
246 411
246 415
246 432
246 457
246 512
246 480
247 559
247 142
247 495
247 135
247 121
247 484
247 569
247 64
247 565
247 308
247 518
247 489
247 348
247 356
247 53
247 145
247 210
247 274
247 336
247 416
247 419
247 462
247 500
247 542
248 592
248 453
248 6
248 539
248 222
248 119
248 12
248 13
248 59
248 125
248 148
248 217
248 308
248 427
248 585
249 430
249 147
249 129
249 322
249 116
249 154
249 7
249 36
249 107
249 122
249 311
249 361
249 375
249 378
249 433
249 473
249 520
249 582
249 169
250 443
250 145
250 464
250 27
250 209
250 413
250 460
250 465
250 549
250 230
250 171
251 353
251 502
251 205
251 46
251 416
251 7
251 370
251 182
251 319
251 508
251 593
251 262
251 77
251 259
251 94
251 153
251 277
251 278
251 366
251 394
251 501
251 517
251 521
252 327
252 458
252 322
252 350
252 221
252 35
252 448
252 174
252 194
252 478
252 11
252 57
252 400
252 402
252 415
252 476
252 570
253 75
253 245
253 38
253 222
253 525
253 380
253 56
253 159
253 206
253 299
253 320
253 364
253 425
253 484
253 572
254 339
254 17
254 131
254 337
254 387
255 151
255 457
255 561
255 99
255 217
255 142
255 320
255 382
255 81
255 116
255 182
255 241
255 259
255 272
255 278
255 332
255 369
255 445
255 498
255 547
255 568
255 62
256 155
256 39
256 302
256 245
256 399
256 317
256 294
256 558
256 526
256 596
256 75
256 78
256 180
256 235
256 346
256 361
256 417
256 440
256 501
256 538
256 592
256 299
256 7
257 504
257 310
257 95
257 189
257 481
257 423
257 71
257 450
257 303
257 558
257 12
257 15
257 205
257 278
257 315
257 327
257 331
257 381
257 455
257 493
257 529
257 561
257 566
257 578
258 552
258 401
258 175
258 224
258 179
258 199
258 284
258 297
258 355
258 464
258 287
258 69
259 255
259 158
259 288
259 589
259 45
259 35
259 47
259 186
259 251
259 269
259 389
259 496
259 521
259 46
260 467
260 298
260 394
260 19
260 171
260 196
260 233
260 347
260 365
260 418
260 455
260 456
260 487
260 516
260 562
260 572
261 297
261 184
261 140
261 461
261 294
261 328
261 172
261 570
261 12
261 62
261 93
261 119
261 168
261 209
261 486
262 415
262 382
262 500
262 468
262 29
262 175
262 274
262 407
262 422
262 465
262 535
262 13
262 14
262 108
262 11
262 139
262 195
262 251
262 344
262 375
262 430
262 492
262 499
262 539
262 542
262 546
263 411
263 339
263 128
263 432
263 120
263 224
263 334
263 357
263 554
263 571
263 307
263 398
264 580
264 179
264 233
264 54
264 274
264 364
264 353
264 549
264 440
264 517
264 106
264 300
264 92
264 538
264 11
264 127
264 210
264 222
264 224
264 309
264 340
265 101
265 149
265 449
265 23
265 322
265 530
265 39
265 96
265 415
265 577
265 563
266 242
266 20
266 152
266 188
266 366
266 591
266 398
266 35
266 483
266 365
266 36
266 72
266 190
266 230
266 268
266 313
266 424
267 408
267 370
267 507
267 492
267 214
267 598
267 141
267 53
267 67
267 116
267 122
267 380
267 388
268 55
268 147
268 266
268 186
268 552
268 13
268 71
268 481
268 207
268 378
268 501
268 51
268 99
268 112
268 182
268 203
268 213
268 342
268 358
268 393
269 559
269 453
269 492
269 259
269 587
269 461
269 241
269 500
269 23
269 523
269 566
269 21
269 91
269 131
269 450
269 457
270 23
270 78
270 147
270 370
270 296
270 138
270 374
270 327
270 28
270 190
270 318
270 378
270 484
271 168
271 401
271 345
271 220
271 120
271 346
271 201
271 103
271 569
271 30
271 74
271 192
271 363
271 370
271 518
271 538
271 34
272 255
272 514
272 404
272 105
272 224
272 554
272 549
272 31
272 89
272 174
272 546
272 559
272 28
273 186
273 328
273 324
273 298
273 548
273 193
273 119
273 469
273 427
273 523
273 24
273 70
273 91
273 112
273 195
273 319
273 516
273 545
274 304
274 437
274 584
274 139
274 143
274 73
274 347
274 247
274 105
274 90
274 212
274 262
274 264
274 402
274 423
274 93
274 225
275 115
275 98
275 314
275 154
275 303
275 573
275 86
275 189
275 216
275 322
275 333
275 462
275 503
275 509
275 530
275 464
276 64
276 417
276 565
276 236
276 39
276 3
276 428
276 362
276 290
276 156
276 43
276 153
276 299
276 384
276 469
276 479
276 1
277 568
277 176
277 489
277 251
277 585
277 20
277 108
277 162
277 299
277 447
278 423
278 251
278 257
278 27
278 55
278 335
278 431
278 255
278 556
278 324
278 64
278 122
278 41
278 54
278 133
278 158
278 202
278 348
278 364
278 402
278 443
278 520
278 521
278 534
278 550
278 587
279 477
279 350
279 389
279 158
279 122
279 245
279 167
279 19
279 206
279 198
279 462
279 102
279 134
279 292
279 406
279 412
279 479
279 527
279 553
279 564
279 219
279 400
279 166
280 406
280 573
280 154
280 6
280 230
280 74
280 349
280 400
280 16
280 56
280 63
280 458
280 374
281 363
281 149
281 493
281 118
281 59
281 86
281 412
281 306
281 58
281 152
281 515
281 9
281 102
281 116
281 161
281 213
281 300
281 391
281 526
281 535
281 564
281 232
281 231
282 544
282 432
282 463
282 28
282 227
282 235
282 149
282 7
282 29
282 187
282 371
282 486
282 533
282 555
282 67
282 431
282 512
283 511
283 514
283 58
283 177
283 452
283 290
283 175
283 222
283 324
283 377
283 418
283 457
283 477
283 543
283 589
284 26
284 336
284 258
284 224
284 215
284 232
284 126
284 469
284 9
284 73
284 111
284 166
284 366
284 498
284 518
284 527
284 552
284 490
285 511
285 411
285 373
285 319
285 594
285 561
285 292
285 564
285 158
285 143
285 108
285 159
285 187
285 201
285 405
285 482
285 576
285 34
286 409
286 342
286 430
286 452
286 189
286 68
286 81
286 116
286 166
286 425
286 444
287 548
287 177
287 237
287 223
287 348
287 466
287 553
287 156
287 310
287 465
287 535
287 307
287 16
287 258
287 34
287 330
287 388
287 419
287 489
287 532
287 222
287 357
287 376
288 25
288 361
288 417
288 333
288 89
288 59
288 63
288 149
288 208
288 211
288 259
288 350
288 408
288 419
288 458
288 486
288 520
289 208
289 452
289 202
289 293
289 134
289 498
289 94
289 129
289 150
289 158
289 239
289 304
289 312
289 318
289 331
289 350
289 358
289 392
289 495
289 585
289 561
290 318
290 303
290 244
290 515
290 428
290 175
290 449
290 547
290 242
290 584
290 149
290 169
290 236
290 276
290 283
290 315
290 321
290 456
290 458
290 483
290 507
290 577
291 302
291 447
291 441
291 448
291 460
291 239
291 90
291 425
291 338
291 531
291 122
291 68
291 111
291 104
291 51
291 81
291 402
291 477
291 507
292 600
292 320
292 565
292 579
292 9
292 279
292 561
292 517
292 424
292 389
292 452
292 478
292 66
292 285
292 448
292 592
293 379
293 529
293 403
293 114
293 36
293 496
293 107
293 530
293 297
293 545
293 135
293 136
293 289
293 305
293 363
294 445
294 106
294 546
294 3
294 184
294 30
294 121
294 229
294 256
294 261
294 341
294 437
294 471
294 481
294 563
294 122
294 71
294 482
295 414
295 353
295 527
295 19
295 518
295 298
295 439
295 163
295 175
295 128
295 136
295 16
295 64
295 70
295 71
295 127
295 147
295 316
295 108
296 188
296 411
296 367
296 6
296 42
296 107
296 240
296 242
296 270
296 428
297 336
297 258
297 78
297 86
297 116
297 118
297 242
297 261
297 400
297 439
297 564
297 293
298 474
298 149
298 323
298 133
298 353
298 429
298 173
298 448
298 39
298 513
298 52
298 53
298 186
298 260
298 273
298 295
298 433
299 253
299 277
299 66
299 305
299 182
299 198
299 572
299 133
299 276
299 45
299 256
299 75
299 112
299 138
299 164
299 343
299 405
299 579
299 587
299 432
300 503
300 375
300 281
300 245
300 74
300 449
300 462
300 239
300 30
300 204
300 67
300 93
300 112
300 129
300 481
300 517
300 562
300 264
300 533
300 207
301 145
301 469
301 46
301 389
301 473
301 587
301 303
301 331
301 201
301 61
301 68
301 441
301 541
301 588
301 336
302 18
302 413
302 225
302 227
302 52
302 187
302 441
302 563
302 453
302 57
302 129
302 196
302 256
302 291
302 362
302 392
302 399
302 483
302 546
303 121
303 9
303 3
303 176
303 222
303 275
303 290
303 301
303 334
303 370
303 515
303 528
303 574
303 60
303 329
303 257
303 596
304 360
304 289
304 245
304 139
304 380
304 166
304 70
304 42
304 77
304 120
304 274
304 439
304 457
304 547
304 572
305 379
305 393
305 404
305 293
305 530
305 53
305 411
305 375
305 35
305 239
305 230
305 76
305 114
305 154
305 299
305 517
305 535
305 543
305 596
306 139
306 200
306 64
306 314
306 353
306 506
306 207
306 404
306 65
306 10
306 432
306 144
306 564
306 433
306 471
306 30
306 55
306 109
306 174
306 281
306 529
306 596
306 595
307 96
307 151
307 367
307 54
307 502
307 263
307 543
307 176
307 287
307 413
307 193
308 248
308 503
308 582
308 133
308 110
308 221
308 247
308 324
308 453
309 26
309 326
309 390
309 313
309 345
309 147
309 66
309 331
309 527
309 38
309 264
309 80
309 412
309 365
309 110
309 24
309 68
309 70
309 186
309 411
309 560
310 338
310 565
310 511
310 579
310 530
310 105
310 68
310 93
310 593
310 75
310 505
310 30
310 231
310 257
310 287
310 536
311 138
311 249
311 492
311 6
311 51
311 112
311 186
311 339
311 348
311 430
311 510
312 358
312 581
312 135
312 363
312 289
312 24
312 361
312 197
312 244
312 339
312 523
312 534
312 551
312 575
312 449
312 43
313 68
313 141
313 495
313 193
313 525
313 547
313 266
313 96
313 129
313 176
313 213
313 309
313 331
314 539
314 443
314 207
314 586
314 224
314 114
314 577
314 226
314 479
314 337
314 403
314 364
314 2
314 93
314 275
314 306
314 382
314 478
314 530
314 563
314 483
315 257
315 290
315 549
315 54
315 358
315 88
315 340
315 557
315 129
315 106
315 85
315 90
315 108
315 132
315 325
315 493
315 558
315 19
316 40
316 390
316 194
316 148
316 295
316 523
316 92
316 110
316 143
316 199
316 378
316 408
316 433
316 435
316 481
316 503
316 558
317 178
317 67
317 596
317 587
317 408
317 371
317 470
317 157
317 163
317 180
317 256
318 541
318 335
318 238
318 270
318 289
318 63
318 582
318 370
318 209
318 510
318 22
318 101
318 290
318 341
318 357
318 411
318 443
318 498
318 591
318 218
318 544
319 451
319 38
319 338
319 155
319 273
319 342
319 53
319 95
319 107
319 153
319 251
319 285
319 378
319 383
319 454
319 511
319 515
319 535
319 542
319 600
319 367
320 253
320 413
320 225
320 23
320 428
320 405
320 578
320 177
320 37
320 64
320 81
320 101
320 163
320 255
320 292
320 348
320 442
320 561
321 506
321 173
321 375
321 290
321 529
321 104
321 588
321 156
321 418
321 22
321 587
321 39
321 115
321 36
321 120
321 199
321 153
321 552
321 123
321 220
321 362
321 498
321 514
321 558
321 148
322 275
322 526
322 565
322 218
322 583
322 374
322 96
322 325
322 1
322 431
322 202
322 9
322 15
322 22
322 41
322 129
322 135
322 212
322 246
322 249
322 252
322 324
322 439
322 468
322 499
322 536
322 571
322 265
323 49
323 19
323 405
323 391
323 590
323 503
323 50
323 159
323 298
323 387
323 518
323 529
323 566
323 147
324 322
324 587
324 533
324 78
324 542
324 283
324 338
324 469
324 308
324 133
324 91
324 522
324 48
324 509
324 51
324 70
324 85
324 176
324 273
324 278
324 330
324 421
324 579
324 585
325 315
325 159
325 490
325 225
325 569
325 407
325 530
325 126
325 506
325 81
325 164
325 186
325 322
325 330
325 343
325 377
325 37
326 51
326 574
326 185
326 243
326 180
326 441
326 134
326 309
326 328
326 439
326 442
326 457
326 481
327 457
327 375
327 484
327 109
327 257
327 154
327 346
327 467
327 27
327 94
327 252
327 337
327 377
327 473
327 270
327 178
328 398
328 592
328 184
328 326
328 489
328 35
328 594
328 543
328 178
328 534
328 493
328 17
328 30
328 46
328 87
328 94
328 151
328 156
328 261
328 273
328 342
329 303
329 512
329 40
329 41
329 69
329 188
329 216
329 230
329 435
329 467
329 556
329 594
329 72
330 287
330 373
330 507
330 222
330 324
330 117
330 469
330 325
330 239
330 26
330 136
330 123
330 151
330 229
330 240
330 426
330 537
331 180
331 313
331 71
331 76
331 431
331 257
331 407
331 131
331 289
331 204
331 50
331 110
331 132
331 301
331 309
331 343
331 367
331 374
332 552
332 464
332 255
332 46
332 379
332 116
332 339
332 513
332 84
332 137
332 53
332 89
332 95
332 151
332 407
332 411
332 508
332 591
332 239
332 490
333 134
333 504
333 243
333 198
333 89
333 201
333 20
333 65
333 132
333 275
333 288
333 455
333 548
333 34
334 303
334 592
334 263
334 219
334 45
334 170
334 376
334 582
334 12
334 24
334 41
334 102
334 124
334 144
334 188
334 191
334 200
335 236
335 436
335 373
335 111
335 397
335 179
335 192
335 212
335 278
335 318
335 365
335 555
335 348
335 15
336 247
336 418
336 25
336 54
336 410
336 149
336 207
336 10
336 40
336 154
336 362
336 385
336 585
336 301
336 30
336 42
336 100
336 214
336 232
336 284
336 297
336 367
336 434
336 500
336 525
336 426
337 355
337 327
337 143
337 6
337 254
337 86
337 125
337 174
337 237
337 314
337 532
337 347
337 152
338 152
338 448
338 26
338 193
338 223
338 291
338 310
338 319
338 324
338 385
338 456
338 596
338 498
339 312
339 213
339 549
339 375
339 420
339 498
339 596
339 542
339 311
339 236
339 400
339 46
339 208
339 254
339 263
339 332
339 394
340 264
340 456
340 88
340 122
340 457
340 73
340 78
340 81
340 415
340 421
340 234
340 315
341 437
341 507
341 549
341 21
341 30
341 16
341 349
341 534
341 477
341 578
341 171
341 218
341 9
341 318
341 294
341 583
341 586
341 489
341 12
341 18
341 75
341 105
341 385
341 29
341 480
342 17
342 521
342 147
342 455
342 546
342 470
342 343
342 355
342 268
342 443
342 328
342 5
342 118
342 51
342 121
342 286
342 319
342 516
342 561
342 571
343 147
343 325
343 331
343 299
343 535
343 53
343 153
343 25
343 49
343 441
343 6
343 72
343 76
343 98
343 105
343 123
343 201
343 342
343 479
343 548
343 583
344 456
344 444
344 262
344 480
344 111
344 138
344 3
344 26
344 62
344 96
344 130
344 151
344 191
344 418
344 513
344 562
345 244
345 526
345 598
345 485
345 190
345 208
345 271
345 309
345 377
345 425
346 159
346 192
346 256
346 158
346 4
346 60
346 112
346 271
346 327
346 392
346 441
347 182
347 260
347 158
347 588
347 504
347 420
347 418
347 363
347 80
347 197
347 54
347 563
347 337
347 129
347 78
347 205
347 274
347 411
347 413
347 528
348 141
348 311
348 551
348 558
348 278
348 490
348 320
348 550
348 335
348 76
348 18
348 127
348 135
348 200
348 247
348 287
348 358
348 439
348 484
348 497
348 524
348 527
348 541
349 496
349 99
349 103
349 510
349 589
349 487
349 493
349 188
349 402
349 382
349 114
349 572
349 98
349 26
349 201
349 223
349 280
349 341
349 359
349 370
349 423
349 547
350 535
350 289
350 28
350 472
350 358
350 288
350 75
350 161
350 252
350 279
350 378
350 475
350 117
351 104
351 26
351 195
351 49
351 174
351 600
351 360
351 64
351 19
351 28
351 46
351 75
351 135
351 186
351 189
351 483
351 548
352 52
352 455
352 551
352 457
352 16
352 375
352 475
352 132
352 444
352 495
353 96
353 119
353 69
353 492
353 120
353 25
353 66
353 155
353 214
353 227
353 251
353 264
353 295
353 298
353 306
353 456
353 152
354 472
354 511
354 99
354 459
354 585
354 186
354 48
354 84
354 124
354 207
354 439
354 584
355 102
355 258
355 485
355 163
355 396
355 380
355 592
355 89
355 92
355 337
355 342
355 364
355 368
355 505
356 460
356 445
356 101
356 202
356 389
356 85
356 61
356 70
356 140
356 182
356 186
356 473
356 513
356 568
356 247
356 384
356 216
357 505
357 529
357 598
357 191
357 473
357 263
357 198
357 542
357 318
357 84
357 287
357 209
357 44
357 127
357 149
357 179
357 515
357 563
357 193
357 82
358 268
358 289
358 205
358 348
358 475
358 202
358 57
358 35
358 29
358 37
358 312
358 350
358 418
358 315
358 514
358 599
359 349
359 115
359 585
359 371
359 100
359 393
359 21
359 50
359 137
359 370
359 439
359 384
359 153
360 526
360 103
360 95
360 97
360 176
360 180
360 210
360 244
360 304
360 351
360 441
361 256
361 491
361 446
361 388
361 249
361 449
361 100
361 288
361 312
361 401
361 452
361 507
361 544
362 321
362 477
362 302
362 69
362 555
362 191
362 72
362 152
362 167
362 229
362 276
362 336
362 433
362 467
362 535
362 116
362 127
362 46
363 293
363 140
363 459
363 23
363 409
363 488
363 397
363 482
363 230
363 89
363 6
363 271
363 532
363 67
363 127
363 153
363 219
363 281
363 312
363 347
363 464
363 465
363 467
363 472
363 15
364 278
364 50
364 77
364 355
364 427
364 106
364 253
364 149
364 29
364 74
364 122
364 205
364 238
364 264
364 314
364 401
364 411
364 412
364 535
364 376
365 61
365 392
365 483
365 472
365 243
365 160
365 218
365 533
365 335
365 260
365 102
365 558
365 185
365 87
365 64
365 309
365 368
365 370
365 434
365 498
365 502
365 504
365 208
365 266
366 519
366 284
366 99
366 251
366 561
366 53
366 94
366 109
366 218
366 266
366 367
366 406
366 513
366 531
366 551
367 120
367 336
367 231
367 393
367 366
367 77
367 331
367 453
367 240
367 146
367 319
367 51
367 87
367 109
367 128
367 159
367 220
367 296
367 307
367 526
367 543
367 560
368 398
368 365
368 178
368 122
368 380
368 355
368 114
368 549
368 41
368 162
368 241
368 382
368 455
368 463
368 488
368 91
369 402
369 116
369 51
369 125
369 400
369 226
369 172
369 255
369 72
369 5
369 28
369 233
369 391
369 475
369 547
370 51
370 432
370 359
370 349
370 204
370 271
370 242
370 303
370 556
370 212
370 411
370 499
370 463
370 365
370 29
370 140
370 251
370 267
370 270
370 467
370 318
371 178
371 119
371 80
371 137
371 228
371 282
371 64
371 317
371 359
371 385
371 405
371 442
371 427
372 45
372 511
372 588
372 143
372 233
372 140
372 21
372 15
372 245
372 410
372 97
372 138
372 158
372 175
372 219
372 377
372 464
372 507
372 552
372 486
373 380
373 38
373 199
373 285
373 330
373 335
373 423
373 425
373 455
373 564
373 424
374 523
374 71
374 39
374 463
374 331
374 379
374 458
374 85
374 280
374 493
374 68
374 199
374 322
374 386
374 398
374 440
374 517
374 528
374 270
374 93
375 262
375 528
375 540
375 249
375 559
375 11
375 200
375 227
375 238
375 300
375 305
375 321
375 327
375 339
375 352
375 414
375 421
375 455
376 536
376 563
376 519
376 584
376 13
376 90
376 114
376 287
376 364
376 78
376 128
376 334
376 556
376 174
377 327
377 542
377 426
377 229
377 73
377 283
377 372
377 345
377 431
377 559
377 325
377 408
377 584
377 22
377 42
377 71
377 101
377 112
377 117
377 163
377 413
377 418
377 244
377 16
378 319
378 423
378 70
378 350
378 249
378 316
378 413
378 212
378 270
378 189
378 241
378 268
378 11
379 561
379 87
379 86
379 546
379 461
379 19
379 24
379 55
379 293
379 305
379 332
379 374
379 398
379 13
380 436
380 267
380 178
380 191
380 533
380 172
380 111
380 149
380 58
380 135
380 170
380 221
380 222
380 253
380 304
380 355
380 368
380 373
380 435
380 456
380 471
380 534
380 105
380 119
380 46
380 131
381 257
381 526
381 152
381 17
381 428
381 141
381 205
381 417
381 562
381 594
382 560
382 234
382 499
382 482
382 554
382 368
382 195
382 39
382 387
382 314
382 398
382 223
382 56
382 117
382 186
382 188
382 192
382 214
382 262
382 349
382 430
382 568
382 255
383 133
383 464
383 319
383 483
383 24
383 32
383 171
383 484
383 503
384 470
384 140
384 276
384 445
384 190
384 522
384 103
384 193
384 212
384 359
384 356
384 76
384 110
384 162
384 185
384 391
384 447
384 561
384 569
384 600
384 518
384 58
385 341
385 577
385 167
385 174
385 338
385 371
385 46
385 181
385 210
385 512
385 596
385 336
386 31
386 179
386 95
386 593
386 429
386 422
386 374
386 194
386 528
386 231
386 431
386 437
386 450
386 472
386 484
386 512
386 515
386 599
387 254
387 20
387 323
387 537
387 232
387 40
387 74
387 78
387 218
387 382
387 491
387 508
388 518
388 56
388 485
388 239
388 267
388 133
388 27
388 287
388 423
388 484
388 67
388 180
388 211
388 361
388 424
388 465
388 476
388 487
388 535
388 557
388 575
388 189
388 117
388 459
389 215
389 44
389 259
389 200
389 183
389 53
389 143
389 279
389 292
389 301
389 356
389 428
389 567
389 121
390 472
390 35
390 465
390 440
390 170
390 110
390 492
390 559
390 201
390 43
390 18
390 119
390 309
390 316
390 517
390 547
390 143
390 501
390 246
391 369
391 245
391 4
391 38
391 12
391 109
391 502
391 384
391 281
391 42
391 99
391 110
391 200
391 323
391 456
391 486
391 549
391 573
391 524
391 166
392 95
392 430
392 230
392 289
392 346
392 302
392 481
392 173
392 143
392 53
392 139
392 201
392 365
392 414
392 425
392 451
392 459
392 519
392 566
392 574
393 268
393 587
393 170
393 469
393 416
393 24
393 143
393 216
393 305
393 367
393 402
393 448
393 518
393 548
393 359
393 44
394 135
394 158
394 251
394 131
394 413
394 486
394 226
394 507
394 17
394 542
394 90
394 339
394 85
394 401
394 79
394 433
394 518
394 260
394 452
395 588
395 458
395 461
395 462
395 572
395 575
396 546
396 117
396 36
396 438
396 45
396 145
396 64
396 90
396 139
396 178
396 199
396 355
396 442
396 427
397 579
397 214
397 149
397 465
397 549
397 186
397 239
397 81
397 594
397 478
397 67
397 179
397 182
397 229
397 241
397 244
397 363
397 525
397 568
397 22
397 335
397 47
398 557
398 374
398 159
398 78
398 379
398 157
398 263
398 24
398 33
398 156
398 266
398 328
398 368
398 382
398 407
398 467
398 548
399 105
399 566
399 87
399 302
399 124
399 468
399 421
399 226
399 18
399 67
399 103
399 256
399 418
399 445
400 144
400 297
400 185
400 206
400 23
400 252
400 243
400 531
400 279
400 576
400 60
400 98
400 163
400 369
400 527
400 339
400 43
400 280
401 361
401 364
401 413
401 38
401 123
401 130
401 156
401 196
401 258
401 271
401 457
401 451
401 394
402 274
402 291
402 538
402 219
402 393
402 529
402 484
402 252
402 209
402 220
402 278
402 504
402 37
402 349
402 369
403 102
403 449
403 96
403 526
403 437
403 71
403 562
403 123
403 144
403 125
403 157
403 174
403 293
403 314
403 585
403 565
404 532
404 546
404 438
404 569
404 557
404 504
404 186
404 31
404 38
404 79
404 88
404 244
404 272
404 305
404 306
404 482
405 31
405 371
405 285
405 182
405 243
405 478
405 526
405 188
405 299
405 30
405 578
405 92
405 152
405 155
405 211
405 320
405 323
405 426
405 429
405 524
405 535
406 65
406 366
406 585
406 279
406 489
406 85
406 412
406 410
406 41
406 47
406 97
406 227
406 280
406 481
407 398
407 133
407 332
407 429
407 559
407 40
407 50
407 262
407 325
407 331
407 487
407 552
407 586
407 589
408 420
408 135
408 496
408 576
408 145
408 288
408 316
408 492
408 25
408 35
408 117
408 160
408 170
408 194
408 224
408 267
408 317
408 377
408 423
408 563
408 579
408 587
408 46
409 117
409 37
409 146
409 232
409 412
409 552
409 12
409 180
409 223
409 286
409 363
409 415
409 497
409 544
409 73
410 578
410 538
410 167
410 226
410 62
410 107
410 150
410 132
410 60
410 208
410 174
410 173
410 214
410 336
410 372
410 406
410 498
410 526
410 585
410 593
411 364
411 246
411 596
411 347
411 595
411 318
411 205
411 309
411 508
411 332
411 21
411 523
411 193
411 32
411 121
411 155
411 197
411 211
411 263
411 285
411 296
411 305
411 370
411 451
411 552
411 213
412 10
412 430
412 279
412 173
412 488
412 364
412 525
412 500
412 445
412 7
412 15
412 52
412 122
412 187
412 195
412 204
412 229
412 281
412 309
412 406
412 409
412 440
412 528
413 482
413 307
413 250
413 163
413 119
413 527
413 347
413 33
413 89
413 144
413 162
413 584
413 377
413 164
413 51
413 179
413 551
413 50
413 599
413 108
413 147
413 201
413 302
413 320
413 378
413 394
413 401
413 425
413 574
414 392
414 89
414 525
414 5
414 582
414 76
414 491
414 539
414 555
414 375
414 87
414 91
414 159
414 197
414 201
414 241
414 295
414 588
414 513
415 34
415 409
415 56
415 113
415 252
415 102
415 246
415 540
415 340
415 265
415 468
415 149
415 141
415 130
415 262
415 450
416 170
416 247
416 6
416 11
416 22
416 43
416 197
416 210
416 223
416 251
416 393
416 514
417 48
417 256
417 528
417 95
417 381
417 127
417 595
417 3
417 90
417 91
417 129
417 201
417 276
417 288
417 475
417 505
417 573
418 97
418 377
418 178
418 344
418 94
418 491
418 164
418 283
418 510
418 260
418 74
418 434
418 399
418 9
418 358
418 44
418 99
418 321
418 336
418 347
418 459
419 247
419 287
419 288
419 572
419 205
419 547
419 112
419 463
419 22
419 201
419 544
419 464
419 128
419 163
420 533
420 48
420 104
420 112
420 142
420 218
420 339
420 347
420 408
420 463
420 486
420 467
420 46
421 579
421 233
421 340
421 155
421 486
421 375
421 175
421 324
421 55
421 80
421 87
421 154
421 201
421 399
421 435
421 549
421 590
422 431
422 20
422 81
422 480
422 127
422 65
422 187
422 225
422 262
422 386
422 524
422 118
422 96
423 373
423 552
423 349
423 408
423 489
423 432
423 51
423 274
423 426
423 511
423 6
423 32
423 53
423 148
423 208
423 278
423 378
423 388
423 441
423 445
423 457
423 478
423 529
423 257
423 96
424 443
424 266
424 542
424 535
424 388
424 450
424 3
424 555
424 373
424 60
424 84
424 109
424 190
424 292
424 574
424 581
424 480
425 286
425 153
425 542
425 253
425 506
425 413
425 392
425 373
425 568
425 463
425 345
425 207
425 588
425 60
425 69
425 104
425 112
425 188
425 291
426 54
426 96
426 330
426 405
426 161
426 512
426 565
426 506
426 336
426 35
426 2
426 65
426 95
426 179
426 197
426 377
426 423
427 105
427 6
427 248
427 371
427 396
427 38
427 100
427 364
427 552
427 273
427 565
428 468
428 182
428 296
428 3
428 99
428 241
428 236
428 225
428 31
428 389
428 540
428 552
428 502
428 2
428 142
428 149
428 204
428 276
428 290
428 320
428 381
428 480
428 506
429 136
429 542
429 405
429 175
429 71
429 86
429 90
429 161
429 298
429 386
429 407
429 97
430 458
430 382
430 554
430 311
430 239
430 262
430 576
430 166
430 511
430 216
430 480
430 535
430 431
430 104
430 163
430 199
430 249
430 286
430 392
430 412
430 87
430 160
431 49
431 386
431 599
431 433
431 32
431 171
431 282
431 549
431 584
431 479
431 108
431 111
431 218
431 278
431 322
431 331
431 377
431 422
431 430
431 524
431 545
431 580
432 246
432 596
432 161
432 2
432 558
432 220
432 35
432 299
432 598
432 484
432 489
432 124
432 244
432 282
432 306
432 370
432 423
432 499
432 263
433 394
433 99
433 362
433 506
433 298
433 316
433 50
433 249
433 137
433 174
433 240
433 306
433 431
433 473
434 181
434 184
434 143
434 520
434 560
434 223
434 145
434 156
434 336
434 365
434 29
434 76
434 186
434 240
434 418
434 480
434 555
434 574
434 47
435 316
435 421
435 329
435 543
435 380
435 60
435 574
435 592
435 1
435 8
435 146
435 209
435 489
435 23
435 19
435 201
435 590
436 79
436 18
436 68
436 145
436 335
436 380
436 541
437 294
437 70
437 386
437 438
437 525
437 97
437 179
437 213
437 6
437 34
437 102
437 120
437 274
437 341
437 403
437 505
437 566
438 14
438 27
438 470
438 42
438 481
438 565
438 75
438 94
438 130
438 396
438 404
438 437
438 461
438 494
438 509
438 87
439 99
439 48
439 570
439 322
439 304
439 216
439 354
439 297
439 348
439 359
439 326
439 240
439 37
439 167
439 209
439 295
439 500
439 524
440 228
440 256
440 211
440 412
440 374
440 475
440 498
440 42
440 514
440 119
440 160
440 173
440 264
440 390
440 587
440 9
441 21
441 138
441 423
441 533
441 301
441 346
441 584
441 14
441 578
441 360
441 113
441 143
441 176
441 291
441 302
441 447
441 546
441 343
441 6
441 326
442 396
442 525
442 593
442 565
442 192
442 371
442 320
442 326
442 539
442 519
442 73
442 220
442 473
442 498
442 529
442 574
442 589
442 486
443 318
443 278
443 230
443 506
443 23
443 46
443 101
443 117
443 196
443 250
443 314
443 342
443 424
443 518
443 599
444 286
444 542
444 523
444 149
444 511
444 154
444 504
444 201
444 352
444 165
444 344
444 540
444 555
444 578
445 399
445 423
445 89
445 255
445 578
445 522
445 7
445 59
445 127
445 225
445 294
445 356
445 384
445 564
445 412
446 554
446 163
446 361
446 463
446 539
446 553
446 562
446 566
447 47
447 384
447 476
447 561
447 600
447 277
447 228
447 545
447 441
447 166
447 143
447 48
447 49
447 245
447 291
447 465
447 481
447 498
447 523
447 572
448 292
448 475
448 224
448 529
448 516
448 6
448 172
448 171
448 120
448 393
448 486
448 245
448 127
448 193
448 241
448 252
448 291
448 298
448 338
449 67
449 170
449 171
449 45
449 544
449 2
449 312
449 175
449 47
449 208
449 223
449 265
449 290
449 300
449 403
449 479
449 586
449 583
449 361
449 46
449 72
450 269
450 415
450 77
450 136
450 480
450 140
450 59
450 62
450 386
450 60
450 48
450 121
450 424
450 495
450 565
450 257
451 392
451 14
451 35
451 219
451 121
451 469
451 15
451 217
451 411
451 401
451 69
451 319
451 459
451 484
451 563
452 549
452 546
452 545
452 52
452 361
452 394
452 175
452 59
452 283
452 286
452 289
452 511
452 557
452 564
452 292
453 192
453 308
453 571
453 154
453 128
453 65
453 70
453 193
453 200
453 248
453 269
453 302
453 367
453 482
453 518
453 523
453 48
454 104
454 508
454 504
454 457
454 164
454 506
454 592
454 555
454 319
454 495
454 593
454 516
454 201
454 469
454 565
455 544
455 373
455 368
455 260
455 147
455 167
455 185
455 257
455 333
455 14
455 482
455 121
455 375
455 582
455 37
455 56
455 66
455 77
455 99
455 342
455 352
455 500
455 505
456 200
456 188
456 205
456 260
456 537
456 380
456 391
456 138
456 184
456 572
456 560
456 338
456 479
456 241
456 129
456 561
456 290
456 353
456 230
456 340
456 344
456 478
456 57
457 304
457 246
457 137
457 494
457 224
457 269
457 283
457 423
457 401
457 164
457 326
457 40
457 6
457 67
457 255
457 327
457 340
457 352
457 454
457 542
457 595
457 100
458 395
458 290
458 593
458 187
458 288
458 558
458 147
458 465
458 488
458 280
458 162
458 179
458 252
458 374
458 430
458 501
458 531
458 76
458 20
459 534
459 106
459 191
459 94
459 589
459 392
459 116
459 179
459 418
459 59
459 451
459 551
459 182
459 388
459 47
459 354
459 363
459 518
460 587
460 250
460 125
460 136
460 553
460 123
460 240
460 86
460 156
460 172
460 227
460 291
460 356
460 477
460 564
461 537
461 570
461 102
461 14
461 395
461 135
461 176
461 438
461 32
461 199
461 261
461 269
461 379
461 506
462 126
462 395
462 275
462 247
462 91
462 19
462 279
462 300
462 476
462 478
462 479
462 517
462 542
462 564
462 485
462 151
463 420
463 566
463 2
463 37
463 600
463 368
463 446
463 228
463 1
463 174
463 236
463 282
463 370
463 374
463 425
463 532
463 583
463 586
463 419
464 258
464 363
464 199
464 372
464 594
464 508
464 89
464 122
464 72
464 419
464 589
464 275
464 497
464 250
464 332
464 383
464 493
464 513
465 363
465 250
465 151
465 556
465 494
465 388
465 76
465 538
465 533
465 447
465 27
465 47
465 80
465 90
465 92
465 121
465 189
465 202
465 262
465 287
465 390
465 397
465 458
465 577
465 15
466 18
466 115
466 533
466 14
466 52
466 105
466 287
466 495
466 538
466 552
466 34
467 150
467 329
467 67
467 398
467 129
467 503
467 362
467 363
467 370
467 174
467 223
467 218
467 10
467 420
467 572
467 550
467 579
467 7
467 227
467 260
467 546
467 327
468 599
468 214
468 322
468 78
468 80
468 65
468 75
468 105
468 125
468 262
468 399
468 428
468 542
468 415
468 107
469 229
469 276
469 454
469 499
469 46
469 530
469 135
469 163
469 164
469 208
469 273
469 301
469 324
469 330
469 393
469 451
469 509
469 528
469 565
469 284
469 95
470 121
470 497
470 160
470 158
470 77
470 147
470 584
470 191
470 45
470 83
470 118
470 317
470 342
470 384
470 438
470 593
470 59
471 153
471 103
471 294
471 38
471 154
471 380
471 39
471 149
471 543
471 525
471 73
471 515
471 125
471 484
471 10
471 33
471 83
471 150
471 218
471 566
471 574
471 306
472 16
472 363
472 386
472 534
472 485
472 561
472 201
472 350
472 354
472 365
472 390
472 511
472 535
473 442
473 356
473 47
473 249
473 433
473 327
473 474
473 571
473 582
473 51
473 105
473 125
473 219
473 301
473 357
474 85
474 60
474 137
474 173
474 176
474 298
474 473
474 543
474 564
474 226
475 417
475 88
475 350
475 369
475 16
475 213
475 41
475 64
475 154
475 176
475 204
475 352
475 358
475 440
475 448
476 388
476 217
476 252
476 462
476 14
476 528
476 2
476 117
476 447
476 507
477 460
477 14
477 283
477 291
477 232
477 549
477 178
477 93
477 96
477 172
477 223
477 279
477 341
477 362
477 486
477 527
477 74
478 423
478 19
478 55
478 131
478 196
478 462
478 314
478 592
478 506
478 456
478 536
478 129
478 214
478 252
478 405
478 483
478 397
478 292
479 462
479 553
479 276
479 104
479 238
479 449
479 279
479 11
479 343
479 516
479 574
479 1
479 159
479 187
479 197
479 314
479 456
479 550
479 595
479 431
480 140
480 494
480 428
480 517
480 434
480 504
480 496
480 94
480 246
480 107
480 341
480 424
480 54
480 104
480 164
480 344
480 430
480 450
480 570
480 422
480 121
481 294
481 80
481 447
481 316
481 134
481 326
481 300
481 406
481 15
481 140
481 242
481 145
481 161
481 172
481 192
481 237
481 257
481 392
481 438
481 512
481 597
481 268
482 453
482 547
482 404
482 285
482 127
482 566
482 294
482 239
482 66
482 77
482 79
482 90
482 363
482 382
482 413
482 455
482 513
482 533
482 574
482 484
483 18
483 559
483 243
483 523
483 532
483 206
483 478
483 302
483 546
483 351
483 567
483 290
483 515
483 314
483 148
483 266
483 365
483 383
483 544
484 118
484 451
484 386
484 348
484 203
484 383
484 270
484 253
484 482
484 27
484 70
484 103
484 128
484 226
484 247
484 327
484 402
484 490
484 493
484 505
484 388
484 471
484 432
485 513
485 462
485 45
485 124
485 153
485 355
485 388
485 472
485 556
485 345
486 46
486 261
486 282
486 477
486 420
486 578
486 391
486 161
486 442
486 372
486 288
486 143
486 69
486 36
486 40
486 394
486 421
486 448
486 519
486 34
486 50
487 244
487 388
487 235
487 499
487 497
487 136
487 407
487 73
487 126
487 90
487 260
487 509
487 79
487 118
487 120
487 134
487 228
487 349
487 528
487 209
488 573
488 223
488 368
488 519
488 215
488 152
488 493
488 56
488 158
488 28
488 33
488 182
488 208
488 363
488 412
488 458
488 591
489 287
489 133
489 190
489 202
489 247
489 277
489 328
489 406
489 423
489 435
489 432
489 341
490 562
490 484
490 590
490 495
490 15
490 91
490 332
490 9
490 284
490 552
490 13
490 37
490 67
490 325
490 348
491 387
491 182
491 538
491 127
491 101
491 162
491 232
491 361
491 414
491 418
491 568
491 3
492 164
492 24
492 114
492 245
492 597
492 242
492 262
492 20
492 48
492 66
492 135
492 145
492 267
492 269
492 311
492 353
492 390
492 408
492 550
492 577
493 315
493 78
493 257
493 544
493 464
493 166
493 484
493 114
493 600
493 123
493 145
493 197
493 281
493 328
493 349
493 488
493 562
493 374
493 572
494 9
494 438
494 528
494 504
494 193
494 24
494 60
494 85
494 457
494 465
494 480
494 592
495 228
495 466
495 289
495 179
495 450
495 139
495 352
495 247
495 313
495 454
495 490
495 497
495 505
495 203
496 209
496 259
496 29
496 87
496 161
496 172
496 206
496 224
496 293
496 349
496 408
496 480
496 537
496 544
496 101
497 495
497 161
497 203
497 516
497 348
497 409
497 121
497 188
497 219
497 470
497 487
497 464
498 410
498 106
498 536
498 550
498 255
498 284
498 447
498 239
498 442
498 365
498 318
498 576
498 26
498 32
498 140
498 321
498 338
498 39
498 85
498 107
498 167
498 339
498 440
498 506
498 568
498 289
499 262
499 67
499 432
499 106
499 236
499 26
499 572
499 322
499 19
499 60
499 123
499 140
499 144
499 160
499 370
499 382
499 469
499 487
499 560
499 529
500 537
500 336
500 160
500 439
500 247
500 455
500 224
500 227
500 592
500 192
500 262
500 269
500 412
500 509
501 207
501 65
501 256
501 160
501 251
501 458
501 390
501 33
501 47
501 134
501 172
501 526
501 583
501 268
502 365
502 11
502 189
502 197
502 31
502 67
502 93
502 251
502 391
502 428
502 307
503 518
503 526
503 66
503 212
503 123
503 275
503 316
503 125
503 34
503 1
503 383
503 3
503 49
503 81
503 120
503 122
503 127
503 181
503 186
503 193
503 300
503 308
503 323
503 467
504 150
504 144
504 184
504 365
504 38
504 227
504 115
504 165
504 2
504 257
504 333
504 347
504 402
504 404
504 444
504 454
504 480
504 494
504 520
504 557
504 576
504 43
505 355
505 66
505 484
505 3
505 163
505 191
505 94
505 495
505 417
505 74
505 455
505 437
505 36
505 70
505 98
505 152
505 218
505 245
505 357
505 516
505 593
505 310
506 498
506 2
506 133
506 428
506 461
506 52
506 522
506 237
506 84
506 14
506 57
506 139
506 306
506 321
506 425
506 426
506 433
506 454
506 478
506 562
506 574
506 581
506 443
506 101
506 325
507 291
507 476
507 541
507 290
507 138
507 372
507 361
507 70
507 116
507 155
507 190
507 203
507 267
507 330
507 341
507 394
507 561
507 600
507 518
508 9
508 332
508 83
508 157
508 387
508 8
508 162
508 251
508 411
508 454
508 464
508 511
508 536
508 593
509 469
509 132
509 275
509 28
509 61
509 438
509 500
509 93
509 181
509 22
509 62
509 83
509 88
509 135
509 158
509 173
509 544
509 587
509 324
509 487
509 41
510 187
510 544
510 3
510 211
510 311
510 245
510 167
510 41
510 1
510 9
510 57
510 208
510 213
510 219
510 349
510 418
510 519
510 318
511 508
511 472
511 150
511 237
511 452
511 11
511 319
511 60
511 283
511 285
511 310
511 354
511 372
511 423
511 430
511 444
511 514
512 481
512 524
512 246
512 599
512 386
512 385
512 232
512 282
512 34
512 55
512 426
512 565
512 329
513 81
513 541
513 129
513 482
513 539
513 464
513 104
513 72
513 110
513 366
513 3
513 582
513 169
513 19
513 356
513 126
513 344
513 521
513 414
513 46
513 65
513 66
513 105
513 123
513 298
513 332
513 485
514 321
514 543
514 47
514 416
514 133
514 12
514 184
514 511
514 358
514 41
514 538
514 22
514 16
514 128
514 272
514 283
514 564
514 440
515 101
515 303
515 386
515 319
515 357
515 135
515 548
515 599
515 206
515 21
515 58
515 63
515 97
515 114
515 223
515 290
515 471
515 483
515 564
515 574
515 281
516 273
516 260
516 342
516 153
516 138
516 505
516 531
516 9
516 108
516 202
516 212
516 448
516 479
516 497
516 577
516 454
517 78
517 462
517 8
517 200
517 562
517 129
517 131
517 390
517 251
517 14
517 300
517 374
517 305
517 176
517 6
517 32
517 264
517 292
517 480
517 521
517 583
518 453
518 87
518 284
518 393
518 271
518 577
518 323
518 443
518 394
518 93
518 459
518 507
518 384
518 9
518 97
518 102
518 177
518 200
518 217
518 236
518 247
518 295
518 388
518 503
518 576
519 510
519 594
519 136
519 486
519 392
519 13
519 176
519 231
519 150
519 213
519 225
519 227
519 366
519 376
519 488
519 539
519 442
520 504
520 577
520 249
520 579
520 557
520 206
520 543
520 278
520 535
520 580
520 54
520 288
520 67
520 139
520 162
520 434
520 552
521 259
521 251
521 278
521 525
521 192
521 572
521 517
521 64
521 237
521 342
521 513
521 553
522 219
522 568
522 574
522 236
522 20
522 5
522 93
522 144
522 154
522 190
522 324
522 384
522 445
522 506
523 118
523 66
523 453
523 48
523 312
523 101
523 80
523 447
523 37
523 84
523 102
523 135
523 269
523 316
523 374
523 411
523 444
523 483
523 540
523 216
523 273
524 405
524 148
524 576
524 439
524 348
524 431
524 535
524 422
524 391
524 21
524 512
524 567
524 586
524 593
525 336
525 119
525 533
525 232
525 148
525 397
525 37
525 170
525 592
525 198
525 253
525 313
525 412
525 414
525 437
525 442
525 471
525 521
525 71
526 410
526 501
526 367
526 169
526 281
526 174
526 154
526 187
526 256
526 322
526 345
526 360
526 381
526 403
526 405
526 503
526 553
527 26
527 477
527 548
527 118
527 279
527 17
527 57
527 195
527 284
527 400
527 348
527 1
527 93
527 109
527 122
527 123
527 154
527 163
527 180
527 295
527 309
527 413
527 552
528 374
528 220
528 412
528 347
528 111
528 585
528 530
528 50
528 303
528 469
528 487
528 219
528 45
528 74
528 90
528 94
528 106
528 223
528 375
528 417
528 494
528 582
528 386
528 476
528 193
529 575
529 227
529 442
529 158
529 423
529 3
529 306
529 257
529 323
529 499
529 12
529 187
529 293
529 321
529 357
529 402
529 448
529 592
530 314
530 1
530 275
530 9
530 580
530 133
530 70
530 128
530 134
530 179
530 209
530 228
530 293
530 305
530 310
530 325
530 528
530 469
530 265
531 196
531 595
531 458
531 143
531 366
531 2
531 67
531 170
531 219
531 291
531 572
531 400
531 126
531 516
532 130
532 337
532 536
532 287
532 549
532 463
532 143
532 3
532 33
532 49
532 51
532 180
532 181
532 200
532 363
532 404
532 483
532 537
532 587
532 65
533 482
533 282
533 82
533 101
533 300
533 128
533 324
533 365
533 380
533 420
533 441
533 465
533 466
533 525
533 539
533 50
534 380
534 278
534 63
534 206
534 312
534 39
534 97
534 132
534 135
534 153
534 240
534 328
534 341
534 459
534 472
534 540
534 77
535 362
535 388
535 281
535 364
535 305
535 99
535 405
535 472
535 67
535 319
535 75
535 182
535 210
535 262
535 287
535 343
535 350
535 424
535 430
535 520
535 524
536 65
536 592
536 322
536 508
536 170
536 14
536 310
536 207
536 376
536 498
536 532
536 553
536 478
536 50
537 532
537 330
537 150
537 496
537 7
537 55
537 119
537 166
537 207
537 387
537 456
537 461
537 500
537 556
538 256
538 44
538 271
538 186
538 57
538 466
538 21
538 102
538 89
538 122
538 158
538 182
538 402
538 410
538 465
538 491
538 558
538 514
538 264
539 243
539 533
539 446
539 262
539 519
539 20
539 57
539 119
539 248
539 314
539 414
539 442
539 513
539 594
540 567
540 584
540 523
540 444
540 534
540 190
540 553
540 100
540 66
540 93
540 214
540 375
540 415
540 428
541 436
541 14
541 301
541 348
541 570
541 144
541 217
541 13
541 41
541 46
541 318
541 507
541 513
541 111
542 457
542 468
542 131
542 462
542 262
542 319
542 247
542 559
542 108
542 202
542 324
542 339
542 357
542 377
542 394
542 424
542 425
542 429
542 444
542 598
542 550
543 50
543 218
543 168
543 169
543 129
543 474
543 367
543 305
543 283
543 96
543 233
543 166
543 46
543 197
543 226
543 328
543 435
543 471
543 514
543 520
543 123
543 307
544 509
544 483
544 409
544 205
544 496
544 361
544 239
544 109
544 419
544 97
544 318
544 282
544 449
544 455
544 493
544 510
544 600
545 431
545 273
545 32
545 212
545 190
545 119
545 153
545 199
545 447
545 452
545 597
545 293
546 156
546 302
546 78
546 118
546 272
546 109
546 467
546 441
546 262
546 225
546 44
546 19
546 197
546 242
546 294
546 342
546 379
546 396
546 404
546 452
546 483
547 57
547 59
547 28
547 390
547 304
547 162
547 349
547 188
547 163
547 255
547 587
547 369
547 182
547 118
547 222
547 290
547 313
547 419
547 482
547 561
547 58
548 96
548 343
548 91
548 393
548 597
548 333
548 398
548 351
548 236
548 30
548 51
548 222
548 273
548 287
548 515
548 527
549 421
549 250
549 194
549 87
549 71
549 55
549 158
549 205
549 391
549 168
549 112
549 134
549 202
549 264
549 315
549 339
549 341
549 368
549 397
549 452
549 477
549 532
549 272
549 431
550 577
550 64
550 492
550 479
550 278
550 229
550 542
550 53
550 73
550 87
550 348
550 498
550 203
550 467
551 167
551 366
551 45
551 37
551 312
551 71
551 126
551 348
551 352
551 413
551 459
551 585
552 427
552 411
552 520
552 466
552 193
552 284
552 407
552 372
552 600
552 237
552 158
552 556
552 527
552 9
552 72
552 118
552 258
552 268
552 332
552 409
552 423
552 428
552 559
552 204
552 321
552 490
553 83
553 279
553 211
553 536
553 446
553 208
553 526
553 521
553 568
553 44
553 599
553 96
553 143
553 287
553 460
553 479
553 540
553 584
554 159
554 263
554 575
554 60
554 151
554 272
554 382
554 430
554 446
554 582
555 335
555 220
555 90
555 135
555 110
555 434
555 282
555 103
555 444
555 585
555 35
555 69
555 153
555 174
555 362
555 414
555 454
555 424
556 190
556 588
556 329
556 66
556 376
556 485
556 537
556 107
556 116
556 278
556 370
556 465
556 552
556 33
557 452
557 189
557 108
557 230
557 504
557 74
557 388
557 2
557 87
557 133
557 398
557 404
557 520
557 43
557 315
557 64
558 65
558 241
558 316
558 538
558 315
558 82
558 67
558 321
558 104
558 70
558 181
558 256
558 348
558 365
558 432
558 458
558 571
558 257
559 122
559 139
559 272
559 162
559 226
559 594
559 552
559 50
559 7
559 112
559 121
559 146
559 194
559 206
559 240
559 247
559 269
559 377
559 390
559 407
559 483
559 542
559 375
560 41
560 195
560 216
560 499
560 367
560 309
560 215
560 382
560 434
560 456
561 220
561 342
561 547
561 6
561 257
561 320
561 507
561 384
561 289
561 94
561 223
561 255
561 285
561 292
561 379
561 447
561 456
561 472
561 366
562 446
562 260
562 493
562 506
562 344
562 381
562 300
562 167
562 18
562 150
562 161
562 170
562 403
562 490
562 517
562 599
563 60
563 451
563 314
563 213
563 93
563 408
563 357
563 41
563 144
563 294
563 265
563 19
563 4
563 39
563 50
563 65
563 203
563 302
563 347
563 376
563 569
564 297
564 48
564 373
564 445
564 86
564 181
564 460
564 474
564 452
564 515
564 221
564 462
564 279
564 281
564 70
564 158
564 177
564 514
564 121
564 122
564 285
564 306
564 575
564 5
564 69
565 164
565 512
565 469
565 69
565 53
565 454
565 450
565 427
565 185
565 403
565 22
565 247
565 276
565 292
565 310
565 322
565 426
565 442
565 590
565 438
566 437
566 471
566 446
566 323
566 392
566 257
566 161
566 193
566 399
566 463
566 573
566 482
566 138
566 269
567 389
567 524
567 36
567 139
567 483
567 540
568 195
568 382
568 583
568 397
568 176
568 356
568 498
568 204
568 491
568 77
568 255
568 241
568 164
568 23
568 29
568 126
568 127
568 190
568 224
568 225
568 277
568 425
568 522
568 553
569 586
569 563
569 143
569 384
569 22
569 39
569 578
569 148
569 116
569 150
569 247
569 325
569 404
569 271
570 75
570 591
570 217
570 139
570 252
570 480
570 242
570 20
570 27
570 39
570 24
570 109
570 64
570 34
570 86
570 261
570 439
570 461
570 541
570 579
570 581
570 49
570 19
571 263
571 594
571 79
571 558
571 322
571 52
571 342
571 62
571 182
571 218
571 219
571 453
571 473
571 600
572 304
572 25
572 253
572 447
572 97
572 142
572 28
572 531
572 395
572 493
572 260
572 1
572 6
572 107
572 209
572 299
572 349
572 419
572 456
572 499
572 521
572 221
572 467
573 391
573 417
573 139
573 566
573 157
573 180
573 214
573 280
573 488
573 275
574 434
574 239
574 303
574 515
574 442
574 506
574 413
574 482
574 128
574 33
574 471
574 190
574 104
574 424
574 392
574 19
574 158
574 245
574 326
574 435
574 479
574 522
574 579
574 16
574 83
575 564
575 588
575 312
575 198
575 395
575 201
575 388
575 61
575 64
575 170
575 205
575 529
575 589
575 554
576 285
576 583
576 195
576 518
576 504
576 408
576 430
576 498
576 524
576 400
576 149
577 265
577 516
577 290
577 492
577 465
577 597
577 150
577 138
577 200
577 314
577 385
577 518
577 520
577 550
578 257
578 64
578 15
578 147
578 444
578 87
578 154
578 320
578 341
578 410
578 441
578 445
578 486
578 569
578 582
578 405
578 17
579 408
579 185
579 324
579 570
579 574
579 113
579 299
579 238
579 16
579 147
579 222
579 292
579 310
579 397
579 421
579 520
579 43
579 467
580 431
580 7
580 37
580 149
580 264
580 530
580 520
581 506
581 229
581 244
581 424
581 570
581 29
581 30
581 79
581 99
581 169
581 212
581 312
582 578
582 144
582 249
582 528
582 554
582 36
582 101
582 102
582 182
582 227
582 308
582 414
582 473
582 513
582 318
582 455
582 334
583 343
583 517
583 463
583 449
583 113
583 30
583 501
583 219
583 235
583 322
583 341
583 568
583 576
584 553
584 201
584 354
584 121
584 197
584 274
584 376
584 413
584 441
584 540
584 290
584 470
584 377
584 431
585 248
585 590
585 30
585 33
585 289
585 214
585 410
585 592
585 551
585 403
585 6
585 324
585 145
585 210
585 277
585 359
585 406
585 528
585 336
585 151
585 354
585 555
586 202
586 463
586 524
586 70
586 407
586 168
586 140
586 449
586 155
586 21
586 57
586 69
586 125
586 127
586 314
586 341
586 569
587 56
587 299
587 98
587 97
587 509
587 408
587 440
587 532
587 278
587 85
587 117
587 123
587 221
587 269
587 301
587 317
587 321
587 324
587 393
587 460
587 547
587 593
588 414
588 301
588 91
588 138
588 84
588 70
588 220
588 321
588 347
588 372
588 395
588 425
588 556
588 575
589 575
589 159
589 407
589 442
589 218
589 82
589 283
589 35
589 122
589 242
589 259
589 349
589 459
589 464
589 156
589 233
590 114
590 421
590 191
590 435
590 186
590 565
590 242
590 51
590 106
590 131
590 162
590 201
590 323
590 490
590 585
590 592
591 104
591 232
591 318
591 146
591 488
591 332
591 143
591 109
591 11
591 15
591 63
591 65
591 266
591 570
592 256
592 202
592 221
592 529
592 159
592 590
592 209
592 494
592 179
592 292
592 12
592 53
592 106
592 248
592 328
592 334
592 435
592 454
592 478
592 536
592 585
592 500
592 355
592 525
593 90
593 7
593 508
593 587
593 505
593 470
593 44
593 524
593 57
593 34
593 410
593 79
593 83
593 131
593 251
593 386
593 442
593 454
593 458
593 310
594 12
594 539
594 236
594 53
594 216
594 180
594 381
594 3
594 329
594 69
594 168
594 285
594 328
594 397
594 464
594 519
594 559
594 571
594 68
595 139
595 190
595 306
595 479
595 457
595 1
595 62
595 193
595 411
595 417
595 531
595 216
596 70
596 338
596 305
596 385
596 306
596 112
596 108
596 303
596 34
596 42
596 122
596 317
596 339
596 411
596 432
596 256
597 220
597 132
597 545
597 174
597 481
597 598
597 3
597 9
597 122
597 229
597 492
597 548
597 577
598 22
598 128
598 46
598 542
598 1
598 63
598 124
598 345
598 357
598 597
598 267
598 432
599 54
599 8
599 45
599 443
599 562
599 386
599 358
599 37
599 40
599 70
599 183
599 431
599 468
599 512
599 515
599 413
599 553
600 319
600 544
600 507
600 571
600 384
600 2
600 11
600 60
600 158
600 292
600 351
600 447
600 463
600 552
600 493
