2 879
3 448
4 216
4 728
4 915
4 207
4 122
4 742
5 535
5 166
5 742
6 156
6 537
6 336
6 643
7 839
7 727
7 798
7 818
7 796
7 499
7 733
7 886
7 454
7 362
7 267
7 946
7 643
8 545
8 351
8 27
8 219
8 378
8 251
8 323
8 757
8 225
8 682
8 640
9 997
9 724
10 537
10 808
10 391
11 987
13 536
14 186
14 750
15 80
16 673
16 44
16 30
17 591
17 789
17 822
17 33
17 254
17 873
17 756
17 296
17 158
17 195
17 796
17 562
17 876
18 811
20 349
20 598
22 27
22 250
22 315
24 555
24 506
24 730
24 741
24 202
24 714
24 166
24 336
24 353
25 562
25 349
26 116
26 148
27 559
27 22
27 718
27 283
27 762
27 423
27 371
27 688
27 431
27 8
27 910
27 742
27 437
27 30
27 840
28 71
28 372
28 139
28 136
28 793
28 796
29 207
29 192
29 569
29 361
29 679
30 306
30 270
30 124
30 333
30 559
30 27
30 954
30 16
30 55
30 34
31 128
31 918
31 235
32 448
32 839
32 172
32 138
32 688
32 351
32 902
32 748
32 498
32 833
33 17
33 144
33 331
34 130
34 30
34 109
36 588
36 331
37 695
37 236
37 335
38 395
38 362
38 349
38 919
39 144
42 692
42 331
43 197
43 804
43 848
43 840
43 876
44 991
44 777
44 16
44 214
44 609
44 259
44 580
44 886
44 316
44 611
44 667
44 643
44 615
45 215
46 303
47 133
48 832
48 781
48 81
49 542
50 122
51 350
52 595
52 807
52 358
52 574
53 513
53 536
53 840
54 454
54 615
54 919
55 30
55 962
56 861
56 700
56 729
56 896
56 584
56 792
57 556
57 754
57 205
57 489
57 798
57 370
57 643
58 401
59 681
59 61
59 252
60 890
60 672
60 446
60 801
60 498
60 894
60 141
60 648
60 535
60 952
61 984
61 529
61 469
61 443
61 59
61 865
61 458
61 709
61 261
61 620
63 985
63 772
64 280
64 398
65 941
65 310
65 207
65 512
65 807
65 326
66 196
66 917
66 303
67 707
67 112
68 769
68 588
69 808
70 437
71 28
72 701
73 108
73 112
75 448
75 806
75 687
76 252
76 159
76 742
76 255
77 539
77 350
77 144
77 870
77 876
78 437
80 983
80 146
80 237
80 587
80 486
80 15
80 287
80 352
80 604
80 129
80 954
80 582
80 218
80 780
80 609
81 392
81 179
81 427
81 312
81 592
81 136
81 48
81 117
81 664
81 992
81 887
81 643
82 949
83 381
83 317
83 996
83 463
84 295
84 281
84 943
85 681
85 763
86 790
87 174
87 338
87 109
88 404
88 331
89 415
89 367
89 349
89 892
89 221
89 737
91 235
91 942
92 370
92 878
92 598
94 169
94 952
94 705
94 848
94 743
94 593
94 121
94 191
94 216
94 693
94 778
94 301
94 935
94 320
94 544
95 862
95 353
96 404
97 367
98 660
98 119
98 455
98 636
98 440
98 353
99 692
99 870
100 518
100 537
100 639
101 146
101 910
102 768
103 454
103 962
103 484
104 415
104 691
104 398
104 174
105 375
105 910
105 747
106 232
106 340
106 375
106 684
106 235
106 687
107 565
107 202
108 164
108 73
108 122
109 600
109 967
109 210
109 243
109 420
109 655
109 761
109 526
109 87
109 772
109 177
109 711
109 691
109 34
111 387
111 918
111 847
112 245
112 67
112 418
112 206
112 742
112 521
112 73
112 628
113 549
113 459
113 250
113 615
113 425
114 197
114 166
115 773
115 532
115 336
116 560
116 669
116 26
116 597
116 872
116 252
116 375
116 303
117 769
117 81
118 535
118 174
119 579
119 98
120 250
121 273
121 673
121 976
121 771
121 900
121 731
121 610
121 560
121 270
121 494
121 94
122 822
122 108
122 4
122 407
122 161
122 50
123 899
123 219
123 272
123 422
123 772
123 764
123 349
123 306
123 423
123 177
123 681
123 778
123 253
124 832
124 30
126 706
126 718
126 817
126 924
126 296
126 748
126 813
126 596
126 978
126 643
127 764
127 167
127 951
127 865
127 313
128 320
128 287
128 31
128 765
128 389
128 254
128 198
128 720
128 735
128 905
128 701
128 349
128 962
129 233
129 80
130 34
130 469
130 322
130 462
130 870
131 415
132 807
132 894
132 148
133 403
133 988
133 47
133 697
133 219
133 821
133 574
134 325
134 918
134 943
135 542
136 342
136 285
136 172
136 402
136 28
136 81
136 870
136 295
137 658
137 381
137 521
137 348
137 150
137 208
137 413
137 666
137 716
137 339
137 737
138 894
138 32
138 146
138 742
138 918
138 255
139 28
140 202
141 152
141 807
141 60
142 679
142 387
142 565
142 681
142 217
143 626
143 166
143 806
144 382
144 317
144 512
144 416
144 693
144 77
144 678
144 39
144 455
144 33
144 304
144 918
144 919
145 815
146 101
146 719
146 450
146 860
146 649
146 138
146 469
146 80
146 990
147 847
148 388
148 361
148 26
148 443
148 257
148 583
148 132
148 735
148 213
148 526
149 179
149 605
149 266
149 612
149 889
149 749
149 832
149 338
149 862
150 351
150 431
150 137
150 990
152 141
155 197
156 6
156 940
156 972
156 693
156 673
156 496
156 743
157 934
157 221
158 17
158 917
158 847
159 961
159 729
159 547
159 76
159 174
159 439
159 838
160 588
160 760
161 122
161 250
161 876
162 326
162 918
163 658
163 837
163 966
163 202
163 674
163 457
164 108
165 223
165 598
165 315
166 853
166 24
166 5
166 932
166 143
166 451
166 287
166 736
166 114
166 206
166 508
167 127
168 694
168 738
168 840
169 472
169 623
169 629
169 94
169 277
169 412
171 410
171 250
172 136
172 32
172 338
173 917
174 770
174 104
174 717
174 599
174 753
174 898
174 198
174 290
174 118
174 87
174 523
174 711
174 159
174 687
176 681
176 537
177 123
177 109
179 890
179 566
179 561
179 346
179 369
179 410
179 149
179 81
180 197
180 692
180 840
181 547
181 620
182 646
183 832
183 336
184 532
186 636
186 316
186 972
186 416
186 959
186 14
186 871
186 760
187 410
189 395
189 353
190 772
191 202
191 338
191 217
191 94
192 29
192 910
192 934
193 514
194 811
194 687
195 17
195 226
195 281
195 918
195 847
196 717
196 66
196 197
197 605
197 655
197 155
197 180
197 351
197 196
197 534
197 43
197 220
197 114
197 595
197 320
197 257
197 336
197 390
198 128
198 174
199 701
199 724
200 215
200 537
201 746
202 545
202 140
202 732
202 309
202 958
202 344
202 937
202 347
202 402
202 24
202 107
202 785
202 191
202 674
202 163
202 277
203 926
205 992
205 57
206 166
206 425
206 112
207 908
207 29
207 65
207 326
207 4
207 871
207 918
208 536
208 281
208 742
208 137
209 769
209 934
209 390
210 215
210 109
210 847
210 943
211 259
212 217
212 335
213 148
214 387
214 649
214 44
214 871
214 687
215 845
215 323
215 210
215 693
215 587
215 200
215 45
215 804
216 547
216 4
216 217
216 876
216 808
216 94
216 768
217 306
217 191
217 586
217 216
217 836
217 843
217 822
217 142
217 212
217 674
217 368
217 647
217 896
217 464
217 336
218 894
218 80
218 768
219 366
219 133
219 8
219 640
219 790
219 123
220 197
220 518
220 878
221 983
221 378
221 89
221 296
221 741
221 340
221 666
221 157
221 815
221 896
222 562
223 602
223 165
223 368
225 681
225 8
226 573
226 442
226 719
226 729
226 753
226 766
226 724
226 195
226 879
227 917
227 370
228 870
230 876
231 879
232 106
233 627
233 407
233 559
233 718
233 950
233 129
233 966
233 300
233 493
233 411
234 325
234 840
235 656
235 729
235 636
235 301
235 106
235 91
235 31
236 37
237 790
237 80
237 336
241 905
241 975
242 532
243 109
244 369
244 871
245 391
245 112
246 369
246 542
246 574
246 390
247 692
247 518
248 448
248 250
250 645
250 967
250 836
250 547
250 884
250 171
250 292
250 730
250 120
250 754
250 248
250 371
250 265
250 22
250 161
250 781
250 744
250 113
251 8
252 610
252 746
252 76
252 116
252 395
252 416
252 563
252 790
252 616
252 813
252 59
253 123
254 128
254 17
254 790
254 810
255 388
255 257
255 372
255 138
255 470
255 985
255 268
255 347
255 754
255 951
255 355
255 76
255 657
255 808
256 812
256 649
257 683
257 727
257 604
257 328
257 985
257 434
257 197
257 984
257 255
257 148
257 646
258 906
259 211
259 420
259 326
259 44
260 752
261 409
261 722
261 61
262 643
264 415
264 562
264 918
264 639
265 250
266 387
266 149
266 375
266 295
266 990
266 687
267 7
268 255
269 887
269 859
269 745
269 907
269 297
269 283
269 677
269 295
270 766
270 431
270 747
270 30
270 121
271 942
272 298
272 640
272 123
272 425
273 615
273 121
273 750
274 331
275 441
276 348
276 405
276 951
276 846
276 334
276 906
276 678
276 356
276 806
276 353
277 169
277 412
277 202
277 729
277 832
277 653
277 552
277 955
278 615
279 398
280 967
280 407
280 64
280 917
281 84
281 393
281 195
281 741
281 528
281 817
281 607
281 208
281 676
281 772
281 886
283 27
283 269
283 811
283 876
284 832
284 362
285 136
285 738
286 336
287 128
287 166
287 878
287 80
289 926
290 174
291 679
291 878
292 400
292 250
292 942
294 366
294 741
294 353
295 84
295 764
295 386
295 726
295 431
295 266
295 874
295 269
295 136
295 928
295 926
295 868
295 892
296 17
296 126
296 221
297 269
297 918
298 272
298 694
298 966
298 324
299 588
300 691
300 233
301 235
301 808
301 94
303 46
303 804
303 529
303 66
303 116
303 761
304 144
304 643
304 425
305 949
306 30
306 217
306 123
308 355
308 437
309 202
309 892
310 65
310 790
310 353
311 892
312 81
312 810
313 127
313 484
314 426
315 473
315 22
315 665
315 502
315 382
315 165
316 186
316 44
317 83
317 346
317 431
317 144
318 454
319 974
319 338
320 128
320 197
320 331
320 94
321 369
321 910
321 862
322 130
322 917
322 742
322 974
322 353
323 215
323 769
323 8
324 298
324 790
324 840
324 646
325 463
325 134
325 234
326 451
326 207
326 259
326 65
326 162
326 932
326 992
326 649
327 680
327 553
327 562
327 862
328 257
328 353
329 350
330 371
330 331
331 658
331 456
331 513
331 274
331 480
331 423
331 394
331 440
331 330
331 88
331 505
331 320
331 33
331 36
331 42
332 747
333 892
333 30
334 276
334 415
334 807
334 990
335 37
335 666
335 676
335 981
335 734
335 978
335 656
335 362
335 212
336 6
336 237
336 183
336 636
336 803
336 115
336 930
336 286
336 197
336 543
336 24
336 217
336 444
337 447
337 370
338 319
338 191
338 149
338 676
338 891
338 674
338 910
338 172
338 87
338 938
339 137
340 106
340 221
340 879
340 412
342 136
342 350
342 894
342 537
344 542
344 834
344 202
344 687
344 919
345 655
345 692
345 815
345 620
346 638
346 418
346 317
346 179
346 437
346 760
346 390
347 202
347 615
347 255
348 276
348 137
348 862
349 455
349 586
349 128
349 488
349 758
349 38
349 938
349 20
349 696
349 25
349 827
349 785
349 89
349 123
350 51
350 329
350 663
350 704
350 705
350 467
350 342
350 77
350 565
350 373
350 737
351 512
351 150
351 197
351 367
351 8
351 32
352 917
352 80
352 412
353 95
353 833
353 310
353 276
353 328
353 189
353 597
353 807
353 577
353 861
353 322
353 416
353 998
353 933
353 462
353 24
353 847
353 294
353 98
354 772
355 308
355 689
355 255
356 832
356 276
356 804
356 974
357 646
358 607
358 756
358 902
358 52
358 542
358 790
358 518
359 404
359 962
360 701
361 29
361 148
362 886
362 436
362 477
362 284
362 697
362 38
362 638
362 7
362 747
362 335
363 946
363 710
363 643
363 880
364 655
364 954
365 692
365 406
365 598
366 294
366 219
366 673
366 840
367 830
367 826
367 351
367 97
367 89
367 718
368 223
368 217
369 594
369 246
369 784
369 179
369 793
369 321
369 395
369 676
369 244
369 769
369 815
369 772
369 811
369 918
369 880
370 421
370 92
370 957
370 899
370 57
370 227
370 580
370 578
370 337
370 550
370 511
370 878
370 437
371 330
371 27
371 250
372 28
372 781
372 255
373 961
373 381
373 909
373 544
373 580
373 816
373 963
373 826
373 586
373 350
373 458
373 436
373 486
373 934
373 760
375 900
375 105
375 266
375 733
375 587
375 940
375 715
375 753
375 762
375 106
375 116
375 456
375 872
375 772
378 8
378 221
379 415
379 562
379 790
379 975
380 934
381 83
381 373
381 137
382 714
382 144
382 905
382 315
383 808
385 514
385 689
385 684
386 295
386 750
387 685
387 214
387 142
387 816
387 266
387 936
387 111
387 618
387 644
387 958
387 790
387 934
388 255
388 942
388 148
388 810
389 128
389 917
389 425
390 949
390 863
390 971
390 346
390 197
390 661
390 550
390 209
390 544
390 246
391 245
391 10
391 994
391 829
391 689
391 436
392 81
393 691
393 406
393 281
394 331
395 439
395 38
395 189
395 634
395 369
395 252
395 974
396 905
397 848
398 528
398 279
398 64
398 104
398 903
399 628
399 878
399 954
400 292
400 631
400 993
401 58
402 136
402 202
402 847
403 133
404 803
404 88
404 487
404 702
404 461
404 877
404 490
404 96
404 359
404 425
405 276
406 393
406 1000
406 709
406 365
406 808
407 280
407 579
407 122
407 233
409 261
409 847
410 489
410 493
410 865
410 945
410 171
410 179
410 187
410 485
410 640
410 810
411 233
412 169
412 615
412 340
412 352
412 576
412 277
413 437
413 137
414 562
415 678
415 334
415 104
415 379
415 445
415 515
415 264
415 89
415 131
415 986
415 934
416 186
416 144
416 252
416 879
416 353
418 346
418 692
418 904
418 639
418 112
419 985
419 806
420 259
420 109
420 737
421 370
421 742
422 123
423 27
423 123
423 331
425 707
425 936
425 304
425 389
425 206
425 502
425 272
425 113
425 404
425 877
426 526
426 823
426 433
426 869
426 794
426 819
426 716
426 452
426 314
426 808
427 81
428 990
429 643
430 804
430 687
431 27
431 477
431 150
431 631
431 270
431 745
431 317
431 432
431 564
431 295
432 547
432 431
432 701
432 620
433 426
434 454
434 257
435 870
435 646
436 362
436 373
436 742
436 876
436 391
436 810
437 683
437 413
437 70
437 982
437 888
437 78
437 723
437 718
437 481
437 27
437 370
437 346
437 697
437 308
438 933
438 615
439 395
439 562
439 815
439 159
439 892
440 98
440 331
441 736
441 275
441 941
441 893
442 804
442 741
442 226
442 942
443 692
443 61
443 536
443 148
444 336
445 415
445 628
446 689
446 840
446 60
447 337
447 547
448 248
448 977
448 3
448 488
448 511
448 75
448 32
448 742
448 840
448 737
449 554
449 580
449 788
449 844
449 874
449 494
449 659
449 687
450 848
450 146
451 326
451 790
451 166
451 810
452 426
454 805
454 103
454 434
454 318
454 54
454 7
454 811
455 349
455 144
455 98
456 375
456 331
456 879
457 163
457 876
458 754
458 925
458 510
458 948
458 781
458 61
458 373
458 919
459 113
459 878
460 769
460 628
461 404
462 130
462 353
463 325
463 83
463 655
464 217
467 350
467 879
469 130
469 61
469 146
469 892
470 255
471 649
472 169
473 315
476 862
477 767
477 362
477 431
477 815
478 884
478 650
478 677
479 949
479 862
480 804
480 331
481 437
482 760
482 750
483 768
484 656
484 894
484 313
484 780
484 850
484 103
484 697
485 681
485 410
485 628
485 954
486 373
486 80
486 574
487 404
487 806
488 448
488 349
489 410
489 57
490 404
491 691
493 539
493 410
493 233
493 639
494 449
494 121
496 878
496 156
497 904
497 840
498 32
498 536
498 60
499 7
499 894
499 811
500 806
502 747
502 425
502 315
503 707
504 628
504 537
505 331
506 24
507 750
508 694
508 640
508 166
509 733
509 687
510 458
511 681
511 448
511 370
512 351
512 65
512 144
513 53
513 331
514 385
514 193
514 934
515 415
516 733
516 562
516 910
517 655
518 540
518 825
518 100
518 358
518 247
518 220
519 772
520 689
521 738
521 137
521 112
523 174
524 811
525 579
526 426
526 109
526 687
526 148
527 547
527 565
528 694
528 741
528 398
528 281
529 61
529 303
529 919
530 904
531 974
531 760
532 540
532 184
532 115
532 242
533 772
533 643
534 197
534 919
535 860
535 5
535 699
535 118
535 950
535 672
535 620
535 60
536 961
536 821
536 644
536 53
536 13
536 928
536 498
536 208
536 443
537 6
537 200
537 10
537 961
537 504
537 712
537 720
537 700
537 176
537 589
537 100
537 342
538 815
538 790
538 620
539 493
539 759
539 77
539 801
539 875
539 692
539 871
540 532
540 733
540 518
541 862
542 344
542 49
542 570
542 135
542 994
542 246
542 855
542 358
543 781
543 336
544 975
544 373
544 94
544 390
545 8
545 987
545 202
545 588
547 216
547 447
547 553
547 971
547 181
547 527
547 432
547 769
547 701
547 250
547 159
547 919
548 579
549 113
549 812
549 595
549 884
549 555
550 831
550 370
550 760
550 847
550 390
552 277
553 327
553 547
553 954
554 449
555 24
555 549
556 57
557 954
558 974
559 27
559 233
559 30
560 116
560 121
561 179
561 810
562 25
562 609
562 766
562 379
562 414
562 17
562 516
562 791
562 327
562 264
562 222
562 800
562 439
563 252
564 431
565 107
565 142
565 350
565 527
566 179
566 692
567 933
568 917
569 773
569 29
570 542
572 701
572 763
573 226
574 600
574 859
574 486
574 133
574 826
574 664
574 581
574 246
574 52
576 412
577 949
577 353
578 738
578 910
578 370
579 407
579 907
579 630
579 525
579 119
579 548
580 449
580 373
580 44
580 370
581 834
581 831
581 598
581 574
581 689
582 792
582 80
583 148
584 56
584 691
584 954
586 373
586 349
586 217
587 215
587 375
587 80
588 160
588 36
588 68
588 299
588 836
588 545
589 985
589 537
589 880
591 17
591 878
592 81
592 750
593 94
594 369
594 879
595 52
595 197
595 549
595 933
596 834
596 126
597 116
597 737
597 353
598 675
598 922
598 784
598 790
598 581
598 165
598 92
598 20
598 365
599 174
600 973
600 574
600 684
600 806
600 109
600 892
600 847
601 701
601 772
602 223
604 257
604 80
605 197
605 149
606 655
607 358
607 281
608 870
609 562
609 628
609 44
609 80
610 252
610 121
610 990
611 904
611 934
611 44
611 847
612 149
613 760
614 919
615 273
615 54
615 347
615 809
615 44
615 438
615 278
615 113
615 412
616 252
616 808
617 834
617 750
618 387
619 904
620 660
620 61
620 345
620 432
620 181
620 535
620 538
620 725
620 878
621 949
623 169
625 688
625 849
625 746
625 851
625 918
626 143
626 814
626 795
627 233
628 399
628 460
628 698
628 977
628 485
628 609
628 920
628 445
628 504
628 112
629 169
630 579
630 701
631 400
631 431
632 933
633 926
633 750
634 395
634 673
634 840
636 186
636 98
636 840
636 336
636 235
637 781
638 346
638 362
638 741
638 772
639 707
639 100
639 418
639 920
639 264
639 493
639 690
639 912
640 843
640 508
640 912
640 219
640 8
640 734
640 653
640 735
640 272
640 410
640 1000
640 871
641 752
641 918
643 926
643 923
643 6
643 81
643 57
643 304
643 126
643 363
643 7
643 262
643 429
643 533
643 44
643 714
644 387
644 536
644 962
644 750
645 250
645 892
646 182
646 721
646 845
646 324
646 257
646 741
646 851
646 435
646 357
647 679
647 834
647 217
648 60
649 841
649 326
649 256
649 471
649 831
649 905
649 214
649 146
650 478
651 878
651 943
652 910
652 933
652 768
653 834
653 640
653 277
655 517
655 463
655 606
655 786
655 364
655 345
655 197
655 790
655 954
655 109
655 737
656 235
656 737
656 847
656 484
656 335
657 733
657 255
658 962
658 331
658 163
658 137
659 449
659 933
659 880
660 98
660 620
660 942
661 390
662 742
662 876
663 746
663 350
663 876
664 81
664 574
664 990
665 707
665 315
666 137
666 221
666 335
667 44
668 747
668 918
669 116
672 535
672 60
673 16
673 366
673 634
673 121
673 156
673 737
674 202
674 894
674 338
674 217
674 840
674 163
675 598
676 369
676 281
676 338
676 335
677 478
677 269
678 415
678 276
678 144
678 870
679 291
679 142
679 696
679 647
679 29
680 327
681 511
681 485
681 812
681 59
681 142
681 85
681 176
681 225
681 123
681 847
682 834
682 8
683 437
683 257
684 600
684 106
684 385
684 880
685 387
687 703
687 509
687 946
687 449
687 266
687 75
687 916
687 761
687 839
687 344
687 983
687 106
687 751
687 526
687 430
687 194
687 174
687 214
688 27
688 625
688 32
689 446
689 805
689 581
689 520
689 764
689 355
689 889
689 886
689 796
689 385
689 724
689 391
690 639
691 300
691 491
691 104
691 812
691 584
691 720
691 393
691 795
691 928
691 109
692 418
692 247
692 884
692 443
692 42
692 345
692 566
692 539
692 180
692 365
692 99
693 215
693 144
693 156
693 94
694 508
694 528
694 168
694 709
694 298
694 815
694 848
695 37
696 679
696 834
696 349
697 133
697 362
697 437
697 484
698 628
699 535
700 56
700 537
701 946
701 572
701 360
701 601
701 889
701 630
701 199
701 128
701 72
701 547
701 725
701 432
702 404
703 943
703 687
704 350
705 350
705 870
705 94
706 126
707 67
707 665
707 503
707 639
707 425
709 694
709 61
709 406
710 363
710 847
711 174
711 109
712 983
712 537
713 806
714 382
714 718
714 24
714 643
715 375
716 426
716 137
717 196
717 174
718 27
718 367
718 714
718 126
718 910
718 233
718 437
718 760
719 894
719 226
719 146
720 128
720 691
720 537
721 646
722 261
723 437
724 9
724 785
724 775
724 199
724 766
724 762
724 226
724 689
725 701
725 620
726 773
726 295
727 7
727 257
728 4
729 56
729 226
729 159
729 235
729 277
730 24
730 250
730 847
731 121
732 202
733 540
733 657
733 516
733 509
733 7
733 375
734 640
734 335
735 128
735 640
735 148
736 441
736 987
736 166
736 811
737 656
737 448
737 673
737 350
737 420
737 779
737 89
737 655
737 597
737 137
738 521
738 285
738 168
738 859
738 578
738 974
740 870
741 638
741 442
741 24
741 294
741 994
741 528
741 281
741 221
741 646
742 421
742 76
742 770
742 448
742 27
742 138
742 322
742 436
742 5
742 208
742 754
742 954
742 801
742 662
742 4
742 763
742 806
742 112
743 773
743 156
743 94
744 250
745 431
745 269
745 954
746 201
746 663
746 625
746 252
747 899
747 332
747 502
747 105
747 668
747 270
747 802
747 362
748 126
748 32
749 149
749 871
750 273
750 482
750 592
750 988
750 644
750 507
750 617
750 386
750 14
750 633
751 687
751 862
752 641
752 260
753 375
753 226
753 174
754 458
754 807
754 57
754 250
754 742
754 255
756 17
756 358
757 8
758 792
758 349
759 539
759 812
759 987
760 613
760 718
760 531
760 482
760 160
760 186
760 550
760 373
760 346
760 898
760 943
761 812
761 303
761 109
761 687
762 27
762 724
762 375
763 572
763 887
763 742
763 85
764 127
764 295
764 123
764 689
764 847
764 943
765 128
766 270
766 562
766 724
766 226
767 477
768 852
768 652
768 483
768 785
768 102
768 856
768 218
768 216
769 369
769 460
769 68
769 863
769 117
769 209
769 967
769 547
769 323
770 174
770 742
771 121
771 810
772 354
772 533
772 369
772 519
772 851
772 63
772 638
772 601
772 190
772 375
772 281
772 123
772 109
773 726
773 957
773 743
773 569
773 115
773 885
773 862
775 724
775 876
777 44
778 123
778 94
779 880
779 737
780 80
780 484
780 862
781 829
781 543
781 458
781 48
781 637
781 372
781 948
781 250
781 910
783 949
784 369
784 598
785 202
785 724
785 349
785 768
786 655
786 847
788 449
788 919
789 17
790 237
790 864
790 219
790 655
790 358
790 254
790 86
790 324
790 310
790 387
790 379
790 451
790 538
790 252
790 598
791 562
792 850
792 56
792 846
792 582
792 758
792 892
793 369
793 28
794 426
795 626
795 691
795 847
796 17
796 7
796 28
796 878
796 689
797 894
798 7
798 57
799 933
800 562
801 539
801 742
801 60
802 747
803 404
803 336
804 480
804 886
804 43
804 430
804 215
804 896
804 356
804 442
804 917
804 303
805 454
805 689
806 600
806 713
806 500
806 487
806 886
806 75
806 742
806 276
806 419
806 143
806 921
807 334
807 754
807 971
807 132
807 141
807 52
807 65
807 353
808 426
808 301
808 930
808 885
808 616
808 10
808 69
808 383
808 255
808 216
808 869
808 406
809 615
810 931
810 254
810 561
810 388
810 312
810 451
810 436
810 410
810 771
810 913
811 828
811 454
811 849
811 18
811 283
811 369
811 524
811 736
811 194
811 499
812 761
812 759
812 256
812 681
812 691
812 549
812 933
813 995
813 126
813 252
813 990
813 879
814 626
815 538
815 369
815 145
815 345
815 694
815 439
815 859
815 477
815 221
816 387
816 373
817 126
817 281
818 985
818 7
819 426
821 133
821 536
821 880
822 17
822 122
822 217
823 426
824 949
825 518
826 367
826 373
826 574
827 975
827 349
828 811
829 781
829 934
829 391
830 367
831 900
831 550
831 581
831 888
831 649
832 356
832 48
832 183
832 124
832 284
832 149
832 277
833 995
833 32
833 933
833 962
833 353
834 617
834 858
834 696
834 596
834 344
834 647
834 653
834 581
834 682
834 998
834 990
836 588
836 250
836 217
837 163
838 159
839 7
839 32
839 687
840 446
840 636
840 43
840 168
840 53
840 234
840 448
840 864
840 324
840 366
840 674
840 180
840 634
840 908
840 27
840 497
841 649
842 943
843 640
843 217
844 449
845 215
845 646
846 276
846 792
847 656
847 195
847 764
847 611
847 111
847 147
847 210
847 600
847 402
847 730
847 795
847 158
847 550
847 409
847 786
847 710
847 681
847 971
847 353
848 450
848 907
848 694
848 43
848 397
848 94
849 625
849 811
850 792
850 484
851 625
851 772
851 919
851 646
852 768
853 166
854 926
855 542
856 768
858 834
859 738
859 815
859 269
859 574
859 943
860 535
860 146
860 990
861 56
861 353
862 95
862 476
862 780
862 751
862 541
862 479
862 773
862 321
862 893
862 327
862 348
862 149
863 769
863 390
864 790
864 840
865 127
865 410
865 61
868 295
869 426
869 808
870 228
870 705
870 99
870 740
870 77
870 678
870 136
870 435
870 130
870 608
871 214
871 207
871 539
871 640
871 749
871 244
871 186
872 116
872 375
872 892
873 17
873 934
874 449
874 295
875 539
876 949
876 662
876 775
876 663
876 17
876 457
876 230
876 43
876 161
876 283
876 436
876 77
876 216
877 404
877 425
878 399
878 291
878 92
878 496
878 370
878 651
878 220
878 620
878 459
878 591
878 796
878 287
879 983
879 467
879 416
879 340
879 231
879 226
879 594
879 813
879 456
879 2
880 949
880 369
880 659
880 363
880 932
880 779
880 684
880 921
880 962
880 589
880 821
884 478
884 692
884 250
884 549
885 773
885 975
885 808
886 362
886 804
886 7
886 44
886 281
886 689
886 806
887 269
887 81
887 763
887 942
888 831
888 917
888 437
889 149
889 701
889 689
890 179
890 60
891 338
892 600
892 945
892 311
892 469
892 295
892 309
892 439
892 792
892 89
892 333
892 645
892 872
893 441
893 862
894 132
894 797
894 138
894 499
894 342
894 674
894 218
894 719
894 60
894 484
895 919
896 56
896 804
896 217
896 221
898 174
898 760
899 747
899 123
899 934
899 370
900 831
900 375
900 121
902 358
902 32
903 398
904 530
904 967
904 497
904 992
904 619
904 925
904 418
904 611
905 396
905 128
905 241
905 382
905 649
906 258
906 276
907 579
907 848
907 269
908 207
908 840
909 373
910 652
910 105
910 516
910 781
910 27
910 718
910 101
910 321
910 578
910 192
910 338
912 640
912 639
913 810
915 4
916 687
917 568
917 389
917 158
917 804
917 888
917 280
917 173
917 322
917 352
917 227
917 66
917 993
918 138
918 641
918 134
918 264
918 297
918 111
918 625
918 144
918 668
918 958
918 207
918 195
918 162
918 369
918 31
919 895
919 458
919 788
919 144
919 54
919 534
919 547
919 529
919 344
919 38
919 851
919 614
920 628
920 639
921 806
921 880
922 598
923 643
924 995
924 126
924 990
925 458
925 904
925 943
926 944
926 203
926 633
926 854
926 969
926 289
926 643
926 295
928 691
928 536
928 295
930 336
930 808
931 810
932 326
932 166
932 880
933 812
933 833
933 954
933 567
933 652
933 595
933 979
933 438
933 632
933 659
933 799
933 353
934 157
934 209
934 611
934 899
934 380
934 373
934 387
934 415
934 829
934 873
934 514
934 192
935 94
936 387
936 425
937 202
938 349
938 338
940 375
940 156
941 65
941 441
942 388
942 292
942 953
942 442
942 943
942 660
942 887
942 91
942 271
943 703
943 842
943 210
943 859
943 651
943 760
943 925
943 959
943 84
943 764
943 134
943 942
944 926
945 410
945 892
946 363
946 701
946 7
946 687
948 458
948 781
949 577
949 82
949 621
949 960
949 783
949 824
949 968
949 305
949 479
949 876
949 880
949 390
950 535
950 233
951 127
951 276
951 255
952 60
952 94
953 942
954 399
954 553
954 655
954 364
954 584
954 485
954 557
954 745
954 742
954 933
954 30
954 80
955 277
957 773
957 370
958 387
958 202
958 918
959 186
959 975
959 943
960 949
961 536
961 159
961 373
961 537
962 658
962 55
962 644
962 128
962 103
962 359
962 833
962 880
963 373
966 298
966 233
966 163
967 280
967 769
967 250
967 904
967 109
968 949
969 926
971 807
971 547
971 847
971 390
972 186
972 156
973 600
974 319
974 558
974 531
974 738
974 322
974 395
974 356
975 544
975 959
975 241
975 827
975 379
975 885
976 121
977 448
977 628
978 126
978 335
979 933
981 335
982 985
982 437
983 712
983 879
983 80
983 221
983 687
984 61
984 257
985 63
985 982
985 818
985 419
985 589
985 257
985 255
986 415
987 545
987 736
987 759
987 11
988 133
988 750
990 428
990 664
990 834
990 924
990 146
990 860
990 150
990 334
990 610
990 813
990 266
991 44
992 205
992 326
992 904
992 81
993 400
993 917
994 542
994 741
994 391
995 833
995 924
995 813
996 83
997 9
998 834
998 353
1000 640
1000 406
