1 410
1 469
2 301
2 402
2 173
2 708
2 584
2 85
2 171
2 559
2 303
2 240
2 470
3 448
3 911
4 216
4 728
4 915
4 207
4 122
4 742
4 331
4 850
4 711
4 883
5 303
5 26
5 685
5 472
5 697
5 507
5 535
5 742
5 656
5 995
5 970
6 306
6 131
6 675
6 23
6 938
6 156
6 537
6 336
6 963
6 662
6 970
7 798
7 818
7 796
7 499
7 733
7 886
7 362
7 267
7 674
7 150
7 837
7 272
7 935
7 43
7 612
7 643
7 569
7 356
7 835
8 545
8 351
8 27
8 378
8 251
8 323
8 757
8 225
8 682
8 352
8 272
8 987
8 299
8 18
8 640
8 602
8 970
9 837
9 711
9 931
9 699
9 649
9 724
9 245
9 685
10 958
10 497
10 272
10 642
10 980
10 521
10 436
10 31
10 684
10 866
10 299
10 537
10 391
10 790
10 696
10 70
10 337
10 884
10 835
11 987
11 673
11 91
11 36
11 508
11 892
12 287
12 582
12 430
12 35
13 536
13 672
13 483
13 208
13 834
14 186
14 750
14 117
14 160
14 369
14 854
15 80
15 609
15 143
15 983
15 545
15 128
15 339
15 722
15 299
16 939
16 429
16 64
16 952
16 53
16 617
16 174
16 841
16 28
16 106
16 413
16 124
16 358
16 438
16 821
16 673
16 30
16 760
16 166
16 54
16 736
16 798
17 591
17 789
17 822
17 33
17 254
17 873
17 756
17 296
17 158
17 195
17 796
17 562
17 876
18 811
18 894
18 592
18 197
18 8
18 491
18 582
18 946
18 884
19 595
19 967
20 349
20 598
20 646
20 621
21 73
21 279
21 353
21 192
21 900
21 433
22 801
22 821
22 35
22 970
22 728
22 395
22 27
22 315
22 388
22 347
22 316
23 636
23 172
23 582
23 69
23 981
23 6
23 96
24 555
24 506
24 730
24 651
24 142
24 741
24 202
24 714
24 336
24 353
24 477
24 30
24 27
24 471
25 562
25 349
25 301
25 662
25 683
26 116
26 148
26 703
26 653
26 92
26 5
26 717
27 559
27 22
27 718
27 283
27 762
27 423
27 371
27 688
27 24
27 775
27 431
27 8
27 910
27 742
27 30
27 840
27 529
27 524
27 305
28 71
28 372
28 139
28 136
28 793
28 796
28 219
28 212
28 16
28 773
28 497
28 285
28 502
29 207
29 192
29 679
29 692
29 468
29 104
29 783
29 138
29 875
29 97
29 583
29 234
29 129
29 359
29 582
29 69
30 306
30 270
30 124
30 333
30 27
30 954
30 16
30 55
30 34
30 261
30 202
30 24
30 977
30 67
30 192
30 315
30 339
30 770
31 802
31 430
31 174
31 382
31 858
31 787
31 818
31 277
31 760
31 135
31 128
31 235
31 10
31 817
31 942
31 373
31 470
32 448
32 839
32 138
32 688
32 351
32 902
32 748
32 498
32 833
32 335
32 511
32 411
32 440
32 719
33 17
33 144
33 331
33 59
33 616
33 810
33 945
34 114
34 671
34 743
34 520
34 485
34 824
34 519
34 635
34 560
34 30
34 109
34 85
34 166
34 963
34 70
34 312
35 997
35 549
35 696
35 389
35 12
35 456
35 736
35 356
35 510
35 22
36 11
36 332
36 39
36 710
36 245
36 548
36 313
36 689
36 610
36 185
36 593
36 430
36 712
36 932
36 92
37 236
37 109
37 99
37 127
37 436
37 920
37 111
37 839
37 335
37 779
37 68
37 456
37 137
37 900
38 395
38 362
38 349
38 919
38 379
38 921
38 48
38 744
39 144
39 615
39 36
39 43
39 711
40 502
40 468
41 640
41 735
41 559
41 70
41 308
42 692
42 331
42 68
42 459
42 997
42 240
43 869
43 711
43 568
43 98
43 39
43 178
43 928
43 197
43 804
43 840
43 876
43 245
43 985
43 7
43 437
43 968
43 69
44 214
44 259
44 580
44 886
44 611
44 667
44 924
44 688
44 260
44 188
44 614
44 398
44 643
44 615
44 467
44 166
44 898
44 875
44 252
44 744
44 979
44 62
44 503
45 215
45 77
45 780
46 854
46 659
46 462
46 240
46 620
46 88
46 668
46 770
46 397
47 133
47 885
47 141
47 631
48 175
48 38
48 584
48 451
48 892
48 271
48 832
48 81
48 786
48 808
48 926
49 542
49 117
49 379
49 880
49 539
49 997
49 869
49 857
50 122
50 510
50 343
50 153
50 857
51 350
51 691
51 451
51 404
52 385
52 843
52 289
52 807
52 358
52 574
52 359
52 715
53 513
53 536
53 840
53 385
53 16
53 497
53 963
53 695
53 876
53 969
54 816
54 16
54 307
54 800
54 407
54 735
54 117
54 313
54 158
54 572
54 943
54 615
54 919
54 697
54 511
54 907
54 733
54 857
55 30
55 962
55 362
56 861
56 700
56 729
56 896
56 248
56 101
56 619
56 725
56 122
56 752
56 266
56 424
56 818
56 792
56 234
56 405
57 205
57 894
57 675
57 193
57 748
57 683
57 643
57 108
57 959
57 602
57 356
58 401
58 161
58 995
58 169
58 697
58 461
59 542
59 478
59 525
59 929
59 420
59 906
59 33
59 670
59 583
59 528
59 681
59 61
59 303
59 461
60 446
60 498
60 535
60 473
60 277
60 721
60 493
60 488
60 572
60 538
60 672
60 113
60 207
60 858
60 981
61 984
61 529
61 469
61 443
61 59
61 865
61 458
61 709
61 441
61 148
61 620
61 108
61 611
61 457
61 945
62 102
62 510
62 243
62 44
62 871
62 476
62 706
62 852
62 221
62 76
63 985
63 772
63 309
63 997
63 648
63 430
63 168
63 730
63 218
63 514
64 280
64 398
64 609
64 143
64 16
64 848
65 941
65 310
65 207
65 512
65 807
65 326
65 703
65 490
66 171
66 928
66 523
66 766
66 111
66 426
66 597
66 275
66 196
66 917
66 324
66 442
66 780
66 490
66 88
66 835
67 216
67 122
67 873
67 653
67 570
67 823
67 253
67 30
67 622
67 112
67 532
67 437
68 98
68 260
68 37
68 697
68 42
68 295
68 370
68 288
68 141
68 163
68 769
68 918
68 761
68 491
68 852
69 572
69 283
69 458
69 552
69 134
69 43
69 464
69 503
69 363
69 516
69 873
69 141
69 29
69 23
69 303
69 869
69 88
70 933
70 224
70 41
70 706
70 34
70 551
70 217
70 10
70 673
70 124
70 198
70 450
71 28
71 607
71 883
72 701
72 482
72 81
72 653
72 951
72 198
72 658
72 559
72 626
72 734
72 371
72 629
73 172
73 657
73 21
73 851
73 907
73 749
73 739
73 143
73 925
73 718
73 112
73 698
73 640
73 627
74 753
74 723
74 370
75 448
75 806
75 687
75 887
75 831
76 385
76 164
76 922
76 82
76 272
76 895
76 151
76 837
76 89
76 252
76 159
76 742
76 835
76 62
77 205
77 459
77 93
77 430
77 692
77 318
77 45
77 355
77 234
77 110
77 857
77 539
77 350
77 144
77 870
77 878
77 337
77 949
77 256
77 455
78 805
78 620
78 375
78 308
78 499
78 364
78 187
78 672
78 556
78 852
79 107
79 165
79 739
79 793
79 405
79 291
79 178
79 821
79 459
79 932
80 983
80 146
80 587
80 486
80 15
80 287
80 352
80 604
80 954
80 582
80 218
80 780
80 609
80 176
80 919
80 347
80 761
80 811
80 668
81 392
81 179
81 427
81 312
81 136
81 48
81 117
81 664
81 992
81 887
81 489
81 72
81 895
81 173
81 643
81 379
81 605
81 521
81 907
82 230
82 545
82 542
82 177
82 644
82 953
82 636
82 365
82 544
82 563
82 709
82 134
82 819
82 670
82 283
82 880
82 779
82 76
83 381
83 317
83 996
83 271
83 550
83 211
83 788
83 219
83 366
84 295
84 281
84 943
84 823
84 404
85 469
85 347
85 2
85 34
85 98
85 436
85 906
85 681
85 817
85 130
85 87
85 658
85 991
85 617
86 290
86 602
86 468
86 864
86 939
86 563
86 313
86 195
86 232
86 848
86 841
87 975
87 597
87 641
87 755
87 287
87 840
87 85
87 470
87 424
87 787
87 150
87 338
87 109
87 350
87 477
87 898
87 559
87 850
88 390
88 926
88 69
88 539
88 986
88 532
88 66
88 506
88 708
88 499
88 911
88 331
88 46
89 415
89 367
89 349
89 892
89 221
89 737
89 712
89 76
89 483
90 118
90 910
90 290
91 629
91 892
91 874
91 11
91 493
91 942
91 166
91 325
91 261
91 347
92 36
92 425
92 984
92 1000
92 765
92 831
92 26
92 781
92 576
92 285
92 434
92 119
92 774
92 878
92 598
92 161
92 494
92 736
92 851
93 77
94 952
94 705
94 848
94 743
94 593
94 121
94 191
94 216
94 693
94 778
94 301
94 935
94 320
94 544
94 437
94 281
94 877
94 276
94 472
95 978
95 909
95 211
95 469
95 829
95 474
95 132
95 862
95 174
95 716
95 599
96 23
96 326
96 261
96 294
96 586
96 358
96 359
96 703
96 526
96 953
96 150
97 803
97 926
97 999
97 529
97 636
97 442
97 982
97 29
97 918
98 660
98 119
98 440
98 170
98 980
98 120
98 353
98 85
98 68
98 43
98 312
99 692
99 870
99 37
100 518
100 537
100 639
100 703
100 875
100 696
101 543
101 256
101 265
101 254
101 460
101 580
101 908
101 174
101 310
101 146
101 785
101 600
101 887
101 56
101 715
101 674
102 206
102 839
102 205
102 934
102 534
102 838
102 211
102 841
102 587
102 532
102 702
102 62
102 970
103 563
103 693
103 676
103 581
103 671
103 454
103 962
103 299
103 471
104 458
104 944
104 426
104 814
104 235
104 415
104 691
104 398
104 644
104 207
104 569
104 29
104 869
104 182
105 981
105 378
105 476
105 532
105 275
105 654
105 732
105 861
105 440
105 375
105 747
106 232
106 340
106 375
106 684
106 235
106 687
106 281
106 16
106 616
106 823
106 316
106 588
107 565
107 202
107 252
107 683
107 79
108 164
108 57
108 61
108 905
108 333
108 122
108 510
108 466
109 600
109 967
109 210
109 243
109 420
109 655
109 526
109 87
109 772
109 177
109 711
109 691
109 34
109 588
109 647
109 668
109 37
109 341
110 77
110 672
110 449
111 387
111 918
111 847
111 336
111 326
111 498
111 647
111 66
111 37
111 599
112 67
112 418
112 206
112 742
112 521
112 73
112 628
112 655
112 693
113 625
113 232
113 302
113 436
113 982
113 250
113 615
113 425
113 266
113 335
113 60
114 581
114 507
114 301
114 935
114 922
114 511
114 197
114 977
114 237
114 34
114 250
114 744
114 481
115 614
115 702
115 304
115 226
115 234
115 132
115 866
115 991
115 382
115 510
115 634
115 532
115 336
115 946
115 823
115 835
116 560
116 669
116 26
116 597
116 872
116 959
116 252
116 375
116 983
116 974
116 712
116 250
116 852
117 919
117 14
117 247
117 49
117 733
117 749
117 761
117 175
117 155
117 81
117 821
117 54
117 208
118 864
118 678
118 768
118 215
118 243
118 350
118 281
118 90
118 571
118 761
118 535
118 951
118 734
118 890
119 579
119 98
119 92
119 265
120 865
120 240
120 178
120 797
120 264
120 887
120 791
120 724
120 600
120 817
120 159
120 237
120 388
120 252
120 736
120 98
121 273
121 673
121 976
121 771
121 900
121 731
121 610
121 560
121 327
121 791
121 94
121 777
121 617
122 822
122 108
122 4
122 50
122 430
122 498
122 183
122 485
122 801
122 67
122 285
122 56
122 834
123 899
123 272
123 422
123 772
123 764
123 349
123 306
123 423
123 177
123 681
123 778
123 253
123 798
123 313
124 462
124 363
124 414
124 988
124 447
124 70
124 271
124 210
124 30
124 16
124 752
125 958
125 932
125 382
125 949
126 706
126 718
126 924
126 296
126 748
126 813
126 596
126 800
126 308
126 411
126 733
126 354
126 643
126 957
126 407
126 971
126 890
126 841
127 764
127 167
127 951
127 865
127 313
127 195
127 37
128 320
128 287
128 31
128 765
128 389
128 254
128 198
128 720
128 735
128 646
128 865
128 567
128 15
128 694
128 894
128 701
128 349
128 962
128 197
128 297
128 968
128 641
129 29
129 555
129 404
129 670
129 470
129 233
129 894
129 919
129 437
130 469
130 322
130 462
130 720
130 710
130 820
130 783
130 713
130 395
130 989
130 85
130 464
130 870
130 219
130 925
130 141
130 241
131 598
131 580
131 719
131 968
131 405
131 360
131 407
131 193
131 379
131 385
131 234
131 6
132 807
132 894
132 148
132 364
132 115
132 653
132 431
132 95
132 214
132 670
133 988
133 47
133 697
133 219
133 821
133 975
133 386
133 474
133 574
133 926
133 343
134 325
134 918
134 943
134 192
134 69
134 82
135 542
135 875
135 31
135 502
136 342
136 172
136 402
136 842
136 290
136 28
136 81
136 870
136 295
136 197
136 469
136 892
136 510
136 665
136 629
137 658
137 381
137 521
137 348
137 413
137 37
137 649
137 828
137 949
137 970
137 536
137 737
137 602
137 821
138 894
138 32
138 146
138 742
138 918
138 255
138 609
138 521
138 160
138 29
138 407
139 28
139 326
139 786
139 498
139 584
139 595
139 466
140 202
140 779
140 498
140 934
140 741
141 152
141 130
141 47
141 807
141 68
141 150
141 971
141 508
141 69
142 679
142 387
142 565
142 681
142 217
142 326
142 24
142 988
142 469
142 647
143 923
143 325
143 1000
143 985
143 957
143 996
143 898
143 173
143 750
143 64
143 524
143 15
143 737
143 144
143 73
143 452
143 670
144 382
144 317
144 512
144 416
144 693
144 77
144 678
144 39
144 33
144 304
144 801
144 788
144 549
144 918
144 919
144 143
144 840
144 907
144 230
144 674
144 623
145 815
145 305
146 101
146 719
146 450
146 860
146 138
146 469
146 826
146 592
146 298
146 742
146 80
146 990
146 456
146 252
146 160
146 839
147 847
147 363
147 452
147 301
148 361
148 26
148 443
148 257
148 583
148 132
148 213
148 526
148 584
148 247
148 61
148 672
148 861
148 559
149 179
149 605
149 612
149 889
149 749
149 832
149 792
149 272
149 338
149 862
149 489
149 988
149 502
149 900
150 851
150 141
150 410
150 799
150 96
150 905
150 884
150 492
150 576
150 707
150 732
150 357
150 723
150 401
150 351
150 431
150 990
150 724
150 87
150 388
150 754
150 7
150 524
151 644
151 76
151 968
152 141
152 873
153 272
153 639
153 50
153 898
153 458
153 949
153 490
154 985
154 734
154 970
155 197
155 117
156 6
156 940
156 972
156 673
156 496
156 743
156 951
156 255
156 287
157 934
157 221
157 406
157 315
158 17
158 917
158 847
158 707
158 54
158 717
159 961
159 729
159 547
159 76
159 439
159 838
159 120
159 410
159 885
159 891
160 138
160 14
160 200
160 146
160 476
160 760
160 763
160 214
160 430
161 164
161 934
161 92
161 874
161 879
161 751
161 58
161 250
161 876
161 971
161 858
162 326
162 918
162 559
162 945
163 837
163 966
163 202
163 674
163 457
163 862
163 68
164 108
164 161
164 685
164 869
164 76
164 343
165 223
165 598
165 315
165 655
165 79
165 599
166 853
166 932
166 451
166 206
166 34
166 91
166 657
166 44
166 16
166 520
166 939
166 488
166 987
166 303
166 973
167 127
167 342
167 285
167 234
167 995
167 466
168 827
168 240
168 173
168 775
168 63
168 694
168 738
168 613
168 786
168 489
168 230
168 479
168 723
169 962
169 58
169 501
169 966
169 805
169 477
169 652
169 277
169 663
169 631
169 734
169 311
170 350
170 98
171 833
171 417
171 478
171 895
171 2
171 388
171 923
171 224
171 668
171 410
171 324
171 66
172 957
172 23
172 769
172 477
172 531
172 136
172 338
172 73
172 435
172 658
173 917
173 143
173 81
173 2
173 168
174 523
174 95
174 464
174 812
174 793
174 646
174 615
174 867
174 973
174 496
174 434
174 577
174 524
174 702
174 16
174 31
174 508
174 101
174 649
175 212
175 117
175 48
175 841
176 681
176 537
176 80
176 861
177 123
177 109
177 959
177 945
177 343
177 82
178 582
178 43
178 945
178 120
178 79
179 890
179 566
179 561
179 346
179 369
179 410
179 149
179 81
179 692
179 195
179 952
179 214
179 299
179 739
180 197
180 692
180 840
181 547
181 620
181 311
182 582
182 104
182 705
182 235
182 617
182 384
182 448
182 195
182 646
183 832
183 336
183 122
183 398
183 911
183 470
184 532
184 611
184 265
184 449
185 983
185 309
185 36
185 643
185 858
186 636
186 316
186 972
186 416
186 959
186 14
186 871
186 760
186 803
186 279
186 301
187 852
187 797
187 253
187 983
187 78
187 308
187 255
187 599
188 718
188 44
188 208
189 395
189 353
189 738
189 198
189 616
189 470
189 599
190 772
190 511
191 202
191 338
191 217
191 94
191 212
191 982
191 409
191 397
192 134
192 377
192 538
192 21
192 30
192 29
192 910
192 780
193 325
193 383
193 993
193 397
193 494
193 929
193 691
193 586
193 657
193 363
193 748
193 301
193 263
193 131
193 57
193 852
194 811
194 687
194 803
194 483
195 571
195 348
195 182
195 790
195 275
195 617
195 127
195 896
195 179
195 17
195 226
195 281
195 847
195 86
195 780
196 717
196 66
196 197
196 712
196 834
196 641
197 155
197 180
197 351
197 196
197 534
197 43
197 220
197 114
197 595
197 320
197 545
197 266
197 447
197 884
197 18
197 128
197 136
197 666
197 257
197 336
197 390
197 370
197 469
197 695
197 470
197 783
198 266
198 538
198 352
198 70
198 72
198 891
198 189
198 933
198 820
198 128
198 409
199 701
199 724
199 953
199 832
199 646
199 668
200 215
200 537
200 160
200 899
201 746
201 467
201 967
202 545
202 140
202 732
202 309
202 958
202 344
202 937
202 347
202 402
202 24
202 107
202 785
202 191
202 674
202 163
202 277
202 30
202 670
203 926
203 918
203 473
204 781
204 722
204 588
205 992
205 57
205 77
205 415
205 995
205 884
205 102
206 166
206 425
206 112
206 237
206 102
206 835
207 908
207 835
207 263
207 60
207 661
207 236
207 104
207 325
207 29
207 65
207 4
207 871
207 918
207 785
207 503
208 886
208 861
208 188
208 13
208 822
208 858
208 223
208 780
208 939
208 312
208 117
208 536
208 281
208 742
208 873
209 769
209 934
209 390
209 559
210 215
210 109
210 847
210 943
210 124
210 482
210 683
211 259
211 387
211 494
211 83
211 653
211 95
211 469
211 582
211 102
211 970
212 269
212 28
212 350
212 191
212 262
212 855
212 617
212 175
212 877
212 405
212 472
212 890
212 858
213 148
213 446
213 623
213 471
214 418
214 272
214 523
214 469
214 160
214 179
214 245
214 929
214 132
214 781
214 662
214 387
214 44
214 871
214 687
214 930
214 265
215 845
215 323
215 210
215 693
215 587
215 200
215 45
215 334
215 592
215 863
215 118
215 649
216 547
216 4
216 217
216 876
216 808
216 94
216 768
216 67
216 426
217 306
217 191
217 586
217 216
217 836
217 843
217 822
217 142
217 674
217 368
217 647
217 896
217 464
217 991
217 336
217 347
217 287
217 842
217 70
217 880
217 869
217 668
218 390
218 982
218 701
218 545
218 63
218 894
218 80
218 852
218 311
219 490
219 516
219 694
219 692
219 620
219 993
219 288
219 775
219 28
219 130
219 83
219 651
219 389
219 366
219 133
219 790
219 385
219 857
220 197
220 518
220 878
220 698
220 834
220 234
220 744
220 341
221 983
221 378
221 89
221 296
221 741
221 340
221 157
221 815
221 896
221 351
221 363
221 909
221 905
221 971
221 509
221 62
222 562
222 237
222 878
222 240
222 841
223 165
223 368
223 991
223 899
223 863
223 480
223 929
223 754
223 946
223 208
224 448
224 780
224 171
224 70
225 681
225 8
225 988
225 545
225 761
225 582
225 382
225 503
226 573
226 442
226 719
226 729
226 753
226 766
226 724
226 195
226 879
226 115
226 407
227 917
227 370
227 550
227 431
227 711
227 684
228 870
228 535
228 761
229 617
229 993
229 292
229 401
229 946
229 394
229 264
229 347
229 648
230 168
230 869
230 565
230 275
230 144
230 753
230 405
230 82
231 879
231 918
231 468
232 106
232 86
232 113
232 711
232 522
232 911
233 407
233 559
233 718
233 950
233 129
233 966
233 300
233 493
233 411
233 578
233 326
233 250
234 617
234 346
234 56
234 29
234 555
234 694
234 421
234 622
234 676
234 167
234 131
234 695
234 220
234 467
234 909
234 624
234 597
234 440
234 840
234 77
234 115
235 656
235 729
235 636
235 106
235 31
235 658
235 702
235 480
235 385
235 983
235 950
235 104
235 182
236 37
236 207
236 696
236 473
236 858
237 474
237 114
237 120
237 627
237 862
237 222
237 478
237 206
237 556
237 618
237 676
237 790
237 336
237 773
237 308
237 265
237 481
237 953
238 884
239 266
239 950
239 351
240 645
240 858
240 2
240 222
240 42
240 168
240 120
240 316
240 46
240 468
241 416
241 627
241 130
241 287
241 975
241 456
241 666
242 651
242 532
242 891
242 633
242 452
242 809
242 426
242 702
243 109
243 118
243 687
243 62
244 369
244 871
244 870
244 811
244 301
244 662
244 617
244 926
244 503
245 613
245 674
245 827
245 9
245 792
245 43
245 36
245 214
245 509
246 369
246 542
246 574
246 390
246 405
246 316
247 692
247 518
247 421
247 609
247 117
247 584
247 148
247 761
247 771
247 461
248 448
248 250
248 959
248 56
248 617
248 892
249 424
249 413
249 511
249 262
249 662
249 738
249 780
249 829
249 343
249 653
250 645
250 836
250 547
250 754
250 248
250 161
250 781
250 113
250 114
250 518
250 944
250 466
250 116
250 783
250 973
250 526
250 829
250 940
250 233
250 529
250 877
250 953
251 8
251 803
251 379
252 610
252 746
252 76
252 116
252 395
252 416
252 563
252 790
252 616
252 813
252 44
252 791
252 107
252 882
252 849
252 460
252 120
252 146
252 902
252 879
252 461
253 123
253 801
253 834
253 187
253 67
253 602
253 925
253 741
253 394
254 128
254 17
254 790
254 810
254 817
254 287
254 694
254 626
254 101
254 316
255 388
255 257
255 138
255 268
255 754
255 355
255 974
255 851
255 156
255 738
255 187
255 671
255 413
255 808
255 963
255 985
255 394
256 77
256 812
256 953
256 847
256 400
256 101
257 683
257 727
257 604
257 328
257 985
257 434
257 197
257 984
257 463
257 255
257 148
257 715
257 629
258 906
258 529
258 331
258 270
258 835
259 211
259 420
259 326
259 44
259 279
259 821
259 883
260 866
260 606
260 625
260 44
260 68
260 339
260 370
261 989
261 448
261 974
261 91
261 416
261 782
261 282
261 364
261 30
261 289
261 96
262 643
262 212
262 738
262 614
262 249
263 207
263 833
263 193
264 447
264 526
264 388
264 502
264 432
264 416
264 816
264 415
264 639
264 785
264 120
264 556
264 229
264 343
265 874
265 722
265 729
265 119
265 878
265 446
265 184
265 214
265 390
265 237
265 562
265 415
265 950
265 754
265 101
265 466
266 312
266 981
266 714
266 113
266 239
266 387
266 375
266 687
266 197
266 56
266 198
266 337
266 711
267 7
267 873
267 287
267 666
267 997
267 626
267 617
267 472
268 255
268 810
269 887
269 859
269 745
269 907
269 297
269 283
269 677
269 295
269 212
269 337
269 339
269 900
269 668
270 766
270 360
270 692
270 584
270 938
270 258
270 861
270 479
270 614
270 603
270 431
270 747
270 30
270 856
270 466
271 942
271 124
271 83
271 48
271 437
272 298
272 640
272 123
272 425
272 10
272 149
272 8
272 7
272 831
272 458
272 214
272 76
272 153
272 503
273 615
273 121
273 750
273 673
273 879
273 508
274 331
274 742
274 770
275 441
275 779
275 904
275 655
275 195
275 804
275 230
275 105
275 66
275 461
276 348
276 951
276 846
276 334
276 906
276 678
276 356
276 94
276 623
276 679
276 908
276 622
276 320
276 806
276 353
276 366
276 484
276 407
277 169
277 412
277 202
277 729
277 832
277 653
277 552
277 955
277 60
277 31
278 615
278 314
278 657
279 442
279 693
279 419
279 259
279 690
279 551
279 186
279 21
279 303
279 647
279 510
279 851
279 311
280 967
280 407
280 64
280 917
280 970
281 84
281 393
281 195
281 741
281 528
281 817
281 208
281 676
281 772
281 886
281 661
281 94
281 106
281 118
281 361
282 498
282 653
282 261
283 717
283 893
283 563
283 667
283 27
283 269
283 811
283 303
283 297
283 682
283 842
283 797
283 856
283 69
283 82
284 832
284 362
284 452
285 122
285 28
285 167
285 915
285 948
285 738
285 92
285 771
285 305
286 336
286 443
286 934
287 776
287 267
287 254
287 217
287 156
287 671
287 12
287 301
287 654
287 128
287 878
287 80
287 925
287 489
287 87
287 405
287 241
288 219
288 68
288 308
288 970
289 920
289 728
289 895
289 613
289 899
289 364
289 733
289 261
289 843
289 803
289 325
289 290
289 393
289 52
289 529
290 837
290 90
290 86
290 136
290 289
291 679
291 878
291 364
291 977
291 324
291 649
291 559
291 968
291 79
292 782
292 367
292 505
292 785
292 766
292 915
292 472
292 706
292 663
292 463
292 400
292 942
292 646
292 712
292 229
293 872
293 883
293 446
294 366
294 741
294 353
294 643
294 880
294 823
294 556
294 481
294 905
294 96
295 84
295 764
295 386
295 726
295 431
295 874
295 269
295 136
295 928
295 926
295 868
295 885
295 892
295 68
295 873
295 442
295 735
296 17
296 126
296 221
296 763
296 611
296 498
297 618
297 445
297 283
297 416
297 128
297 366
297 631
297 269
297 763
298 272
298 694
298 966
298 324
298 738
298 146
298 792
299 898
299 925
299 179
299 465
299 562
299 829
299 15
299 928
299 103
299 634
299 10
299 584
299 8
299 468
299 466
300 691
300 233
300 324
301 942
301 964
301 551
301 186
301 25
301 244
301 147
301 776
301 94
301 951
301 287
301 963
301 2
301 797
301 114
301 193
302 978
302 636
302 309
302 653
302 113
302 839
302 890
303 892
303 279
303 283
303 444
303 69
303 2
303 59
303 859
303 5
303 734
303 166
303 695
304 144
304 643
304 425
304 115
304 959
305 27
305 803
305 145
305 285
305 459
305 971
305 626
306 30
306 217
306 123
306 372
306 918
306 6
307 54
307 858
308 355
308 187
308 288
308 237
308 888
308 41
308 126
308 309
308 880
308 650
308 394
308 78
309 308
309 317
309 185
309 490
309 302
309 995
309 782
309 624
309 512
309 63
309 202
309 498
309 459
310 65
310 790
310 353
310 313
310 808
310 101
311 218
311 799
311 856
311 324
311 333
311 367
311 181
311 920
311 279
311 672
311 169
311 617
311 722
312 34
312 894
312 852
312 538
312 443
312 914
312 98
312 81
312 266
312 208
312 695
313 944
313 731
313 817
313 310
313 123
313 921
313 127
313 86
313 848
313 54
313 36
313 657
314 892
314 658
314 830
314 522
314 993
314 855
314 590
314 278
314 482
314 366
314 415
314 872
314 554
314 471
315 22
315 165
315 933
315 30
315 157
315 574
315 963
315 877
315 892
316 254
316 408
316 246
316 240
316 659
316 106
316 22
316 595
316 547
316 772
316 533
316 780
316 405
316 186
316 804
317 83
317 346
317 431
317 144
317 309
318 454
318 77
318 502
318 973
318 767
319 944
319 602
319 854
319 727
319 611
319 843
319 338
319 656
319 663
319 809
319 812
319 409
319 969
320 128
320 197
320 331
320 94
320 873
320 809
320 589
320 276
321 369
321 910
321 862
321 470
322 130
322 917
322 742
322 974
322 353
322 370
322 850
323 215
323 769
323 8
323 775
323 545
324 171
324 788
324 883
324 493
324 344
324 66
324 291
324 300
324 298
324 790
324 840
324 978
324 946
324 657
324 311
325 463
325 134
325 91
325 143
325 207
325 850
325 289
325 193
326 451
326 259
326 65
326 162
326 932
326 992
326 139
326 142
326 233
326 111
326 933
326 769
326 430
326 96
327 680
327 553
327 562
327 862
327 121
327 982
328 257
328 353
328 875
328 665
329 350
329 405
330 371
330 331
330 682
330 621
331 658
331 513
331 274
331 480
331 423
331 440
331 330
331 88
331 505
331 320
331 33
331 42
331 4
331 832
331 381
331 510
331 749
331 258
331 636
331 840
331 926
332 747
332 978
332 539
332 36
333 517
333 712
333 723
333 656
333 482
333 451
333 459
333 30
333 108
333 817
333 359
333 722
333 311
334 276
334 415
334 807
334 990
334 215
334 878
334 696
335 37
335 676
335 362
335 697
335 745
335 433
335 768
335 113
335 565
335 643
335 574
335 644
335 459
335 32
335 869
336 6
336 237
336 183
336 636
336 115
336 930
336 286
336 197
336 543
336 24
336 217
336 444
336 111
336 456
336 982
336 891
336 510
336 481
337 77
337 785
337 524
337 558
337 10
337 269
337 395
337 266
337 447
338 319
338 191
338 149
338 676
338 674
338 910
338 172
338 87
338 938
338 555
338 887
338 616
338 472
338 770
338 483
339 269
339 432
339 592
339 819
339 538
339 589
339 536
339 260
339 15
339 363
339 30
339 894
339 658
340 106
340 221
340 879
340 412
340 356
340 823
340 711
341 780
341 478
341 878
341 482
341 220
341 858
341 109
341 367
341 663
341 559
341 775
342 896
342 167
342 553
342 888
342 677
342 377
342 947
342 136
342 350
342 537
342 514
342 779
342 370
342 797
343 527
343 849
343 392
343 611
343 264
343 790
343 50
343 845
343 438
343 177
343 739
343 133
343 164
343 672
343 907
343 952
343 478
343 249
343 665
344 542
344 834
344 202
344 687
344 919
344 324
344 711
345 655
345 692
345 815
345 620
345 613
346 638
346 418
346 317
346 179
346 443
346 552
346 372
346 760
346 390
346 234
347 80
347 559
347 217
347 886
347 604
347 22
347 361
347 356
347 229
347 554
347 962
347 522
347 91
347 880
347 202
347 615
347 85
347 951
347 626
348 276
348 137
348 862
348 581
348 195
348 372
348 780
349 455
349 586
349 128
349 488
349 758
349 38
349 938
349 20
349 696
349 25
349 827
349 89
349 774
349 994
349 123
349 394
350 51
350 329
350 663
350 704
350 705
350 342
350 77
350 170
350 87
350 565
350 373
350 737
350 467
350 212
350 118
350 450
350 648
351 512
351 150
351 544
351 698
351 239
351 197
351 8
351 32
351 366
351 978
351 531
351 221
352 917
352 80
352 412
352 198
352 8
352 711
352 522
352 767
353 310
353 276
353 328
353 189
353 597
353 807
353 577
353 861
353 322
353 416
353 998
353 933
353 462
353 24
353 847
353 294
353 98
353 21
353 814
353 959
353 494
353 524
353 631
354 772
354 126
354 372
354 469
354 665
355 308
355 689
355 255
355 77
355 887
356 795
356 565
356 851
356 35
356 7
356 655
356 982
356 822
356 422
356 340
356 57
356 692
356 832
356 276
356 974
356 703
356 347
357 646
357 491
357 736
357 150
358 607
358 756
358 902
358 52
358 542
358 790
358 518
358 16
358 508
358 96
358 599
359 567
359 333
359 697
359 462
359 29
359 898
359 52
359 479
359 418
359 772
359 962
359 96
360 701
360 131
360 529
360 734
360 556
360 270
360 471
360 973
361 650
361 281
361 533
361 539
361 148
361 588
361 347
361 770
362 886
362 436
362 284
362 697
362 38
362 638
362 881
362 55
362 927
362 611
362 7
362 747
362 335
362 804
362 974
362 949
362 852
363 946
363 710
363 378
363 534
363 147
363 643
363 124
363 559
363 221
363 339
363 69
363 193
364 973
364 261
364 957
364 78
364 588
364 461
364 132
364 291
364 523
364 774
364 570
364 698
364 954
364 817
364 289
365 692
365 406
365 598
365 797
365 82
365 622
366 294
366 219
366 626
366 276
366 933
366 351
366 792
366 83
366 372
366 314
366 840
366 581
366 769
366 297
366 617
366 599
367 830
367 826
367 89
367 718
367 911
367 442
367 782
367 914
367 292
367 653
367 839
367 426
367 341
367 311
368 223
368 217
368 892
368 833
369 594
369 246
369 784
369 179
369 793
369 321
369 395
369 676
369 244
369 14
369 906
369 753
369 769
369 815
369 772
369 811
369 918
370 421
370 899
370 227
370 580
370 578
370 958
370 197
370 602
370 342
370 322
370 943
370 529
370 74
370 260
370 437
370 68
370 702
370 717
371 330
371 863
371 794
371 691
371 72
371 627
371 806
371 27
371 497
371 727
371 641
372 306
372 462
372 569
372 469
372 348
372 354
372 28
372 781
372 769
372 366
372 443
372 346
373 961
373 381
373 909
373 544
373 580
373 816
373 826
373 586
373 350
373 458
373 436
373 486
373 500
373 31
373 934
373 760
373 406
374 982
374 405
375 900
375 105
375 266
375 733
375 587
375 940
375 753
375 762
375 106
375 116
375 456
375 872
375 656
375 887
375 966
375 772
375 467
375 457
375 454
375 911
375 78
376 412
376 878
377 342
377 613
377 840
377 192
377 854
378 8
378 221
378 663
378 363
378 945
378 105
378 730
378 926
379 81
379 952
379 49
379 575
379 979
379 38
379 251
379 562
379 790
379 975
379 477
379 656
379 131
379 887
380 934
380 658
380 672
380 783
381 83
381 373
381 137
381 331
381 884
381 890
382 393
382 426
382 703
382 462
382 125
382 225
382 714
382 144
382 905
382 115
382 31
383 521
383 775
383 458
383 193
383 465
384 932
384 182
385 899
385 131
385 819
385 53
385 219
385 235
385 689
385 684
385 737
385 52
385 76
386 441
386 704
386 863
386 712
386 515
386 796
386 295
386 953
386 559
386 823
386 133
386 981
386 666
387 214
387 142
387 816
387 266
387 936
387 111
387 618
387 644
387 958
387 658
387 211
387 512
387 790
387 934
387 491
388 120
388 994
388 927
388 552
388 150
388 608
388 787
388 918
388 22
388 725
388 498
388 255
388 942
388 264
388 171
388 471
389 128
389 917
389 425
389 219
389 959
389 653
389 905
389 735
389 839
389 35
389 621
390 949
390 863
390 971
390 346
390 197
390 661
390 550
390 209
390 544
390 246
390 431
390 265
390 218
390 88
391 10
391 994
391 829
391 689
391 436
391 640
391 806
391 592
391 529
391 616
392 81
392 494
392 890
392 343
393 546
393 289
393 772
393 691
393 281
393 382
394 253
394 308
394 255
394 654
394 968
394 349
394 704
394 518
394 904
394 983
394 400
394 409
394 229
395 439
395 38
395 189
395 634
395 369
395 252
395 974
395 130
395 337
395 22
396 905
396 442
397 439
397 806
397 46
397 826
397 964
397 851
397 990
397 774
397 917
397 191
397 489
397 875
397 511
397 556
397 193
398 528
398 64
398 104
398 903
398 625
398 496
398 183
398 703
398 750
398 44
398 471
398 641
399 628
399 878
399 954
399 674
400 292
400 993
400 764
400 619
400 839
400 825
400 256
400 512
400 394
400 497
400 712
400 483
401 58
401 150
401 734
401 229
402 136
402 202
402 847
402 727
402 736
402 2
403 738
403 523
403 977
403 832
403 414
404 803
404 487
404 545
404 567
404 482
404 51
404 84
404 411
404 938
404 964
404 129
405 630
405 628
405 702
405 230
405 588
405 670
405 610
405 56
405 474
405 212
405 481
405 374
405 246
405 565
405 873
405 430
405 641
405 799
405 287
405 329
405 703
405 131
405 482
405 951
405 316
405 79
405 503
406 1000
406 709
406 365
406 856
406 157
406 373
406 966
406 443
406 982
406 770
407 699
407 782
407 723
407 789
407 881
407 226
407 126
407 719
407 138
407 276
407 280
407 579
407 233
407 477
407 779
407 131
407 54
407 823
407 711
408 316
409 198
409 394
409 621
409 598
409 829
409 191
409 592
409 948
409 319
409 847
409 673
409 869
410 489
410 493
410 865
410 945
410 171
410 179
410 485
410 888
410 858
410 1
410 640
410 159
410 150
410 643
410 451
410 657
411 233
411 126
411 977
411 545
411 32
411 404
412 615
412 340
412 352
412 576
412 376
412 277
412 450
412 973
413 437
413 137
413 16
413 479
413 249
413 255
414 562
414 124
414 687
414 403
414 483
415 678
415 334
415 104
415 445
415 515
415 264
415 89
415 986
415 612
415 552
415 683
415 205
415 675
415 265
415 735
415 314
415 967
415 962
415 963
415 934
415 744
415 466
416 186
416 144
416 252
416 879
416 353
416 264
416 261
416 297
416 559
416 556
416 241
416 465
417 727
417 171
417 450
417 946
418 346
418 692
418 904
418 639
418 112
418 359
418 214
419 985
419 806
419 279
419 854
420 259
420 109
420 737
420 59
420 973
421 806
421 499
421 718
421 661
421 247
421 520
421 370
421 925
421 234
421 846
422 123
422 754
422 356
422 883
422 739
423 27
423 123
423 331
423 613
423 973
424 87
424 56
424 761
424 249
424 841
425 707
425 936
425 304
425 389
425 206
425 502
425 272
425 113
425 877
425 940
425 92
426 526
426 869
426 794
426 819
426 716
426 242
426 216
426 367
426 907
426 509
426 808
426 446
426 834
426 872
426 104
426 382
426 66
426 883
427 81
428 990
428 609
428 450
429 643
429 16
429 644
429 672
430 539
430 715
430 544
430 909
430 160
430 326
430 904
430 12
430 646
430 797
430 778
430 698
430 63
430 727
430 687
430 77
430 122
430 31
430 36
430 971
430 861
430 405
430 659
431 27
431 150
431 631
431 270
431 745
431 317
431 432
431 564
431 603
431 869
431 132
431 390
431 227
431 669
431 295
431 467
431 653
431 730
432 547
432 431
432 701
432 620
432 264
432 682
432 339
433 819
433 603
433 21
433 507
433 814
433 916
433 673
433 632
433 834
433 335
433 722
433 752
434 454
434 257
434 92
434 869
434 174
435 172
435 789
435 855
435 505
435 772
435 459
435 646
435 991
436 649
436 551
436 609
436 725
436 438
436 748
436 780
436 826
436 635
436 840
436 967
436 362
436 373
436 742
436 876
436 391
436 10
436 85
436 113
436 37
437 413
437 888
437 370
437 912
437 846
437 992
437 271
437 67
437 43
437 719
437 519
437 587
437 937
437 129
437 689
437 531
437 94
438 933
438 615
438 436
438 16
438 491
438 851
438 343
439 395
439 562
439 815
439 159
439 892
439 808
439 683
439 397
440 98
440 331
440 921
440 234
440 32
440 589
440 105
440 617
440 890
440 835
441 736
441 275
441 941
441 893
441 959
441 61
441 842
441 386
442 821
442 702
442 97
442 396
442 66
442 295
442 540
442 741
442 226
442 942
442 958
442 279
442 367
442 982
443 713
443 447
443 875
443 585
443 649
443 372
443 286
443 406
443 61
443 536
443 148
443 693
443 346
443 450
443 312
443 808
443 969
444 336
444 786
444 303
444 952
444 647
444 668
444 968
445 415
445 628
445 656
445 297
445 674
445 702
445 783
446 884
446 426
446 526
446 679
446 465
446 949
446 906
446 527
446 213
446 293
446 60
446 746
446 797
446 265
447 337
447 547
447 264
447 443
447 124
447 197
447 979
447 899
448 248
448 3
448 488
448 511
448 75
448 944
448 182
448 224
448 32
448 742
448 840
448 737
448 261
449 554
449 580
449 788
449 844
449 874
449 659
449 184
449 110
449 806
449 513
449 499
449 687
449 682
450 987
450 412
450 705
450 70
450 417
450 443
450 350
450 682
450 712
450 428
450 870
450 931
450 735
450 146
450 991
451 508
451 410
451 567
451 722
451 976
451 51
451 326
451 790
451 166
451 477
451 48
451 333
451 465
452 143
452 896
452 284
452 147
452 973
452 866
452 880
452 959
452 498
452 242
453 602
453 985
453 869
454 805
454 103
454 434
454 318
454 780
454 758
454 908
454 481
454 534
454 375
454 811
454 775
454 470
455 743
455 680
455 534
455 643
455 728
455 912
455 916
455 584
455 77
455 349
455 842
455 589
455 650
455 470
456 540
456 575
456 37
456 769
456 146
456 789
456 692
456 336
456 602
456 906
456 241
456 375
456 879
456 925
456 835
456 35
457 957
457 375
457 470
457 654
457 61
457 163
457 614
457 926
458 754
458 925
458 948
458 674
458 537
458 383
458 272
458 548
458 854
458 781
458 61
458 373
458 919
458 545
458 104
458 69
458 153
459 839
459 556
459 335
459 863
459 309
459 700
459 42
459 878
459 77
459 435
459 918
459 932
459 333
459 79
459 305
460 769
460 628
460 698
460 252
460 101
461 482
461 247
461 584
461 275
461 59
461 717
461 58
461 252
461 364
461 744
462 130
462 353
462 124
462 372
462 359
462 382
462 46
463 760
463 674
463 990
463 933
463 948
463 325
463 292
463 257
463 484
463 754
463 841
464 217
464 174
464 130
464 482
464 877
464 69
465 686
465 804
465 660
465 559
465 992
465 383
465 470
465 560
465 451
465 416
465 446
465 640
465 658
465 754
465 299
465 665
466 167
466 684
466 139
466 108
466 299
466 415
466 579
466 270
466 265
466 250
466 971
466 623
467 509
467 723
467 605
467 431
467 998
467 201
467 350
467 714
467 44
467 991
467 375
467 495
467 879
467 234
467 718
467 472
467 949
468 713
468 668
468 875
468 299
468 231
468 40
468 861
468 620
468 729
468 240
468 999
468 904
468 86
468 29
468 683
468 471
469 136
469 211
469 142
469 594
469 197
469 523
469 354
469 1
469 130
469 61
469 146
469 85
469 602
469 372
469 627
469 498
469 95
469 214
469 665
470 183
470 189
470 454
470 2
470 504
470 626
470 929
470 668
470 31
470 197
470 321
470 455
470 930
470 487
470 87
470 129
470 457
470 643
470 582
470 465
471 103
471 638
471 398
471 314
471 388
471 213
471 468
471 681
471 855
471 360
471 24
471 590
471 635
471 882
471 799
471 611
471 771
472 760
472 212
472 94
472 726
472 768
472 821
472 267
472 504
472 338
472 677
472 467
472 777
472 982
472 673
472 292
472 569
472 718
472 811
472 5
472 810
473 203
473 236
473 60
473 724
474 237
474 786
474 95
474 616
474 133
474 405
475 696
476 862
476 609
476 644
476 672
476 502
476 160
476 105
476 62
476 707
477 379
477 996
477 87
477 807
477 407
477 451
477 24
477 862
477 514
477 815
477 172
477 169
478 884
478 677
478 941
478 833
478 343
478 978
478 237
478 873
478 59
478 171
478 559
478 341
479 413
479 492
479 987
479 168
479 974
479 862
479 359
479 952
479 270
479 621
480 804
480 331
480 223
480 649
480 235
480 670
481 336
481 237
481 957
481 294
481 114
481 454
481 405
482 563
482 798
482 405
482 72
482 210
482 464
482 761
482 760
482 737
482 404
482 314
482 333
482 341
482 461
483 400
483 338
483 13
483 89
483 552
483 771
483 194
483 766
483 414
483 737
483 572
483 602
483 550
484 656
484 850
484 697
484 823
484 276
484 463
484 848
484 761
484 672
484 847
484 503
485 681
485 410
485 628
485 954
485 34
485 122
485 949
486 373
486 80
486 574
486 694
486 589
486 890
486 600
486 629
486 503
487 404
487 806
487 470
488 448
488 349
488 876
488 880
488 809
488 60
488 166
489 168
489 782
489 503
489 149
489 397
489 287
489 852
489 410
489 81
489 754
489 900
489 730
490 66
490 153
490 536
490 65
490 605
490 805
490 598
490 219
490 309
490 589
491 918
491 438
491 387
491 565
491 830
491 819
491 935
491 68
491 18
491 790
491 678
491 357
491 746
491 524
492 873
492 545
492 150
492 510
492 479
493 539
493 410
493 233
493 639
493 894
493 91
493 324
493 60
494 211
494 92
494 353
494 392
494 541
494 193
494 973
495 628
495 467
495 930
495 812
496 878
496 156
496 692
496 398
496 873
496 174
496 623
496 883
497 603
497 371
497 968
497 400
497 28
497 53
497 840
497 10
498 864
498 139
498 296
498 469
498 309
498 111
498 282
498 872
498 140
498 777
498 452
498 32
498 60
498 122
498 388
498 736
498 626
499 7
499 894
499 811
499 421
499 846
499 449
499 88
499 78
500 806
500 373
501 169
501 880
501 798
502 40
502 998
502 476
502 966
502 135
502 318
502 28
502 149
502 747
502 425
502 264
502 898
502 716
502 797
503 740
503 745
503 272
503 712
503 702
503 405
503 484
503 613
503 678
503 644
503 557
503 207
503 486
503 225
503 838
503 609
503 44
503 691
503 919
503 244
503 489
503 952
503 945
503 69
504 628
504 537
504 569
504 963
504 472
504 470
505 331
505 435
505 292
506 24
506 88
506 592
507 750
507 959
507 809
507 5
507 114
507 433
508 719
508 273
508 999
508 11
508 855
508 174
508 616
508 141
508 557
508 358
508 694
508 640
508 797
508 451
509 221
509 781
509 651
509 978
509 991
509 981
509 711
509 612
509 245
509 687
509 467
509 562
509 426
509 883
510 336
510 136
510 740
510 802
510 492
510 35
510 918
510 108
510 279
510 663
510 50
510 115
510 331
510 848
510 589
510 723
510 62
511 597
511 754
511 190
511 397
511 54
511 681
511 448
511 810
511 801
511 898
511 32
511 650
511 114
511 249
511 841
512 351
512 65
512 144
512 387
512 309
512 400
512 945
513 53
513 331
513 562
513 449
514 661
514 530
514 342
514 63
514 477
514 873
514 932
514 852
515 415
515 386
516 733
516 562
516 910
516 219
516 721
516 69
517 655
517 691
517 333
518 540
518 825
518 100
518 358
518 247
518 220
518 628
518 250
518 394
519 772
519 34
519 437
520 689
520 655
520 34
520 166
520 662
520 421
521 669
521 81
521 571
521 138
521 862
521 137
521 112
521 10
521 809
521 383
521 823
522 658
522 550
522 232
522 352
522 939
522 347
522 314
523 174
523 364
523 672
523 469
523 214
523 403
523 66
524 353
524 765
524 150
524 756
524 823
524 491
524 915
524 27
524 143
524 337
524 861
524 174
525 579
525 957
525 59
525 617
526 426
526 109
526 687
526 148
526 446
526 264
526 592
526 777
526 250
526 96
527 547
527 565
527 446
527 950
527 963
527 952
527 343
528 694
528 741
528 398
528 281
528 545
528 697
528 59
529 580
529 561
529 708
529 722
529 360
529 289
529 27
529 258
529 391
529 61
529 919
529 876
529 569
529 97
529 370
529 250
530 904
530 514
531 351
531 437
531 826
531 648
531 760
531 803
531 172
531 997
531 588
532 540
532 184
532 115
532 609
532 67
532 584
532 102
532 779
532 242
532 105
532 798
532 88
532 960
533 772
533 643
533 983
533 361
533 316
534 197
534 919
534 455
534 692
534 953
534 644
534 605
534 363
534 809
534 454
534 102
535 860
535 5
535 699
535 118
535 672
535 644
535 228
535 620
535 60
536 961
536 821
536 644
536 53
536 13
536 928
536 208
536 443
536 850
536 648
536 339
536 137
536 890
536 926
536 490
537 6
537 200
537 10
537 961
537 504
537 712
537 720
537 700
537 176
537 589
537 100
537 342
537 458
537 804
537 629
538 815
538 790
538 620
538 627
538 198
538 60
538 312
538 192
538 734
538 339
539 493
539 759
539 77
539 801
539 634
539 618
539 49
539 782
539 824
539 879
539 332
539 660
539 692
539 871
539 609
539 817
539 361
539 430
539 753
539 88
540 532
540 733
540 518
540 442
540 456
541 862
541 983
541 494
541 995
541 752
542 344
542 49
542 570
542 135
542 994
542 246
542 855
542 358
542 978
542 59
542 861
542 82
543 781
543 336
543 101
544 975
544 373
544 94
544 390
544 430
544 351
544 733
544 82
545 553
545 225
545 573
545 492
545 15
545 528
545 323
545 411
545 729
545 601
545 458
545 795
545 656
545 812
545 8
545 987
545 202
545 197
545 404
545 218
545 82
546 393
547 216
547 447
547 553
547 971
547 181
547 527
547 432
547 769
547 701
547 250
547 159
547 919
547 316
548 579
548 36
548 458
548 711
548 629
549 812
549 595
549 884
549 555
549 711
549 144
549 35
550 631
550 859
550 733
550 227
550 816
550 483
550 831
550 760
550 847
550 390
550 83
550 589
550 721
550 522
550 659
551 436
551 880
551 279
551 301
551 70
551 648
552 277
552 742
552 415
552 388
552 346
552 483
552 69
553 327
553 547
553 954
553 342
553 602
553 545
553 691
553 722
554 812
554 752
554 314
554 449
554 347
555 24
555 549
555 234
555 129
555 338
556 78
556 264
556 969
556 397
556 693
556 416
556 360
556 731
556 957
556 294
556 237
556 459
556 736
556 647
556 851
556 890
557 954
557 508
557 503
558 974
558 932
558 337
559 478
559 416
559 386
559 936
559 949
559 162
559 41
559 569
559 363
559 634
559 209
559 291
559 823
559 2
559 72
559 780
559 887
559 944
559 87
559 148
559 27
559 233
559 347
559 854
559 341
559 465
560 116
560 121
560 698
560 34
560 682
560 465
561 179
561 810
561 529
561 614
562 25
562 609
562 766
562 379
562 414
562 17
562 516
562 791
562 327
562 222
562 800
562 439
562 513
562 809
562 509
562 265
562 299
563 252
563 86
563 482
563 595
563 712
563 283
563 103
563 82
564 431
564 582
564 631
565 107
565 142
565 350
565 527
565 491
565 356
565 230
565 405
565 335
566 179
566 692
566 760
566 716
566 848
567 933
567 779
567 988
567 750
567 128
567 359
567 404
567 451
567 730
567 856
568 917
568 600
568 887
568 43
569 529
569 866
569 472
569 7
569 831
569 504
569 977
569 917
569 104
569 372
569 559
570 542
570 364
570 67
570 971
570 641
571 195
571 521
571 118
571 736
572 701
572 763
572 653
572 60
572 54
572 483
572 702
572 69
572 883
573 226
573 656
573 545
574 859
574 486
574 133
574 826
574 664
574 581
574 246
574 52
574 335
574 702
574 876
574 315
575 803
575 379
575 456
575 712
575 672
575 711
576 412
576 92
576 150
577 949
577 353
577 809
577 894
577 174
578 738
578 910
578 370
578 233
579 407
579 907
579 630
579 525
579 119
579 548
579 466
580 449
580 373
580 44
580 370
580 131
580 921
580 804
580 529
580 910
580 101
581 585
581 962
581 712
581 959
581 643
581 366
581 348
581 583
581 831
581 598
581 574
581 689
581 801
581 741
581 103
581 114
582 936
582 29
582 178
582 564
582 225
582 18
582 12
582 739
582 23
582 211
582 470
582 80
582 834
582 738
582 182
583 148
583 581
583 59
583 29
584 139
584 885
584 842
584 299
584 247
584 691
584 954
584 455
584 48
584 148
584 532
584 2
584 659
584 702
584 270
584 461
585 581
585 443
585 953
585 711
585 973
586 373
586 349
586 217
586 682
586 723
586 193
586 96
587 215
587 375
587 80
587 437
587 102
588 836
588 361
588 913
588 600
588 792
588 531
588 106
588 204
588 364
588 109
588 712
588 405
588 657
589 320
589 510
589 973
589 550
589 634
589 490
589 440
589 486
589 455
589 985
589 537
589 339
590 314
590 471
591 17
591 878
592 676
592 526
592 18
592 760
592 391
592 861
592 506
592 750
592 215
592 146
592 991
592 409
592 339
593 94
593 959
593 602
593 36
593 617
593 657
593 841
594 369
594 879
594 655
594 640
594 469
595 744
595 139
595 19
595 715
595 762
595 563
595 197
595 549
595 933
595 647
595 823
595 316
596 834
596 126
596 925
597 116
597 737
597 353
597 790
597 87
597 234
597 511
597 616
597 66
598 675
598 922
598 784
598 790
598 581
598 165
598 92
598 20
598 365
598 131
598 409
598 896
598 490
599 111
599 366
599 358
599 925
599 187
599 741
599 189
599 95
599 165
599 837
600 101
600 626
600 568
600 879
600 942
600 922
600 486
600 806
600 109
600 892
600 588
600 120
601 701
601 772
601 602
601 545
601 823
602 852
602 8
602 862
602 999
602 57
602 553
602 137
602 253
602 593
602 601
602 469
602 453
602 483
602 638
602 86
602 370
602 456
602 319
602 963
602 930
602 946
602 621
603 497
603 605
603 431
603 910
603 270
603 433
604 257
604 80
604 347
604 614
605 834
605 534
605 603
605 81
605 149
605 808
605 467
605 712
605 490
606 655
606 880
606 260
607 786
607 71
607 889
607 358
608 870
608 388
609 539
609 138
609 616
609 15
609 845
609 476
609 718
609 428
609 914
609 701
609 650
609 247
609 811
609 64
609 562
609 628
609 80
609 436
609 532
609 876
609 503
610 252
610 121
610 990
610 658
610 754
610 36
610 405
610 896
611 61
611 184
611 471
611 296
611 941
611 934
611 44
611 847
611 362
611 319
611 696
611 343
612 149
612 703
612 415
612 7
612 509
613 958
613 968
613 423
613 345
613 377
613 837
613 168
613 733
613 245
613 655
613 289
613 503
614 457
614 994
614 760
614 905
614 262
614 604
614 896
614 744
614 561
614 115
614 967
614 44
614 270
615 273
615 54
615 347
615 44
615 438
615 278
615 113
615 806
615 39
615 412
615 958
615 174
616 33
616 764
616 189
616 391
616 338
616 761
616 680
616 474
616 597
616 106
616 252
616 609
616 508
616 752
617 121
617 593
617 525
617 244
617 759
617 267
617 971
617 85
617 656
617 311
617 248
617 440
617 366
617 734
617 834
617 212
617 195
617 16
617 234
617 891
617 229
617 182
618 387
618 237
618 539
618 974
618 297
619 904
619 56
619 400
619 631
619 823
619 884
619 968
620 660
620 61
620 345
620 432
620 181
620 535
620 538
620 725
620 878
620 219
620 741
620 46
620 468
620 949
620 78
621 389
621 20
621 602
621 857
621 330
621 479
621 409
621 858
621 835
621 670
622 701
622 736
622 365
622 67
622 234
622 718
622 812
622 276
622 854
623 466
623 144
623 213
623 496
623 983
623 649
623 872
623 761
623 991
623 276
624 685
624 309
624 234
625 688
625 849
625 851
625 847
625 260
625 900
625 685
625 398
625 113
626 814
626 795
626 72
626 840
626 688
626 498
626 254
626 798
626 267
626 347
626 791
626 366
626 600
626 694
626 662
626 470
626 305
627 73
627 538
627 469
627 237
627 786
627 371
627 241
628 399
628 460
628 977
628 485
628 609
628 920
628 445
628 504
628 518
628 495
628 112
628 872
628 712
628 405
629 767
629 911
629 883
629 537
629 136
629 257
629 548
629 72
629 486
629 729
629 91
630 579
630 701
630 644
630 405
630 869
631 353
631 759
631 564
631 169
631 736
631 47
631 619
631 847
631 431
631 550
631 297
632 933
632 879
632 834
632 433
633 926
633 750
633 242
633 991
633 949
634 395
634 673
634 840
634 115
634 773
634 539
634 974
634 559
634 589
634 668
634 299
635 436
635 34
635 471
636 97
636 888
636 302
636 23
636 331
636 186
636 840
636 336
636 235
636 82
637 781
637 786
637 988
637 653
637 884
637 998
638 346
638 362
638 741
638 772
638 602
638 649
638 471
639 100
639 418
639 920
639 264
639 493
639 690
639 912
639 699
639 959
639 153
640 843
640 508
640 912
640 8
640 734
640 653
640 735
640 272
640 410
640 1000
640 73
640 465
640 41
640 594
640 871
640 391
640 703
641 785
641 398
641 371
641 128
641 196
641 570
641 994
641 752
641 87
641 848
641 662
641 405
642 10
642 779
643 926
643 923
643 81
643 57
643 304
643 126
643 363
643 7
643 262
643 429
643 533
643 44
643 714
643 470
643 185
643 294
643 410
643 581
643 455
643 335
644 774
644 630
644 151
644 429
644 534
644 987
644 476
644 104
644 335
644 387
644 536
644 962
644 535
644 82
644 503
645 250
645 892
645 775
645 240
646 845
646 435
646 357
646 292
646 199
646 20
646 701
646 951
646 182
646 703
646 128
646 174
646 430
646 683
647 142
647 109
647 682
647 556
647 939
647 595
647 947
647 279
647 444
647 111
647 679
647 217
647 703
647 841
648 350
648 862
648 229
648 877
648 63
648 551
648 742
648 801
648 531
648 536
648 963
648 770
649 905
649 291
649 480
649 623
649 638
649 972
649 174
649 845
649 215
649 436
649 443
649 925
649 137
649 9
649 750
650 511
650 308
650 827
650 849
650 455
650 899
650 609
650 361
651 878
651 943
651 219
651 24
651 697
651 242
651 509
651 854
652 910
652 933
652 768
652 736
652 662
652 169
653 72
653 282
653 211
653 572
653 941
653 249
653 302
653 637
653 26
653 132
653 367
653 389
653 431
653 640
653 277
653 769
653 67
653 792
653 657
654 287
654 457
654 105
654 394
654 883
655 517
655 606
655 345
655 165
655 998
655 520
655 275
655 594
655 613
655 789
655 790
655 954
655 109
655 737
655 112
655 904
655 356
656 711
656 379
656 985
656 445
656 5
656 907
656 975
656 573
656 319
656 713
656 235
656 847
656 484
656 545
656 375
656 333
656 617
657 313
657 593
657 278
657 653
657 324
657 410
657 588
657 733
657 73
657 958
657 166
657 934
657 968
657 702
657 193
658 380
658 610
658 465
658 172
658 72
658 339
658 85
658 962
658 331
658 137
658 387
658 235
658 887
658 891
658 842
658 314
658 522
659 550
659 890
659 584
659 783
659 801
659 430
659 449
659 933
659 951
659 316
659 896
659 46
660 98
660 620
660 942
660 539
660 884
660 465
660 969
661 390
661 421
661 514
661 281
661 207
661 754
661 734
662 892
662 244
662 652
662 25
662 626
662 641
662 520
662 6
662 988
662 742
662 834
662 873
662 214
662 249
663 319
663 169
663 779
663 757
663 378
663 746
663 350
663 943
663 292
663 510
663 341
664 81
664 574
664 990
664 702
665 821
665 987
665 469
665 704
665 354
665 136
665 465
665 343
665 328
665 861
665 707
666 241
666 790
666 267
666 791
666 386
666 197
666 949
667 44
667 283
668 901
668 199
668 46
668 269
668 703
668 885
668 80
668 888
668 109
668 444
668 217
668 863
668 634
668 747
668 171
668 823
668 468
668 470
669 116
669 781
669 521
669 431
669 715
669 798
670 621
670 480
670 132
670 202
670 143
670 689
670 978
670 129
670 59
670 696
670 405
670 82
671 34
671 287
671 103
671 255
672 777
672 484
672 818
672 110
672 380
672 13
672 78
672 148
672 343
672 523
672 429
672 476
672 575
672 816
672 535
672 896
672 60
672 311
672 926
673 16
673 634
673 472
673 273
673 409
673 802
673 70
673 735
673 720
673 801
673 11
673 121
673 156
673 737
673 979
673 433
674 144
674 850
674 445
674 737
674 969
674 399
674 101
674 877
674 202
674 338
674 217
674 840
674 163
674 245
674 803
674 463
674 7
674 458
675 598
675 415
675 57
675 744
675 6
675 899
676 369
676 281
676 338
676 335
676 237
676 592
676 234
676 761
676 907
676 103
677 478
677 269
677 342
677 803
677 834
677 861
677 711
677 472
678 415
678 276
678 144
678 870
678 118
678 491
678 856
678 503
679 291
679 142
679 696
679 647
679 29
679 446
679 891
679 276
679 730
680 327
680 455
680 616
681 511
681 485
681 812
681 59
681 142
681 85
681 176
681 225
681 123
681 847
681 831
681 471
681 973
682 586
682 560
682 449
682 283
682 973
682 709
682 868
682 330
682 432
682 8
682 647
682 450
683 210
683 684
683 25
683 891
683 468
683 107
683 439
683 646
683 796
683 821
683 257
683 785
683 415
683 899
683 57
684 106
684 385
684 227
684 10
684 683
684 804
684 466
685 9
685 625
685 624
685 164
685 850
685 5
686 718
686 465
686 960
687 703
687 509
687 946
687 449
687 266
687 75
687 916
687 761
687 839
687 344
687 983
687 106
687 751
687 526
687 430
687 194
687 214
687 243
687 414
687 768
688 27
688 625
688 32
688 44
688 626
689 805
689 581
689 520
689 764
689 355
689 889
689 886
689 796
689 385
689 724
689 670
689 437
689 391
689 36
689 970
690 639
690 279
690 971
691 300
691 104
691 812
691 584
691 720
691 393
691 795
691 928
691 517
691 51
691 553
691 109
691 371
691 193
691 503
692 418
692 247
692 884
692 42
692 345
692 566
692 539
692 180
692 365
692 99
692 496
692 179
692 534
692 77
692 219
692 456
692 356
692 29
692 270
693 920
693 112
693 443
693 215
693 144
693 94
693 279
693 952
693 103
693 556
694 508
694 528
694 168
694 709
694 486
694 626
694 254
694 991
694 298
694 815
694 219
694 234
694 885
694 128
694 850
695 312
695 749
695 197
695 303
695 53
695 894
695 234
696 475
696 670
696 10
696 997
696 334
696 100
696 236
696 830
696 993
696 611
696 922
696 679
696 349
696 35
697 794
697 58
697 528
697 729
697 765
697 54
697 651
697 133
697 362
697 484
697 68
697 359
697 5
697 335
698 864
698 460
698 220
698 928
698 728
698 560
698 73
698 364
698 430
698 949
698 351
699 535
699 639
699 9
699 407
700 56
700 537
700 780
700 905
700 459
700 981
701 946
701 572
701 360
701 601
701 889
701 630
701 199
701 128
701 72
701 547
701 725
701 432
701 609
701 646
701 218
701 622
702 664
702 572
702 242
702 657
702 445
702 584
702 102
702 370
702 574
702 115
702 750
702 235
702 442
702 872
702 405
702 174
702 503
703 647
703 65
703 640
703 356
703 26
703 646
703 405
703 980
703 612
703 398
703 100
703 687
703 963
703 382
703 869
703 668
703 852
703 96
704 350
704 872
704 780
704 386
704 394
704 665
705 350
705 870
705 94
705 450
705 182
706 126
706 925
706 292
706 930
706 70
706 62
707 665
707 158
707 926
707 969
707 832
707 476
707 425
707 779
707 150
708 724
708 529
708 2
708 88
709 694
709 61
709 406
709 682
709 82
710 363
710 847
710 130
710 963
710 36
711 266
711 548
711 770
711 575
711 585
711 340
711 344
711 39
711 227
711 677
711 4
711 407
711 777
711 352
711 232
711 109
711 656
711 930
711 9
711 43
711 797
711 549
711 509
711 767
712 755
712 605
712 824
712 575
712 116
712 89
712 563
712 588
712 628
712 196
712 292
712 400
712 537
712 581
712 36
712 450
712 333
712 386
712 926
712 503
713 806
713 943
713 810
713 443
713 130
713 468
713 656
714 382
714 718
714 24
714 643
714 467
714 266
714 971
714 854
715 52
715 257
715 101
715 669
715 595
715 430
716 566
716 502
716 778
716 971
716 95
716 733
716 901
716 426
717 768
717 158
717 370
717 796
717 26
717 948
717 196
717 283
717 461
718 686
718 622
718 472
718 467
718 188
718 27
718 367
718 714
718 126
718 910
718 233
718 760
718 421
718 609
718 73
718 945
718 767
718 969
719 894
719 226
719 146
719 131
719 32
719 407
719 508
719 437
720 128
720 691
720 537
720 673
720 130
720 780
721 550
721 864
721 516
721 60
721 781
721 974
721 883
722 553
722 204
722 814
722 333
722 15
722 311
722 433
722 811
722 529
722 797
722 451
722 265
723 168
723 902
723 586
723 510
723 74
723 467
723 150
723 407
723 823
723 333
723 896
724 9
724 775
724 199
724 766
724 762
724 473
724 150
724 732
724 708
724 226
724 689
724 892
724 120
725 701
725 620
725 436
725 388
725 56
726 773
726 295
726 771
726 472
726 970
727 417
727 402
727 898
727 822
727 371
727 257
727 781
727 319
727 971
727 430
728 4
728 698
728 455
728 289
728 911
728 22
729 56
729 226
729 159
729 235
729 277
729 545
729 697
729 265
729 468
729 629
729 857
730 969
730 567
730 746
730 431
730 378
730 63
730 489
730 679
730 24
730 847
731 121
731 313
731 556
732 202
732 724
732 769
732 983
732 150
732 105
732 890
733 540
733 657
733 516
733 544
733 54
733 7
733 375
733 117
733 126
733 953
733 958
733 550
733 716
733 289
733 613
734 360
734 798
734 72
734 901
734 169
734 538
734 661
734 118
734 154
734 401
734 303
734 640
734 617
735 41
735 295
735 389
735 128
735 640
735 673
735 415
735 967
735 54
735 450
735 823
736 652
736 571
736 556
736 357
736 92
736 120
736 402
736 16
736 498
736 441
736 987
736 850
736 631
736 35
736 622
737 448
737 673
737 350
737 420
737 779
737 89
737 655
737 597
737 137
737 385
737 482
737 143
737 674
737 483
738 285
738 168
738 859
738 578
738 298
738 262
738 582
738 189
738 974
738 255
738 403
738 884
738 979
738 249
739 179
739 796
739 828
739 422
739 73
739 582
739 343
739 981
739 79
740 870
740 510
740 503
741 638
741 442
741 24
741 294
741 994
741 528
741 620
741 140
741 910
741 253
741 581
741 281
741 221
741 785
741 599
742 76
742 770
742 448
742 27
742 138
742 322
742 436
742 5
742 208
742 754
742 954
742 801
742 662
742 4
742 648
742 876
742 274
742 552
742 763
742 806
742 112
742 146
743 773
743 156
743 94
743 455
743 34
743 883
744 461
744 38
744 415
744 44
744 220
744 675
744 945
744 114
744 595
744 950
744 614
745 431
745 269
745 954
745 335
745 960
745 503
745 970
746 201
746 663
746 446
746 491
746 252
746 894
746 730
747 899
747 332
747 502
747 105
747 668
747 270
747 802
747 362
748 126
748 32
748 436
748 57
748 193
749 149
749 871
749 73
749 117
749 821
749 331
749 695
750 273
750 592
750 507
750 14
750 633
750 702
750 398
750 567
750 649
750 986
750 143
751 687
751 862
751 161
751 930
751 968
752 641
752 616
752 124
752 433
752 817
752 541
752 988
752 56
752 554
753 74
753 539
753 230
753 375
753 226
753 369
753 946
754 610
754 661
754 892
754 223
754 463
754 489
754 994
754 150
754 465
754 265
754 422
754 904
754 458
754 807
754 250
754 742
754 255
754 511
755 87
755 712
755 891
756 17
756 358
756 524
757 8
757 663
757 981
758 792
758 349
758 918
758 454
759 539
759 812
759 987
759 631
759 617
759 896
759 841
759 783
760 718
760 531
760 482
760 160
760 186
760 550
760 373
760 346
760 898
760 566
760 16
760 943
760 977
760 463
760 925
760 592
760 31
760 809
760 614
760 472
760 981
761 811
761 623
761 484
761 80
761 225
761 247
761 228
761 68
761 676
761 424
761 881
761 687
761 117
761 943
761 482
761 118
761 616
762 27
762 724
762 375
762 595
762 926
763 572
763 742
763 297
763 296
763 160
763 949
764 127
764 295
764 123
764 689
764 847
764 943
764 616
764 400
765 128
765 92
765 697
765 524
766 270
766 562
766 724
766 226
766 292
766 66
766 483
766 969
767 318
767 352
767 718
767 993
767 711
767 809
767 952
767 856
767 629
768 652
768 785
768 216
768 936
768 813
768 945
768 792
768 687
768 118
768 472
768 335
768 717
769 369
769 460
769 68
769 863
769 209
769 967
769 547
769 323
769 807
769 372
769 326
769 366
769 653
769 732
769 456
769 172
769 934
770 274
770 406
770 648
770 338
770 361
770 30
770 46
770 742
770 797
770 711
770 808
771 789
771 471
771 285
771 726
771 247
771 911
771 121
771 483
771 890
772 354
772 533
772 369
772 519
772 851
772 63
772 638
772 601
772 190
772 375
772 281
772 123
772 109
772 435
772 393
772 359
772 316
773 726
773 957
773 743
773 885
773 801
773 809
773 634
773 28
773 237
773 862
773 958
774 364
774 644
774 92
774 349
774 880
774 397
775 323
775 645
775 855
775 383
775 341
775 454
775 724
775 219
775 168
775 27
776 898
776 287
776 301
776 883
776 841
776 960
777 526
777 121
777 498
777 672
777 711
777 472
778 123
778 94
778 716
778 430
779 140
779 887
779 275
779 642
779 532
779 342
779 407
779 37
779 707
779 567
779 737
779 663
779 833
779 82
779 973
780 348
780 224
780 704
780 192
780 45
780 971
780 66
780 700
780 195
780 720
780 80
780 862
780 436
780 454
780 559
780 316
780 208
780 341
780 249
781 829
781 543
781 458
781 637
781 372
781 948
781 727
781 669
781 721
781 204
781 250
781 910
781 92
781 214
781 509
781 835
782 489
782 898
782 292
782 539
782 309
782 367
782 407
782 261
782 978
783 197
783 445
783 922
783 827
783 380
783 759
783 130
783 29
783 250
783 659
784 369
784 598
785 683
785 264
785 741
785 101
785 207
785 202
785 768
785 292
785 337
785 641
785 970
786 168
786 627
786 48
786 857
786 139
786 787
786 860
786 637
786 444
786 474
786 847
786 607
786 960
787 786
787 87
787 388
787 31
788 449
788 919
788 144
788 324
788 83
788 887
788 946
789 17
789 435
789 655
789 456
789 771
789 407
789 900
789 852
789 856
790 237
790 864
790 219
790 655
790 358
790 254
790 324
790 310
790 387
790 379
790 451
790 538
790 10
790 999
790 597
790 252
790 598
790 834
790 195
790 666
790 491
790 343
791 562
791 804
791 666
791 252
791 626
791 120
791 121
792 56
792 758
792 917
792 298
792 966
792 653
792 245
792 366
792 149
792 588
792 957
792 768
792 918
793 369
793 28
793 174
793 79
794 426
794 697
794 797
794 371
794 981
795 626
795 691
795 847
795 545
795 356
796 17
796 7
796 28
796 878
796 689
796 983
796 683
796 386
796 717
796 739
797 502
797 770
797 794
797 869
797 508
797 446
797 342
797 283
797 890
797 365
797 301
797 803
797 711
797 722
797 187
797 430
797 120
797 926
798 532
798 501
798 833
798 16
798 989
798 669
798 7
798 123
798 482
798 626
798 891
798 734
799 933
799 995
799 150
799 405
799 471
799 973
799 311
800 562
800 126
800 54
801 581
801 511
801 122
801 823
801 648
801 860
801 253
801 952
801 539
801 742
801 144
801 673
801 953
801 773
801 887
801 861
801 659
801 22
802 747
802 673
802 31
802 510
802 949
803 575
803 674
803 194
803 251
803 677
803 186
803 531
803 404
803 97
803 797
803 289
803 305
804 480
804 886
804 43
804 921
804 854
804 791
804 316
804 807
804 362
804 580
804 275
804 537
804 684
804 917
804 896
804 968
804 465
805 454
805 689
805 169
805 490
805 78
806 600
806 713
806 500
806 487
806 886
806 75
806 742
806 276
806 419
806 921
806 391
806 421
806 615
806 371
806 449
806 397
807 334
807 754
807 971
807 132
807 141
807 52
807 65
807 353
807 804
807 477
807 769
807 905
808 426
808 255
808 216
808 605
808 935
808 310
808 982
808 439
808 909
808 443
808 48
808 770
808 990
808 985
809 242
809 767
809 914
809 534
809 521
809 488
809 319
809 760
809 577
809 507
809 320
809 562
809 773
809 839
810 931
810 254
810 561
810 913
810 511
810 713
810 989
810 33
810 472
810 268
811 828
811 454
811 849
811 18
811 283
811 369
811 194
811 499
811 244
811 80
811 472
811 934
811 609
811 761
811 722
812 759
812 256
812 818
812 622
812 319
812 495
812 681
812 691
812 549
812 933
812 174
812 545
812 554
812 835
812 973
813 995
813 126
813 252
813 990
813 879
813 768
814 626
814 104
814 353
814 722
814 433
815 538
815 369
815 145
815 345
815 694
815 439
815 859
815 477
815 221
815 823
816 387
816 373
816 264
816 550
816 672
816 54
816 894
817 254
817 31
817 85
817 120
817 364
817 333
817 926
817 539
817 281
817 313
817 752
818 985
818 7
818 56
818 31
818 876
818 672
818 812
818 823
818 834
819 426
819 385
819 491
819 339
819 433
819 82
820 130
820 198
821 749
821 963
821 137
821 259
821 117
821 919
821 133
821 536
821 16
821 442
821 683
821 472
821 665
821 79
821 22
822 17
822 122
822 217
822 727
822 356
822 842
822 208
823 407
823 668
823 595
823 106
823 521
823 619
823 735
823 294
823 818
823 601
823 84
823 914
823 386
823 723
823 340
823 115
823 815
823 801
823 67
823 484
823 524
823 559
823 846
823 945
824 949
824 34
824 539
824 712
824 945
824 851
825 518
825 943
825 400
825 858
826 367
826 373
826 574
826 436
826 531
826 146
826 397
827 975
827 349
827 245
827 983
827 168
827 650
827 783
828 811
828 137
828 945
828 739
829 781
829 934
829 391
829 95
829 409
829 945
829 250
829 299
829 249
830 367
830 491
830 696
830 314
831 550
831 581
831 888
831 75
831 272
831 681
831 569
831 92
832 356
832 48
832 183
832 284
832 199
832 149
832 277
832 707
832 331
832 985
832 403
833 368
833 879
833 899
833 779
833 263
833 915
833 32
833 933
833 962
833 171
833 478
833 869
833 798
834 617
834 596
834 344
834 959
834 253
834 662
834 582
834 433
834 790
834 426
834 842
834 220
834 677
834 122
834 632
834 818
834 196
834 13
834 990
834 605
835 206
835 258
835 781
835 7
835 66
835 440
835 115
835 456
835 621
835 76
835 812
835 919
835 10
835 207
835 925
836 588
836 250
836 217
837 163
837 613
837 840
837 7
837 9
837 76
837 290
837 599
838 159
838 102
838 503
839 146
839 389
839 302
839 367
839 809
839 32
839 687
839 459
839 400
839 102
839 37
840 636
840 43
840 53
840 234
840 448
840 864
840 324
840 366
840 674
840 180
840 634
840 908
840 27
840 497
840 837
840 377
840 144
840 331
840 436
840 87
840 872
840 626
841 511
841 858
841 126
841 593
841 463
841 759
841 175
841 851
841 776
841 222
841 424
841 86
841 647
841 977
841 16
841 846
841 102
842 658
842 455
842 851
842 822
842 283
842 948
842 441
842 217
842 834
842 136
842 584
842 876
843 640
843 217
843 52
843 289
843 319
844 449
845 215
845 646
845 609
845 921
845 971
845 649
845 343
846 892
846 905
846 421
846 841
846 499
846 823
846 276
846 437
847 656
847 195
847 764
847 611
847 111
847 147
847 210
847 402
847 730
847 795
847 158
847 550
847 409
847 786
847 710
847 681
847 256
847 484
847 353
847 625
847 887
847 631
848 510
848 313
848 64
848 922
848 641
848 86
848 566
848 94
848 484
848 991
849 625
849 811
849 921
849 252
849 650
849 343
850 873
850 999
850 736
850 685
850 87
850 322
850 694
850 4
850 325
850 484
850 536
850 674
851 824
851 939
851 92
851 556
851 438
851 982
851 279
851 625
851 772
851 919
851 73
851 255
851 951
851 150
851 356
851 842
851 397
851 841
852 78
852 952
852 362
852 68
852 218
852 789
852 514
852 116
852 193
852 950
852 703
852 187
852 602
852 489
852 312
852 62
853 166
853 899
854 377
854 989
854 622
854 714
854 14
854 651
854 419
854 559
854 804
854 319
854 458
854 46
855 542
855 212
855 435
855 775
855 508
855 314
855 471
856 283
856 567
856 678
856 767
856 789
856 270
856 406
856 311
857 219
857 729
857 49
857 50
857 988
857 54
857 77
857 786
857 621
858 185
858 212
858 900
858 621
858 60
858 236
858 825
858 970
858 161
858 307
858 410
858 31
858 208
858 240
858 341
858 841
859 738
859 815
859 269
859 574
859 943
859 550
859 872
859 303
860 535
860 146
860 990
860 801
860 786
861 430
861 524
861 992
861 148
861 801
861 677
861 542
861 176
861 56
861 353
861 592
861 105
861 270
861 208
861 890
861 468
861 665
862 95
862 476
862 780
862 751
862 541
862 479
862 773
862 321
862 893
862 327
862 348
862 149
862 477
862 237
862 602
862 521
862 163
862 648
863 769
863 390
863 215
863 223
863 459
863 371
863 668
863 386
864 790
864 840
864 698
864 86
864 498
864 118
864 721
865 127
865 410
865 61
865 128
865 995
865 971
865 120
866 10
866 115
866 569
866 452
866 979
866 260
867 988
867 174
868 295
868 930
868 682
869 409
869 453
869 49
869 434
869 703
869 630
869 164
869 69
869 217
869 833
869 335
869 104
869 426
869 953
869 431
869 43
869 797
869 230
870 228
870 705
870 99
870 740
870 77
870 678
870 136
870 130
870 608
870 244
870 450
871 214
871 207
871 539
871 640
871 749
871 244
871 186
871 62
872 314
872 991
872 840
872 623
872 293
872 883
872 702
872 628
872 859
872 426
872 704
872 116
872 375
872 498
873 662
873 152
873 208
873 320
873 295
873 881
873 492
873 937
873 478
873 496
873 514
873 267
873 17
873 67
873 850
873 405
873 69
874 449
874 295
874 161
874 91
874 979
874 265
875 135
875 328
875 397
875 100
875 44
875 876
875 443
875 29
875 468
876 949
876 17
876 43
876 161
876 436
876 216
876 488
876 875
876 529
876 842
876 818
876 574
876 609
876 53
876 742
876 982
876 899
876 969
877 212
877 970
877 929
877 889
877 315
877 94
877 930
877 464
877 250
877 425
877 648
877 674
878 399
878 291
878 92
878 496
878 651
878 220
878 620
878 459
878 591
878 796
878 287
878 222
878 376
878 334
878 77
878 265
878 341
879 467
879 416
879 340
879 231
879 226
879 594
879 813
879 456
879 252
879 632
879 997
879 273
879 161
879 600
879 539
879 885
879 833
880 949
880 962
880 452
880 551
880 49
880 606
880 308
880 488
880 501
880 294
880 217
880 774
880 347
880 982
880 82
881 362
881 873
881 761
881 407
882 252
882 471
883 422
883 743
883 71
883 293
883 572
883 259
883 721
883 426
883 654
883 509
883 776
883 496
883 958
883 4
883 324
883 872
883 629
884 205
884 637
884 738
884 238
884 619
884 18
884 660
884 381
884 10
884 478
884 692
884 549
884 446
884 197
884 892
884 150
885 879
885 694
885 993
885 47
885 159
885 773
885 975
885 584
885 295
885 668
886 362
886 804
886 7
886 44
886 281
886 689
886 806
886 347
886 208
887 338
887 847
887 568
887 658
887 788
887 75
887 379
887 953
887 101
887 355
887 801
887 269
887 81
887 942
887 779
887 375
887 559
887 120
888 831
888 917
888 437
888 342
888 410
888 636
888 308
888 668
889 149
889 701
889 689
889 607
889 877
890 536
890 440
890 771
890 212
890 302
890 956
890 556
890 392
890 126
890 861
890 381
890 732
890 118
890 486
890 179
890 921
890 797
890 659
891 336
891 679
891 798
891 159
891 617
891 658
891 755
891 198
891 242
891 683
892 600
892 295
892 439
892 89
892 645
892 368
892 884
892 136
892 724
892 315
892 966
892 11
892 248
892 91
892 303
892 48
892 754
892 314
892 846
892 662
892 981
893 441
893 862
893 283
894 132
894 138
894 499
894 218
894 719
894 695
894 746
894 339
894 129
894 493
894 18
894 816
894 577
894 57
894 128
894 312
895 919
895 81
895 171
895 76
895 998
895 289
896 659
896 672
896 610
896 759
896 598
896 804
896 723
896 56
896 217
896 221
896 342
896 195
896 452
896 614
898 776
898 502
898 44
898 782
898 511
898 87
898 760
898 143
898 359
898 727
898 299
898 153
899 200
899 876
899 683
899 675
899 447
899 853
899 747
899 123
899 370
899 385
899 223
899 833
899 289
899 650
900 789
900 269
900 21
900 489
900 37
900 149
900 985
900 375
900 121
900 625
900 858
901 716
901 734
901 668
902 358
902 32
902 252
902 723
903 398
904 530
904 967
904 992
904 619
904 925
904 418
904 468
904 931
904 394
904 275
904 655
904 754
904 430
905 396
905 382
905 700
905 221
905 389
905 807
905 294
905 649
905 108
905 150
905 846
905 614
906 258
906 276
906 446
906 85
906 456
906 59
906 369
907 676
907 81
907 968
907 343
907 54
907 144
907 579
907 269
907 73
907 656
907 426
908 207
908 840
908 454
908 101
908 276
909 373
909 234
909 95
909 808
909 221
909 946
909 430
910 652
910 516
910 781
910 27
910 718
910 321
910 578
910 192
910 603
910 580
910 90
910 338
910 741
911 3
911 375
911 232
911 728
911 183
911 367
911 771
911 945
911 88
911 629
912 640
912 639
912 455
912 437
912 971
913 810
913 588
914 609
914 809
914 312
914 823
914 367
915 4
915 292
915 285
915 833
915 524
916 687
916 455
916 433
917 568
917 389
917 158
917 804
917 888
917 280
917 173
917 322
917 352
917 227
917 66
917 993
917 569
917 792
917 397
918 138
918 134
918 111
918 144
918 207
918 162
918 369
918 971
918 459
918 923
918 203
918 758
918 68
918 306
918 97
918 231
918 792
918 388
918 983
918 491
918 510
919 895
919 458
919 788
919 144
919 54
919 534
919 547
919 529
919 344
919 38
919 851
919 129
919 117
919 80
919 821
919 971
919 835
919 973
919 503
920 628
920 639
920 693
920 289
920 37
920 311
921 890
921 38
921 580
921 849
921 440
921 845
921 806
921 804
921 959
921 313
921 982
922 598
922 600
922 696
922 848
922 114
922 76
922 783
923 643
923 143
923 918
923 171
924 995
924 126
924 990
924 44
925 835
925 760
925 984
925 986
925 706
925 944
925 287
925 649
925 253
925 596
925 421
925 942
925 130
925 456
925 458
925 904
925 73
925 946
925 299
925 599
926 944
926 203
926 633
926 244
926 712
926 48
926 457
926 950
926 331
926 797
926 378
926 762
926 536
926 133
926 672
926 643
926 295
926 817
926 707
926 952
926 97
926 88
927 362
927 388
928 691
928 536
928 295
928 698
928 43
928 66
928 299
929 223
929 59
929 877
929 214
929 193
929 470
930 751
930 868
930 214
930 711
930 495
930 706
930 602
930 336
930 877
930 470
931 810
931 904
931 9
931 450
932 384
932 79
932 459
932 125
932 558
932 36
932 514
932 326
932 166
933 812
933 833
933 954
933 567
933 652
933 595
933 979
933 438
933 632
933 659
933 799
933 353
933 366
933 463
933 326
933 198
933 315
933 70
934 157
934 209
934 611
934 380
934 373
934 387
934 415
934 829
934 140
934 769
934 286
934 657
934 161
934 811
934 102
935 94
935 808
935 491
935 7
935 979
935 114
936 387
936 425
936 559
936 582
936 768
937 202
937 873
937 437
938 349
938 338
938 270
938 404
938 6
939 86
939 16
939 647
939 166
939 522
939 851
939 208
940 375
940 156
940 425
940 250
941 65
941 441
941 611
941 653
941 963
941 478
942 388
942 292
942 442
942 943
942 660
942 887
942 91
942 271
942 31
942 600
942 925
942 301
943 210
943 859
943 651
943 760
943 84
943 764
943 134
943 713
943 761
943 663
943 825
943 942
943 370
943 54
944 926
944 448
944 925
944 250
944 319
944 104
944 313
944 559
945 178
945 177
945 718
945 512
945 33
945 61
945 828
945 829
945 162
945 823
945 824
945 911
945 503
945 378
945 410
945 744
945 768
946 115
946 953
946 417
946 324
946 788
946 753
946 925
946 602
946 909
946 18
946 223
946 363
946 701
946 687
946 229
947 342
947 647
948 458
948 781
948 463
948 285
948 842
948 409
948 998
948 717
949 577
949 824
949 362
949 763
949 698
949 77
949 633
949 666
949 620
949 125
949 485
949 802
949 467
949 876
949 880
949 390
949 446
949 559
949 137
949 153
950 239
950 744
950 235
950 265
950 527
950 974
950 233
950 852
950 926
951 118
951 72
951 301
951 851
951 347
951 405
951 659
951 993
951 127
951 276
951 156
951 646
952 179
952 479
952 767
952 444
952 503
952 343
952 926
952 693
952 527
952 94
952 801
952 16
952 379
952 852
953 534
953 733
953 585
953 96
953 801
953 199
953 256
953 954
953 386
953 869
953 237
953 250
953 887
953 946
953 82
954 399
954 553
954 655
954 364
954 584
954 485
954 557
954 745
954 742
954 933
954 30
954 80
954 953
955 277
956 890
956 973
957 792
957 126
957 525
957 773
957 143
957 364
957 983
957 457
957 172
957 556
957 481
958 442
958 773
958 657
958 125
958 615
958 733
958 974
958 387
958 202
958 10
958 613
958 370
958 998
958 883
959 441
959 57
959 353
959 389
959 593
959 921
959 507
959 304
959 639
959 248
959 452
959 177
959 186
959 975
959 581
959 834
959 116
960 745
960 532
960 964
960 686
960 776
960 786
961 536
961 159
961 373
961 537
962 658
962 55
962 644
962 128
962 103
962 359
962 833
962 880
962 581
962 415
962 347
962 169
963 941
963 53
963 34
963 6
963 255
963 710
963 703
963 504
963 602
963 527
963 315
963 301
963 648
963 415
963 821
964 301
964 998
964 397
964 404
964 960
966 298
966 233
966 163
966 169
966 375
966 502
966 792
966 406
966 892
967 614
967 735
967 201
967 19
967 280
967 769
967 904
967 109
967 436
967 415
968 43
968 751
968 444
968 657
968 128
968 619
968 804
968 291
968 151
968 613
968 497
968 131
968 907
968 394
969 443
969 718
969 53
969 876
969 319
969 766
969 984
969 660
969 707
969 674
969 730
969 556
970 5
970 280
970 689
970 785
970 102
970 726
970 211
970 6
970 288
970 154
970 8
970 745
970 877
970 971
970 137
970 858
970 22
971 126
971 430
971 919
971 221
971 912
971 570
971 970
971 714
971 141
971 865
971 466
971 161
971 845
971 727
971 690
971 807
971 547
971 390
971 918
971 780
971 716
971 617
971 305
972 186
972 156
972 649
973 812
973 318
973 799
973 919
973 681
973 412
973 956
973 494
973 420
973 166
973 585
973 360
973 423
973 779
973 364
973 452
973 682
973 589
973 174
973 250
974 558
974 738
974 322
974 395
974 356
974 362
974 618
974 721
974 116
974 634
974 958
974 255
974 261
974 950
974 479
975 544
975 959
975 241
975 827
975 379
975 885
975 656
975 87
975 133
976 121
976 451
977 30
977 411
977 114
977 841
977 760
977 291
977 628
977 569
977 403
978 302
978 542
978 324
978 332
978 478
978 351
978 670
978 782
978 95
978 509
979 673
979 874
979 738
979 44
979 866
979 447
979 935
979 933
979 379
980 10
980 703
980 98
981 794
981 757
981 700
981 60
981 892
981 739
981 23
981 386
981 760
981 266
981 105
981 509
982 442
982 921
982 97
982 327
982 876
982 880
982 374
982 336
982 406
982 191
982 985
982 113
982 356
982 808
982 472
982 218
982 851
983 827
983 623
983 15
983 235
983 185
983 732
983 394
983 116
983 957
983 541
983 796
983 533
983 918
983 80
983 221
983 687
983 187
984 61
984 257
984 925
984 92
984 969
985 63
985 982
985 818
985 419
985 589
985 154
985 453
985 255
985 808
985 43
985 832
985 257
985 656
985 143
985 900
986 415
986 925
986 750
986 88
987 545
987 736
987 759
987 11
987 644
987 8
987 450
987 166
987 479
987 665
988 142
988 637
988 149
988 867
988 567
988 225
988 133
988 124
988 662
988 752
988 857
989 130
989 261
989 810
989 798
989 854
990 428
990 664
990 834
990 924
990 146
990 860
990 150
990 334
990 610
990 813
990 808
990 463
990 397
991 450
991 623
991 633
991 592
991 848
991 435
991 85
991 467
991 217
991 115
991 223
991 872
991 694
991 509
992 205
992 326
992 904
992 81
992 437
992 861
992 465
993 400
993 917
993 219
993 885
993 951
993 696
993 314
993 229
993 193
993 767
994 542
994 741
994 391
994 388
994 754
994 349
994 614
994 641
995 924
995 813
995 5
995 799
995 865
995 167
995 205
995 541
995 58
995 309
996 83
996 477
996 143
997 63
997 267
997 49
997 42
997 531
997 879
997 696
997 35
998 964
998 948
998 958
998 637
998 895
998 353
998 467
998 655
998 502
999 790
999 602
999 97
999 850
999 508
999 468
1000 640
1000 406
1000 143
1000 92
