1 517
3 268
3 602
4 453
4 681
4 221
4 801
4 711
4 729
4 473
4 291
4 913
4 228
5 166
5 364
5 314
7 892
7 420
9 834
9 48
9 559
10 170
10 112
10 711
10 539
11 284
11 230
12 663
12 135
13 588
13 340
14 405
15 569
15 404
15 356
15 420
15 562
16 532
16 590
16 780
16 605
17 203
17 879
17 828
17 657
17 514
17 340
18 817
18 761
19 595
19 32
19 384
20 328
21 772
22 716
23 823
23 562
24 651
24 62
24 295
24 159
24 202
24 122
24 925
24 974
25 301
26 702
26 773
27 251
27 227
27 835
27 86
27 395
27 261
27 792
28 894
28 620
28 327
28 420
29 216
29 323
30 945
30 973
30 316
30 377
31 405
32 918
32 19
32 962
32 541
32 766
32 260
32 730
32 808
34 534
34 154
34 380
34 787
34 88
34 871
34 683
35 696
35 390
35 866
35 434
35 57
35 394
35 542
36 455
36 690
36 846
36 252
36 135
36 489
36 808
36 93
37 84
37 876
37 460
38 250
38 174
38 404
39 156
40 587
40 809
40 836
40 856
40 369
40 433
40 139
40 904
40 614
40 155
40 122
40 870
40 134
40 941
40 974
41 313
41 212
41 676
41 261
41 892
41 601
41 373
42 291
42 953
42 722
42 145
42 727
42 371
42 632
43 805
43 595
43 537
43 704
43 515
43 193
43 77
44 742
45 373
45 77
45 602
46 373
46 209
46 598
47 765
47 174
47 568
47 961
48 9
49 232
49 474
49 773
50 564
50 773
50 865
51 736
52 876
52 396
53 497
53 937
53 360
53 276
53 426
53 77
54 321
56 320
57 985
57 362
57 292
57 877
57 598
57 35
58 733
58 205
58 310
58 138
58 97
58 188
58 716
58 384
58 92
59 300
59 217
60 113
60 414
60 732
60 977
60 695
60 625
60 888
60 609
60 936
60 449
61 430
61 481
61 421
61 495
61 716
61 875
61 932
61 796
61 426
61 864
62 871
62 284
62 24
63 532
65 432
65 449
65 784
65 220
65 181
65 450
65 70
65 237
66 749
66 642
66 133
66 821
66 885
66 841
66 548
67 477
67 638
67 188
67 571
68 82
68 962
68 977
68 273
68 619
68 624
68 785
68 77
68 316
69 276
69 711
69 250
69 92
69 398
70 835
70 65
70 868
71 411
71 868
72 574
73 741
73 712
74 825
74 474
74 568
76 737
77 671
77 619
77 846
77 68
77 606
77 45
77 257
77 43
77 117
77 953
77 53
78 619
78 823
78 396
79 590
80 478
80 225
80 783
81 296
82 427
82 788
82 369
82 68
83 93
83 615
83 405
84 37
84 937
84 675
85 928
85 131
85 397
86 290
86 666
86 27
87 605
87 343
88 34
88 847
88 474
88 807
88 221
89 474
91 227
91 405
92 391
92 543
92 58
92 302
92 934
92 779
92 637
92 793
92 69
92 466
93 83
93 440
93 768
93 955
93 134
93 36
93 968
95 421
95 509
96 667
96 229
96 971
96 407
96 855
96 393
96 143
96 671
96 419
97 804
97 442
97 808
97 757
97 58
97 405
98 847
99 573
100 568
100 775
100 420
101 149
101 123
101 503
101 974
104 607
104 185
104 220
104 174
104 556
105 378
105 539
105 207
105 501
105 802
105 776
105 128
105 388
105 340
105 314
107 525
108 315
108 488
108 503
108 431
108 736
109 291
109 928
109 221
109 864
110 294
110 886
110 854
110 603
110 556
111 673
111 780
112 10
113 60
113 284
114 411
114 316
115 992
115 426
115 773
116 757
116 336
117 196
117 77
117 653
117 562
118 237
118 196
119 365
119 364
120 751
121 428
121 359
121 132
121 227
122 498
122 285
122 933
122 24
122 869
122 645
122 342
122 40
123 507
123 907
123 595
123 474
123 838
123 875
123 326
123 950
123 463
123 101
123 359
125 494
125 615
126 970
127 817
128 511
128 105
128 632
129 752
129 321
131 399
131 609
131 142
131 880
131 935
131 924
131 336
131 535
131 85
131 503
131 925
132 891
132 793
132 735
132 121
132 959
133 66
134 93
134 40
135 368
135 36
135 12
135 865
136 216
137 518
138 742
138 58
138 564
139 885
139 284
139 556
139 40
141 221
142 249
142 1000
142 910
142 131
143 96
145 42
145 761
146 356
147 792
148 864
149 101
149 387
149 405
150 562
150 868
151 364
152 620
153 513
153 565
153 910
153 693
153 398
154 923
154 624
154 34
154 713
154 809
154 925
154 736
155 780
155 40
156 39
156 618
156 545
156 401
156 460
157 229
157 689
157 403
157 750
157 640
158 601
158 737
159 24
160 250
161 757
161 364
161 453
162 990
166 5
166 522
166 731
166 233
166 317
166 412
166 603
166 323
167 711
169 367
169 517
169 835
170 10
171 326
171 397
172 425
173 962
173 887
173 503
174 104
174 946
174 641
174 287
174 38
174 47
174 417
174 897
174 978
174 401
175 870
175 987
175 699
175 689
175 403
175 814
175 227
175 602
176 713
176 434
176 808
176 562
176 865
176 377
177 694
178 822
178 873
178 667
178 398
178 180
180 999
180 604
180 464
180 666
180 178
180 564
181 808
181 65
182 478
184 377
185 104
186 640
187 353
187 217
187 401
187 448
188 58
188 442
188 67
188 935
188 220
188 267
189 697
190 315
190 885
192 250
192 373
192 420
192 503
192 632
192 518
193 43
194 279
194 626
194 320
194 303
194 653
194 702
195 525
196 117
196 118
196 326
196 736
197 434
197 404
198 460
199 668
200 908
200 547
200 970
200 312
201 340
201 377
202 24
203 17
203 274
203 808
203 602
205 511
205 58
205 225
205 503
205 742
205 356
206 274
206 237
207 105
208 898
208 426
209 793
209 582
209 678
209 548
209 46
210 671
210 305
210 854
210 896
210 513
210 755
210 276
210 879
210 800
210 544
210 408
210 816
212 41
212 910
212 284
212 568
212 598
213 757
213 323
213 356
213 683
214 436
214 834
214 791
214 883
214 656
214 707
214 728
214 953
214 819
215 808
216 544
216 29
216 136
216 693
216 388
217 692
217 414
217 187
217 341
217 59
217 242
217 446
217 874
217 595
217 471
217 849
217 764
218 910
218 930
219 986
219 503
220 550
220 188
220 104
220 737
220 65
221 363
221 346
221 141
221 88
221 109
221 912
221 874
221 501
221 396
221 4
223 449
224 569
224 377
225 527
225 205
225 409
225 80
225 866
225 942
225 841
225 750
226 275
226 768
226 558
226 627
226 580
226 442
226 800
226 733
226 747
227 347
227 701
227 803
227 890
227 627
227 91
227 601
227 121
227 175
227 27
228 408
228 438
228 387
228 876
228 448
228 4
229 157
229 970
229 808
229 96
230 994
230 249
230 848
230 11
230 250
230 968
230 296
232 49
232 384
232 336
233 703
233 899
233 166
233 539
233 970
234 616
234 973
235 551
235 291
235 814
235 391
235 618
235 315
236 564
236 973
237 206
237 681
237 720
237 118
237 669
237 932
237 293
237 645
237 336
237 65
238 734
239 396
239 420
240 453
241 685
241 698
241 400
242 250
242 217
244 321
246 780
246 602
247 583
247 910
247 742
247 488
248 557
249 142
249 230
249 868
250 825
250 747
250 69
250 277
250 242
250 374
250 886
250 38
250 192
250 937
250 160
250 230
251 27
251 640
252 785
252 36
252 712
252 960
252 907
252 310
252 615
252 968
253 893
253 810
253 370
253 388
253 744
253 431
255 533
255 509
255 910
257 577
257 77
258 284
258 809
258 398
259 343
259 559
259 765
260 866
260 32
260 632
261 763
261 361
261 557
261 41
261 326
261 27
263 822
263 510
263 807
264 502
264 533
264 734
264 388
265 420
266 834
266 351
266 772
267 188
267 509
267 449
268 3
268 500
268 580
268 787
268 318
269 339
271 284
271 737
271 456
272 431
273 588
273 68
274 206
274 832
274 734
274 570
274 578
274 867
274 315
274 203
274 792
275 226
276 526
276 501
276 69
276 745
276 53
276 481
276 509
276 210
277 250
277 992
278 833
278 620
279 194
279 339
280 557
280 765
281 616
281 342
282 814
283 533
283 343
283 428
284 682
284 597
284 349
284 113
284 11
284 451
284 825
284 212
284 62
284 139
284 271
284 258
284 697
284 876
285 305
285 122
286 632
287 434
287 174
288 595
288 453
290 86
290 752
290 447
290 894
290 463
290 673
290 321
290 968
291 686
291 109
291 235
291 42
291 370
291 4
292 394
292 57
292 737
292 377
293 237
294 110
294 968
294 559
295 24
296 436
296 356
296 488
296 899
296 565
296 748
296 81
296 331
296 804
296 854
296 441
296 826
296 408
296 596
296 230
296 986
298 738
298 577
298 405
299 809
300 59
300 771
300 387
301 25
301 532
301 345
301 538
301 995
301 987
301 562
301 400
302 443
302 92
302 809
302 744
303 983
303 194
303 314
305 285
305 672
305 889
305 655
305 946
305 552
305 336
305 210
305 562
306 763
306 539
307 340
308 680
309 488
309 556
309 968
309 761
310 252
310 58
310 396
310 431
311 834
311 573
311 750
312 337
312 336
312 200
312 877
312 504
312 343
312 531
312 359
313 41
314 951
314 969
314 440
314 828
314 105
314 920
314 5
314 303
314 654
314 568
315 665
315 579
315 108
315 850
315 190
315 235
315 823
315 274
315 968
315 339
316 595
316 387
316 947
316 114
316 888
316 877
316 695
316 30
316 992
316 68
316 911
316 546
316 756
316 961
317 166
317 539
318 268
319 571
319 356
320 56
320 194
320 549
321 54
321 129
321 860
321 647
321 244
321 774
321 373
321 769
321 290
321 503
321 456
322 850
323 682
323 755
323 29
323 213
323 686
323 166
323 933
323 690
323 966
323 647
324 973
325 823
326 924
326 418
326 991
326 261
326 171
326 196
326 123
327 341
327 875
327 28
328 897
328 20
328 580
328 470
328 800
329 601
331 381
331 852
331 404
331 296
332 539
332 683
332 620
334 365
334 880
334 668
335 353
335 734
335 387
336 464
336 915
336 116
336 237
336 497
336 950
336 232
336 305
336 776
336 131
336 312
337 312
339 269
339 315
339 898
339 859
339 410
339 279
339 529
339 960
339 867
339 498
340 201
340 575
340 620
340 105
340 17
340 307
340 13
341 217
341 809
341 327
342 667
342 828
342 281
342 122
342 352
342 393
342 873
343 450
343 283
343 888
343 87
343 259
343 876
343 312
345 301
346 552
346 797
346 563
346 221
347 227
348 871
349 284
351 512
351 266
351 510
352 342
353 675
353 187
353 335
353 731
353 428
355 701
355 668
355 398
356 717
356 213
356 319
356 15
356 711
356 549
356 146
356 205
356 879
356 567
356 482
356 296
359 121
359 585
359 312
359 497
359 689
359 448
359 533
359 663
359 123
359 693
360 402
360 53
360 556
360 401
361 261
361 711
361 823
361 568
362 57
362 525
363 221
363 431
364 957
364 427
364 621
364 5
364 119
364 472
364 161
364 151
364 503
365 334
365 119
365 481
365 601
365 736
366 792
367 169
368 135
368 638
369 82
369 834
369 547
369 750
369 40
370 580
370 477
370 939
370 872
370 919
370 291
370 881
370 253
371 42
373 816
373 192
373 981
373 546
373 474
373 45
373 833
373 41
373 46
373 432
373 936
373 857
373 321
374 250
376 925
377 184
377 30
377 382
377 292
377 843
377 176
377 413
377 560
377 201
377 418
377 224
378 105
378 403
378 460
378 761
379 573
380 34
380 474
380 434
380 823
380 466
381 331
382 615
382 377
384 700
384 19
384 745
384 58
384 852
384 887
384 232
386 402
387 300
387 920
387 228
387 871
387 335
387 816
387 879
387 149
387 316
388 927
388 468
388 516
388 933
388 964
388 105
388 264
388 253
388 613
388 216
388 973
389 738
390 435
390 35
391 92
391 235
391 405
393 394
393 668
393 342
393 96
393 736
394 292
394 393
394 964
394 550
394 730
394 970
394 736
394 35
395 27
396 78
396 239
396 689
396 52
396 221
396 310
397 939
397 871
397 651
397 890
397 897
397 928
397 171
397 85
397 875
398 593
398 178
398 829
398 355
398 258
398 69
398 153
399 131
399 559
399 548
399 405
400 712
400 241
400 301
401 187
401 174
401 728
401 730
401 156
401 360
402 386
402 360
402 559
403 977
403 157
403 378
403 794
403 175
404 693
404 15
404 440
404 197
404 963
404 331
404 641
404 982
404 38
404 405
405 14
405 926
405 91
405 908
405 580
405 404
405 83
405 731
405 520
405 826
405 298
405 850
405 399
405 97
405 944
405 391
405 31
405 442
405 957
405 149
406 577
406 548
407 980
407 880
407 96
408 228
408 573
408 210
408 296
409 785
409 225
409 968
410 810
410 425
410 807
410 737
410 965
410 339
411 114
411 585
411 71
412 713
412 166
412 453
413 545
413 377
414 217
414 60
416 847
416 980
417 752
417 174
417 775
418 639
418 841
418 326
418 377
419 96
420 667
420 742
420 845
420 590
420 28
420 192
420 840
420 754
420 15
420 100
420 458
420 239
420 7
420 953
420 265
421 95
421 61
423 653
423 632
424 564
425 705
425 410
425 912
425 172
426 950
426 641
426 732
426 115
426 61
426 208
426 777
426 53
427 82
427 364
428 353
428 283
428 793
428 498
428 121
428 730
429 459
429 455
430 61
430 823
431 272
431 620
431 108
431 603
431 808
431 721
431 639
431 731
431 363
431 820
431 480
431 962
431 310
431 253
432 65
432 373
433 40
434 748
434 481
434 467
434 197
434 287
434 176
434 836
434 690
434 380
434 636
434 817
434 35
435 855
435 493
435 390
435 892
435 925
435 640
436 296
436 214
436 562
437 896
437 865
438 611
438 228
438 978
438 711
438 716
439 701
439 451
440 557
440 404
440 880
440 93
440 314
441 556
441 296
442 97
442 188
442 548
442 405
442 226
443 747
443 302
443 519
446 217
446 864
447 290
447 660
447 945
447 871
448 698
448 693
448 228
448 650
448 187
448 882
448 359
449 223
449 60
449 521
449 956
449 790
449 267
449 999
449 65
450 343
450 65
450 562
451 824
451 439
451 772
451 284
453 733
453 673
453 161
453 288
453 517
453 412
453 579
453 953
453 815
453 790
453 240
453 737
453 4
453 925
454 645
455 600
455 36
455 429
456 677
456 271
456 530
456 931
456 841
456 860
456 927
456 321
456 846
457 910
457 598
457 868
458 807
458 569
458 420
458 503
459 429
459 494
459 690
459 846
460 706
460 37
460 804
460 877
460 156
460 859
460 198
460 378
460 869
460 792
460 930
461 528
461 853
462 503
462 974
463 290
463 1000
463 738
463 123
464 336
464 180
465 761
466 380
466 872
466 570
466 92
466 911
467 434
467 894
468 697
468 388
469 498
469 569
470 328
471 930
471 697
471 217
472 364
473 737
473 876
473 4
474 88
474 74
474 948
474 380
474 89
474 49
474 499
474 936
474 373
474 123
475 615
476 959
476 992
477 795
477 67
477 479
477 700
477 673
477 370
478 80
478 182
478 772
479 477
479 577
480 431
481 365
481 276
481 577
481 434
481 61
481 841
482 356
485 532
487 806
487 761
488 309
488 770
488 933
488 520
488 247
488 591
488 497
488 635
488 108
488 814
488 296
489 36
489 608
489 614
491 808
493 435
494 459
494 125
494 573
494 765
494 961
495 636
495 650
495 734
495 61
495 590
495 880
496 925
497 53
497 488
497 336
497 359
498 469
498 777
498 122
498 626
498 694
498 701
498 428
498 339
499 474
500 268
501 276
501 674
501 221
501 105
501 615
502 264
503 205
503 784
503 458
503 711
503 642
503 596
503 705
503 108
503 321
503 192
503 173
503 364
503 131
503 101
503 712
503 462
503 219
503 569
504 312
505 876
506 880
507 123
508 763
508 547
508 742
508 880
509 739
509 276
509 267
509 95
509 255
510 351
510 516
510 572
510 731
510 519
510 263
510 775
511 128
511 205
511 625
512 351
512 742
513 153
513 548
513 210
514 17
514 742
515 43
515 518
516 690
516 510
516 388
516 864
516 683
517 169
517 1
517 453
517 989
518 137
518 776
518 673
518 515
518 885
518 569
518 192
518 575
519 510
519 443
519 792
519 961
520 488
520 405
521 449
522 166
523 674
524 915
524 619
525 587
525 934
525 195
525 856
525 619
525 107
525 362
525 893
525 756
526 276
526 807
527 896
527 225
528 461
529 339
530 456
531 817
531 312
532 16
532 485
532 63
532 633
532 896
532 301
533 283
533 835
533 255
533 264
533 620
533 359
534 34
535 131
537 750
537 43
538 734
538 301
539 332
539 698
539 10
539 233
539 306
539 776
539 669
539 317
539 635
539 560
539 105
540 698
540 602
541 32
542 35
543 92
543 973
543 632
544 216
544 880
544 210
544 640
545 843
545 413
545 156
545 944
546 871
546 730
546 373
546 316
547 369
547 508
547 200
548 513
548 442
548 844
548 624
548 406
548 66
548 399
548 850
548 859
548 209
549 320
549 608
549 838
549 953
549 959
549 590
549 356
550 220
550 983
550 618
550 394
551 810
551 235
551 970
552 346
552 305
553 986
553 970
553 761
554 991
554 974
556 360
556 110
556 781
556 309
556 592
556 104
556 606
556 441
556 139
556 608
557 440
557 791
557 280
557 714
557 812
557 638
557 248
557 725
557 261
557 673
557 564
558 226
559 399
559 857
559 984
559 259
559 724
559 943
559 839
559 294
559 939
559 402
559 748
559 9
560 539
560 377
562 436
562 117
562 955
562 23
562 176
562 450
562 841
562 150
562 875
562 15
562 810
562 305
562 720
562 301
563 346
564 424
564 138
564 236
564 50
564 557
564 180
565 153
565 296
566 792
566 653
567 689
567 356
568 100
568 47
568 361
568 74
568 941
568 212
568 654
568 314
568 838
568 974
568 868
569 458
569 224
569 774
569 15
569 469
569 503
569 518
570 841
570 274
570 466
571 319
571 714
571 67
571 934
571 965
572 510
572 841
572 602
573 379
573 408
573 1000
573 899
573 755
573 494
573 99
573 311
573 868
573 894
573 640
573 865
574 72
574 809
574 745
574 955
574 641
574 906
574 730
574 811
574 832
575 340
575 518
577 786
577 609
577 627
577 406
577 298
577 479
577 481
577 870
577 257
577 910
577 632
578 274
579 315
579 453
579 898
580 370
580 328
580 268
580 405
580 226
581 598
582 209
583 695
583 247
585 411
585 761
585 359
586 823
587 525
587 40
588 273
588 770
588 13
588 668
588 868
589 847
590 79
590 549
590 936
590 649
590 707
590 16
590 690
590 597
590 920
590 495
590 420
591 488
592 556
592 653
592 961
593 398
595 19
595 715
595 762
595 316
595 638
595 288
595 625
595 217
595 123
595 43
595 773
596 503
596 296
597 284
597 590
598 784
598 663
598 581
598 46
598 457
598 980
598 57
598 646
598 941
598 212
599 689
599 934
599 961
600 671
600 455
601 158
601 329
601 365
601 41
601 227
602 697
602 720
602 771
602 739
602 175
602 203
602 246
602 572
602 880
602 45
602 3
602 701
602 540
602 890
603 110
603 166
603 431
604 180
605 87
605 16
605 626
605 805
606 77
606 556
607 104
608 489
608 549
608 752
608 556
609 577
609 60
609 131
611 438
611 687
612 986
613 388
614 618
614 489
614 817
614 40
614 865
615 83
615 475
615 838
615 501
615 382
615 125
615 891
615 252
615 702
616 234
616 281
616 823
617 970
617 620
618 156
618 614
618 550
618 734
618 235
619 78
619 524
619 68
619 77
619 525
620 665
620 845
620 28
620 278
620 617
620 332
620 889
620 891
620 152
620 533
620 340
620 431
621 364
622 668
623 965
623 783
624 698
624 154
624 796
624 548
624 68
625 900
625 839
625 511
625 595
625 733
625 60
626 498
626 194
626 605
627 907
627 577
627 227
627 783
627 226
632 877
632 577
632 423
632 286
632 973
632 128
632 543
632 826
632 192
632 42
632 260
633 532
633 761
634 974
635 847
635 539
635 488
636 495
636 434
637 92
637 925
638 595
638 67
638 368
638 1000
638 804
638 557
638 772
639 418
639 1000
639 431
640 573
640 251
640 909
640 791
640 641
640 186
640 723
640 157
640 819
640 798
640 544
640 887
640 435
641 174
641 404
641 426
641 574
641 640
642 66
642 742
642 503
643 925
645 775
645 454
645 237
645 122
646 598
646 865
647 323
647 321
648 907
649 905
649 660
649 750
649 590
650 671
650 495
650 847
650 448
651 24
651 397
652 871
653 423
653 922
653 755
653 592
653 566
653 664
653 721
653 951
653 194
653 871
653 117
653 882
653 974
654 314
654 568
655 305
656 689
656 930
656 214
657 702
657 17
657 752
657 868
658 707
658 757
658 894
659 961
660 777
660 447
660 989
660 649
660 734
663 12
663 598
663 359
664 653
665 315
665 620
666 86
666 180
667 178
667 342
667 420
667 96
668 199
668 588
668 622
668 393
668 818
668 903
668 874
668 334
668 678
668 839
668 355
669 539
669 237
671 650
671 600
671 862
671 210
671 77
671 750
671 96
672 305
672 702
673 477
673 290
673 941
673 789
673 111
673 954
673 453
673 557
673 742
673 894
673 518
674 801
674 501
674 523
674 808
675 892
675 84
675 353
676 41
676 970
676 809
677 456
677 761
678 668
678 209
679 730
679 876
679 783
680 308
681 237
681 4
682 323
682 284
683 332
683 991
683 213
683 705
683 786
683 995
683 34
683 861
683 516
684 974
685 241
686 291
686 323
687 611
689 567
689 709
689 656
689 157
689 599
689 175
689 396
689 359
690 934
690 36
690 921
690 459
690 516
690 434
690 590
690 323
692 217
693 216
693 404
693 153
693 448
693 359
694 177
694 839
694 498
694 989
695 583
695 928
695 60
695 316
696 35
697 723
697 284
697 189
697 468
697 471
697 602
697 773
698 540
698 624
698 539
698 241
698 448
698 702
699 175
700 828
700 983
700 477
700 384
700 823
701 355
701 835
701 439
701 498
701 789
701 227
701 744
701 973
701 602
702 657
702 194
702 26
702 998
702 698
702 672
702 997
702 615
703 233
704 841
704 43
705 425
705 683
705 503
706 460
707 658
707 899
707 730
707 214
707 590
707 809
709 689
710 809
711 167
711 69
711 980
711 824
711 10
711 361
711 745
711 964
711 438
711 882
711 356
711 503
711 925
711 973
711 4
712 400
712 73
712 252
712 734
712 503
713 412
713 154
713 995
713 176
713 813
714 557
714 571
715 595
715 847
716 438
716 58
716 22
716 61
717 356
717 992
718 944
720 237
720 562
720 602
721 653
721 431
722 42
723 697
723 640
723 868
724 559
724 930
724 894
725 557
726 973
727 42
728 214
728 970
728 750
728 401
728 925
728 973
728 736
729 4
730 679
730 394
730 707
730 812
730 428
730 546
730 32
730 876
730 401
730 574
731 353
731 510
731 823
731 166
731 405
731 431
732 995
732 850
732 793
732 426
732 60
733 912
733 58
733 453
733 625
733 226
734 538
734 618
734 960
734 335
734 238
734 712
734 495
734 660
734 264
734 274
735 132
736 51
736 393
736 196
736 154
736 728
736 394
736 365
736 108
737 76
737 158
737 473
737 220
737 943
737 782
737 453
737 271
737 945
737 292
737 410
738 298
738 810
738 463
738 389
738 789
738 903
739 509
739 602
741 73
742 138
742 508
742 44
742 818
742 205
742 247
742 673
742 834
742 514
742 512
742 642
742 420
744 701
744 931
744 302
744 253
744 899
745 276
745 711
745 384
745 823
745 574
746 876
747 443
747 250
747 772
747 876
747 226
748 434
748 559
748 296
749 66
750 649
750 728
750 225
750 311
750 537
750 369
750 671
750 157
750 789
751 120
752 290
752 657
752 991
752 608
752 129
752 417
754 420
755 573
755 841
755 323
755 210
755 653
756 894
756 525
756 316
757 213
757 658
757 116
757 941
757 161
757 97
757 910
761 677
761 553
761 633
761 145
761 309
761 851
761 18
761 487
761 378
761 585
761 465
762 595
763 261
763 306
763 508
764 217
765 259
765 772
765 909
765 904
765 47
765 890
765 494
765 280
766 32
767 973
768 980
768 93
768 226
769 864
769 321
770 588
770 488
771 893
771 300
771 602
772 638
772 478
772 956
772 266
772 451
772 21
772 747
772 765
773 49
773 899
773 595
773 50
773 697
773 26
773 884
773 115
774 569
774 321
775 645
775 100
775 510
775 417
775 859
776 539
776 105
776 336
776 973
776 518
777 498
777 660
777 426
777 780
778 807
779 92
780 827
780 844
780 928
780 979
780 246
780 111
780 16
780 777
780 155
781 556
782 737
782 973
783 679
783 627
783 623
783 861
783 80
784 598
784 65
784 503
785 409
785 252
785 68
785 961
786 577
786 683
787 34
787 268
788 82
789 701
789 673
789 738
789 750
790 453
790 449
791 557
791 214
791 640
791 865
792 366
792 147
792 519
792 566
792 27
792 274
792 460
793 209
793 732
793 428
793 92
793 132
794 403
795 477
796 624
796 61
797 346
798 640
800 328
800 210
800 226
801 674
801 4
802 105
803 846
803 227
804 97
804 975
804 638
804 885
804 296
804 460
805 43
805 605
806 487
806 817
807 410
807 526
807 88
807 263
807 778
807 458
807 808
807 864
808 97
808 491
808 36
808 215
808 229
808 674
808 32
808 176
808 807
808 181
808 203
808 431
809 710
809 258
809 341
809 851
809 814
809 302
809 707
809 299
809 676
809 154
809 944
809 574
809 40
810 551
810 410
810 738
810 253
810 973
810 562
811 574
812 557
812 730
813 850
813 995
813 713
814 282
814 175
814 235
814 488
814 809
815 453
816 373
816 387
816 970
816 894
816 210
817 127
817 18
817 614
817 806
817 531
817 434
818 742
818 668
819 214
819 640
820 910
820 876
820 431
821 66
822 263
822 178
823 731
823 380
823 361
823 23
823 430
823 315
823 325
823 616
823 745
823 700
823 586
823 78
824 711
824 451
825 74
825 250
825 284
826 405
826 296
826 632
827 780
828 700
828 17
828 992
828 314
828 342
829 398
832 274
832 864
832 574
833 278
833 373
834 266
834 369
834 926
834 311
834 947
834 9
834 214
834 742
835 169
835 862
835 70
835 701
835 533
835 27
836 867
836 434
836 40
838 549
838 123
838 615
838 568
839 694
839 559
839 625
839 668
840 420
841 66
841 704
841 570
841 572
841 418
841 225
841 481
841 892
841 755
841 562
841 456
843 545
843 377
844 548
844 780
845 620
845 420
846 36
846 459
846 803
846 848
846 77
846 456
847 635
847 88
847 416
847 715
847 916
847 650
847 589
847 98
848 846
848 230
849 217
850 322
850 813
850 732
850 315
850 548
850 405
851 809
851 761
852 331
852 384
853 461
854 110
854 210
854 296
855 435
855 96
856 965
856 525
856 40
857 559
857 373
859 548
859 775
859 460
859 339
860 937
860 321
860 456
861 783
861 683
861 925
862 671
862 835
864 769
864 446
864 148
864 516
864 832
864 109
864 895
864 61
864 807
865 573
865 50
865 176
865 614
865 791
865 931
865 135
865 437
865 646
866 260
866 225
866 35
867 967
867 836
867 976
867 274
867 339
868 573
868 723
868 150
868 568
868 588
868 657
868 71
868 249
868 70
868 457
869 122
869 460
870 175
870 577
870 928
870 40
871 348
871 447
871 652
871 62
871 546
871 34
871 387
871 397
871 653
872 370
872 466
873 178
873 342
874 221
874 217
874 965
874 668
875 61
875 327
875 123
875 397
875 562
876 820
876 37
876 473
876 284
876 52
876 343
876 746
876 228
876 505
876 730
876 679
876 747
877 896
877 632
877 57
877 460
877 316
877 312
879 17
879 387
879 210
879 356
880 334
880 506
880 440
880 544
880 910
880 508
880 962
880 495
880 407
880 131
880 602
881 370
882 711
882 448
882 653
883 214
884 773
885 139
885 804
885 190
885 66
885 894
885 974
885 518
886 110
886 250
887 173
887 384
887 640
888 343
888 60
888 316
889 305
889 620
890 765
890 227
890 397
890 602
891 132
891 620
891 615
892 7
892 675
892 435
892 41
892 841
893 771
893 253
893 525
894 290
894 467
894 573
894 977
894 756
894 885
894 724
894 673
894 658
894 28
894 816
895 864
896 877
896 527
896 437
896 532
896 210
897 328
897 174
897 397
898 923
898 208
898 951
898 975
898 579
898 339
899 707
899 233
899 573
899 744
899 296
899 773
900 625
903 738
903 668
904 765
904 925
904 40
905 649
906 574
907 969
907 648
907 627
907 252
907 123
908 200
908 989
908 405
909 765
909 640
910 577
910 142
910 820
910 255
910 757
910 247
910 457
910 218
910 212
910 945
910 880
910 153
911 466
911 316
912 733
912 425
912 221
913 4
914 961
915 524
915 336
916 847
918 32
919 370
920 590
920 387
920 314
921 690
922 653
923 154
923 898
924 326
924 131
925 435
925 728
925 453
925 131
925 711
925 154
925 643
925 977
925 24
925 637
925 904
925 496
925 376
925 861
926 834
926 405
927 388
927 456
928 695
928 85
928 870
928 109
928 780
928 397
929 986
930 471
930 656
930 724
930 218
930 460
931 744
931 456
931 865
932 61
932 237
933 488
933 388
933 323
933 122
934 599
934 690
934 92
934 571
934 525
935 188
935 131
936 474
936 373
936 590
936 60
937 53
937 860
937 84
937 250
939 397
939 370
939 559
941 757
941 673
941 989
941 568
941 598
941 40
942 225
943 559
943 970
943 737
944 718
944 545
944 809
944 405
945 447
945 30
945 910
945 737
946 305
946 174
947 834
947 316
948 474
950 426
950 336
950 123
951 314
951 898
951 653
953 453
953 42
953 549
953 214
953 77
953 420
954 673
955 93
955 574
955 562
956 772
956 449
957 364
957 405
959 476
959 991
959 132
959 549
960 252
960 734
960 968
960 339
961 980
961 316
961 47
961 659
961 785
961 599
961 592
961 995
961 519
961 914
961 494
962 173
962 32
962 880
962 68
962 431
963 404
964 711
964 394
964 388
965 874
965 571
965 856
965 623
965 410
966 323
967 867
968 294
968 93
968 315
968 252
968 960
968 309
968 230
968 290
968 409
969 907
969 314
970 617
970 943
970 200
970 728
970 676
970 126
970 816
970 394
970 229
970 551
970 233
970 553
971 96
972 980
973 767
973 388
973 726
973 776
973 711
973 810
973 701
973 543
973 236
973 728
973 234
973 324
973 30
973 782
973 632
974 634
974 653
974 684
974 885
974 24
974 568
974 462
974 40
974 554
974 101
975 804
975 898
976 867
977 403
977 894
977 68
977 60
977 925
978 438
978 174
979 780
980 768
980 407
980 972
980 416
980 711
980 961
980 598
981 373
982 404
983 303
983 550
983 990
983 700
984 559
985 57
986 612
986 929
986 553
986 219
986 296
987 175
987 301
989 660
989 694
989 908
989 517
989 941
990 983
990 162
991 554
991 959
991 326
991 752
991 683
992 115
992 828
992 717
992 277
992 476
992 316
994 230
995 813
995 732
995 713
995 683
995 961
995 301
997 702
998 702
999 449
999 180
1000 142
1000 639
1000 463
1000 573
1000 638
