1 336
1 356
1 562
2 841
2 217
2 671
3 42
3 27
3 503
3 640
4 404
4 563
4 392
4 738
4 888
4 693
4 73
4 291
4 841
4 310
4 444
5 166
5 10
5 82
5 489
6 276
6 683
7 892
7 752
8 488
9 834
9 334
9 652
9 309
10 287
10 298
10 718
10 90
10 5
10 448
10 712
10 973
10 648
10 915
11 353
12 716
12 525
12 431
12 210
12 880
12 806
13 373
13 864
14 736
14 105
14 252
15 744
15 61
16 532
16 605
16 653
17 364
18 95
19 456
19 489
19 73
20 301
20 850
21 556
21 503
22 841
22 569
22 995
22 780
23 388
24 651
24 770
25 807
25 599
26 42
26 235
27 514
27 464
27 234
27 723
27 353
27 907
27 437
27 584
27 3
27 365
27 84
28 327
29 974
29 235
30 865
30 880
30 132
30 456
31 339
32 217
32 894
33 336
33 568
34 534
34 787
35 866
35 186
35 213
35 75
35 54
35 539
35 208
35 806
37 84
38 305
39 214
40 221
41 174
41 233
41 1000
42 476
42 135
42 3
42 506
42 926
42 606
42 55
42 26
42 573
42 640
43 805
43 515
43 193
43 276
44 533
44 509
45 93
46 200
46 252
47 765
47 653
47 431
48 425
48 214
49 151
49 979
49 507
49 996
50 564
50 773
50 226
51 846
51 405
51 387
51 562
52 876
53 780
53 868
53 217
54 276
54 35
55 42
57 590
58 668
58 690
59 711
59 431
60 656
60 251
60 515
60 642
60 387
60 477
60 818
60 906
60 628
60 272
60 672
60 336
61 993
61 107
61 637
61 78
61 896
61 500
61 15
61 522
61 986
61 547
62 216
62 910
63 532
63 690
64 894
64 632
65 875
65 822
65 275
65 736
65 534
65 296
65 535
65 485
65 601
66 749
66 133
66 821
66 396
66 252
66 808
66 342
66 557
67 477
67 396
68 705
68 654
68 458
68 109
68 516
68 178
68 585
68 915
68 942
69 250
71 326
72 986
72 84
73 927
73 403
73 809
73 542
73 206
73 627
73 666
73 779
73 19
73 4
74 209
74 331
75 110
75 35
77 404
77 448
77 628
77 625
77 86
77 784
77 90
77 365
77 932
77 953
77 247
78 619
78 761
78 61
79 568
80 780
80 339
81 808
82 955
82 428
82 890
82 796
82 162
82 5
82 901
82 718
82 242
82 662
82 286
82 918
82 256
83 625
84 37
84 560
84 843
84 27
84 72
84 457
84 106
84 568
84 736
84 625
84 188
86 666
86 599
86 77
86 562
87 961
87 808
87 807
87 632
88 671
89 474
90 10
90 397
90 77
91 602
91 557
93 768
93 45
93 670
93 647
93 709
93 939
94 316
94 431
94 397
95 421
95 18
95 891
95 857
95 483
95 797
95 970
97 442
98 448
98 510
98 562
99 737
99 420
99 571
102 806
103 568
103 930
104 556
104 590
105 378
105 612
105 514
105 14
105 778
105 534
105 297
105 325
106 84
106 599
107 216
107 61
108 315
109 68
110 952
110 785
110 471
110 75
110 981
110 462
110 837
110 525
110 174
110 342
111 489
111 970
111 331
111 456
111 590
112 210
112 356
115 702
115 461
116 321
117 196
118 442
118 850
118 876
118 356
119 894
119 326
120 420
120 194
120 342
121 736
121 394
121 559
122 285
122 933
122 869
123 574
123 518
123 533
123 864
124 640
125 434
125 173
126 316
126 323
127 316
128 568
129 401
129 671
130 549
131 722
131 713
131 185
131 301
131 874
131 191
131 780
132 918
132 30
132 195
132 491
132 534
132 562
133 66
135 42
135 431
135 970
136 738
137 227
138 880
138 928
140 894
140 200
141 310
141 871
141 817
141 411
141 808
141 599
142 744
142 503
143 865
144 744
144 336
145 1000
146 876
146 970
147 792
147 276
147 571
148 387
149 599
150 353
151 683
151 49
151 559
153 513
153 565
155 252
157 750
157 288
157 559
159 456
160 250
161 910
162 990
162 82
162 227
163 653
163 750
164 296
166 5
166 522
166 731
166 603
166 310
166 632
168 847
168 750
168 328
168 632
169 367
169 671
170 425
170 336
170 742
171 326
171 632
173 887
173 572
173 210
173 125
173 580
173 238
173 623
174 978
174 577
174 790
174 41
174 921
174 924
174 931
174 110
174 218
174 868
174 412
174 322
174 869
175 640
176 737
176 420
177 456
178 873
178 667
178 398
178 180
178 511
178 68
178 331
179 460
179 864
180 178
180 333
180 284
182 478
183 233
184 377
184 569
185 131
185 356
186 226
186 35
187 989
188 795
188 998
188 395
188 645
188 468
188 823
188 84
188 268
188 466
188 668
189 697
190 443
191 131
191 734
191 323
192 373
193 43
193 986
193 846
194 976
194 120
194 580
194 953
195 132
196 117
196 737
196 316
196 568
197 404
197 402
198 690
199 326
200 46
200 436
200 140
200 892
200 312
201 377
201 574
201 569
201 807
204 388
204 742
205 711
206 237
206 73
208 894
208 35
208 865
209 793
209 494
209 735
209 74
210 12
210 733
210 905
210 469
210 619
210 112
210 655
210 242
210 544
210 173
211 847
213 35
214 48
214 691
214 393
214 452
214 39
214 621
214 866
214 295
215 734
216 62
216 438
216 631
216 458
216 613
216 813
216 107
216 252
217 53
217 32
217 224
217 574
217 755
217 335
217 232
217 2
217 493
217 971
217 295
218 174
219 310
220 398
220 761
221 40
221 493
221 258
221 717
221 409
221 816
221 402
221 985
221 490
221 247
221 882
221 938
222 568
222 373
222 405
223 227
224 377
224 841
224 217
224 340
224 671
225 901
225 633
225 706
225 952
225 318
226 800
226 50
226 186
226 271
226 764
226 355
226 758
226 398
226 711
227 137
227 947
227 550
227 444
227 502
227 223
227 716
227 162
227 578
227 445
228 408
229 434
230 968
232 217
233 870
233 41
233 889
233 295
233 183
233 600
233 941
233 997
233 488
234 616
234 27
234 323
235 291
235 660
235 320
235 654
235 329
235 29
235 662
235 26
236 564
236 573
236 328
237 206
237 681
237 720
237 932
237 293
237 426
237 817
238 510
238 173
238 571
239 562
240 453
240 945
240 823
241 244
241 805
242 250
242 210
242 82
244 241
245 632
245 738
246 752
247 583
247 77
247 221
249 868
249 865
250 825
250 747
250 69
250 277
250 242
250 160
250 401
250 559
251 822
251 60
252 319
252 256
252 66
252 622
252 46
252 661
252 517
252 216
252 533
252 14
252 432
252 893
252 155
252 871
252 427
252 756
252 671
253 264
253 711
254 841
254 518
255 323
255 525
255 865
256 82
256 252
257 356
258 809
258 221
259 765
259 864
259 671
260 866
260 448
260 443
261 489
261 562
262 653
264 812
264 253
264 828
264 875
264 943
264 281
264 1000
264 632
265 556
266 351
268 318
268 188
269 336
271 226
271 443
272 60
273 602
273 742
274 345
274 426
274 661
274 600
274 748
274 412
274 325
274 766
274 680
275 65
276 6
276 854
276 416
276 297
276 43
276 54
276 641
276 664
276 422
276 147
276 546
276 970
277 250
278 640
280 765
280 316
280 411
281 616
281 847
281 868
281 264
284 697
284 180
284 602
284 364
285 122
285 353
285 683
286 296
286 353
286 82
286 331
287 10
288 530
288 157
288 295
288 667
288 343
288 838
290 574
290 321
291 235
291 488
291 4
291 668
292 1000
293 237
293 823
294 989
294 864
294 559
295 217
295 233
295 214
295 288
295 823
295 930
296 286
296 967
296 941
296 997
296 477
296 645
296 969
296 439
296 654
296 667
296 635
296 878
296 442
296 164
296 406
296 866
296 664
296 65
297 105
297 276
298 847
298 10
298 328
299 809
300 763
301 538
301 20
301 419
301 524
301 585
301 316
301 357
301 131
301 571
302 809
303 823
303 668
304 384
304 336
304 876
304 780
305 769
305 38
305 445
305 678
306 763
306 823
307 894
307 394
308 680
308 945
308 394
309 9
309 590
310 852
310 543
310 219
310 166
310 141
310 790
310 736
310 351
310 331
310 4
311 834
312 887
312 200
312 536
312 622
312 707
312 603
313 573
313 632
314 629
314 358
314 422
314 541
314 746
315 108
315 659
315 733
315 403
315 800
316 947
316 126
316 506
316 547
316 127
316 399
316 196
316 881
316 280
316 94
316 458
316 301
317 750
317 331
318 268
318 225
319 340
319 252
320 588
320 948
320 970
320 666
320 969
320 905
320 235
321 290
321 482
321 116
321 743
321 425
321 563
321 667
321 976
321 668
322 850
322 615
322 549
322 174
323 255
323 191
323 126
323 234
323 525
323 376
323 430
323 587
323 450
323 839
324 620
325 105
325 274
325 671
326 171
326 643
326 523
326 568
326 71
326 704
326 726
326 199
326 119
326 996
327 341
327 875
327 28
328 558
328 298
328 610
328 168
328 236
328 694
328 922
329 235
330 894
330 742
331 111
331 704
331 757
331 386
331 368
331 828
331 455
331 516
331 345
331 581
331 310
331 679
331 317
331 178
331 74
331 855
331 286
331 397
333 968
333 180
333 615
334 970
334 9
335 217
335 509
335 559
335 668
336 1
336 33
336 170
336 796
336 448
336 269
336 304
336 144
336 896
336 719
336 817
336 364
336 402
336 60
337 434
337 461
337 353
338 590
339 743
339 826
339 80
339 880
339 589
339 900
339 986
339 31
339 875
339 522
339 383
340 319
340 679
340 586
340 224
340 643
340 839
340 977
341 327
342 769
342 120
342 597
342 110
342 66
342 544
342 760
343 288
344 989
344 562
345 274
345 331
346 742
347 930
348 995
349 460
349 388
349 995
349 590
350 945
350 488
351 266
351 929
351 310
351 835
351 761
353 286
353 527
353 337
353 574
353 615
353 285
353 933
353 11
353 654
353 555
353 150
353 497
353 563
353 27
355 226
355 356
356 656
356 118
356 355
356 393
356 112
356 880
356 418
356 257
356 185
356 849
356 595
356 1
357 301
358 314
359 597
359 880
359 590
360 734
360 373
360 518
360 590
362 750
363 574
363 426
364 284
364 848
364 17
364 516
364 555
364 336
364 771
364 852
364 514
365 396
365 27
365 77
366 792
366 737
366 425
366 653
367 169
368 331
370 737
371 461
372 742
372 387
373 192
373 497
373 992
373 360
373 400
373 222
373 534
373 708
373 13
373 552
373 420
375 396
376 323
376 557
377 184
377 382
377 843
377 413
377 560
377 201
377 224
378 105
378 965
378 573
379 425
380 474
380 397
382 377
382 871
383 339
383 752
384 827
384 521
384 454
384 697
384 389
384 304
384 431
384 742
385 569
385 807
386 331
387 999
387 915
387 148
387 475
387 51
387 529
387 852
387 707
387 845
387 372
387 830
387 728
387 60
388 204
388 414
388 23
388 684
388 554
388 349
388 640
389 384
392 461
392 653
392 4
393 850
393 214
393 356
394 121
394 863
394 308
394 843
394 964
394 307
394 490
394 865
395 434
395 466
395 188
396 66
396 919
396 67
396 375
396 715
396 365
396 898
396 974
397 642
397 380
397 94
397 890
397 938
397 90
397 429
397 861
397 331
398 178
398 226
398 475
398 220
398 655
398 598
398 823
399 316
400 847
400 373
401 250
401 818
401 129
401 447
401 441
401 494
401 481
401 932
402 417
402 913
402 197
402 899
402 709
402 674
402 818
402 336
402 221
403 315
403 73
403 557
404 197
404 963
404 982
404 77
404 4
404 910
405 836
405 552
405 441
405 785
405 976
405 501
405 595
405 677
405 793
405 691
405 770
405 847
405 411
405 51
405 608
405 902
405 695
405 222
406 296
406 846
406 683
407 734
408 228
409 702
409 744
409 568
409 624
409 221
410 602
411 490
411 141
411 1000
411 601
411 662
411 508
411 280
411 405
412 453
412 274
412 174
412 518
413 377
414 388
414 711
414 742
414 910
415 763
416 276
417 752
417 402
418 356
419 301
420 605
420 734
420 527
420 99
420 669
420 861
420 176
420 616
420 506
420 508
420 773
420 964
420 120
420 719
420 817
420 373
421 95
422 314
422 822
422 276
423 510
423 823
424 564
424 986
424 868
424 876
424 599
425 765
425 669
425 937
425 48
425 379
425 170
425 994
425 366
425 321
426 732
426 916
426 811
426 878
426 989
426 981
426 363
426 641
426 643
426 237
426 274
427 569
427 711
427 252
428 82
428 738
429 459
429 627
429 397
430 323
431 12
431 94
431 444
431 719
431 47
431 793
431 511
431 135
431 384
431 732
431 59
431 858
432 742
432 252
434 544
434 621
434 748
434 759
434 636
434 229
434 337
434 395
434 125
434 590
435 460
436 448
436 200
437 27
438 216
439 451
439 296
439 930
441 456
441 401
441 405
442 97
442 898
442 118
442 778
442 786
442 758
442 598
442 296
443 260
443 728
443 951
443 190
443 271
444 431
444 4
444 227
445 305
445 227
447 945
447 847
447 401
447 683
448 680
448 976
448 98
448 260
448 436
448 866
448 336
448 10
448 77
449 620
449 557
450 323
451 824
451 439
452 214
453 733
453 517
453 412
453 579
453 815
453 790
453 240
454 645
454 384
455 503
455 331
455 910
456 558
456 839
456 19
456 30
456 159
456 111
456 441
456 177
457 84
457 503
457 599
458 316
458 68
458 216
459 429
459 557
460 179
460 968
460 435
460 349
461 392
461 613
461 371
461 337
461 936
461 115
462 110
462 525
463 989
463 624
464 27
465 716
466 474
466 824
466 629
466 395
466 839
466 898
466 188
467 503
468 697
468 188
468 668
469 847
469 210
470 822
471 697
471 961
471 110
471 562
472 970
472 571
474 948
474 380
474 89
474 499
474 624
474 466
474 562
475 398
475 752
475 387
476 42
477 67
477 700
477 961
477 871
477 296
477 60
478 182
478 823
479 716
479 974
481 615
481 401
482 321
482 671
483 95
483 690
484 738
485 532
485 625
485 868
485 65
486 702
486 488
487 974
488 291
488 233
488 486
488 866
488 656
488 738
488 991
488 8
488 811
488 350
489 111
489 800
489 19
489 5
489 878
489 600
489 261
490 411
490 394
490 221
491 132
491 640
492 518
493 217
493 734
493 221
494 209
494 401
494 690
497 876
497 353
497 510
497 373
498 574
499 474
500 876
500 61
501 405
502 511
502 847
502 227
503 455
503 765
503 457
503 685
503 658
503 547
503 142
503 554
503 623
503 720
503 523
503 467
503 3
503 578
503 742
503 21
503 567
503 552
504 615
505 910
506 702
506 316
506 42
506 420
507 49
507 557
507 590
508 411
508 420
509 739
509 655
509 700
509 699
509 948
509 44
509 335
509 925
510 848
510 877
510 497
510 98
510 758
510 423
510 922
510 238
510 560
510 599
510 557
511 178
511 502
511 838
511 431
512 711
513 153
514 27
514 105
514 602
514 364
514 562
515 43
515 640
515 60
516 653
516 68
516 364
516 331
517 453
517 252
517 808
517 559
518 492
518 254
518 360
518 123
518 412
519 823
520 562
521 384
521 702
522 166
522 339
522 61
523 326
523 742
523 503
524 301
524 846
525 12
525 110
525 255
525 989
525 462
525 849
525 986
525 839
525 323
527 353
527 420
528 598
529 864
529 387
530 288
532 16
532 485
532 63
532 633
533 44
533 787
533 123
533 762
533 624
533 252
534 34
534 105
534 373
534 132
534 65
535 736
535 961
535 65
535 559
536 312
538 301
538 823
539 35
541 314
542 822
542 928
542 73
543 310
543 752
544 968
544 434
544 653
544 210
544 342
545 910
546 276
547 316
547 503
547 61
548 896
549 614
549 580
549 322
549 130
549 928
550 227
552 373
552 503
552 405
553 986
553 569
553 1000
554 388
554 503
555 353
555 364
556 104
556 265
556 691
556 21
557 834
557 649
557 719
557 507
557 376
557 960
557 919
557 66
557 91
557 459
557 821
557 510
557 403
557 449
558 456
558 328
559 250
559 517
559 958
559 335
559 893
559 157
559 781
559 535
559 867
559 746
559 121
559 568
559 855
559 294
559 151
559 814
559 854
559 741
559 799
560 377
560 510
560 84
562 656
562 474
562 514
562 471
562 51
562 239
562 520
562 923
562 98
562 588
562 344
562 86
562 261
562 132
562 1
563 353
563 321
563 4
564 424
564 236
564 50
564 750
565 153
566 792
566 871
566 868
566 738
566 823
567 750
567 503
568 840
568 103
568 222
568 33
568 409
568 985
568 79
568 128
568 746
568 196
568 326
568 84
568 559
569 427
569 385
569 201
569 22
569 553
569 184
569 624
569 690
570 653
571 895
571 238
571 839
571 147
571 99
571 301
571 855
571 621
571 472
572 173
573 985
573 604
573 780
573 679
573 791
573 313
573 236
573 42
573 378
573 931
573 688
574 290
574 694
574 737
574 363
574 498
574 123
574 201
574 866
574 217
574 353
574 763
574 624
575 850
576 894
577 174
578 503
578 227
579 453
579 738
580 847
580 549
580 173
580 194
581 331
581 683
583 695
583 247
583 970
584 868
584 27
585 68
585 301
586 340
587 323
587 823
588 320
588 864
588 562
589 339
590 899
590 360
590 111
590 309
590 434
590 905
590 820
590 349
590 338
590 827
590 57
590 359
590 104
590 507
590 888
591 822
591 624
591 640
595 721
595 677
595 805
595 701
595 736
595 405
595 356
597 359
597 342
598 784
598 997
598 398
598 637
598 803
598 528
598 775
598 442
599 934
599 424
599 510
599 106
599 149
599 707
599 141
599 86
599 457
599 25
599 671
599 690
600 274
600 233
600 489
601 411
601 65
602 273
602 959
602 890
602 954
602 850
602 91
602 284
602 410
602 514
602 726
602 880
603 166
603 894
603 312
604 573
604 668
605 16
605 626
605 805
605 420
606 42
608 405
609 808
610 328
611 687
612 105
613 216
613 461
614 817
614 549
614 850
615 481
615 504
615 633
615 322
615 333
615 776
615 353
616 234
616 281
616 420
618 734
619 78
619 210
620 324
620 449
620 693
620 959
620 794
620 841
621 945
621 434
621 214
621 571
622 252
622 312
623 968
623 173
623 503
624 474
624 641
624 409
624 802
624 591
624 533
624 569
624 463
624 574
625 777
625 485
625 83
625 84
625 77
626 605
627 429
627 73
628 77
628 60
629 896
629 314
629 466
630 968
630 690
631 216
631 671
631 668
632 245
632 921
632 264
632 313
632 168
632 884
632 171
632 166
632 87
632 706
632 64
633 532
633 225
633 615
635 822
635 296
635 750
636 434
636 880
637 598
637 61
639 1000
640 175
640 124
640 684
640 388
640 278
640 973
640 3
640 42
640 924
640 591
640 491
640 515
641 426
641 276
641 624
642 397
642 60
643 871
643 426
643 326
643 780
643 340
644 744
645 454
645 736
645 296
645 188
646 1000
646 807
646 970
647 817
647 93
648 10
649 660
649 772
649 557
650 780
650 823
651 24
652 871
652 945
652 9
653 544
653 366
653 816
653 516
653 960
653 570
653 16
653 163
653 392
653 262
653 47
653 711
654 847
654 68
654 353
654 296
654 235
655 398
655 210
655 509
656 930
656 562
656 60
656 356
656 910
656 488
658 503
659 315
660 649
660 235
661 274
661 252
662 82
662 411
662 864
662 235
664 276
664 296
664 742
666 86
666 320
666 73
667 178
667 296
667 321
667 288
668 58
668 604
668 188
668 912
668 680
668 291
668 689
668 303
668 335
668 759
668 321
668 631
668 468
669 425
669 420
670 807
670 93
671 169
671 482
671 631
671 777
671 224
671 599
671 129
671 252
671 325
671 2
671 746
671 259
671 88
671 871
671 953
672 60
674 808
674 402
675 892
676 809
677 595
677 405
678 305
678 738
679 340
679 331
679 573
680 308
680 448
680 841
680 274
680 716
680 865
680 668
681 237
682 894
683 151
683 447
683 406
683 782
683 581
683 947
683 750
683 285
683 6
684 388
684 640
685 503
687 611
688 716
688 573
689 702
689 668
690 58
690 63
690 797
690 599
690 898
690 794
690 630
690 858
690 494
690 800
690 569
690 198
690 483
691 556
691 214
691 405
692 761
693 620
693 806
693 4
694 574
694 328
695 583
695 405
695 823
697 723
697 284
697 189
697 468
697 471
697 773
697 384
699 847
699 509
700 477
700 509
701 595
702 409
702 689
702 115
702 506
702 486
702 521
702 802
703 961
704 847
704 326
704 331
705 68
705 841
706 225
706 841
706 632
707 809
707 312
707 599
707 387
708 373
709 93
709 402
710 809
711 732
711 59
711 653
711 253
711 205
711 427
711 414
711 512
711 987
711 226
711 974
712 10
712 823
713 813
713 131
715 396
716 12
716 465
716 680
716 833
716 479
716 688
716 808
716 227
717 910
717 221
718 10
718 82
719 965
719 336
719 431
719 420
719 557
720 237
720 503
721 595
722 131
723 697
723 27
723 761
726 326
726 602
727 744
728 974
728 443
728 928
728 387
729 910
730 876
731 166
732 426
732 711
732 431
733 453
733 210
733 315
734 360
734 829
734 215
734 493
734 618
734 941
734 881
734 776
734 191
734 407
734 420
735 209
736 121
736 310
736 595
736 14
736 645
736 535
736 65
736 84
737 754
737 976
737 99
737 370
737 196
737 779
737 366
737 176
737 574
738 245
738 579
738 678
738 428
738 566
738 484
738 136
738 488
738 4
739 509
739 880
741 559
742 273
742 204
742 384
742 523
742 330
742 432
742 346
742 758
742 664
742 170
742 372
742 414
742 997
742 503
742 910
743 321
743 339
744 800
744 644
744 144
744 15
744 727
744 142
744 941
744 409
744 808
746 314
746 568
746 559
746 671
747 250
748 434
748 274
748 865
749 66
750 157
750 168
750 317
750 362
750 635
750 564
750 778
750 567
750 163
750 848
750 683
751 806
752 417
752 543
752 475
752 383
752 246
752 827
752 7
752 865
754 737
755 841
755 871
755 217
756 894
756 252
757 331
758 442
758 226
758 510
758 742
759 945
759 434
759 668
760 342
761 927
761 220
761 723
761 692
761 351
761 78
761 837
761 973
762 533
762 974
763 306
763 415
763 300
763 574
763 780
764 226
765 259
765 909
765 904
765 47
765 890
765 280
765 425
765 503
766 274
768 93
769 864
769 305
769 342
769 807
770 24
770 405
771 893
771 364
772 649
773 50
773 697
773 884
773 420
774 880
774 808
775 598
776 615
776 734
777 625
777 807
777 671
778 442
778 105
778 750
779 737
779 995
779 73
780 53
780 22
780 80
780 131
780 763
780 304
780 977
780 650
780 643
780 928
780 573
781 559
782 683
784 598
784 77
785 110
785 405
786 442
787 34
787 876
787 533
790 453
790 310
790 841
790 174
791 876
791 573
792 366
792 147
792 566
793 209
793 431
793 405
794 620
794 690
795 188
796 336
796 82
797 95
797 690
798 995
798 880
799 559
800 226
800 744
800 315
800 489
800 690
802 702
802 624
803 598
804 975
805 43
805 605
805 595
805 241
806 751
806 855
806 102
806 952
806 693
806 12
806 35
807 670
807 769
807 385
807 201
807 25
807 777
807 646
807 87
808 674
808 744
808 87
808 973
808 716
808 774
808 609
808 66
808 922
808 81
808 517
808 141
809 710
809 258
809 851
809 302
809 707
809 299
809 676
809 944
809 73
810 822
811 426
811 488
812 264
813 995
813 713
813 216
814 559
815 453
815 871
816 653
816 221
817 614
817 336
817 237
817 897
817 141
817 647
817 420
818 401
818 823
818 402
818 60
820 590
821 66
821 557
822 635
822 542
822 251
822 470
822 422
822 591
822 810
822 961
822 65
823 303
823 712
823 519
823 293
823 398
823 818
823 295
823 478
823 695
823 979
823 240
823 423
823 566
823 587
823 650
823 538
823 306
823 188
824 451
824 466
825 250
826 339
827 384
827 847
827 752
827 590
828 264
828 331
829 734
830 387
833 716
834 311
834 9
834 557
835 351
836 867
836 405
837 110
837 761
838 511
838 288
839 525
839 340
839 466
839 456
839 323
839 571
840 568
841 755
841 858
841 224
841 706
841 22
841 680
841 254
841 620
841 790
841 2
841 705
841 4
843 377
843 394
843 84
845 387
846 524
846 193
846 51
846 900
846 406
847 211
847 298
847 827
847 168
847 281
847 447
847 502
847 704
847 580
847 654
847 400
847 699
847 469
847 405
847 974
848 510
848 364
848 750
849 868
849 525
849 356
850 322
850 20
850 393
850 976
850 575
850 903
850 614
850 118
850 602
851 809
852 310
852 364
852 387
854 276
854 559
855 806
855 331
855 559
855 571
857 95
858 841
858 431
858 690
860 880
861 894
861 420
861 397
863 394
864 769
864 13
864 662
864 529
864 179
864 294
864 123
864 588
864 936
864 259
865 30
865 249
865 255
865 680
865 394
865 208
865 748
865 143
865 752
866 260
866 35
866 448
866 574
866 296
866 214
866 488
867 967
867 836
867 976
867 559
868 53
868 485
868 424
868 584
868 849
868 281
868 566
868 249
868 174
869 122
869 174
870 928
870 233
871 652
871 643
871 382
871 755
871 566
871 815
871 477
871 141
871 880
871 252
871 671
872 880
873 178
874 131
875 327
875 264
875 65
875 339
876 52
876 424
876 730
876 304
876 888
876 500
876 791
876 146
876 949
876 497
876 118
876 787
877 510
878 426
878 296
878 489
880 12
880 860
880 798
880 359
880 138
880 871
880 30
880 774
880 872
880 739
880 602
880 636
880 339
880 356
881 316
881 734
882 221
884 773
884 632
887 173
887 312
888 876
888 4
888 590
889 233
890 765
890 602
890 82
890 397
891 95
892 7
892 675
892 200
893 771
893 252
893 559
894 756
894 208
894 307
894 119
894 603
894 861
894 330
894 64
894 682
894 576
894 140
894 32
894 974
895 571
896 548
896 629
896 969
896 336
896 61
897 817
897 1000
898 442
898 396
898 1000
898 466
898 690
899 590
899 970
899 402
900 961
900 846
900 339
901 225
901 961
901 82
902 405
903 850
904 765
905 989
905 210
905 320
905 590
906 60
907 27
909 765
910 656
910 455
910 414
910 404
910 161
910 742
910 545
910 717
910 505
910 62
910 729
912 668
913 402
915 68
915 10
915 387
916 426
918 132
918 82
919 396
919 557
921 174
921 632
922 510
922 928
922 808
922 328
923 562
924 174
924 1000
924 640
925 509
926 42
927 73
927 761
928 870
928 549
928 138
928 542
928 780
928 728
928 922
929 351
930 656
930 439
930 347
930 103
930 952
930 295
930 973
931 174
931 573
932 237
932 401
932 77
933 122
933 353
934 599
936 461
936 864
937 425
938 397
938 221
939 93
941 744
941 734
941 296
941 233
942 68
943 264
944 809
945 447
945 621
945 652
945 996
945 759
945 308
945 240
945 350
947 316
947 683
947 227
948 474
948 509
948 320
949 876
951 443
952 225
952 110
952 806
952 1000
952 930
953 194
953 77
953 671
954 602
955 82
958 559
959 620
959 602
960 653
960 557
961 477
961 471
961 535
961 87
961 822
961 703
961 900
961 901
963 404
964 394
964 420
965 378
965 719
967 867
967 296
968 544
968 630
968 230
968 623
968 333
968 460
969 896
969 296
969 970
969 320
970 111
970 334
970 969
970 899
970 95
970 646
970 135
970 583
970 146
970 472
970 276
970 320
971 217
973 10
973 808
973 761
973 640
973 930
974 728
974 29
974 711
974 479
974 894
974 847
974 487
974 396
974 762
975 804
976 867
976 737
976 448
976 194
976 850
976 321
976 405
977 780
977 340
978 174
979 49
979 1000
979 823
981 426
981 110
982 404
985 568
985 573
985 221
986 553
986 72
986 193
986 424
986 525
986 339
986 61
987 711
989 294
989 905
989 187
989 463
989 344
989 426
989 525
990 162
991 488
992 373
993 61
994 425
995 813
995 349
995 798
995 348
995 22
995 779
996 945
996 49
996 326
997 598
997 296
997 233
997 742
998 188
999 387
1000 639
1000 41
1000 979
1000 145
1000 897
1000 952
1000 553
1000 924
1000 646
1000 264
1000 292
1000 898
1000 411
