1 336
1 356
1 562
1 649
1 924
1 28
1 526
2 422
2 234
2 501
2 599
2 515
2 841
2 217
2 534
2 982
2 740
3 158
3 957
3 632
3 894
3 43
3 42
3 503
3 640
3 731
3 772
4 563
4 392
4 738
4 888
4 73
4 291
4 841
4 310
4 444
4 893
4 393
4 282
5 166
5 10
5 82
5 489
5 926
6 97
6 907
6 961
6 128
6 574
6 683
6 415
6 857
7 892
7 752
8 488
8 560
8 246
9 334
9 309
9 283
9 384
9 933
9 166
9 657
9 367
10 287
10 298
10 718
10 90
10 5
10 448
10 712
10 973
10 648
10 915
10 834
10 886
11 682
11 909
11 545
11 777
11 353
11 30
11 197
11 926
11 647
12 566
12 847
12 702
12 136
12 752
12 242
12 527
12 525
12 431
12 210
12 806
13 373
13 864
13 910
13 516
13 554
13 270
14 736
14 105
14 252
14 526
14 859
15 744
15 61
15 454
16 532
16 605
16 653
16 858
16 388
17 364
17 614
17 652
17 631
17 395
17 947
18 252
18 350
18 249
18 743
18 760
19 456
19 489
19 73
19 871
20 301
20 850
20 370
20 731
21 556
21 503
21 926
21 237
22 841
22 569
22 995
22 780
22 58
22 952
22 69
23 224
23 356
23 217
23 962
23 429
23 208
23 624
23 359
23 121
23 36
23 466
23 571
23 539
23 388
23 50
23 656
23 989
24 651
24 770
24 880
24 324
24 647
24 879
25 807
25 599
25 266
25 750
26 42
26 235
26 934
26 485
26 525
26 157
27 464
27 234
27 723
27 353
27 907
27 437
27 584
27 115
27 766
27 264
27 84
27 169
27 711
27 927
27 629
28 257
28 1
28 927
28 989
28 393
28 140
28 134
28 648
28 517
28 299
28 87
29 698
29 159
29 140
29 101
29 100
29 916
29 608
29 128
29 345
29 875
29 69
29 974
29 235
29 551
29 499
30 379
30 716
30 979
30 606
30 322
30 103
30 11
30 871
30 813
30 454
30 315
30 88
30 865
30 132
30 456
30 823
30 698
31 339
31 744
31 87
32 429
32 688
32 650
32 491
32 947
32 234
32 433
32 343
32 593
32 935
32 340
32 629
32 944
32 300
32 894
32 599
33 336
33 568
33 197
33 647
33 127
33 472
33 85
34 534
34 861
34 114
34 753
34 59
34 427
34 224
34 640
34 845
34 614
35 866
35 186
35 213
35 75
35 54
35 539
35 208
35 806
35 732
35 681
36 23
37 84
37 349
37 325
37 162
37 963
38 305
38 534
39 214
39 447
40 221
40 870
40 41
40 567
41 318
41 788
41 606
41 730
41 91
41 406
41 40
41 226
41 233
41 1000
41 497
41 629
41 266
42 476
42 135
42 3
42 606
42 55
42 26
42 942
42 947
42 739
42 573
42 640
42 240
42 441
42 127
43 805
43 515
43 193
43 276
43 3
43 157
44 547
44 896
44 256
44 341
44 744
44 412
44 897
44 577
44 363
44 635
44 564
44 400
44 509
44 483
45 93
45 660
45 127
46 216
46 88
46 884
46 169
46 63
46 76
46 252
46 834
47 765
47 653
47 431
47 441
47 192
47 914
48 425
48 214
48 652
48 600
48 643
49 151
49 979
49 507
49 996
49 169
49 270
50 281
50 74
50 554
50 841
50 23
50 564
50 226
50 370
50 58
50 674
50 354
51 981
51 583
51 886
51 939
51 622
51 405
51 387
51 562
51 197
51 815
52 82
52 655
52 543
52 530
52 137
52 392
52 886
53 780
53 868
53 217
53 526
54 276
54 35
54 768
54 658
55 42
55 839
55 415
55 299
57 590
57 801
58 338
58 469
58 523
58 304
58 743
58 747
58 50
58 548
58 22
58 327
58 392
58 303
59 711
59 431
59 739
59 366
59 783
59 34
60 656
60 251
60 515
60 642
60 387
60 818
60 906
60 628
60 272
60 672
60 336
60 373
60 566
60 412
60 174
60 660
60 549
60 747
61 993
61 107
61 637
61 78
61 896
61 500
61 15
61 522
61 986
61 547
61 178
61 370
61 944
61 825
62 216
62 910
62 602
62 963
63 626
63 946
63 281
63 434
63 80
63 297
63 760
63 690
63 255
63 46
63 817
63 731
64 192
64 889
64 459
64 758
64 861
64 632
64 660
64 481
65 875
65 822
65 275
65 736
65 534
65 296
65 535
65 601
65 709
65 492
65 574
65 197
65 787
65 860
65 496
65 665
65 440
66 749
66 133
66 821
66 592
66 932
66 760
66 641
66 737
66 396
66 252
66 342
66 557
66 921
67 477
67 396
68 705
68 654
68 458
68 109
68 516
68 178
68 585
68 915
68 942
68 948
68 778
68 986
68 477
68 740
68 495
69 683
69 740
69 968
69 250
69 135
69 22
69 900
69 386
69 285
69 539
69 819
69 390
69 875
69 530
69 29
69 526
70 595
71 326
71 888
71 641
71 808
72 986
72 84
72 792
72 474
73 403
73 809
73 542
73 206
73 627
73 666
73 779
73 19
73 116
73 945
73 4
73 441
73 250
74 209
74 331
74 366
74 169
74 50
74 168
75 110
75 35
75 536
76 742
76 46
77 448
77 628
77 625
77 86
77 784
77 90
77 365
77 932
77 953
77 247
77 200
77 531
77 202
78 539
78 269
78 237
78 879
78 779
78 761
78 61
78 178
78 778
78 496
79 568
79 815
79 502
79 243
79 513
80 780
80 339
80 63
80 914
80 157
80 474
81 377
81 123
81 163
81 669
81 308
81 935
81 566
81 681
81 334
81 309
81 975
81 782
81 505
81 542
81 472
82 955
82 428
82 890
82 796
82 162
82 5
82 901
82 718
82 242
82 662
82 286
82 918
82 256
82 442
82 163
82 619
82 990
82 52
82 250
83 772
83 540
83 759
83 547
83 767
83 381
83 724
83 117
83 543
84 37
84 27
84 72
84 457
84 568
84 736
84 941
84 524
84 894
84 477
84 994
84 188
84 166
85 801
85 452
85 434
85 897
85 33
85 759
85 99
85 415
85 767
86 666
86 599
86 77
86 562
86 658
86 178
86 791
86 801
87 128
87 973
87 217
87 31
87 28
87 691
87 584
87 637
87 447
87 596
87 348
87 961
87 807
87 632
87 989
87 344
87 127
88 671
88 30
88 46
88 304
89 716
89 282
89 673
89 131
89 216
89 589
89 516
89 843
90 10
90 397
90 77
91 602
91 557
91 41
91 161
91 204
91 300
92 466
92 243
92 753
93 45
93 670
93 647
93 709
93 939
93 165
93 711
93 551
93 665
94 316
94 431
94 397
94 395
94 843
94 108
94 483
94 312
94 724
94 859
95 421
95 609
95 122
95 423
95 451
95 869
95 453
95 970
95 737
95 401
95 629
95 543
96 778
96 224
96 808
96 277
97 442
97 463
97 6
97 115
97 415
98 448
98 510
98 562
98 614
98 465
99 930
99 761
99 910
99 961
99 672
99 737
99 420
99 948
99 255
99 742
99 392
99 85
100 589
100 382
100 879
100 717
100 498
100 935
100 29
101 29
101 551
101 132
102 806
102 463
102 137
102 475
103 568
103 930
103 30
103 542
103 317
104 556
104 590
104 147
104 950
104 465
105 378
105 612
105 514
105 14
105 778
105 534
105 297
105 325
105 924
105 911
106 725
106 264
106 523
106 259
106 713
106 658
106 182
106 883
106 820
106 599
106 417
106 649
106 904
107 216
107 61
107 945
107 848
108 794
108 266
108 94
108 356
108 366
108 834
109 68
109 370
109 469
109 392
110 952
110 785
110 471
110 75
110 981
110 462
110 837
110 525
110 174
110 342
110 926
110 468
110 914
110 472
110 622
110 724
110 212
111 350
111 970
111 331
111 456
111 590
111 834
111 300
111 859
112 210
112 356
112 631
112 990
112 117
112 113
113 565
113 730
113 749
113 112
113 332
113 485
114 864
114 536
114 34
114 483
115 819
115 398
115 706
115 813
115 371
115 976
115 97
115 156
115 294
115 545
115 508
115 702
115 461
115 27
116 321
116 667
116 414
116 73
116 352
117 83
117 993
117 320
117 454
117 374
117 548
117 655
117 605
117 112
117 858
117 208
117 717
118 192
118 853
118 465
118 756
118 282
118 357
118 359
118 214
118 147
118 459
118 442
118 850
118 356
119 930
119 749
119 207
119 150
119 397
119 326
119 447
119 904
120 420
120 194
120 342
120 417
120 968
120 483
121 736
121 394
121 559
121 192
121 641
121 468
121 304
121 23
121 614
122 285
122 869
122 335
122 350
122 314
122 557
122 879
122 131
122 598
122 95
122 571
123 574
123 518
123 533
123 864
123 300
123 81
124 640
124 166
125 434
125 173
125 477
125 255
126 316
126 323
126 255
126 146
126 674
126 934
126 277
127 87
127 858
127 275
127 42
127 33
127 45
127 128
127 542
127 810
127 857
127 435
127 316
127 395
127 797
128 568
128 997
128 29
128 87
128 6
128 127
128 747
129 401
129 671
129 629
129 810
130 549
130 926
130 250
131 722
131 713
131 185
131 301
131 874
131 191
131 780
131 238
131 122
131 681
131 89
132 918
132 30
132 195
132 491
132 265
132 101
132 562
132 876
132 469
132 933
133 66
133 948
133 359
133 631
134 197
134 551
134 224
134 318
134 28
135 42
135 431
135 970
135 208
135 844
135 202
135 69
136 738
136 441
136 12
137 433
137 52
137 297
137 596
137 148
137 266
137 437
137 102
137 630
137 476
137 900
137 227
137 146
137 163
138 880
138 928
138 468
138 513
138 495
140 894
140 200
140 29
140 28
141 538
141 922
141 584
141 310
141 871
141 817
141 411
141 599
141 294
141 250
141 857
142 744
142 503
142 168
143 865
144 744
144 336
145 1000
146 407
146 126
146 573
146 137
146 286
146 360
146 547
146 288
146 195
146 363
146 629
147 665
147 449
147 464
147 941
147 509
147 672
147 104
147 911
147 515
147 169
147 301
147 792
147 276
147 652
147 118
147 791
147 196
148 387
148 137
149 599
149 196
149 887
149 469
150 353
150 119
151 683
151 49
151 559
151 174
151 844
152 468
152 238
152 293
152 512
152 309
152 620
152 680
152 166
152 333
152 818
152 346
152 814
152 440
153 513
153 565
153 311
154 968
154 415
154 302
154 825
155 252
155 926
155 243
155 472
155 872
156 373
156 115
157 986
157 382
157 43
157 26
157 674
157 273
157 919
157 80
157 191
157 288
157 559
157 643
158 178
158 884
158 3
158 534
158 499
158 665
159 456
159 29
159 808
159 499
160 460
160 577
160 634
160 229
160 368
160 742
160 720
160 502
160 204
161 843
161 333
161 917
161 958
161 666
161 91
161 323
161 910
161 354
162 37
162 805
162 549
162 221
162 367
162 946
162 939
162 82
162 227
162 700
162 891
163 572
163 82
163 430
163 725
163 137
163 334
163 653
163 656
163 81
164 296
165 93
165 851
166 5
166 606
166 281
166 211
166 84
166 694
166 9
166 457
166 124
166 488
166 419
166 670
166 360
166 245
166 310
166 632
166 217
166 945
166 932
166 152
167 953
168 970
168 597
168 142
168 74
168 511
168 847
168 328
168 632
168 933
169 367
169 27
169 290
169 74
169 993
169 49
169 227
169 210
169 46
169 147
169 506
170 425
170 336
170 742
170 359
170 894
170 887
170 681
171 326
171 632
171 624
172 553
173 572
173 210
173 125
173 580
173 238
173 912
173 576
173 472
174 577
174 931
174 110
174 218
174 868
174 869
174 598
174 1000
174 60
174 311
174 151
174 573
174 979
174 630
174 899
174 778
174 839
175 640
176 737
176 420
177 456
177 846
178 873
178 61
178 416
178 78
178 158
178 994
178 861
178 816
178 86
178 570
178 554
178 860
178 180
178 511
178 68
178 331
178 250
178 603
179 460
179 864
179 755
179 961
179 804
180 178
180 333
180 284
180 395
180 844
181 516
181 592
181 946
182 478
182 106
182 532
182 300
182 440
183 233
183 667
183 732
183 834
183 844
184 377
184 569
184 566
185 131
185 356
185 197
185 324
185 349
186 226
186 35
186 625
186 787
186 844
186 804
186 657
187 989
187 327
187 593
187 851
187 859
188 795
188 395
188 645
188 823
188 84
188 268
188 466
188 716
188 902
188 668
188 768
189 697
189 197
189 206
189 961
189 204
190 443
190 496
190 825
191 131
191 734
191 323
191 324
191 224
191 157
191 724
192 838
192 734
192 360
192 47
192 121
192 870
192 118
192 64
192 311
193 43
193 986
193 846
193 370
193 924
193 419
193 206
193 202
194 976
194 120
194 580
194 953
194 516
195 132
195 870
195 303
195 146
195 299
196 983
196 149
196 147
196 579
196 677
196 255
196 737
196 316
196 568
196 758
196 665
197 613
197 440
197 292
197 646
197 33
197 628
197 134
197 65
197 650
197 299
197 432
197 51
197 938
197 11
197 487
197 185
197 189
197 706
197 402
197 317
197 499
197 561
198 690
198 742
198 496
198 561
199 326
199 652
199 208
199 250
199 499
200 436
200 140
200 892
200 801
200 795
200 504
200 312
200 77
200 496
201 377
201 574
201 569
201 807
201 238
201 904
201 975
202 883
202 412
202 662
202 805
202 727
202 671
202 475
202 258
202 919
202 204
202 296
202 193
202 742
202 135
202 993
202 77
202 600
202 465
203 290
204 160
204 672
204 452
204 592
204 961
204 659
204 91
204 967
204 738
204 981
204 527
204 699
204 736
204 862
204 964
204 313
204 269
204 778
204 189
204 748
204 742
204 905
204 600
204 542
204 549
204 947
204 202
205 711
205 536
205 998
205 681
206 838
206 421
206 298
206 523
206 193
206 902
206 337
206 189
206 817
206 73
207 119
207 322
207 740
208 117
208 676
208 804
208 454
208 873
208 748
208 199
208 135
208 326
208 424
208 983
208 35
208 865
208 855
208 23
208 354
209 793
209 494
209 735
209 74
210 12
210 733
210 469
210 619
210 112
210 655
210 242
210 544
210 169
210 312
210 836
210 214
210 887
210 742
210 173
211 847
211 899
211 525
211 166
211 723
211 431
211 798
212 822
212 856
212 729
212 326
212 785
212 284
212 110
212 847
212 768
212 395
212 322
213 35
213 365
214 48
214 691
214 393
214 452
214 39
214 621
214 866
214 295
214 210
214 118
214 778
214 952
215 734
215 790
215 891
215 237
215 844
216 62
216 438
216 631
216 458
216 613
216 813
216 107
216 252
216 46
216 731
216 483
216 89
216 665
217 53
217 224
217 574
217 755
217 335
217 232
217 2
217 493
217 971
217 295
217 567
217 166
217 522
217 573
217 87
217 23
218 174
219 310
220 398
220 761
220 858
220 304
220 798
221 40
221 493
221 258
221 717
221 409
221 816
221 402
221 985
221 490
221 247
221 882
221 938
221 997
221 325
221 162
221 526
221 844
222 568
222 373
222 405
222 886
222 592
223 227
223 468
223 268
224 581
224 96
224 903
224 248
224 254
224 191
224 134
224 438
224 274
224 405
224 377
224 841
224 217
224 340
224 847
224 684
224 34
224 23
225 901
225 633
225 706
225 952
225 318
225 886
225 415
226 800
226 50
226 186
226 271
226 764
226 355
226 758
226 398
226 711
226 41
226 778
226 791
226 921
227 137
227 947
227 550
227 444
227 223
227 716
227 162
227 578
227 445
227 797
227 169
227 268
228 408
228 619
229 434
229 822
229 160
229 419
229 469
230 968
230 747
230 311
231 270
232 217
232 815
232 990
232 783
233 41
233 889
233 295
233 183
233 600
233 941
233 997
233 680
233 315
233 372
233 488
234 616
234 27
234 323
234 32
234 564
234 2
234 318
234 860
235 291
235 320
235 654
235 329
235 29
235 662
235 26
235 713
235 474
235 870
235 953
235 513
236 564
236 573
236 328
237 873
237 347
237 247
237 957
237 349
237 796
237 875
237 21
237 291
237 318
237 215
237 426
237 817
237 78
237 810
237 561
238 239
238 131
238 881
238 906
238 731
238 675
238 824
238 883
238 405
238 807
238 201
238 510
238 173
238 152
239 562
239 238
239 532
240 525
240 42
240 648
240 426
240 362
240 945
240 823
240 495
241 244
241 805
241 780
241 531
242 250
242 210
242 82
242 12
242 621
242 933
243 495
243 939
243 79
243 563
243 548
243 92
243 155
243 814
243 991
243 440
243 717
243 564
243 743
243 876
243 370
243 948
244 241
244 485
245 622
245 343
245 664
245 730
245 398
245 511
245 723
245 787
245 731
245 554
245 166
246 950
246 853
246 8
246 979
246 794
246 752
246 481
247 583
247 77
247 221
247 237
247 373
247 465
248 224
248 834
249 868
249 865
249 880
249 18
250 747
250 242
250 454
250 513
250 674
250 130
250 141
250 178
250 876
250 546
250 869
250 808
250 199
250 568
250 655
250 566
250 73
250 82
250 494
250 858
250 401
250 847
250 463
250 69
251 822
251 60
251 366
251 952
251 356
252 319
252 256
252 66
252 46
252 661
252 517
252 216
252 533
252 14
252 432
252 893
252 155
252 871
252 427
252 756
252 514
252 476
252 767
252 753
252 671
252 463
252 18
253 264
253 711
253 475
254 841
254 518
254 551
254 224
254 872
255 126
255 99
255 425
255 684
255 371
255 401
255 507
255 636
255 935
255 125
255 814
255 63
255 294
255 865
255 196
255 818
256 82
256 252
256 667
256 294
256 44
256 887
256 753
257 356
257 466
257 28
258 922
258 600
258 767
258 918
258 863
258 672
258 221
258 365
258 790
258 302
258 496
258 202
259 765
259 864
259 671
259 106
259 798
259 472
260 866
260 448
260 443
260 404
260 792
260 970
261 489
261 562
261 884
261 475
261 322
262 653
262 590
262 681
262 872
263 494
264 812
264 253
264 828
264 875
264 943
264 281
264 1000
264 632
264 817
264 600
264 671
264 27
264 834
264 106
265 556
265 843
265 953
265 132
266 645
266 25
266 41
266 339
266 506
266 137
266 756
266 108
267 924
267 804
268 227
268 795
268 357
268 640
268 223
268 188
268 948
269 336
269 870
269 884
269 78
269 204
269 804
270 13
270 897
270 981
270 745
270 457
270 481
270 49
270 738
270 231
270 906
270 904
271 226
271 443
272 60
272 665
273 310
273 366
273 742
273 370
273 389
273 317
273 157
274 345
274 426
274 661
274 748
274 412
274 766
274 680
274 772
274 558
274 477
274 800
274 224
275 65
275 372
275 127
275 904
275 879
276 854
276 416
276 297
276 43
276 54
276 641
276 664
276 422
276 147
276 546
276 473
276 695
276 964
276 970
276 315
277 418
277 822
277 853
277 365
277 880
277 824
277 126
277 417
277 667
277 96
277 945
278 640
278 843
279 723
279 790
280 765
280 316
280 411
280 899
280 621
281 616
281 847
281 868
281 264
281 50
281 166
281 63
282 594
282 542
282 361
282 4
282 851
282 574
282 741
282 997
282 293
282 118
282 536
282 318
282 89
282 495
283 9
284 697
284 180
284 602
284 364
284 559
284 212
285 122
285 353
285 683
285 510
285 69
286 296
286 353
286 82
286 331
286 146
287 10
287 475
287 299
288 157
288 295
288 667
288 343
288 838
288 974
288 359
288 146
289 384
289 879
290 784
290 203
290 321
290 169
290 952
291 235
291 488
291 4
291 668
291 237
291 483
292 1000
292 197
292 758
292 318
292 526
293 945
293 504
293 282
293 359
293 823
293 681
293 152
294 256
294 888
294 645
294 539
294 552
294 141
294 559
294 255
294 653
294 115
294 963
295 217
295 233
295 214
295 288
295 823
295 930
295 731
295 891
295 946
296 286
296 967
296 941
296 997
296 477
296 645
296 969
296 439
296 654
296 667
296 635
296 878
296 442
296 164
296 406
296 866
296 664
296 65
296 755
296 202
297 105
297 276
297 858
297 137
297 63
297 643
297 475
298 847
298 10
298 328
298 720
298 206
298 681
298 724
299 540
299 55
299 528
299 579
299 452
299 195
299 287
299 446
299 572
299 772
299 809
299 197
299 28
300 111
300 332
300 979
300 411
300 476
300 865
300 91
300 404
300 123
300 365
300 182
300 763
300 517
300 32
301 538
301 20
301 419
301 524
301 585
301 316
301 357
301 872
301 131
301 598
301 147
302 258
302 154
302 452
302 809
302 497
302 778
302 772
303 860
303 195
303 795
303 994
303 58
303 892
303 328
303 979
303 668
303 944
304 121
304 690
304 589
304 662
304 579
304 520
304 88
304 220
304 497
304 483
304 384
304 336
304 780
304 58
304 475
304 344
304 801
305 769
305 38
305 445
305 678
305 667
305 571
306 763
306 823
306 839
306 629
307 894
307 394
307 848
307 500
307 614
308 680
308 945
308 394
308 595
308 791
308 622
308 946
308 81
309 9
309 590
309 551
309 536
309 81
309 152
310 852
310 543
310 219
310 166
310 141
310 790
310 736
310 351
310 331
310 4
310 412
310 656
310 273
311 192
311 721
311 341
311 230
311 391
311 782
311 153
311 497
311 955
311 680
311 864
311 834
311 174
311 372
311 481
312 887
312 200
312 536
312 707
312 603
312 94
312 820
312 210
312 787
312 362
312 895
313 573
313 632
313 636
313 697
313 204
314 629
314 358
314 422
314 541
314 746
314 961
314 122
315 659
315 733
315 403
315 424
315 276
315 442
315 233
315 370
315 30
315 848
315 317
316 126
316 506
316 547
316 127
316 399
316 196
316 881
316 280
316 94
316 458
316 572
316 534
316 761
316 301
316 732
316 787
317 652
317 429
317 828
317 103
317 738
317 540
317 273
317 759
317 315
317 197
317 527
317 990
317 974
317 331
317 388
317 797
318 646
318 404
318 442
318 292
318 742
318 535
318 234
318 546
318 576
318 134
318 282
318 225
318 41
318 875
318 237
319 340
319 252
319 790
319 502
319 344
319 362
320 588
320 948
320 970
320 666
320 969
320 905
320 235
320 389
320 117
320 431
321 290
321 482
321 116
321 743
321 425
321 563
321 667
321 976
321 668
321 401
321 475
321 517
321 469
322 325
322 604
322 212
322 207
322 553
322 261
322 346
322 589
322 396
322 372
322 719
322 850
322 615
322 549
322 30
322 847
322 714
323 191
323 126
323 234
323 525
323 376
323 430
323 587
323 450
323 839
323 820
323 687
323 530
323 834
323 161
324 191
324 814
324 928
324 629
324 185
324 422
324 818
324 24
324 620
325 221
325 37
325 548
325 105
325 671
325 322
325 465
326 171
326 643
326 523
326 568
326 71
326 704
326 726
326 199
326 119
326 996
326 658
326 934
326 208
326 847
326 212
327 341
327 187
327 950
327 853
327 851
327 417
327 58
327 787
327 894
327 731
328 558
328 298
328 610
328 168
328 236
328 694
328 922
328 389
328 636
328 303
329 235
329 404
329 780
329 783
329 982
330 894
330 742
330 851
331 111
331 704
331 757
331 386
331 368
331 828
331 455
331 516
331 345
331 581
331 310
331 679
331 317
331 178
331 74
331 855
331 286
331 397
331 870
331 787
331 469
331 825
332 536
332 543
332 300
332 804
332 113
333 968
333 180
333 615
333 161
333 740
333 152
334 970
334 9
334 163
334 81
335 217
335 509
335 559
335 668
335 349
335 783
335 122
336 1
336 33
336 170
336 796
336 448
336 269
336 304
336 144
336 896
336 719
336 817
336 364
336 402
336 60
336 740
336 801
337 434
337 461
337 353
337 206
337 946
337 561
338 590
338 58
339 743
339 826
339 80
339 880
339 589
339 900
339 986
339 31
339 875
339 522
339 383
339 948
339 623
339 266
339 933
339 808
340 319
340 679
340 586
340 224
340 643
340 839
340 977
340 32
341 327
341 647
341 44
341 571
341 311
342 769
342 120
342 597
342 110
342 66
342 544
342 760
343 288
343 32
343 245
344 319
344 940
344 813
344 375
344 87
344 304
344 571
345 274
345 331
345 29
346 742
346 720
346 322
346 152
347 930
347 237
347 542
348 995
348 791
348 87
349 335
349 37
349 529
349 712
349 748
349 777
349 572
349 678
349 913
349 850
349 185
349 674
349 595
349 771
349 460
349 995
349 590
349 237
350 945
350 488
350 111
350 674
350 122
350 18
351 929
351 310
351 835
351 920
351 514
351 761
351 647
352 933
352 930
352 383
352 741
352 116
352 470
352 386
353 286
353 527
353 337
353 574
353 615
353 285
353 933
353 11
353 654
353 555
353 150
353 497
353 563
353 27
353 466
353 927
353 623
353 891
354 50
354 721
354 208
354 715
354 601
354 706
354 586
354 161
354 366
354 876
355 226
355 356
355 363
356 118
356 355
356 393
356 112
356 880
356 418
356 257
356 185
356 849
356 595
356 1
356 251
356 717
356 108
356 23
357 301
357 404
357 118
357 468
357 268
358 314
358 895
359 597
359 787
359 574
359 170
359 133
359 654
359 581
359 288
359 987
359 418
359 590
359 293
359 884
359 118
359 711
359 636
359 797
359 947
359 23
360 734
360 373
360 518
360 590
360 474
360 192
360 653
360 146
360 166
361 602
361 282
362 549
362 433
362 751
362 732
362 319
362 853
362 371
362 312
362 802
362 779
362 750
362 240
362 698
363 819
363 693
363 355
363 742
363 752
363 574
363 426
363 649
363 388
363 146
363 567
363 44
364 284
364 848
364 17
364 516
364 555
364 336
364 771
364 852
364 533
364 467
364 937
364 910
365 872
365 213
365 431
365 258
365 884
365 457
365 687
365 599
365 692
365 704
365 396
365 77
365 300
365 277
366 59
366 478
366 846
366 459
366 251
366 536
366 74
366 830
366 436
366 799
366 737
366 425
366 653
366 876
366 273
366 108
366 354
367 537
367 470
367 9
367 897
367 456
367 742
367 621
367 793
367 169
367 905
367 560
367 384
367 162
367 657
368 331
368 986
368 160
368 592
370 243
370 315
370 61
370 193
370 524
370 20
370 783
370 109
370 744
370 749
370 570
370 50
370 273
370 924
370 392
370 603
371 461
371 255
371 739
371 115
371 362
371 911
372 275
372 457
372 311
372 479
372 671
372 864
372 387
372 233
372 791
372 322
372 963
373 497
373 992
373 360
373 400
373 222
373 534
373 708
373 13
373 552
373 721
373 957
373 156
373 247
373 912
373 420
373 839
373 815
373 60
374 117
374 790
374 495
375 396
375 932
375 344
375 392
375 933
376 323
376 557
376 948
376 447
377 184
377 382
377 843
377 413
377 560
377 201
377 224
377 636
377 81
378 105
378 965
378 573
378 731
378 961
378 415
379 425
379 30
379 485
379 767
379 879
380 398
380 397
380 553
380 643
380 516
380 465
381 485
381 83
382 377
382 871
382 927
382 797
382 933
382 157
382 100
383 339
383 752
383 698
383 352
384 827
384 521
384 697
384 389
384 304
384 367
384 478
384 575
384 950
384 289
384 431
384 742
384 647
384 9
384 804
385 569
385 807
385 534
386 331
386 466
386 536
386 978
386 797
386 499
386 352
386 69
387 999
387 915
387 148
387 475
387 51
387 529
387 852
387 707
387 845
387 372
387 830
387 728
387 60
387 738
387 809
387 663
388 414
388 23
388 317
388 481
388 16
388 363
388 887
388 974
388 897
388 404
388 498
388 640
388 468
388 990
389 273
389 320
389 543
389 902
389 328
389 670
389 771
389 875
389 704
389 650
389 802
389 384
389 624
389 932
389 561
390 887
390 69
391 311
391 772
392 997
392 52
392 109
392 370
392 375
392 99
392 917
392 653
392 4
392 58
392 551
392 963
393 850
393 214
393 356
393 4
393 28
394 121
394 863
394 308
394 843
394 964
394 307
394 490
394 865
394 534
395 94
395 781
395 938
395 17
395 847
395 559
395 832
395 180
395 212
395 770
395 127
395 434
395 188
395 841
396 66
396 919
396 67
396 375
396 715
396 365
396 898
396 974
396 468
396 322
397 642
397 380
397 94
397 890
397 938
397 90
397 429
397 861
397 331
397 119
397 732
398 226
398 475
398 220
398 655
398 762
398 567
398 900
398 598
398 823
398 245
398 115
398 380
398 483
399 316
399 934
400 847
400 373
400 717
400 44
401 250
401 129
401 494
401 481
401 932
401 321
401 95
401 982
401 255
401 978
402 913
402 197
402 899
402 709
402 674
402 818
402 336
402 917
402 221
402 453
402 468
403 315
403 73
403 557
403 674
403 844
404 982
404 757
404 260
404 540
404 643
404 357
404 329
404 848
404 728
404 549
404 910
404 768
404 574
404 810
404 318
404 671
404 388
404 300
405 836
405 552
405 441
405 785
405 976
405 501
405 595
405 677
405 793
405 691
405 770
405 847
405 411
405 51
405 608
405 902
405 695
405 222
405 514
405 238
405 224
405 978
406 296
406 846
406 683
406 41
407 734
407 146
408 228
409 702
409 744
409 568
409 624
409 221
409 758
409 742
410 602
410 905
410 924
410 415
410 879
411 490
411 141
411 1000
411 601
411 662
411 508
411 280
411 405
411 732
411 632
411 454
411 300
412 310
412 959
412 736
412 60
412 592
412 453
412 274
412 518
412 815
412 44
412 895
412 202
413 377
414 863
414 632
414 116
414 388
414 711
414 910
414 834
415 55
415 6
415 85
415 731
415 378
415 512
415 913
415 837
415 225
415 410
415 894
415 971
415 627
415 729
415 154
415 97
415 990
415 791
415 668
415 763
415 944
416 276
416 178
417 979
417 120
417 909
417 327
417 106
417 481
417 789
417 277
418 356
418 359
418 447
418 755
418 277
419 193
419 229
419 781
419 834
419 442
419 301
419 166
419 930
419 740
420 605
420 734
420 527
420 99
420 669
420 861
420 176
420 616
420 506
420 508
420 773
420 964
420 120
420 719
420 817
420 373
420 641
421 95
421 206
422 314
422 822
422 276
422 905
422 324
422 631
422 551
422 2
422 561
423 510
423 823
423 517
423 95
423 859
424 564
424 986
424 868
424 876
424 599
424 315
424 208
424 953
424 857
425 765
425 669
425 937
425 48
425 379
425 170
425 994
425 366
425 321
425 255
425 932
425 975
426 732
426 916
426 811
426 878
426 981
426 363
426 643
426 237
426 542
426 816
426 274
426 240
426 855
427 569
427 711
427 252
427 441
427 477
427 671
427 34
427 513
428 82
428 738
428 797
428 603
428 982
429 459
429 627
429 397
429 32
429 948
429 317
429 23
429 772
430 323
430 474
430 163
430 619
430 810
431 12
431 94
431 444
431 719
431 47
431 793
431 511
431 135
431 384
431 59
431 858
431 932
431 211
431 320
431 365
431 767
432 742
432 252
432 197
433 32
433 732
433 137
433 968
433 362
434 544
434 621
434 748
434 759
434 636
434 229
434 337
434 395
434 125
434 590
434 532
434 63
434 752
434 85
434 872
434 496
435 460
435 717
435 127
436 448
436 200
436 453
436 366
436 963
436 859
437 27
437 137
437 656
438 216
438 224
438 982
439 451
439 296
439 930
439 571
440 513
440 65
440 740
440 444
440 152
440 651
440 726
440 182
440 197
440 720
440 756
440 475
440 243
440 665
441 47
441 847
441 717
441 751
441 136
441 543
441 73
441 493
441 976
441 427
441 42
441 456
441 405
442 97
442 898
442 118
442 778
442 786
442 82
442 798
442 296
442 419
442 318
442 315
443 260
443 728
443 951
443 190
443 271
443 880
443 631
444 431
444 4
444 227
444 517
444 463
444 440
445 305
445 227
445 560
445 772
446 299
447 697
447 119
447 930
447 491
447 418
447 376
447 557
447 39
447 504
447 945
447 847
447 683
447 87
447 698
448 680
448 976
448 98
448 260
448 436
448 866
448 336
448 10
448 77
448 978
449 620
449 557
449 147
450 323
450 755
450 790
450 649
451 824
451 439
451 619
451 95
452 214
452 855
452 927
452 204
452 85
452 513
452 302
452 299
453 733
453 517
453 412
453 579
453 815
453 790
453 537
453 636
453 503
453 436
453 679
453 402
453 548
453 773
453 95
454 645
454 703
454 827
454 756
454 854
454 893
454 15
454 411
454 628
454 867
454 30
454 208
454 250
454 117
454 543
455 503
455 331
455 910
456 558
456 839
456 19
456 30
456 159
456 111
456 441
456 177
456 737
456 367
457 84
457 503
457 599
457 166
457 372
457 674
457 365
457 270
458 316
458 68
458 216
458 475
458 625
459 429
459 557
459 366
459 118
459 924
459 64
459 716
459 810
460 179
460 968
460 435
460 349
460 160
460 998
461 613
461 371
461 337
461 936
461 115
461 603
461 947
461 776
462 110
462 525
462 647
463 252
463 97
463 102
463 250
463 444
464 27
464 147
464 560
465 98
465 380
465 792
465 325
465 980
465 247
465 884
465 684
465 104
465 202
465 598
465 118
466 824
466 839
466 898
466 353
466 257
466 799
466 564
466 92
466 386
466 188
466 23
466 615
467 503
467 858
467 364
467 665
468 110
468 402
468 388
468 357
468 223
468 864
468 396
468 690
468 138
468 121
468 591
468 697
468 668
468 543
468 152
469 149
469 229
469 331
469 109
469 321
469 826
469 132
469 706
469 210
469 58
469 698
470 822
470 367
470 352
471 697
471 961
471 110
471 562
471 778
471 750
471 934
472 173
472 81
472 33
472 491
472 870
472 110
472 719
472 868
472 259
472 155
472 897
472 946
472 622
472 970
473 276
473 536
474 802
474 430
474 764
474 360
474 498
474 896
474 235
474 72
474 80
474 475
474 624
474 562
474 872
474 810
475 261
475 607
475 321
475 582
475 534
475 287
475 253
475 297
475 823
475 458
475 440
475 102
475 304
475 398
475 387
475 747
475 474
475 202
476 42
476 137
476 502
476 252
476 300
477 67
477 125
477 965
477 427
477 762
477 68
477 848
477 637
477 510
477 871
477 296
477 952
477 274
477 84
478 182
478 823
478 366
478 759
478 384
478 944
479 716
479 974
479 372
480 522
480 859
481 920
481 64
481 246
481 311
481 973
481 401
481 417
481 388
481 270
482 321
482 671
483 398
483 44
483 120
483 114
483 862
483 520
483 216
483 967
483 94
483 595
483 291
483 690
483 304
484 738
484 623
484 809
485 113
485 379
485 381
485 564
485 743
485 585
485 26
485 909
485 800
485 244
485 532
485 625
485 868
485 990
485 740
485 963
486 702
486 488
487 974
487 197
487 720
487 857
488 291
488 233
488 486
488 866
488 656
488 738
488 991
488 8
488 811
488 350
488 732
488 166
489 800
489 19
489 5
489 878
489 600
489 261
489 719
490 411
490 394
490 221
490 948
490 657
491 132
491 640
491 32
491 858
491 447
491 472
491 879
492 518
492 65
492 758
492 926
492 928
492 602
492 933
492 946
493 217
493 734
493 221
493 441
493 804
494 852
494 263
494 597
494 532
494 610
494 209
494 401
494 690
494 250
495 571
495 68
495 282
495 138
495 240
495 374
495 984
495 243
496 190
496 65
496 258
496 78
496 640
496 557
496 434
496 198
496 200
497 992
497 503
497 982
497 302
497 655
497 41
497 353
497 510
497 373
497 870
497 876
497 304
497 311
498 574
498 474
498 656
498 809
498 388
498 100
499 158
499 978
499 199
499 943
499 159
499 29
499 736
499 386
499 197
499 756
500 932
500 812
500 307
500 611
500 599
500 61
500 542
501 405
501 667
501 2
501 681
502 79
502 728
502 476
502 921
502 815
502 160
502 319
502 568
502 511
502 847
502 932
502 789
503 455
503 765
503 457
503 685
503 547
503 142
503 554
503 623
503 720
503 523
503 467
503 3
503 578
503 742
503 21
503 567
503 552
503 695
503 638
503 801
503 453
503 595
503 497
503 926
504 615
504 293
504 200
504 447
504 914
504 592
504 872
505 910
505 81
506 169
506 866
506 958
506 702
506 316
506 420
506 674
506 266
507 49
507 557
507 590
507 255
507 934
507 834
507 990
507 886
508 411
508 420
508 115
509 739
509 655
509 700
509 699
509 948
509 44
509 335
509 925
509 147
509 615
510 877
510 497
510 98
510 758
510 423
510 922
510 238
510 560
510 827
510 285
510 900
510 599
510 557
510 477
511 178
511 502
511 838
511 431
511 168
511 876
511 245
512 711
512 564
512 415
512 152
513 235
513 997
513 816
513 138
513 452
513 811
513 427
513 79
513 517
513 153
513 875
513 250
513 660
513 440
514 864
514 990
514 405
514 537
514 105
514 602
514 562
514 621
514 553
514 351
514 953
514 252
514 724
514 963
515 43
515 640
515 60
515 147
515 2
515 643
515 914
516 733
516 181
516 194
516 13
516 871
516 627
516 819
516 380
516 68
516 364
516 331
516 945
516 89
517 973
517 891
517 444
517 650
517 958
517 601
517 587
517 900
517 708
517 300
517 423
517 989
517 522
517 321
517 453
517 252
517 559
517 553
517 28
517 513
518 492
518 254
518 360
518 123
518 412
518 693
518 968
518 643
518 851
518 567
519 823
519 773
519 542
519 629
519 982
520 562
520 304
520 483
521 384
521 702
522 684
522 740
522 480
522 587
522 589
522 339
522 61
522 217
522 800
522 926
522 517
523 326
523 742
523 503
523 58
523 106
523 206
524 301
524 846
524 614
524 370
524 711
524 84
525 12
525 110
525 989
525 462
525 849
525 986
525 839
525 599
525 26
525 211
525 323
525 240
525 926
525 752
526 771
526 53
526 69
526 292
526 14
526 1
526 890
526 914
526 221
526 589
527 353
527 420
527 658
527 12
527 791
527 317
527 756
527 204
528 598
528 927
528 643
528 681
528 747
528 299
529 864
529 387
529 636
529 349
529 963
530 688
530 52
530 534
530 546
530 323
530 797
530 924
530 69
531 854
531 77
531 979
531 241
531 990
531 982
531 561
532 16
532 485
532 633
532 434
532 783
532 182
532 239
532 932
532 589
532 494
533 787
533 123
533 762
533 576
533 624
533 252
533 364
533 622
534 542
534 385
534 38
534 680
534 2
534 394
534 158
534 34
534 105
534 373
534 65
534 530
534 660
534 475
534 316
535 736
535 961
535 65
535 559
535 888
535 631
535 589
535 318
535 798
535 825
536 473
536 282
536 881
536 781
536 75
536 309
536 114
536 332
536 205
536 386
536 312
536 366
536 589
536 656
537 453
537 514
537 652
537 732
537 367
538 301
538 823
538 141
538 834
538 933
538 681
538 825
539 35
539 294
539 78
539 23
539 69
540 404
540 778
540 317
540 950
540 83
540 299
541 314
541 711
541 643
542 770
542 519
542 103
542 204
542 585
542 860
542 347
542 500
542 769
542 822
542 73
542 426
542 641
542 127
542 534
542 282
542 81
543 975
543 949
543 83
543 617
543 468
543 332
543 454
543 584
543 877
543 95
543 310
543 441
543 389
543 926
543 52
544 968
544 434
544 653
544 210
544 342
545 910
545 11
545 115
546 276
546 894
546 530
546 250
546 787
546 318
546 904
547 316
547 503
547 61
547 146
547 44
547 83
548 896
548 453
548 58
548 117
548 325
548 243
548 851
548 567
549 580
549 322
549 130
549 60
549 204
549 928
549 945
549 162
549 362
549 717
549 404
550 227
550 818
550 953
551 93
551 29
551 134
551 935
551 948
551 797
551 254
551 392
551 422
551 309
551 931
551 101
551 778
551 652
551 601
552 373
552 503
552 405
552 294
552 986
553 716
553 574
553 964
553 517
553 814
553 626
553 380
553 613
553 172
553 576
553 514
553 569
553 1000
553 643
553 322
553 844
554 245
554 784
554 13
554 503
554 773
554 50
554 178
554 879
555 353
555 364
555 926
555 982
556 104
556 265
556 691
556 21
557 834
557 719
557 507
557 376
557 960
557 919
557 66
557 91
557 459
557 821
557 510
557 403
557 449
557 902
557 447
557 122
557 496
558 456
558 328
558 274
558 750
558 724
559 517
559 958
559 335
559 893
559 157
559 781
559 535
559 867
559 746
559 121
559 568
559 855
559 294
559 151
559 814
559 854
559 741
559 799
559 777
559 284
559 395
560 764
560 8
560 445
560 729
560 367
560 638
560 464
560 713
560 377
560 510
561 992
561 198
561 643
561 531
561 389
561 337
561 237
561 678
561 422
561 197
561 998
562 656
562 474
562 514
562 471
562 51
562 239
562 520
562 923
562 98
562 588
562 86
562 261
562 132
562 1
562 718
562 720
562 963
563 353
563 321
563 4
563 243
564 424
564 236
564 50
564 690
564 767
564 234
564 512
564 485
564 466
564 243
564 44
565 153
565 113
566 880
566 728
566 184
566 60
566 792
566 871
566 868
566 823
566 12
566 791
566 250
566 81
567 785
567 989
567 660
567 40
567 985
567 363
567 548
567 953
567 786
567 518
567 503
567 398
567 217
567 839
568 840
568 103
568 222
568 33
568 409
568 985
568 79
568 128
568 746
568 196
568 326
568 84
568 559
568 250
568 502
568 657
569 427
569 385
569 201
569 22
569 553
569 184
569 624
569 690
569 948
569 767
570 653
570 370
570 178
570 643
570 797
571 439
571 943
571 837
571 344
571 341
571 619
571 305
571 122
571 757
571 649
571 652
571 693
571 787
571 765
571 23
571 495
572 173
572 758
572 163
572 349
572 720
572 316
572 891
572 299
573 985
573 604
573 780
573 679
573 791
573 313
573 236
573 42
573 378
573 931
573 688
573 217
573 146
573 990
573 174
574 694
574 737
574 363
574 498
574 123
574 201
574 866
574 404
574 735
574 65
574 217
574 353
574 763
574 624
574 359
574 553
574 6
574 282
575 850
575 384
575 756
575 797
576 894
576 553
576 870
576 846
576 533
576 173
576 318
577 174
577 750
577 160
577 44
578 503
578 227
578 649
578 950
579 453
579 738
579 196
579 304
579 299
580 847
580 549
580 173
580 194
580 768
580 789
581 331
581 683
581 359
581 224
582 475
583 695
583 247
583 970
583 888
583 758
583 51
584 868
584 27
584 141
584 87
584 543
585 68
585 301
585 485
585 542
585 887
586 340
586 791
586 354
587 323
587 823
587 721
587 522
587 517
588 320
588 864
588 562
589 902
589 846
589 532
589 526
589 962
589 906
589 536
589 535
589 947
589 339
589 894
589 522
589 304
589 322
589 89
589 100
590 360
590 111
590 309
590 434
590 905
590 820
590 349
590 338
590 827
590 57
590 359
590 104
590 507
590 888
590 262
590 721
590 716
591 822
591 624
591 640
591 468
591 593
592 614
592 222
592 757
592 368
592 504
592 839
592 181
592 412
592 66
592 797
592 204
593 714
593 187
593 591
593 626
593 667
593 622
593 634
593 898
593 32
593 756
594 891
594 282
595 677
595 805
595 701
595 503
595 308
595 70
595 736
595 405
595 356
595 349
595 619
595 483
596 773
596 711
596 875
596 137
596 87
596 720
596 747
597 359
597 342
597 652
597 168
597 494
598 784
598 997
598 398
598 637
598 803
598 528
598 775
598 301
598 465
598 122
598 174
598 880
598 791
598 790
598 808
599 424
599 510
599 106
599 149
599 707
599 141
599 86
599 457
599 25
599 32
599 671
599 690
599 858
599 525
599 365
599 2
599 500
599 843
599 657
600 264
600 204
600 48
600 804
600 700
600 912
600 758
600 233
600 489
600 258
600 202
601 411
601 65
601 551
601 855
601 517
601 354
601 859
602 959
602 890
602 954
602 850
602 91
602 284
602 410
602 514
602 726
602 809
602 757
602 492
602 62
602 361
602 880
603 657
603 923
603 370
603 428
603 998
603 782
603 178
603 894
603 312
603 621
603 461
604 573
604 668
604 848
604 932
604 322
605 16
605 626
605 805
605 420
605 117
605 911
606 42
606 41
606 30
606 668
606 926
606 166
606 623
606 857
607 475
608 405
608 29
609 808
609 810
609 95
610 328
610 494
610 761
611 687
611 778
611 500
611 880
612 105
612 953
613 216
613 461
613 197
613 758
613 621
613 553
613 790
613 887
614 979
614 34
614 964
614 98
614 524
614 17
614 307
614 689
614 121
614 850
614 667
614 592
615 504
615 633
615 322
615 333
615 776
615 466
615 916
615 509
615 726
615 353
616 234
616 281
616 420
616 800
616 990
616 768
617 543
617 825
618 734
619 955
619 228
619 723
619 913
619 430
619 713
619 451
619 82
619 595
619 210
619 656
619 571
620 324
620 449
620 693
620 959
620 794
620 841
620 152
621 613
621 242
621 603
621 280
621 746
621 514
621 945
621 434
621 214
621 367
622 110
622 533
622 308
622 245
622 51
622 593
622 472
623 339
623 484
623 606
623 353
623 968
623 503
623 797
624 474
624 641
624 409
624 802
624 591
624 533
624 569
624 574
624 389
624 171
624 732
624 23
625 777
625 485
625 755
625 186
625 713
625 458
625 77
625 761
626 605
626 553
626 63
626 593
627 429
627 73
627 516
627 921
627 415
628 77
628 60
628 197
628 454
629 27
629 306
629 740
629 41
629 519
629 727
629 129
629 95
629 146
629 885
629 896
629 314
629 32
629 324
629 921
629 772
630 968
630 690
630 137
630 986
630 174
631 133
631 443
631 17
631 112
631 535
631 422
631 742
631 634
631 216
631 668
631 876
632 921
632 264
632 313
632 168
632 884
632 171
632 166
632 87
632 706
632 64
632 971
632 411
632 414
632 3
632 724
633 532
633 225
633 615
634 631
634 160
634 593
634 953
634 767
634 879
635 822
635 296
635 750
635 791
635 44
635 825
636 377
636 313
636 529
636 359
636 328
636 434
636 453
636 255
636 660
637 598
637 61
637 87
637 809
637 477
638 503
638 924
638 560
638 975
639 1000
640 175
640 124
640 684
640 388
640 278
640 973
640 3
640 42
640 924
640 591
640 491
640 515
640 268
640 34
640 851
640 496
641 121
641 964
641 902
641 665
641 420
641 71
641 542
641 276
641 624
641 66
641 787
641 904
642 397
642 60
643 518
643 848
643 380
643 515
643 680
643 48
643 570
643 297
643 553
643 779
643 541
643 157
643 528
643 903
643 885
643 929
643 664
643 871
643 426
643 326
643 780
643 340
643 404
643 561
644 744
645 454
645 736
645 296
645 188
645 294
645 266
645 698
646 1000
646 807
646 970
646 197
646 318
646 747
646 872
646 946
647 713
647 11
647 24
647 811
647 384
647 835
647 341
647 33
647 462
647 351
647 93
648 10
648 240
648 28
649 660
649 732
649 571
649 578
649 363
649 1
649 106
649 450
649 777
650 780
650 823
650 32
650 389
650 652
650 197
650 750
650 517
650 765
651 24
651 440
652 537
652 147
652 833
652 823
652 650
652 48
652 17
652 597
652 199
652 571
652 993
652 551
652 317
652 663
653 544
653 366
653 816
653 960
653 570
653 16
653 163
653 392
653 262
653 47
653 294
653 360
653 776
653 711
653 904
654 847
654 68
654 353
654 296
654 235
654 359
654 870
655 398
655 210
655 509
655 497
655 250
655 117
655 52
656 619
656 805
656 310
656 928
656 163
656 498
656 823
656 23
656 437
656 536
656 562
656 60
656 488
656 843
657 367
657 9
657 811
657 568
657 186
657 490
657 599
657 603
657 804
658 54
658 954
658 527
658 723
658 86
658 840
658 326
658 106
659 315
659 924
659 204
660 534
660 60
660 900
660 929
660 64
660 676
660 513
660 45
660 937
660 636
660 679
660 730
660 846
660 649
660 848
660 773
660 567
661 274
661 252
661 948
662 82
662 411
662 864
662 235
662 304
662 202
663 652
663 833
663 743
663 387
663 895
663 714
663 872
664 276
664 296
664 742
664 245
664 643
664 714
665 877
665 272
665 93
665 158
665 914
665 216
665 467
665 65
665 196
665 440
665 641
665 147
666 86
666 320
666 73
666 720
666 161
667 970
667 116
667 735
667 501
667 256
667 305
667 614
667 183
667 296
667 321
667 288
667 593
667 797
667 277
668 604
668 188
668 912
668 680
668 291
668 689
668 303
668 335
668 759
668 321
668 631
668 468
668 606
668 415
669 425
669 420
669 81
670 807
670 93
670 389
670 166
670 765
671 482
671 777
671 599
671 129
671 252
671 325
671 746
671 259
671 88
671 871
671 264
671 427
671 819
671 847
671 404
671 372
671 202
672 60
672 99
672 758
672 147
672 204
672 258
673 872
673 89
674 506
674 855
674 457
674 50
674 126
674 689
674 350
674 403
674 402
674 349
674 250
674 765
674 157
674 772
675 892
675 238
675 921
676 809
676 208
676 660
677 595
677 405
677 196
678 305
678 738
678 349
678 561
679 340
679 331
679 573
679 453
679 660
680 308
680 448
680 841
680 274
680 716
680 865
680 668
680 233
680 643
680 534
680 311
680 152
681 713
681 538
681 293
681 262
681 131
681 298
681 942
681 170
681 501
681 205
681 528
681 35
681 700
681 81
682 894
682 11
682 765
682 740
683 151
683 447
683 406
683 782
683 581
683 947
683 750
683 285
683 6
683 843
683 69
684 980
684 985
684 224
684 640
684 255
684 522
684 465
684 747
685 503
685 904
685 714
687 611
687 323
687 945
687 365
688 716
688 573
688 32
688 530
688 978
689 702
689 668
689 674
689 614
690 63
690 797
690 599
690 898
690 794
690 630
690 858
690 494
690 800
690 569
690 198
690 483
690 827
690 948
690 468
690 564
690 304
691 556
691 214
691 405
691 738
691 87
692 761
692 365
692 755
693 571
693 518
693 702
693 620
693 806
693 363
693 884
693 742
694 574
694 328
694 792
694 166
694 887
694 798
694 783
695 583
695 405
695 823
695 503
695 778
695 276
695 891
696 924
697 284
697 189
697 468
697 471
697 313
697 707
697 775
697 384
697 884
697 447
697 815
698 645
698 936
698 447
698 383
698 469
698 30
698 362
698 29
698 789
699 847
699 509
699 204
700 714
700 941
700 162
700 720
700 681
700 509
700 600
701 595
701 950
701 789
702 409
702 689
702 115
702 506
702 486
702 521
702 802
702 12
702 693
703 961
703 454
703 844
704 847
704 326
704 331
704 389
704 365
704 947
705 68
705 841
706 225
706 841
706 632
706 197
706 115
706 469
706 354
707 809
707 312
707 599
707 387
707 875
707 697
707 765
708 373
708 517
709 93
709 402
709 65
710 767
710 809
710 884
710 895
711 59
711 653
711 253
711 205
711 427
711 414
711 512
711 987
711 226
711 541
711 93
711 524
711 359
711 27
711 596
711 974
711 934
712 10
712 823
712 349
712 834
712 765
713 813
713 131
713 619
713 647
713 560
713 106
713 235
713 625
713 681
714 663
714 685
714 322
714 664
714 828
714 700
714 880
714 593
714 998
715 396
715 871
715 354
716 680
716 833
716 479
716 688
716 756
716 590
716 459
716 808
716 227
716 30
716 553
716 188
716 89
717 356
717 549
717 435
717 117
717 775
717 400
717 221
717 441
717 243
717 100
718 10
718 82
718 834
718 562
718 886
719 965
719 336
719 431
719 420
719 557
719 489
719 815
719 322
719 472
720 887
720 298
720 596
720 440
720 346
720 572
720 963
720 666
720 160
720 487
720 562
720 503
720 700
721 587
721 590
721 757
721 373
721 887
721 354
721 724
721 311
722 131
723 211
723 899
723 245
723 831
723 279
723 27
723 761
723 658
723 619
724 721
724 514
724 632
724 975
724 191
724 110
724 298
724 94
724 558
724 83
725 163
725 106
726 326
726 602
726 615
726 440
727 744
727 629
727 202
728 974
728 443
728 928
728 387
728 768
728 566
728 875
728 822
728 502
728 404
729 910
729 876
729 924
729 560
729 904
729 415
729 212
729 834
730 876
730 41
730 245
730 660
730 113
731 3
731 786
731 20
731 378
731 327
731 974
731 295
731 216
731 63
731 245
731 908
731 238
731 415
732 537
732 411
732 893
732 488
732 736
732 397
732 433
732 316
732 624
732 35
732 183
732 968
732 426
732 649
732 362
732 772
733 453
733 210
733 315
733 516
733 950
734 360
734 829
734 215
734 493
734 618
734 941
734 881
734 776
734 191
734 407
734 420
734 192
735 209
735 574
735 667
735 927
735 982
736 121
736 310
736 595
736 14
736 645
736 535
736 65
736 84
736 732
736 412
736 204
736 499
737 754
737 976
737 99
737 196
737 779
737 366
737 176
737 815
737 456
737 95
737 912
737 574
737 66
738 579
738 678
738 428
738 484
738 136
738 691
738 756
738 387
738 488
738 4
738 773
738 317
738 797
738 204
738 270
739 950
739 371
739 59
739 740
739 509
739 42
740 485
740 756
740 336
740 207
740 68
740 2
740 682
740 899
740 419
740 882
740 333
740 739
740 522
740 629
740 69
740 440
741 559
741 815
741 282
741 352
742 273
742 204
742 384
742 523
742 330
742 432
742 346
742 758
742 664
742 170
742 766
742 991
742 76
742 160
742 99
742 693
742 198
742 409
742 503
742 910
742 210
742 363
742 631
742 318
742 202
742 367
743 321
743 339
743 485
743 58
743 243
743 663
743 18
744 644
744 144
744 15
744 727
744 142
744 941
744 409
744 31
744 808
744 899
744 370
744 44
745 270
746 314
746 568
746 559
746 671
746 621
747 230
747 128
747 60
747 774
747 596
747 684
747 646
747 475
747 528
747 250
747 58
748 434
748 274
748 865
748 208
748 349
748 204
749 66
749 905
749 119
749 370
749 934
749 758
749 809
749 113
750 362
750 635
750 848
750 650
750 577
750 906
750 861
750 558
750 25
750 471
750 683
750 758
750 927
751 806
751 441
751 362
752 383
752 827
752 7
752 893
752 434
752 525
752 246
752 865
752 12
752 363
753 888
753 92
753 256
753 945
753 34
753 252
754 737
755 773
755 296
755 418
755 450
755 179
755 762
755 692
755 871
755 217
755 841
755 625
756 593
756 575
756 1000
756 266
756 440
756 527
756 252
756 738
756 118
756 454
756 716
756 914
756 499
756 740
757 331
757 721
757 404
757 858
757 759
757 602
757 592
757 571
758 492
758 749
758 892
758 613
758 572
758 750
758 292
758 583
758 409
758 815
758 814
758 196
758 672
758 226
758 510
758 742
758 64
758 904
758 600
759 890
759 838
759 757
759 478
759 763
759 434
759 668
759 317
759 83
759 85
760 342
760 880
760 66
760 63
760 18
761 220
761 723
761 692
761 351
761 78
761 837
761 973
761 610
761 625
761 770
761 980
761 99
761 316
761 772
762 533
762 974
762 398
762 477
762 841
762 755
762 763
763 306
763 415
763 300
763 574
763 762
763 759
764 226
764 474
764 934
764 560
764 933
765 259
765 909
765 47
765 890
765 280
765 783
765 712
765 571
765 844
765 818
765 682
765 799
765 707
765 650
765 927
765 674
765 670
765 425
765 503
765 975
766 274
766 899
766 742
766 27
767 431
767 569
767 379
767 634
767 85
767 564
767 83
767 258
767 252
767 710
767 825
768 212
768 580
768 188
768 969
768 54
768 404
768 728
768 616
769 864
769 305
769 342
769 807
769 542
769 952
770 24
770 405
770 884
770 542
770 761
770 395
771 893
771 364
771 389
771 349
771 526
772 930
772 732
772 801
772 429
772 761
772 391
772 445
772 867
772 3
772 674
772 302
772 629
772 274
772 989
772 815
772 822
772 83
772 299
772 963
773 783
773 832
773 596
773 660
773 554
773 453
773 519
773 738
773 962
773 420
773 755
774 880
774 808
774 797
774 747
775 598
775 876
775 697
775 717
776 615
776 734
776 653
776 461
777 625
777 807
777 671
777 997
777 349
777 559
777 11
777 649
778 214
778 951
778 226
778 174
778 68
778 540
778 934
778 611
778 78
778 471
778 800
778 302
778 96
778 695
778 442
778 105
778 551
778 204
778 911
778 801
779 737
779 995
779 73
779 78
779 643
779 362
780 53
780 22
780 80
780 131
780 304
780 977
780 650
780 643
780 241
780 329
780 928
780 573
780 894
780 834
780 789
781 559
781 395
781 990
781 536
781 419
782 683
782 887
782 953
782 603
782 81
782 311
783 335
783 59
783 232
783 694
783 329
783 891
783 370
783 773
783 532
783 765
784 598
784 77
784 290
784 554
784 844
785 110
785 405
785 567
785 212
786 442
786 731
786 895
786 567
787 546
787 641
787 331
787 316
787 571
787 312
787 802
787 65
787 245
787 186
787 835
787 327
787 533
787 359
787 921
787 982
788 41
788 859
789 825
789 580
789 930
789 780
789 917
789 701
789 861
789 502
789 698
789 417
789 994
790 989
790 613
790 819
790 598
790 891
790 915
790 319
790 258
790 374
790 279
790 826
790 450
790 928
790 988
790 215
790 453
790 310
790 841
791 308
791 86
791 527
791 566
791 893
791 586
791 372
791 147
791 635
791 598
791 814
791 846
791 348
791 226
791 573
791 415
792 147
792 566
792 260
792 72
792 993
792 694
792 465
793 209
793 431
793 405
793 933
793 367
794 620
794 690
794 905
794 108
794 246
794 963
795 188
795 200
795 303
795 268
796 336
796 82
796 237
797 359
797 382
797 575
797 428
797 877
797 317
797 570
797 592
797 738
797 127
797 774
797 667
797 386
797 623
797 690
797 530
797 551
797 227
798 211
798 259
798 694
798 932
798 220
798 535
798 995
798 442
798 887
799 559
799 366
799 466
799 765
800 616
800 274
800 922
800 522
800 226
800 489
800 690
800 485
800 778
801 304
801 961
801 778
801 57
801 336
801 940
801 86
801 972
801 503
801 200
801 85
801 772
802 702
802 624
802 474
802 389
802 787
802 362
803 598
803 934
804 186
804 888
804 493
804 853
804 657
804 179
804 267
804 384
804 927
804 960
804 269
804 332
804 825
804 208
804 600
805 43
805 605
805 595
805 241
805 656
805 162
805 202
806 751
806 855
806 102
806 952
806 693
806 12
806 35
806 997
807 670
807 769
807 385
807 201
807 25
807 777
807 646
807 87
807 238
808 744
808 973
808 716
808 774
808 609
808 922
808 159
808 930
808 71
808 598
808 339
808 96
808 250
808 975
809 710
809 302
809 707
809 299
809 676
809 944
809 387
809 484
809 749
809 498
809 637
809 73
809 602
810 129
810 237
810 813
810 609
810 869
810 404
810 430
810 884
810 474
810 459
810 127
811 426
811 488
811 647
811 513
811 657
811 859
812 264
812 500
813 995
813 713
813 216
813 30
813 810
813 115
813 344
814 559
814 255
814 324
814 758
814 791
814 553
814 243
814 953
814 152
815 953
815 79
815 719
815 996
815 772
815 373
815 232
815 741
815 51
815 998
815 697
815 412
815 453
815 871
815 737
815 758
815 502
815 947
816 653
816 221
816 178
816 426
816 513
817 336
817 237
817 897
817 141
817 264
817 996
817 989
817 63
817 420
817 924
817 206
817 963
818 255
818 550
818 823
818 402
818 60
818 324
818 765
818 152
819 363
819 671
819 790
819 115
819 516
819 911
819 69
820 590
820 323
820 106
820 312
821 66
821 557
822 635
822 542
822 251
822 470
822 422
822 591
822 229
822 728
822 772
822 961
822 65
822 212
822 277
823 712
823 519
823 293
823 398
823 818
823 295
823 478
823 695
823 979
823 240
823 423
823 566
823 587
823 650
823 538
823 306
823 30
823 188
823 652
823 656
823 475
824 451
824 466
824 238
824 277
825 538
825 154
825 890
825 190
825 331
825 767
825 635
825 535
825 617
825 61
825 804
825 789
826 339
826 790
826 469
827 384
827 847
827 752
827 590
827 510
827 690
827 454
828 264
828 331
828 317
828 714
829 734
830 387
830 366
831 723
832 773
832 395
833 716
833 652
833 663
834 311
834 183
834 10
834 264
834 538
834 780
834 414
834 248
834 108
834 111
834 718
834 507
834 46
834 323
834 944
834 887
834 712
834 729
834 557
834 419
834 851
834 879
835 351
835 647
835 787
836 867
836 405
836 210
837 110
837 761
837 571
837 415
838 511
838 288
838 192
838 759
838 206
839 567
839 306
839 373
839 174
839 55
839 525
839 340
839 466
839 456
839 323
839 592
839 857
840 568
840 658
840 887
841 858
841 224
841 706
841 22
841 680
841 254
841 620
841 790
841 2
841 705
841 762
841 755
841 395
841 4
841 50
843 656
843 683
843 933
843 94
843 278
843 599
843 265
843 377
843 394
843 161
843 89
844 135
844 215
844 151
844 703
844 553
844 403
844 180
844 186
844 221
844 183
844 954
844 784
844 900
844 927
844 765
845 387
845 34
846 524
846 193
846 900
846 406
846 576
846 177
846 366
846 791
846 589
846 660
847 211
847 298
847 827
847 168
847 281
847 447
847 502
847 704
847 580
847 654
847 400
847 699
847 224
847 935
847 326
847 250
847 869
847 322
847 405
847 974
847 441
847 12
847 671
847 395
847 212
848 315
848 307
848 660
848 604
848 107
848 855
848 918
848 364
848 750
848 643
848 477
848 404
849 868
849 525
849 356
849 934
850 322
850 20
850 393
850 976
850 575
850 903
850 614
850 118
850 602
850 349
850 933
851 640
851 518
851 187
851 834
851 330
851 165
851 548
851 327
851 282
852 310
852 364
852 387
852 494
852 895
853 118
853 327
853 362
853 246
853 804
853 277
854 276
854 559
854 871
854 454
854 531
855 208
855 601
855 971
855 452
855 426
855 806
855 331
855 559
855 924
855 674
855 914
855 848
856 952
856 947
856 212
857 424
857 839
857 141
857 606
857 487
857 6
857 127
858 220
858 989
858 757
858 16
858 491
858 599
858 467
858 297
858 996
858 117
858 841
858 431
858 690
858 926
858 127
858 250
859 970
859 14
859 423
859 601
859 811
859 111
859 788
859 930
859 436
859 992
859 94
859 187
859 480
860 234
860 65
860 303
860 542
860 178
861 894
861 420
861 397
861 178
861 750
861 64
861 34
861 789
862 948
862 910
862 204
862 483
863 394
863 414
863 914
863 258
864 769
864 13
864 662
864 529
864 179
864 123
864 588
864 936
864 259
864 114
864 514
864 468
864 372
864 311
865 30
865 249
865 255
865 680
865 394
865 208
865 748
865 143
865 752
865 300
866 260
866 35
866 448
866 574
866 296
866 214
866 488
866 998
866 506
867 967
867 836
867 976
867 559
867 997
867 454
867 772
868 53
868 485
868 424
868 584
868 849
868 281
868 566
868 249
868 174
868 472
869 122
869 174
869 250
869 810
869 847
869 95
869 879
870 497
870 40
870 269
870 331
870 195
870 192
870 654
870 576
870 978
870 235
870 928
870 472
871 643
871 382
871 755
871 566
871 815
871 477
871 141
871 854
871 715
871 19
871 880
871 252
871 671
871 30
871 516
871 946
872 646
872 262
872 155
872 894
872 254
872 504
872 434
872 954
872 673
872 663
872 474
872 301
872 365
873 178
873 237
873 208
874 131
874 886
875 318
875 728
875 707
875 596
875 513
875 264
875 65
875 339
875 389
875 237
875 29
875 69
876 424
876 730
876 949
876 243
876 366
876 729
876 775
876 998
876 497
876 511
876 132
876 354
876 914
876 631
876 250
877 510
877 543
877 797
877 933
877 665
878 426
878 296
878 489
879 869
879 957
879 491
879 834
879 275
879 554
879 901
879 634
879 410
879 289
879 24
879 379
879 78
879 122
879 100
880 138
880 871
880 774
880 602
880 714
880 760
880 24
880 443
880 598
880 1000
880 611
880 249
880 339
880 356
880 566
880 277
881 316
881 734
881 970
881 924
881 238
881 536
881 944
882 221
882 740
883 238
883 106
883 202
884 770
884 261
884 269
884 359
884 693
884 697
884 915
884 710
884 158
884 632
884 46
884 365
884 810
884 465
885 629
885 952
885 643
886 874
886 507
886 225
886 222
886 718
886 10
886 52
886 51
887 585
887 721
887 170
887 149
887 390
887 840
887 782
887 613
887 798
887 694
887 256
887 312
887 210
887 388
887 834
887 720
888 583
888 71
888 535
888 4
888 590
888 294
888 804
888 753
889 233
889 64
890 765
890 602
890 82
890 397
890 759
890 526
890 825
891 572
891 215
891 162
891 353
891 295
891 695
891 594
891 790
891 517
891 783
892 7
892 675
892 200
892 758
892 303
892 978
893 771
893 252
893 559
893 732
893 4
893 791
893 454
893 752
894 307
894 603
894 861
894 330
894 682
894 576
894 140
894 32
894 546
894 780
894 589
894 170
894 327
894 974
894 905
894 3
894 84
894 978
894 415
894 872
895 710
895 786
895 852
895 312
895 358
895 412
895 663
896 548
896 629
896 969
896 336
896 61
896 474
896 44
897 817
897 1000
897 44
897 388
897 472
897 85
897 367
897 270
898 442
898 396
898 1000
898 466
898 690
898 593
899 744
899 926
899 174
899 766
899 211
899 280
899 970
899 402
899 723
899 740
900 961
900 846
900 339
900 398
900 510
900 137
900 660
900 517
900 844
900 69
901 225
901 961
901 82
901 879
902 405
902 557
902 389
902 641
902 589
902 206
902 188
903 850
903 224
903 643
904 270
904 685
904 641
904 729
904 546
904 106
904 653
904 275
904 758
904 201
904 119
904 982
905 204
905 367
905 749
905 410
905 894
905 794
905 422
905 989
905 320
905 590
906 60
906 238
906 589
906 750
906 946
906 270
907 27
907 6
908 731
909 765
909 417
909 485
909 926
909 11
910 455
910 414
910 404
910 161
910 742
910 545
910 505
910 62
910 729
910 13
910 862
910 99
910 364
911 778
911 105
911 819
911 605
911 371
911 147
912 668
912 737
912 600
912 173
912 373
913 402
913 349
913 619
913 950
913 415
914 504
914 47
914 863
914 110
914 855
914 756
914 80
914 515
914 876
914 526
914 665
915 68
915 10
915 387
915 884
915 790
916 426
916 29
916 615
917 402
917 161
917 392
917 789
918 132
918 82
918 258
918 848
919 396
919 557
919 157
919 202
920 351
920 953
920 481
921 627
921 787
921 66
921 226
921 675
921 629
921 632
921 502
922 510
922 928
922 808
922 328
922 800
922 141
922 258
923 562
923 978
923 603
924 410
924 638
924 193
924 696
924 855
924 1
924 459
924 817
924 881
924 659
924 105
924 729
924 267
924 530
924 1000
924 640
924 370
925 509
926 110
926 492
926 503
926 606
926 543
926 21
926 522
926 11
926 909
926 155
926 555
926 130
926 858
926 525
926 5
926 899
927 353
927 27
927 750
927 844
927 528
927 735
927 382
927 452
927 28
927 765
927 804
928 870
928 549
928 138
928 780
928 728
928 922
928 492
928 324
928 656
928 790
929 351
929 660
929 643
930 439
930 347
930 103
930 952
930 295
930 973
930 419
930 119
930 99
930 447
930 808
930 352
930 859
930 772
930 789
931 174
931 573
931 551
932 604
932 375
932 532
932 502
932 389
932 166
932 425
932 401
932 77
932 66
932 431
932 500
932 798
933 538
933 877
933 339
933 242
933 850
933 793
933 168
933 382
933 492
933 764
933 132
933 375
933 353
933 934
933 843
933 9
933 352
934 764
934 711
934 507
934 749
934 933
934 26
934 326
934 803
934 849
934 399
934 471
934 126
934 778
935 32
935 255
935 551
935 847
935 81
935 100
936 461
936 864
936 698
937 425
937 660
937 952
937 364
938 397
938 221
938 197
938 395
939 93
939 51
939 162
939 243
940 344
940 801
941 744
941 734
941 296
941 233
941 700
941 147
941 84
942 68
942 42
942 681
942 989
943 264
943 571
943 499
944 61
944 881
944 303
944 415
944 478
944 809
944 834
944 32
945 447
945 621
945 996
945 308
945 240
945 350
945 948
945 166
945 107
945 687
945 753
945 516
945 549
945 277
945 293
945 73
946 871
946 906
946 295
946 646
946 181
946 974
946 308
946 998
946 958
946 492
946 337
946 63
946 162
946 472
947 17
947 856
947 704
947 359
947 204
947 815
947 683
947 227
947 32
947 42
947 589
947 461
948 339
948 862
948 243
948 661
948 690
948 268
948 99
948 376
948 68
948 569
948 490
948 429
948 133
948 509
948 320
948 945
948 551
949 876
949 543
950 578
950 733
950 104
950 701
950 913
950 540
950 739
950 327
950 384
950 246
951 443
951 778
952 214
952 22
952 937
952 290
952 251
952 769
952 477
952 856
952 885
952 225
952 110
952 806
952 1000
952 930
953 782
953 265
953 514
953 424
953 167
953 550
953 235
953 920
953 612
953 814
953 634
953 977
953 194
953 77
953 815
953 567
954 602
954 658
954 872
954 844
955 82
955 619
955 311
957 237
957 373
957 3
957 879
958 559
958 506
958 517
958 161
958 946
959 620
959 602
959 412
960 653
960 557
960 804
961 471
961 535
961 87
961 822
961 703
961 900
961 901
961 189
961 314
961 378
961 179
961 99
961 6
961 204
961 801
962 589
962 773
962 23
963 436
963 485
963 817
963 372
963 562
963 37
963 514
963 529
963 794
963 62
963 294
963 772
963 392
963 720
964 394
964 420
964 614
964 641
964 553
964 276
964 204
965 378
965 719
965 477
967 867
967 296
967 204
967 483
968 544
968 630
968 230
968 623
968 333
968 154
968 120
968 433
968 518
968 460
968 732
968 69
969 896
969 296
969 970
969 320
969 768
970 111
970 334
970 969
970 899
970 95
970 646
970 135
970 583
970 472
970 276
970 881
970 260
970 320
970 667
970 168
970 859
971 217
971 632
971 855
971 415
972 801
973 10
973 808
973 761
973 640
973 930
973 87
973 517
973 481
973 975
974 728
974 29
974 711
974 479
974 894
974 847
974 487
974 396
974 762
974 288
974 388
974 317
974 731
974 946
975 808
975 201
975 973
975 638
975 765
975 425
975 543
975 724
975 81
976 867
976 737
976 448
976 194
976 850
976 321
976 405
976 441
976 990
976 115
977 780
977 340
977 953
977 989
978 386
978 401
978 894
978 923
978 688
978 448
978 405
978 892
978 870
978 499
979 49
979 1000
979 823
979 417
979 614
979 30
979 174
979 531
979 303
979 300
979 246
980 761
980 684
980 465
981 426
981 110
981 51
981 204
981 270
982 531
982 428
982 2
982 735
982 787
982 519
982 904
982 438
982 555
982 329
982 404
982 497
982 401
983 208
983 196
984 495
985 568
985 573
985 221
985 684
985 567
986 72
986 193
986 424
986 68
986 552
986 630
986 995
986 368
986 525
986 339
986 61
986 157
987 711
987 359
988 790
989 905
989 187
989 23
989 772
989 87
989 977
989 942
989 525
989 817
989 858
989 790
989 517
989 28
989 567
990 232
990 781
990 112
990 388
990 485
990 531
990 976
990 616
990 573
990 507
990 82
990 514
990 317
990 415
991 488
991 742
991 243
992 373
992 497
992 561
992 859
993 61
993 792
993 652
993 169
993 117
993 202
994 425
994 178
994 303
994 84
994 789
995 813
995 349
995 798
995 348
995 22
995 779
995 986
996 945
996 49
996 326
996 817
996 858
996 815
997 221
997 128
997 806
997 777
997 867
997 598
997 296
997 233
997 392
997 513
997 282
998 714
998 866
998 561
998 460
998 205
998 876
998 815
998 603
998 946
999 387
1000 639
1000 41
1000 979
1000 145
1000 897
1000 952
1000 553
1000 924
1000 646
1000 264
1000 292
1000 898
1000 411
1000 174
1000 756
1000 880
