1 19
1 544
1 451
1 284
1 201
1 531
1 134
1 476
1 160
1 327
1 253
1 186
1 277
1 596
1 3
1 17
1 190
1 261
1 384
1 473
1 551
2 163
2 241
2 533
2 298
2 561
2 469
2 462
2 441
2 281
2 90
2 454
2 35
2 48
2 152
2 192
2 284
2 550
3 596
3 38
3 182
3 1
3 9
3 18
3 381
3 30
3 77
3 188
3 251
3 260
3 321
3 322
3 411
3 418
3 546
4 309
4 16
4 73
4 83
4 93
4 157
4 182
4 207
4 288
4 382
4 400
4 459
5 495
5 302
5 45
5 102
5 80
5 226
5 15
5 62
5 187
5 229
5 272
5 331
5 340
5 500
5 529
5 534
5 546
5 564
6 295
6 19
6 126
6 252
6 479
6 563
6 29
6 411
6 47
6 459
6 425
6 53
6 178
6 179
6 308
6 512
7 367
7 523
7 97
7 422
7 589
7 27
7 194
7 570
7 466
7 33
7 235
7 424
7 472
7 87
7 110
7 202
7 205
7 214
7 318
7 380
7 418
7 425
7 454
7 510
7 132
8 15
8 279
8 335
8 516
8 575
9 174
9 224
9 58
9 228
9 515
9 115
9 269
9 511
9 368
9 561
9 195
9 590
9 3
9 37
9 56
9 90
9 218
9 220
9 357
9 367
9 427
9 528
9 576
9 589
9 592
10 418
10 107
10 528
10 285
10 91
10 166
10 191
10 341
10 471
10 478
10 552
10 594
11 190
11 444
11 252
11 228
11 169
11 568
11 549
11 76
11 163
11 92
11 349
11 44
11 98
11 412
11 437
11 547
12 345
12 155
12 78
12 88
12 533
12 299
12 351
12 566
12 374
12 473
12 60
12 268
12 397
12 400
12 405
12 483
13 341
13 541
13 354
13 102
13 360
13 367
13 313
13 295
13 486
13 64
13 92
13 186
13 252
13 344
13 430
13 456
13 459
13 564
14 583
14 235
14 248
14 290
14 319
14 323
14 391
14 418
14 442
14 451
15 225
15 60
15 19
15 485
15 193
15 40
15 5
15 372
15 592
15 8
15 32
15 186
15 200
15 220
15 303
15 314
15 337
15 410
15 456
15 486
15 498
16 180
16 235
16 422
16 562
16 359
16 217
16 293
16 4
16 490
16 89
16 189
16 192
16 214
16 278
16 364
16 393
16 432
16 498
16 590
17 180
17 578
17 1
17 574
17 512
17 392
17 590
17 207
17 230
17 457
17 68
17 94
17 454
17 463
17 480
17 538
17 552
18 465
18 220
18 173
18 180
18 471
18 3
18 109
18 139
18 263
18 287
18 325
18 407
18 473
18 518
18 581
19 137
19 131
19 113
19 196
19 112
19 388
19 103
19 395
19 126
19 363
19 83
19 128
19 236
19 495
19 1
19 6
19 15
19 34
19 170
19 318
19 373
19 385
19 402
19 405
19 448
19 457
19 593
20 389
20 194
20 382
20 205
20 480
20 398
20 167
20 377
20 411
20 37
20 89
20 107
20 212
20 213
20 246
20 460
20 487
20 488
20 514
21 206
21 321
21 437
21 412
21 309
21 521
21 125
21 363
21 66
21 430
21 197
21 68
21 77
21 257
21 322
21 331
21 356
21 459
21 495
22 542
22 300
22 521
22 84
22 448
22 347
22 246
22 250
22 107
22 93
22 26
22 335
22 359
22 329
22 34
22 151
22 412
22 507
23 527
23 104
23 110
23 120
23 302
23 320
23 552
24 421
24 260
24 258
24 33
24 59
24 248
24 273
24 577
24 48
24 103
24 109
24 120
24 179
24 190
24 210
24 272
24 520
24 574
25 277
25 27
25 199
25 60
25 388
25 144
25 201
25 507
26 386
26 125
26 86
26 315
26 360
26 90
26 385
26 22
26 36
26 51
26 193
26 232
26 247
26 405
26 428
27 391
27 305
27 568
27 595
27 7
27 25
27 203
27 281
27 326
27 356
27 444
27 490
27 530
27 531
28 351
28 104
28 272
28 410
28 306
28 427
28 349
28 445
28 598
28 180
28 185
28 56
28 291
28 332
28 414
28 428
28 444
28 524
28 556
28 431
29 262
29 342
29 55
29 32
29 148
29 290
29 455
29 432
29 295
29 136
29 210
29 548
29 6
29 39
29 141
29 228
29 245
29 249
29 312
29 577
29 591
30 357
30 52
30 432
30 393
30 365
30 368
30 3
30 288
30 278
30 553
30 577
30 62
30 77
30 90
30 147
30 190
30 451
30 483
30 544
31 464
31 149
31 206
31 361
31 60
31 286
31 93
31 190
31 247
31 292
31 340
31 382
31 439
31 456
31 548
31 550
32 15
32 543
32 537
32 421
32 142
32 135
32 159
32 29
32 105
32 223
32 406
32 423
32 428
32 455
32 498
32 591
33 543
33 458
33 288
33 152
33 73
33 437
33 417
33 351
33 295
33 560
33 555
33 7
33 24
33 112
33 127
33 139
33 247
33 300
33 301
33 302
33 456
33 464
33 483
33 541
33 566
34 229
34 357
34 526
34 251
34 292
34 314
34 439
34 22
34 276
34 183
34 269
34 145
34 19
34 35
34 424
34 252
34 230
34 66
34 117
34 125
34 141
34 332
34 380
34 586
35 485
35 333
35 405
35 562
35 329
35 250
35 544
35 2
35 34
35 78
35 96
35 233
35 287
35 435
35 530
35 570
36 550
36 81
36 26
36 410
36 149
36 268
36 212
36 187
36 227
36 164
36 201
36 251
36 309
36 330
36 334
36 572
37 237
37 529
37 9
37 395
37 20
37 307
37 40
37 268
37 186
37 454
37 125
37 337
37 86
37 428
37 87
37 124
37 229
37 266
37 285
37 293
37 351
37 535
38 312
38 114
38 124
38 289
38 514
38 3
38 73
38 74
38 131
38 285
38 365
38 417
38 431
38 475
38 478
39 151
39 205
39 371
39 439
39 29
39 89
39 154
39 245
39 254
39 363
39 406
39 530
40 477
40 140
40 125
40 236
40 336
40 207
40 15
40 37
40 41
40 53
40 68
40 247
40 353
40 387
40 415
40 439
40 508
40 599
41 40
41 404
41 564
41 595
41 387
41 235
41 97
41 366
41 355
41 506
41 60
41 95
41 199
41 203
41 244
41 336
41 342
41 351
41 450
41 515
41 583
42 182
42 354
42 399
42 338
42 67
42 229
42 216
42 199
42 572
42 163
42 145
42 256
42 261
42 273
42 408
42 410
42 524
42 51
43 540
43 587
43 57
43 381
43 109
43 597
43 228
43 480
43 110
43 331
43 127
43 93
43 327
43 369
43 398
43 488
44 11
44 60
44 343
44 230
44 160
44 51
44 353
44 372
44 411
44 457
45 412
45 318
45 5
45 461
45 528
46 434
46 485
46 350
46 164
46 444
46 82
46 513
46 583
46 567
46 239
46 161
46 295
46 90
46 55
46 134
46 456
46 124
46 562
46 229
46 136
46 91
46 226
46 359
46 525
46 542
47 433
47 187
47 156
47 183
47 237
47 135
47 244
47 376
47 549
47 359
47 267
47 81
47 141
47 513
47 6
47 163
47 212
47 216
47 269
47 384
47 520
48 287
48 218
48 24
48 466
48 278
48 164
48 227
48 2
48 103
48 556
48 375
48 399
48 105
48 49
48 314
48 384
48 395
48 458
48 594
49 310
49 201
49 117
49 437
49 48
49 506
49 73
49 108
49 255
49 265
49 425
49 471
49 489
50 169
50 424
50 133
50 327
50 114
50 522
50 196
50 471
50 69
50 285
50 131
50 149
50 276
50 116
50 208
50 212
50 376
50 425
50 451
50 454
51 524
51 328
51 44
51 407
51 102
51 408
51 525
51 394
51 528
51 26
51 594
51 115
51 565
51 542
51 495
51 97
51 42
51 70
51 196
51 323
51 410
51 452
51 460
51 485
52 216
52 124
52 272
52 529
52 161
52 30
52 122
52 193
52 195
52 289
52 368
52 413
52 535
52 550
53 224
53 249
53 220
53 40
53 416
53 242
53 6
53 573
53 498
53 544
53 415
53 397
53 412
53 429
53 259
53 297
53 322
53 408
53 564
54 493
54 57
54 562
54 332
54 150
54 528
54 94
54 151
54 182
54 201
54 280
54 342
54 527
54 540
54 554
55 243
55 335
55 504
55 496
55 96
55 480
55 29
55 46
55 298
55 332
55 343
55 451
55 457
55 470
55 498
55 543
56 28
56 586
56 84
56 379
56 592
56 9
56 571
56 450
56 495
56 78
56 81
56 92
56 406
56 417
56 491
56 499
56 528
56 552
57 203
57 92
57 313
57 413
57 296
57 464
57 589
57 66
57 43
57 54
57 81
57 130
57 212
57 255
57 285
57 393
57 557
57 571
57 593
58 270
58 263
58 256
58 201
58 271
58 9
58 157
58 182
58 207
58 267
58 292
58 319
58 537
59 541
59 483
59 88
59 371
59 74
59 163
59 574
59 537
59 285
59 24
59 109
59 130
59 220
59 240
59 357
59 393
59 411
59 471
59 545
59 593
59 599
60 241
60 445
60 223
60 557
60 335
60 380
60 523
60 369
60 12
60 430
60 520
60 282
60 263
60 75
60 72
60 374
60 419
60 330
60 15
60 25
60 31
60 41
60 44
60 63
60 167
60 287
60 301
60 405
60 439
60 552
60 598
61 273
61 449
61 90
61 435
61 457
61 216
61 575
61 428
61 286
61 149
61 189
61 290
61 306
61 315
61 335
61 389
61 392
61 410
61 495
61 523
61 537
61 568
62 5
62 192
62 30
62 432
62 83
62 334
62 383
62 561
62 359
62 195
62 87
62 483
62 553
62 587
63 583
63 60
63 188
63 295
63 582
63 371
63 91
63 562
63 153
63 173
63 186
63 223
63 340
63 381
63 434
63 435
63 538
64 543
64 201
64 506
64 590
64 199
64 146
64 13
64 120
64 351
64 310
64 529
64 379
64 399
64 263
64 181
64 190
64 294
64 327
64 435
64 454
64 458
65 472
65 256
65 531
65 226
65 503
65 442
65 298
65 89
65 105
65 251
65 269
65 275
65 390
65 413
65 415
65 441
65 449
65 458
65 493
65 511
65 525
65 534
65 592
66 329
66 251
66 386
66 312
66 249
66 470
66 490
66 34
66 200
66 445
66 21
66 57
66 122
66 186
66 228
66 287
66 450
66 455
66 548
67 478
67 563
67 489
67 600
67 197
67 155
67 255
67 438
67 513
67 195
67 142
67 183
67 111
67 175
67 42
67 306
67 328
67 447
67 533
67 599
68 486
68 17
68 133
68 349
68 126
68 21
68 40
68 104
68 71
68 165
68 272
68 286
68 299
68 324
68 387
68 401
68 405
68 513
69 241
69 240
69 152
69 163
69 396
69 549
69 292
69 458
69 377
69 449
69 50
69 81
69 84
69 244
69 307
69 338
69 483
69 499
69 518
69 557
69 581
70 364
70 589
70 480
70 567
70 51
70 531
70 509
70 285
70 417
70 185
70 204
70 479
70 483
70 143
70 165
70 351
70 374
70 377
70 422
70 440
70 555
70 560
71 273
71 235
71 385
71 415
71 68
71 459
71 597
71 537
71 277
71 321
71 123
71 173
71 211
71 293
71 343
71 448
71 464
71 505
71 541
71 599
72 159
72 117
72 268
72 225
72 212
72 538
72 497
72 547
72 357
72 60
72 73
72 151
72 248
72 291
72 321
72 461
72 471
73 38
73 4
73 72
73 236
73 419
73 49
73 241
73 166
73 93
73 33
73 108
73 425
73 572
73 575
73 358
73 418
74 122
74 448
74 460
74 38
74 327
74 355
74 107
74 581
74 398
74 59
74 77
74 155
74 210
74 363
74 551
74 562
75 211
75 599
75 549
75 382
75 107
75 423
75 124
75 324
75 60
75 265
75 458
75 502
75 528
75 574
76 583
76 474
76 116
76 408
76 481
76 298
76 476
76 363
76 11
76 333
76 334
77 30
77 21
77 401
77 74
77 344
77 3
77 525
77 268
77 365
77 394
77 396
78 305
78 408
78 175
78 173
78 322
78 56
78 35
78 212
78 578
78 179
78 91
78 501
78 12
78 90
78 388
78 405
78 470
78 486
78 517
79 482
79 104
79 341
79 422
79 237
79 121
79 98
79 539
79 180
79 274
79 305
79 186
79 189
79 193
79 208
79 233
79 247
79 467
79 473
79 483
79 541
79 592
80 548
80 236
80 238
80 5
80 122
80 150
80 216
80 397
80 569
81 262
81 572
81 363
81 466
81 587
81 553
81 69
81 57
81 99
81 56
81 333
81 416
81 36
81 47
81 92
81 204
81 213
81 275
81 488
81 495
81 534
82 457
82 193
82 442
82 389
82 475
82 582
82 46
82 101
82 139
82 276
82 313
82 328
82 402
82 403
82 426
82 448
82 570
83 306
83 360
83 104
83 320
83 208
83 4
83 113
83 19
83 62
83 176
83 182
83 214
83 384
83 528
83 530
83 543
83 589
84 516
84 352
84 508
84 127
84 204
84 596
84 69
84 22
84 56
84 218
84 262
84 451
84 493
84 550
84 591
85 311
85 243
85 291
85 321
85 506
85 465
85 206
85 302
85 222
85 586
85 454
85 549
85 258
85 93
85 122
85 269
85 433
85 518
85 594
86 354
86 446
86 331
86 232
86 307
86 497
86 490
86 411
86 231
86 26
86 37
86 146
86 187
86 200
86 211
86 291
86 473
86 493
86 520
86 543
86 561
87 397
87 7
87 505
87 319
87 62
87 287
87 574
87 583
87 175
87 569
87 529
87 220
87 37
87 182
87 336
87 424
87 434
87 470
87 498
87 503
87 517
87 570
88 178
88 333
88 189
88 12
88 59
88 327
88 357
88 403
88 547
88 593
89 161
89 310
89 368
89 119
89 454
89 20
89 428
89 349
89 332
89 266
89 16
89 39
89 65
89 96
89 413
89 432
89 549
90 78
90 260
90 169
90 111
90 456
90 253
90 30
90 148
90 124
90 500
90 9
90 2
90 26
90 46
90 61
90 98
90 107
90 268
90 411
90 415
90 447
90 505
90 516
91 144
91 429
91 169
91 313
91 348
91 589
91 46
91 293
91 10
91 282
91 63
91 78
91 127
91 133
91 140
91 378
91 452
91 518
92 117
92 81
92 56
92 367
92 13
92 11
92 57
92 215
92 244
92 264
92 293
92 342
92 443
92 532
93 467
93 121
93 357
93 248
93 167
93 265
93 85
93 452
93 4
93 304
93 370
93 329
93 264
93 299
93 105
93 473
93 31
93 171
93 326
93 43
93 22
93 73
93 179
93 294
93 358
93 441
94 546
94 544
94 448
94 208
94 141
94 387
94 591
94 253
94 296
94 17
94 388
94 494
94 54
94 227
94 273
94 506
94 529
95 600
95 285
95 41
95 384
95 512
95 598
95 508
95 125
95 277
95 305
95 314
95 339
95 377
95 380
95 402
95 438
95 492
95 523
95 526
95 538
96 35
96 388
96 536
96 523
96 300
96 460
96 311
96 226
96 445
96 441
96 89
96 557
96 55
96 107
96 133
96 251
96 327
97 463
97 102
97 109
97 263
97 584
97 152
97 181
97 372
97 321
97 354
97 346
97 125
97 7
97 41
97 51
97 117
97 118
97 242
97 488
97 505
97 548
98 382
98 564
98 11
98 90
98 541
98 283
98 221
98 79
98 282
98 309
98 480
98 580
98 236
98 113
99 183
99 579
99 213
99 193
99 522
99 267
99 169
99 81
99 122
99 292
99 572
100 417
100 561
100 284
100 362
100 454
100 254
100 407
100 573
100 190
100 269
100 293
100 309
100 458
100 509
100 543
100 564
101 341
101 490
101 82
101 257
101 570
101 416
101 536
101 354
101 163
101 344
101 149
101 225
101 315
101 365
101 443
101 464
101 478
101 483
101 492
101 548
102 215
102 381
102 530
102 369
102 582
102 167
102 144
102 308
102 495
102 438
102 472
102 174
102 306
102 5
102 13
102 51
102 97
102 295
102 471
102 585
103 372
103 24
103 121
103 410
103 147
103 495
103 19
103 48
104 178
104 255
104 322
104 521
104 376
104 599
104 23
104 28
104 68
104 79
104 83
104 256
104 323
104 430
104 523
104 532
105 230
105 465
105 65
105 275
105 519
105 115
105 374
105 32
105 218
105 48
105 93
105 145
105 178
105 214
105 228
105 300
105 467
105 532
105 537
106 414
106 269
106 454
106 254
106 307
106 368
106 457
106 539
106 572
107 482
107 20
107 96
107 517
107 90
107 183
107 375
107 323
107 380
107 122
107 10
107 22
107 74
107 75
107 159
107 266
107 526
107 564
108 309
108 565
108 129
108 575
108 73
108 591
108 49
108 190
108 443
108 540
108 318
108 155
108 163
108 310
108 444
109 191
109 517
109 59
109 571
109 134
109 24
109 207
109 246
109 18
109 505
109 174
109 43
109 97
109 123
109 149
109 216
109 247
109 452
109 512
109 523
109 531
110 438
110 583
110 418
110 7
110 331
110 588
110 416
110 338
110 397
110 23
110 349
110 43
110 169
110 182
110 202
110 256
110 290
110 325
110 347
110 379
110 427
110 520
110 573
111 241
111 389
111 539
111 123
111 424
111 271
111 67
111 90
111 121
111 157
111 265
111 319
111 342
111 349
111 382
111 586
112 510
112 147
112 556
112 205
112 235
112 268
112 450
112 269
112 412
112 320
112 33
112 153
112 549
112 210
112 19
112 209
112 245
112 302
112 310
112 355
112 457
112 599
113 541
113 98
113 19
113 83
113 283
113 306
113 322
113 330
113 333
113 447
113 450
113 584
113 591
113 595
114 135
114 393
114 455
114 339
114 591
114 38
114 50
114 118
114 214
114 228
114 256
114 362
114 399
114 425
114 513
114 524
114 586
114 328
115 590
115 274
115 9
115 51
115 105
115 122
115 266
115 273
115 282
115 304
115 343
115 394
116 222
116 50
116 150
116 552
116 469
116 546
116 600
116 460
116 298
116 76
116 159
116 343
116 370
116 390
116 447
116 459
116 488
116 497
116 498
116 510
116 559
117 136
117 388
117 97
117 34
117 245
117 265
117 261
117 445
117 140
117 118
117 282
117 49
117 72
117 92
117 151
117 290
117 340
118 204
118 97
118 436
118 158
118 126
118 447
118 345
118 435
118 406
118 532
118 114
118 152
118 117
118 176
118 266
118 423
119 456
119 593
119 192
119 359
119 411
119 296
119 452
119 199
119 183
119 560
119 219
119 153
119 174
119 89
119 124
119 135
119 207
119 309
119 364
119 404
119 473
119 597
119 290
120 356
120 495
120 409
120 226
120 24
120 23
120 64
120 122
120 260
120 267
120 341
120 367
120 417
120 469
120 553
121 289
121 381
121 461
121 139
121 545
121 486
121 580
121 500
121 385
121 431
121 258
121 451
121 475
121 111
121 506
121 157
121 294
121 79
121 93
121 103
121 176
121 440
121 567
122 482
122 261
122 120
122 558
122 155
122 381
122 582
122 599
122 275
122 85
122 80
122 52
122 66
122 462
122 99
122 252
122 216
122 115
122 221
122 457
122 74
122 107
122 314
122 335
122 348
122 368
122 380
122 556
122 579
123 464
123 135
123 332
123 581
123 551
123 109
123 161
123 540
123 516
123 253
123 435
123 588
123 71
123 517
123 166
123 111
123 143
123 212
123 261
123 279
123 306
123 337
123 381
123 392
123 418
123 476
123 527
123 582
123 587
124 511
124 545
124 310
124 37
124 154
124 433
124 373
124 528
124 198
124 119
124 38
124 46
124 52
124 75
124 90
124 135
124 205
124 306
124 347
124 486
124 587
125 331
125 574
125 277
125 595
125 384
125 34
125 435
125 417
125 95
125 475
125 397
125 21
125 26
125 37
125 40
125 97
125 190
125 197
125 206
125 299
125 346
125 390
125 415
125 439
125 582
126 472
126 356
126 292
126 137
126 303
126 523
126 256
126 6
126 19
126 68
126 118
126 154
126 204
126 216
126 500
126 520
126 591
127 350
127 588
127 445
127 344
127 368
127 592
127 353
127 276
127 286
127 415
127 33
127 216
127 257
127 516
127 287
127 208
127 297
127 213
127 91
127 43
127 84
127 149
127 159
127 240
127 324
127 520
128 419
128 325
128 259
128 543
128 351
128 166
128 458
128 522
128 243
128 385
128 208
128 19
128 221
128 305
129 301
129 460
129 484
129 138
129 492
129 521
129 146
129 502
129 252
129 108
129 190
129 318
129 327
129 407
129 451
130 155
130 341
130 57
130 241
130 161
130 59
130 596
130 306
130 398
130 523
130 357
130 597
131 38
131 360
131 420
131 573
131 587
131 427
131 399
131 19
131 50
131 218
131 351
131 367
131 386
131 513
131 540
131 543
131 544
132 350
132 138
132 182
132 353
132 465
132 395
132 7
132 146
132 150
132 340
132 361
132 445
133 145
133 256
133 399
133 527
133 307
133 96
133 91
133 50
133 68
133 161
133 212
133 294
133 346
133 434
133 448
133 478
134 238
134 255
134 300
134 412
134 198
134 139
134 222
134 1
134 46
134 109
134 379
134 486
134 493
134 578
135 397
135 471
135 212
135 172
135 314
135 242
135 119
135 216
135 307
135 175
135 319
135 124
135 444
135 32
135 47
135 114
135 123
135 153
135 163
135 210
135 324
135 369
135 394
135 482
135 573
136 168
136 521
136 589
136 29
136 46
136 117
136 306
136 341
136 343
136 346
136 398
136 442
137 388
137 203
137 303
137 251
137 465
137 230
137 176
137 265
137 189
137 19
137 126
137 182
137 197
137 218
137 291
137 412
138 451
138 519
138 213
138 336
138 197
138 566
138 129
138 132
138 282
138 556
138 557
138 568
138 570
138 572
138 586
139 82
139 193
139 251
139 163
139 525
139 339
139 33
139 18
139 155
139 121
139 134
139 171
139 397
139 426
140 334
140 91
140 597
140 307
140 564
140 465
140 551
140 574
140 552
140 40
140 117
140 200
140 344
140 404
140 433
140 543
141 546
141 268
141 29
141 34
141 238
141 47
141 94
141 152
141 221
141 312
141 349
141 406
141 480
141 521
141 544
141 570
142 501
142 377
142 562
142 484
142 563
142 32
142 67
142 163
142 248
142 281
142 313
142 321
142 385
142 388
142 415
142 432
142 490
142 531
143 341
143 123
143 317
143 70
143 307
143 485
143 158
143 239
143 381
143 219
143 149
143 449
143 508
143 562
144 533
144 498
144 315
144 285
144 324
144 25
144 461
144 91
144 102
144 167
144 409
144 450
144 576
145 429
145 105
145 515
145 318
145 443
145 246
145 359
145 201
145 453
145 434
145 225
145 34
145 42
145 133
145 181
145 208
145 236
145 280
145 339
145 343
145 548
145 592
146 345
146 86
146 459
146 267
146 132
146 64
146 129
146 186
146 273
146 445
146 564
147 449
147 252
147 282
147 30
147 397
147 403
147 103
147 112
147 208
147 294
147 409
147 513
147 585
147 587
147 195
148 434
148 246
148 194
148 496
148 159
148 300
148 423
148 183
148 29
148 90
148 149
148 163
148 273
148 383
148 544
149 301
149 109
149 545
149 61
149 518
149 143
149 148
149 499
149 127
149 101
149 234
149 31
149 36
149 50
149 388
149 391
149 490
150 235
150 132
150 231
150 302
150 594
150 271
150 562
150 478
150 80
150 54
150 116
150 154
150 222
150 223
150 358
150 378
151 444
151 54
151 509
151 202
151 197
151 72
151 205
151 22
151 117
151 39
151 171
151 318
151 321
151 402
151 430
152 591
152 312
152 141
152 2
152 480
152 375
152 392
152 160
152 33
152 69
152 97
152 118
152 224
152 313
152 349
152 413
152 461
152 496
153 471
153 430
153 367
153 135
153 218
153 380
153 322
153 271
153 250
153 174
153 186
153 308
153 444
153 63
153 112
153 119
153 173
153 434
154 381
154 304
154 39
154 150
154 157
154 162
154 486
154 581
154 169
154 468
154 546
154 301
154 126
154 124
154 168
154 223
154 247
154 288
154 424
154 513
154 570
155 482
155 108
155 358
155 74
155 250
155 402
155 540
155 572
155 264
155 194
155 12
155 67
155 122
155 130
155 139
155 310
155 383
155 451
155 578
155 593
156 594
156 157
156 182
156 563
156 230
156 530
156 257
156 466
156 47
156 279
156 541
156 552
156 559
157 547
157 567
157 111
157 4
157 58
157 326
157 121
157 154
157 156
157 196
157 240
157 305
157 403
157 481
157 498
157 505
157 509
157 513
157 546
157 578
158 167
158 389
158 450
158 420
158 436
158 586
158 467
158 328
158 264
158 118
158 143
158 309
158 317
158 353
158 366
158 445
158 574
159 107
159 127
159 308
159 366
159 116
159 545
159 394
159 409
159 478
159 411
159 32
159 72
159 148
159 197
159 291
159 292
159 377
159 423
159 472
159 498
159 533
159 562
160 293
160 330
160 456
160 231
160 527
160 1
160 44
160 152
160 185
160 274
160 418
160 491
160 520
160 596
161 133
161 336
161 293
161 172
161 175
161 280
161 235
161 169
161 168
161 522
161 46
161 52
161 89
161 123
161 130
161 185
161 186
161 211
161 281
161 312
161 397
161 466
161 517
161 518
162 576
162 220
162 172
162 463
162 379
162 536
162 422
162 589
162 200
162 441
162 248
162 446
162 154
162 388
162 485
162 568
163 535
163 277
163 361
163 135
163 142
163 491
163 47
163 423
163 148
163 577
163 108
163 2
163 11
163 42
163 59
163 69
163 101
163 139
163 237
163 286
163 432
163 477
163 481
163 555
163 564
164 542
164 201
164 408
164 540
164 174
164 491
164 36
164 46
164 48
164 290
164 299
164 387
164 438
164 449
164 504
165 70
165 68
165 561
165 267
165 348
165 419
165 471
165 503
165 513
165 540
166 275
166 550
166 213
166 383
166 329
166 510
166 585
166 10
166 260
166 73
166 123
166 128
166 182
166 222
166 244
166 253
166 439
166 465
166 500
166 512
166 539
166 562
167 60
167 508
167 144
167 237
167 370
167 20
167 93
167 102
167 158
167 225
167 229
167 430
167 455
167 487
167 553
168 383
168 154
168 564
168 456
168 181
168 136
168 161
168 170
168 187
168 315
168 332
168 355
168 372
168 403
168 455
168 460
168 544
168 551
169 110
169 194
169 301
169 172
169 491
169 589
169 455
169 470
169 11
169 50
169 90
169 91
169 99
169 154
169 161
169 175
169 187
169 209
169 265
169 324
169 338
169 442
169 456
169 555
169 575
170 191
170 253
170 410
170 19
170 477
170 188
170 168
170 378
170 184
170 220
170 345
170 441
170 472
170 515
170 529
171 383
171 473
171 151
171 139
171 395
171 93
171 269
171 324
171 396
171 399
171 500
171 528
172 432
172 353
172 233
172 544
172 294
172 478
172 232
172 230
172 373
172 135
172 161
172 162
172 169
172 209
172 276
172 300
172 332
172 471
172 579
173 63
173 227
173 153
173 71
173 570
173 435
173 18
173 78
173 176
173 262
173 310
173 345
173 347
173 357
173 359
173 421
173 463
173 465
173 501
174 205
174 411
174 201
174 404
174 249
174 518
174 502
174 396
174 543
174 328
174 353
174 9
174 102
174 109
174 119
174 153
174 164
174 274
174 365
174 437
174 446
174 453
174 475
174 527
174 589
175 203
175 457
175 303
175 169
175 276
175 67
175 78
175 87
175 135
175 161
175 304
175 306
175 363
175 405
175 428
175 442
175 448
175 517
175 537
176 121
176 458
176 83
176 118
176 363
176 263
176 292
176 406
176 173
176 597
176 392
176 137
176 193
176 199
176 213
176 227
176 298
176 439
176 517
177 503
177 558
177 295
177 341
177 546
178 105
178 574
178 283
178 6
178 238
178 88
178 104
178 270
179 543
179 218
179 225
179 6
179 306
179 436
179 24
179 548
179 93
179 188
179 78
179 262
179 355
179 370
179 419
179 426
179 453
179 478
180 525
180 510
180 270
180 277
180 463
180 580
180 325
180 185
180 594
180 16
180 17
180 18
180 28
180 79
180 278
180 323
180 361
180 370
180 376
180 386
180 479
180 481
181 561
181 145
181 352
181 539
181 426
181 470
181 451
181 64
181 97
181 168
181 266
181 302
181 317
181 348
181 369
181 416
182 346
182 412
182 83
182 516
182 483
182 4
182 54
182 183
182 578
182 350
182 87
182 347
182 110
182 462
182 58
182 137
182 166
182 254
182 3
182 42
182 132
182 156
182 214
182 283
182 330
182 348
182 465
183 493
183 362
183 34
183 47
183 67
183 99
183 107
183 119
183 148
183 182
183 295
183 299
183 451
183 588
184 170
184 293
184 315
184 343
184 528
184 566
184 587
185 339
185 161
185 160
185 227
185 362
185 28
185 70
185 180
185 207
185 239
185 314
185 435
185 482
185 514
185 533
185 558
186 63
186 600
186 79
186 589
186 161
186 468
186 146
186 189
186 553
186 15
186 260
186 232
186 13
186 415
186 66
186 1
186 37
186 153
186 552
186 289
187 326
187 352
187 5
187 315
187 549
187 536
187 86
187 189
187 405
187 310
187 169
187 168
187 36
187 47
187 199
187 206
187 240
187 270
187 293
187 431
187 455
188 320
188 588
188 250
188 3
188 413
188 237
188 63
188 170
188 179
188 276
188 339
188 425
188 486
188 548
189 263
189 61
189 476
189 482
189 79
189 16
189 598
189 88
189 137
189 186
189 187
189 225
189 301
189 350
189 353
189 468
189 495
189 524
190 125
190 455
190 24
190 31
190 566
190 100
190 1
190 30
190 64
190 314
190 129
190 454
190 231
190 11
190 108
190 237
190 283
190 327
190 357
190 391
190 502
190 536
190 587
191 428
191 591
191 468
191 10
191 109
191 170
191 255
191 298
191 309
191 347
191 516
192 249
192 429
192 306
192 233
192 16
192 380
192 449
192 2
192 62
192 119
192 291
192 349
192 486
193 26
193 309
193 197
193 360
193 52
193 487
193 79
193 204
193 253
193 427
193 578
193 176
193 15
193 82
193 99
193 139
193 223
193 328
193 521
193 574
193 600
194 422
194 305
194 345
194 453
194 7
194 20
194 148
194 169
194 428
194 467
194 509
194 578
194 155
195 239
195 426
195 52
195 147
195 9
195 67
195 341
195 409
195 418
195 542
195 62
196 492
196 536
196 157
196 51
196 308
196 223
196 19
196 50
196 290
196 331
196 402
196 457
196 538
197 318
197 569
197 159
197 489
197 125
197 484
197 419
197 409
197 137
197 436
197 272
197 21
197 67
197 138
197 151
197 193
197 265
197 276
197 293
197 363
197 379
197 392
197 448
197 473
197 593
198 363
198 124
198 134
198 313
198 352
198 362
198 415
198 422
198 444
198 457
198 524
199 426
199 563
199 490
199 41
199 497
199 344
199 187
199 176
199 565
199 448
199 548
199 529
199 503
199 333
199 520
199 287
199 327
199 25
199 42
199 64
199 119
199 207
199 341
199 352
199 386
199 403
199 420
199 481
199 519
199 535
200 226
200 394
200 495
200 15
200 86
200 210
200 532
200 357
200 140
200 203
200 395
200 503
200 555
200 329
200 66
200 162
200 332
200 437
200 456
200 464
200 535
201 401
201 512
201 446
201 54
201 553
201 273
201 470
201 36
201 292
201 25
201 544
201 300
201 455
201 280
201 1
201 49
201 58
201 64
201 145
201 164
201 174
201 291
201 367
201 499
201 547
202 385
202 515
202 7
202 253
202 562
202 346
202 110
202 151
202 287
202 347
202 350
202 392
202 417
202 569
203 27
203 387
203 352
203 326
203 41
203 547
203 257
203 296
203 520
203 389
203 57
203 137
203 175
203 200
203 289
203 314
203 568
203 462
204 586
204 81
204 525
204 126
204 506
204 70
204 84
204 118
204 193
204 225
204 342
204 408
204 413
204 465
205 332
205 553
205 595
205 306
205 7
205 298
205 544
205 124
205 457
205 20
205 39
205 112
205 151
205 174
205 239
205 244
205 262
205 295
205 462
205 556
205 592
206 413
206 187
206 302
206 125
206 516
206 21
206 31
206 85
206 221
206 229
206 417
206 454
206 459
206 585
207 4
207 58
207 199
207 487
207 297
207 230
207 119
207 185
207 17
207 40
207 109
207 271
207 304
207 330
207 370
207 421
207 456
207 492
207 552
207 570
208 345
208 511
208 50
208 508
208 319
208 553
208 147
208 570
208 145
208 226
208 79
208 337
208 329
208 490
208 83
208 94
208 127
208 128
208 225
208 228
208 272
208 283
208 324
208 363
208 431
208 465
208 556
209 238
209 310
209 447
209 362
209 543
209 112
209 408
209 169
209 172
209 300
209 231
209 288
209 421
209 440
209 504
209 575
210 321
210 284
210 135
210 329
210 245
210 526
210 560
210 376
210 369
210 381
210 266
210 74
210 24
210 29
210 112
210 200
210 407
210 435
211 519
211 408
211 71
211 513
211 283
211 161
211 86
211 75
211 262
211 414
212 47
212 57
212 556
212 576
212 450
212 123
212 133
212 20
212 50
212 594
212 491
212 36
212 72
212 78
212 135
212 391
212 397
212 572
213 463
213 556
213 176
213 20
213 81
213 244
213 321
213 514
213 99
213 127
213 138
213 166
213 320
213 527
213 551
213 585
214 114
214 432
214 327
214 16
214 380
214 182
214 105
214 7
214 339
214 83
214 222
214 269
214 394
214 423
215 505
215 542
215 486
215 278
215 525
215 92
215 102
215 336
215 349
215 379
215 410
215 431
215 561
215 570
216 271
216 126
216 109
216 507
216 222
216 80
216 441
216 47
216 42
216 52
216 61
216 122
216 127
216 135
216 227
216 252
216 284
216 312
216 337
216 464
217 345
217 414
217 275
217 16
217 261
217 504
217 516
217 284
218 226
218 237
218 9
218 454
218 137
218 569
218 473
218 235
218 131
218 452
218 392
218 467
218 303
218 449
218 84
218 48
218 105
218 153
218 179
218 269
218 384
218 425
218 460
218 483
219 521
219 424
219 460
219 442
219 250
219 554
219 597
219 478
219 457
219 344
219 588
219 302
219 265
219 254
219 285
219 119
219 252
219 352
219 377
219 394
219 410
219 514
219 143
220 9
220 246
220 59
220 170
220 319
220 476
220 422
220 15
220 18
220 53
220 87
220 162
220 265
220 293
220 333
220 349
220 362
220 441
220 470
220 500
220 556
220 558
221 271
221 206
221 545
221 141
221 128
221 98
221 122
221 369
222 510
222 166
222 214
222 565
222 448
222 305
222 150
222 398
222 285
222 223
222 85
222 116
222 134
222 216
222 410
222 442
223 63
223 150
223 344
223 154
223 374
223 330
223 227
223 393
223 32
223 315
223 193
223 320
223 556
223 440
223 60
223 196
223 222
223 243
223 309
223 466
223 570
224 559
224 269
224 450
224 384
224 436
224 152
224 9
224 53
224 236
224 256
224 321
224 348
224 542
224 571
225 189
225 204
225 272
225 376
225 101
225 251
225 208
225 312
225 167
225 316
225 517
225 15
225 72
225 145
225 179
225 239
225 347
225 411
225 456
225 490
225 527
226 464
226 492
226 242
226 372
226 449
226 410
226 46
226 5
226 65
226 96
226 120
226 200
226 208
226 218
226 237
226 354
226 419
226 456
226 461
226 518
227 584
227 341
227 216
227 94
227 176
227 505
227 310
227 36
227 48
227 173
227 185
227 223
227 264
227 296
227 328
227 349
227 435
227 548
228 333
228 66
228 287
228 208
228 29
228 114
228 105
228 544
228 434
228 9
228 11
228 43
228 232
228 259
228 273
228 313
228 337
228 355
228 459
228 555
228 561
229 206
229 539
229 5
229 167
229 230
229 477
229 37
229 438
229 34
229 42
229 46
229 247
229 272
229 300
229 411
229 565
230 367
230 241
230 469
230 527
230 583
230 17
230 34
230 44
230 105
230 137
230 156
230 172
230 207
230 229
230 244
230 330
230 364
230 403
230 444
230 585
231 236
231 209
231 492
231 86
231 150
231 160
231 190
231 252
231 381
231 444
232 593
232 512
232 26
232 564
232 254
232 228
232 86
232 172
232 186
232 464
232 543
232 558
232 559
233 321
233 586
233 270
233 79
233 35
233 172
233 192
233 248
233 344
233 350
233 369
233 486
233 500
234 337
234 149
234 322
234 324
234 331
234 364
234 376
234 394
234 467
234 506
235 485
235 492
235 299
235 330
235 14
235 449
235 7
235 16
235 41
235 71
235 112
235 150
235 161
235 218
235 487
235 553
236 224
236 587
236 145
236 399
236 450
236 98
236 19
236 40
236 73
236 80
236 231
236 300
236 459
236 495
236 505
236 539
237 226
237 285
237 562
237 163
237 568
237 190
237 37
237 47
237 79
237 167
237 188
237 218
237 252
237 268
237 278
237 509
237 543
238 497
238 354
238 476
238 369
238 80
238 134
238 141
238 178
238 209
238 266
238 433
238 475
238 585
238 598
239 582
239 205
239 225
239 185
239 375
239 426
239 504
239 46
239 143
239 195
239 255
239 573
240 511
240 576
240 127
240 566
240 59
240 270
240 462
240 592
240 187
240 292
240 157
240 369
240 69
240 291
240 425
240 430
240 465
240 546
241 546
241 273
241 466
241 286
241 316
241 370
241 268
241 2
241 60
241 69
241 73
241 111
241 130
241 230
241 242
241 311
241 372
241 455
241 500
241 561
242 424
242 97
242 413
242 500
242 241
242 465
242 261
242 562
242 53
242 135
242 226
242 467
243 223
243 55
243 85
243 128
243 274
243 301
243 305
243 320
243 478
243 503
243 512
243 536
244 41
244 566
244 92
244 230
244 166
244 475
244 326
244 527
244 69
244 205
244 47
244 213
244 264
244 321
244 404
244 504
245 29
245 112
245 39
245 421
245 291
245 542
245 117
245 210
245 305
245 350
245 365
245 434
245 440
245 458
245 529
245 584
246 20
246 518
246 22
246 109
246 145
246 148
246 220
246 431
246 481
246 490
246 505
246 581
246 587
246 590
247 229
247 79
247 330
247 26
247 271
247 413
247 482
247 109
247 380
247 595
247 40
247 31
247 154
247 33
247 336
247 475
247 515
248 14
248 72
248 233
248 142
248 548
248 413
248 24
248 93
248 162
248 325
248 386
248 457
249 29
249 334
249 593
249 469
249 272
249 359
249 53
249 66
249 174
249 192
249 287
249 456
249 503
249 515
249 516
249 521
249 564
250 586
250 391
250 498
250 22
250 35
250 153
250 155
250 188
250 219
250 394
250 456
250 471
250 494
250 582
251 36
251 333
251 310
251 594
251 281
251 535
251 395
251 426
251 357
251 528
251 65
251 307
251 519
251 96
251 3
251 34
251 66
251 137
251 139
251 225
251 295
251 351
251 376
251 454
251 457
251 503
252 529
252 231
252 219
252 216
252 377
252 361
252 404
252 237
252 13
252 281
252 6
252 11
252 34
252 122
252 129
252 147
252 262
252 376
252 496
252 513
253 427
253 519
253 355
253 166
253 275
253 469
253 1
253 90
253 94
253 123
253 170
253 193
253 202
253 371
253 378
253 450
253 539
253 544
254 39
254 100
254 106
254 182
254 219
254 232
254 305
254 306
254 331
254 347
254 413
254 448
254 472
255 191
255 239
255 319
255 49
255 57
255 323
255 311
255 297
255 67
255 104
255 134
255 365
255 528
255 551
256 224
256 110
256 461
256 276
256 104
256 545
256 42
256 114
256 297
256 288
256 58
256 65
256 126
256 133
256 259
256 572
256 574
257 368
257 356
257 272
257 423
257 417
257 590
257 435
257 600
257 509
257 21
257 101
257 127
257 156
257 203
257 374
257 403
257 406
257 414
257 455
257 557
257 579
258 542
258 589
258 423
258 292
258 349
258 24
258 85
258 121
258 298
258 459
259 256
259 441
259 433
259 228
259 53
259 128
259 270
259 321
259 386
259 437
259 479
259 549
259 565
260 120
260 330
260 3
260 24
260 90
260 166
260 186
260 381
260 535
260 569
261 356
261 123
261 42
261 357
261 576
261 217
261 1
261 467
261 117
261 122
261 242
261 284
261 291
261 377
261 382
261 389
261 459
261 477
261 504
262 534
262 211
262 460
262 173
262 205
262 84
262 320
262 474
262 545
262 521
262 252
262 179
262 340
262 304
262 29
262 81
262 375
262 447
262 473
262 509
262 549
263 300
263 442
263 313
263 18
263 58
263 60
263 64
263 97
263 176
263 189
263 278
263 283
263 303
263 510
264 227
264 327
264 499
264 486
264 465
264 526
264 244
264 339
264 340
264 92
264 331
264 273
264 503
264 576
264 93
264 155
264 158
264 348
264 464
264 505
265 220
265 169
265 479
265 197
265 49
265 75
265 111
265 93
265 117
265 137
265 219
265 267
265 307
265 390
265 469
265 547
266 181
266 118
266 490
266 238
266 349
266 37
266 107
266 115
266 317
266 441
266 89
266 210
266 278
266 393
266 513
267 507
267 392
267 265
267 416
267 58
267 165
267 120
267 510
267 47
267 99
267 146
267 270
267 315
267 342
267 374
267 390
267 522
267 538
267 560
267 561
267 569
268 316
268 12
268 237
268 287
268 584
268 444
268 516
268 295
268 90
268 77
268 329
268 36
268 37
268 72
268 112
268 141
268 241
268 389
268 455
268 569
269 47
269 100
269 522
269 363
269 85
269 171
269 536
269 347
269 218
269 65
269 214
269 9
269 34
269 106
269 112
269 224
269 571
269 589
270 178
270 584
270 259
270 396
270 272
270 304
270 187
270 267
270 58
270 180
270 233
270 240
270 393
270 424
270 455
271 404
271 389
271 566
271 555
271 571
271 525
271 562
271 207
271 442
271 58
271 111
271 150
271 153
271 216
271 221
271 247
271 312
271 430
271 471
271 515
272 402
272 418
272 68
272 229
272 24
272 5
272 208
272 28
272 52
272 197
272 225
272 249
272 257
272 270
272 275
272 301
272 314
272 331
272 364
272 440
272 441
272 494
272 555
273 148
273 42
273 300
273 228
273 388
273 387
273 115
273 94
273 416
273 146
273 24
273 61
273 71
273 201
273 241
273 264
273 322
273 462
273 513
274 160
274 375
274 428
274 174
274 243
274 443
274 368
274 496
274 556
274 79
274 115
274 281
274 421
274 456
274 590
275 548
275 562
275 272
275 65
275 438
275 81
275 105
275 122
275 166
275 217
275 253
275 316
276 323
276 304
276 188
276 494
276 508
276 82
276 337
276 197
276 332
276 172
276 34
276 50
276 127
276 175
276 256
276 318
276 374
277 477
277 409
277 559
277 554
277 95
277 1
277 25
277 71
277 125
277 163
277 180
277 398
277 500
278 237
278 557
278 16
278 180
278 545
278 349
278 263
278 309
278 266
278 345
278 544
278 282
278 30
278 48
278 215
278 294
278 347
278 356
278 383
278 424
278 459
278 484
278 524
278 597
279 297
279 8
279 412
279 527
279 334
279 156
279 565
279 458
279 423
279 123
279 532
279 314
279 371
279 451
279 518
279 569
280 145
280 447
280 498
280 404
280 335
280 54
280 421
280 597
280 161
280 201
280 562
281 365
281 274
281 423
281 27
281 522
281 142
281 313
281 559
281 161
281 474
281 295
281 2
281 251
281 252
281 495
282 343
282 115
282 443
282 560
282 98
282 138
282 418
282 60
282 91
282 117
282 147
282 278
282 380
282 438
282 521
282 574
283 208
283 263
283 451
283 182
283 190
283 113
283 98
283 178
283 211
283 488
283 536
283 577
284 577
284 424
284 330
284 216
284 323
284 261
284 2
284 217
284 1
284 100
284 210
284 333
284 335
284 346
284 425
284 477
285 57
285 398
285 380
285 37
285 309
285 38
285 499
285 372
285 528
285 586
285 10
285 50
285 59
285 70
285 95
285 144
285 219
285 222
285 237
285 357
285 514
286 570
286 515
286 68
286 163
286 562
286 31
286 127
286 241
286 558
286 561
286 563
286 564
286 61
287 356
287 292
287 249
287 18
287 60
287 326
287 342
287 35
287 66
287 307
287 202
287 452
287 544
287 599
287 48
287 87
287 127
287 199
287 228
287 268
287 349
287 385
287 412
288 209
288 154
288 516
288 497
288 4
288 30
288 33
288 256
288 386
288 469
288 482
288 484
288 556
289 203
289 52
289 498
289 574
289 450
289 186
289 38
289 121
289 344
289 502
289 510
289 579
290 327
290 61
290 117
290 196
290 110
290 164
290 293
290 487
290 14
290 548
290 584
290 119
290 29
290 362
290 433
290 461
290 546
290 583
291 72
291 159
291 240
291 137
291 470
291 502
291 28
291 192
291 567
291 201
291 86
291 522
291 261
291 536
291 85
291 245
291 372
291 398
291 412
291 423
291 430
291 471
292 446
292 58
292 542
292 31
292 546
292 439
292 585
292 99
292 552
292 503
292 159
292 346
292 34
292 69
292 126
292 176
292 201
292 240
292 258
292 287
292 336
292 357
292 562
292 574
293 100
293 71
293 567
293 37
293 187
293 220
293 184
293 197
293 436
293 92
293 16
293 91
293 160
293 161
293 290
293 300
293 310
293 384
293 418
293 445
293 558
294 133
294 64
294 278
294 93
294 147
294 121
294 172
294 315
294 321
294 330
294 354
294 364
294 374
294 410
294 440
294 457
294 461
294 467
294 478
294 505
294 544
295 205
295 428
295 102
295 363
295 183
295 513
295 541
295 494
295 251
295 412
295 177
295 6
295 13
295 29
295 33
295 46
295 63
295 268
295 281
295 342
295 361
296 227
296 388
296 427
296 57
296 94
296 119
296 203
296 421
297 353
297 53
297 127
297 207
297 256
297 279
297 330
297 339
297 404
297 413
297 559
297 563
297 255
298 303
298 338
298 191
298 55
298 176
298 409
298 258
298 369
298 402
298 484
298 443
298 2
298 65
298 76
298 116
298 205
298 344
298 353
298 425
298 560
299 596
299 484
299 125
299 164
299 323
299 556
299 68
299 183
299 549
299 548
299 388
299 12
299 93
299 235
299 307
299 328
299 424
299 492
299 563
300 591
300 33
300 172
300 105
300 236
300 485
300 547
300 575
300 293
300 229
300 22
300 96
300 134
300 148
300 201
300 209
300 263
300 273
300 312
300 441
300 483
301 243
301 572
301 33
301 533
301 272
301 396
301 189
301 60
301 437
301 129
301 149
301 154
301 169
301 432
301 456
302 23
302 112
302 511
302 436
302 310
302 181
302 347
302 585
302 33
302 566
302 5
302 85
302 150
302 206
302 219
302 413
302 455
302 467
302 563
303 263
303 15
303 126
303 137
303 175
303 218
303 298
303 428
303 557
304 391
304 355
304 175
304 548
304 115
304 207
304 342
304 93
304 154
304 262
304 270
304 276
304 315
304 413
304 450
304 572
305 128
305 254
305 328
305 157
305 454
305 366
305 95
305 245
305 435
305 339
305 243
305 27
305 78
305 79
305 194
305 222
305 421
305 425
305 550
305 569
306 575
306 67
306 446
306 61
306 175
306 424
306 136
306 596
306 113
306 123
306 254
306 577
306 124
306 463
306 570
306 28
306 83
306 102
306 130
306 179
306 192
306 205
306 330
306 433
306 434
306 479
307 299
307 265
307 69
307 106
307 565
307 507
307 590
307 37
307 86
307 133
307 135
307 140
307 143
307 251
307 287
307 322
307 325
307 472
307 549
308 486
308 544
308 588
308 6
308 102
308 153
308 159
308 196
308 327
308 427
308 585
309 191
309 223
309 36
309 588
309 321
309 462
309 477
309 325
309 158
309 119
309 350
309 532
309 98
309 100
309 320
309 4
309 21
309 108
309 193
309 278
309 285
309 464
309 522
309 572
310 368
310 463
310 523
310 173
310 112
310 366
310 155
310 570
310 108
310 433
310 329
310 293
310 49
310 64
310 89
310 124
310 187
310 209
310 227
310 251
310 302
310 321
310 322
310 323
310 370
311 525
311 241
311 596
311 85
311 96
311 255
311 359
311 398
311 547
312 271
312 387
312 216
312 141
312 161
312 29
312 452
312 300
312 38
312 66
312 152
312 225
312 464
312 524
312 564
312 568
313 228
313 152
313 198
313 82
313 522
313 337
313 142
313 378
313 13
313 57
313 91
313 263
313 281
313 413
313 452
313 480
313 530
313 593
314 463
314 279
314 185
314 48
314 272
314 550
314 203
314 581
314 384
314 15
314 95
314 122
314 34
314 135
314 190
314 348
314 358
314 402
314 467
315 304
315 267
315 383
315 451
315 294
315 553
315 168
315 101
315 184
315 377
315 61
315 26
315 144
315 187
315 223
315 521
316 590
316 439
316 565
316 275
316 365
316 524
316 225
316 241
316 268
316 317
316 490
316 558
316 561
317 586
317 417
317 531
317 158
317 335
317 522
317 316
317 181
317 143
317 266
317 322
317 326
317 452
317 513
318 587
318 7
318 487
318 129
318 434
318 151
318 276
318 356
318 19
318 402
318 45
318 108
318 145
318 197
318 384
318 412
318 490
318 517
318 546
318 568
319 346
319 14
319 111
319 385
319 58
319 355
319 87
319 135
319 208
319 220
319 255
319 408
319 482
319 494
319 583
320 23
320 243
320 526
320 470
320 573
320 443
320 213
320 456
320 83
320 112
320 188
320 223
320 262
320 309
320 386
320 519
320 523
320 577
321 591
321 259
321 151
321 3
321 512
321 294
321 224
321 72
321 369
321 425
321 505
321 503
321 547
321 464
321 310
321 244
321 536
321 142
321 21
321 71
321 85
321 97
321 210
321 213
321 233
321 309
321 336
321 378
321 400
321 405
321 484
321 486
321 583
322 53
322 307
322 317
322 310
322 437
322 21
322 3
322 402
322 234
322 113
322 273
322 78
322 104
322 153
322 479
323 51
323 180
323 408
323 14
323 104
323 310
323 107
323 255
323 276
323 284
323 299
323 410
323 480
323 593
324 208
324 447
324 393
324 169
324 68
324 527
324 127
324 390
324 350
324 444
324 171
324 506
324 135
324 234
324 75
324 144
324 339
324 374
324 376
324 431
325 370
325 499
325 248
325 18
325 110
325 426
325 489
325 384
325 307
325 128
325 180
325 309
325 371
325 482
325 484
325 532
325 572
325 597
326 453
326 519
326 27
326 317
326 567
326 387
326 93
326 157
326 187
326 203
326 244
326 287
326 339
326 341
326 360
326 429
326 467
327 64
327 129
327 190
327 586
327 96
327 308
327 88
327 43
327 1
327 50
327 74
327 199
327 214
327 264
327 290
327 491
327 503
327 562
327 566
328 193
328 299
328 227
328 82
328 596
328 500
328 67
328 566
328 486
328 588
328 114
328 51
328 158
328 174
328 305
328 435
328 525
328 565
328 594
329 399
329 424
329 22
329 35
329 66
329 93
329 166
329 200
329 208
329 210
329 268
329 310
329 332
329 415
329 523
329 547
329 563
330 564
330 113
330 36
330 306
330 294
330 354
330 230
330 207
330 297
330 341
330 182
330 60
330 160
330 223
330 235
330 247
330 260
330 284
330 428
330 449
330 511
330 553
331 21
331 482
331 567
331 486
331 416
331 5
331 254
331 234
331 196
331 272
331 43
331 86
331 110
331 125
331 264
331 342
331 359
331 455
331 490
331 549
332 55
332 200
332 380
332 172
332 28
332 600
332 329
332 34
332 357
332 168
332 54
332 89
332 123
332 205
332 276
332 351
332 382
332 433
332 509
332 526
332 540
333 220
333 76
333 425
333 526
333 284
333 381
333 113
333 531
333 546
333 396
333 35
333 81
333 88
333 199
333 228
333 251
333 444
333 532
334 381
334 36
334 519
334 539
334 76
334 536
334 507
334 516
334 62
334 140
334 249
334 279
334 365
334 484
335 284
335 8
335 122
335 359
335 61
335 22
335 55
335 60
335 280
335 317
335 563
336 41
336 505
336 512
336 375
336 352
336 321
336 292
336 386
336 87
336 568
336 461
336 247
336 215
336 464
336 40
336 138
336 161
336 385
336 392
336 405
337 123
337 228
337 15
337 216
337 543
337 37
337 208
337 234
337 276
337 313
338 169
338 69
338 42
338 110
338 298
338 383
338 426
338 513
338 597
339 95
339 145
339 297
339 369
339 489
339 439
339 451
339 423
339 324
339 326
339 188
339 114
339 139
339 185
339 214
339 264
339 305
339 514
339 559
340 31
340 117
340 63
340 132
340 5
340 262
340 264
340 468
340 513
340 527
341 120
341 380
341 512
341 418
341 136
341 177
341 326
341 485
341 199
341 409
341 378
341 10
341 360
341 596
341 574
341 195
341 473
341 433
341 13
341 79
341 101
341 130
341 143
341 227
341 330
341 449
341 503
341 535
342 344
342 41
342 401
342 520
342 516
342 204
342 111
342 267
342 496
342 92
342 331
342 295
342 54
342 29
342 287
342 304
342 351
342 411
342 453
342 513
342 547
343 136
343 145
343 71
343 507
343 422
343 184
343 364
343 55
343 115
343 116
343 44
343 282
343 515
344 140
344 13
344 289
344 460
344 233
344 298
344 77
344 101
344 127
344 199
344 219
344 223
344 342
344 357
344 413
344 435
344 442
344 501
345 501
345 173
345 542
345 170
345 12
345 118
345 146
345 194
345 208
345 217
345 278
345 361
345 367
345 440
346 599
346 543
346 133
346 125
346 284
346 136
346 97
346 182
346 202
346 292
346 319
346 400
346 488
346 490
346 504
346 513
346 518
346 535
346 540
346 582
347 538
347 520
347 391
347 254
347 173
347 202
347 278
347 110
347 225
347 419
347 124
347 191
347 417
347 516
347 22
347 182
347 269
347 302
347 493
347 517
347 529
348 122
348 165
348 314
348 556
348 539
348 181
348 535
348 264
348 182
348 224
348 91
348 365
348 467
348 570
349 152
349 446
349 581
349 215
349 227
349 287
349 192
349 220
349 511
349 593
349 460
349 111
349 141
349 11
349 28
349 68
349 89
349 110
349 258
349 266
349 278
349 366
349 376
349 512
350 202
350 245
350 402
350 406
350 509
350 521
350 189
350 233
350 46
350 127
350 132
350 182
350 309
350 324
350 390
350 549
351 41
351 37
351 131
351 332
351 559
351 70
351 342
351 251
351 598
351 12
351 28
351 33
351 64
351 128
351 455
351 498
351 571
352 494
352 468
352 467
352 219
352 535
352 198
352 561
352 199
352 84
352 181
352 187
352 203
352 336
352 402
352 421
353 189
353 44
353 298
353 40
353 158
353 127
353 132
353 172
353 174
353 297
353 391
353 459
354 294
354 593
354 226
354 449
354 474
354 450
354 13
354 42
354 86
354 97
354 101
354 238
354 330
354 356
354 479
354 547
355 581
355 179
355 228
355 168
355 450
355 112
355 592
355 41
355 74
355 253
355 304
355 319
355 390
355 404
355 563
356 21
356 354
356 278
356 593
356 585
356 27
356 120
356 126
356 257
356 261
356 287
356 318
356 365
356 391
356 481
356 517
357 130
357 292
357 88
357 285
357 173
357 344
357 9
357 383
357 190
357 59
357 535
357 455
357 30
357 34
357 93
357 200
357 251
357 261
357 332
357 480
357 498
357 506
357 514
357 72
358 93
358 411
358 314
358 376
358 493
358 447
358 150
358 73
358 155
358 487
358 557
358 570
358 594
359 331
359 46
359 548
359 481
359 311
359 173
359 16
359 22
359 47
359 62
359 119
359 145
359 249
359 335
359 400
359 516
359 528
359 550
359 586
360 564
360 326
360 13
360 26
360 83
360 131
360 193
360 341
360 363
360 506
360 514
360 565
361 132
361 580
361 295
361 470
361 180
361 345
361 31
361 163
361 252
361 402
361 501
362 449
362 114
362 290
362 220
362 198
362 487
362 100
362 183
362 185
362 209
362 422
362 480
363 443
363 39
363 197
363 360
363 74
363 537
363 446
363 423
363 536
363 175
363 595
363 523
363 208
363 19
363 21
363 76
363 81
363 176
363 198
363 269
363 295
363 390
363 526
363 540
364 234
364 523
364 16
364 230
364 294
364 396
364 119
364 272
364 70
364 343
364 413
364 436
364 456
364 464
364 498
364 549
364 575
365 334
365 526
365 439
365 77
365 255
365 356
365 38
365 556
365 245
365 427
365 101
365 174
365 513
365 348
365 30
365 281
365 316
365 386
365 389
365 454
365 504
365 520
365 542
366 349
366 417
366 158
366 411
366 545
366 41
366 159
366 305
366 310
366 382
366 404
366 473
366 574
366 588
367 345
367 131
367 485
367 120
367 371
367 372
367 490
367 9
367 379
367 201
367 525
367 7
367 13
367 92
367 153
367 230
367 409
367 428
367 458
367 471
367 511
367 545
368 52
368 583
368 106
368 517
368 578
368 122
368 413
368 400
368 9
368 30
368 89
368 127
368 257
368 274
368 310
368 434
368 435
368 510
368 543
368 587
369 43
369 531
369 135
369 181
369 233
369 425
369 221
369 371
369 513
369 60
369 102
369 210
369 238
369 240
369 298
369 321
369 339
369 392
369 435
370 449
370 489
370 310
370 207
370 562
370 180
370 521
370 573
370 116
370 474
370 509
370 471
370 179
370 374
370 93
370 167
370 241
370 325
370 396
370 430
370 469
370 564
370 588
371 253
371 481
371 325
371 279
371 423
371 556
371 39
371 59
371 63
371 367
371 369
371 399
371 439
371 513
371 579
372 44
372 401
372 537
372 568
372 168
372 452
372 591
372 441
372 291
372 241
372 15
372 97
372 103
372 226
372 285
372 367
372 403
372 456
372 464
373 19
373 124
373 172
373 388
373 435
373 571
373 383
374 257
374 564
374 276
374 324
374 551
374 267
374 70
374 294
374 554
374 588
374 12
374 60
374 105
374 223
374 370
374 514
374 574
375 418
375 545
375 262
375 410
375 396
375 48
375 107
375 152
375 239
375 274
375 336
375 414
375 472
376 252
376 50
376 349
376 542
376 491
376 251
376 234
376 180
376 324
376 47
376 104
376 210
376 225
376 358
376 449
376 519
376 528
376 549
376 563
377 261
377 95
377 378
377 410
377 219
377 159
377 70
377 419
377 573
377 463
377 415
377 436
377 421
377 20
377 69
377 142
377 252
377 315
377 439
377 544
378 421
378 321
378 379
378 91
378 253
378 150
378 426
378 416
378 515
378 170
378 313
378 341
378 377
378 470
378 547
378 565
378 572
379 134
379 572
379 454
379 215
379 380
379 110
379 197
379 56
379 64
379 162
379 367
379 378
379 450
379 597
380 534
380 565
380 7
380 282
380 421
380 122
380 34
380 95
380 60
380 107
380 153
380 192
380 214
380 247
380 285
380 332
380 341
380 379
380 505
380 540
380 547
381 123
381 260
381 406
381 63
381 231
381 3
381 43
381 102
381 121
381 122
381 143
381 154
381 210
381 333
381 334
381 457
381 553
382 475
382 571
382 332
382 402
382 492
382 553
382 261
382 4
382 111
382 31
382 509
382 366
382 20
382 75
382 98
382 480
382 554
383 338
383 148
383 278
383 155
383 373
383 62
383 166
383 168
383 171
383 315
383 357
383 432
383 495
383 558
384 83
384 557
384 432
384 48
384 293
384 318
384 1
384 409
384 47
384 559
384 218
384 95
384 125
384 224
384 314
384 325
384 461
384 477
384 523
384 554
385 598
385 287
385 435
385 142
385 19
385 336
385 26
385 71
385 121
385 128
385 202
385 319
385 414
385 418
386 259
386 199
386 131
386 365
386 180
386 473
386 248
386 288
386 320
386 26
386 66
386 336
386 411
386 430
386 511
387 452
387 68
387 40
387 164
387 471
387 41
387 94
387 203
387 273
387 312
387 326
387 406
387 506
388 515
388 454
388 506
388 162
388 373
388 453
388 517
388 142
388 149
388 78
388 19
388 25
388 94
388 96
388 117
388 137
388 273
388 296
388 299
388 400
388 415
388 512
388 522
389 261
389 365
389 268
389 61
389 484
389 20
389 82
389 111
389 158
389 203
389 271
389 434
389 480
389 551
390 267
390 65
390 265
390 355
390 363
390 350
390 116
390 125
390 517
390 589
390 324
390 402
390 577
391 149
391 14
391 413
391 547
391 212
391 487
391 190
391 356
391 353
391 27
391 250
391 304
391 347
391 401
391 534
392 336
392 123
392 197
392 61
392 458
392 202
392 369
392 579
392 525
392 17
392 152
392 176
392 218
392 267
392 547
393 270
393 16
393 494
393 266
393 491
393 59
393 57
393 30
393 114
393 223
393 324
393 588
394 250
394 234
394 474
394 529
394 496
394 135
394 115
394 214
394 499
394 77
394 401
394 540
394 558
394 219
394 51
394 159
394 200
394 408
395 48
395 19
395 37
395 132
395 171
395 200
395 251
396 370
396 509
396 465
396 77
396 171
396 565
396 69
396 174
396 270
396 301
396 333
396 364
396 375
396 519
396 583
396 590
397 518
397 557
397 519
397 12
397 80
397 161
397 430
397 212
397 139
397 558
397 53
397 87
397 110
397 125
397 135
397 147
397 417
397 483
397 492
398 43
398 311
398 442
398 136
398 277
398 291
398 447
398 20
398 74
398 130
398 222
398 285
398 598
399 496
399 114
399 481
399 579
399 508
399 171
399 371
399 590
399 42
399 48
399 64
399 131
399 133
399 236
399 329
399 409
400 458
400 321
400 346
400 12
400 543
400 359
400 4
400 565
400 403
400 388
400 368
400 506
400 511
400 585
401 68
401 522
401 391
401 77
401 201
401 342
401 372
401 394
401 586
401 589
401 600
402 542
402 390
402 352
402 151
402 95
402 502
402 570
402 82
402 196
402 314
402 19
402 361
402 155
402 272
402 298
402 322
402 350
402 382
402 527
402 532
402 541
402 318
403 257
403 82
403 230
403 88
403 199
403 168
403 372
403 157
403 588
403 147
403 400
403 475
404 119
404 244
404 297
404 355
404 522
404 140
404 366
404 41
404 174
404 252
404 271
404 280
404 499
405 26
405 60
405 12
405 175
405 78
405 68
405 336
405 321
405 19
405 459
405 584
405 35
405 187
405 433
405 502
405 563
406 461
406 32
406 387
406 257
406 141
406 588
406 56
406 39
406 118
406 176
406 350
406 381
406 428
407 526
407 129
407 210
407 580
407 18
407 51
407 100
407 419
407 525
407 565
408 204
408 42
408 394
408 558
408 489
408 504
408 319
408 53
408 51
408 76
408 78
408 164
408 209
408 211
408 323
408 412
408 549
408 585
408 594
409 147
409 144
409 504
409 399
409 195
409 367
409 120
409 159
409 197
409 277
409 298
409 341
409 384
409 500
409 592
410 222
410 61
410 294
410 51
410 578
410 219
410 215
410 489
410 323
410 15
410 42
410 28
410 36
410 103
410 170
410 226
410 375
410 377
410 509
410 553
411 466
411 225
411 580
411 229
411 44
411 386
411 478
411 538
411 475
411 573
411 3
411 342
411 90
411 59
411 544
411 6
411 20
411 86
411 119
411 159
411 174
411 358
411 366
411 439
411 596
412 570
412 22
412 408
412 11
412 137
412 501
412 291
412 287
412 318
412 21
412 45
412 53
412 112
412 134
412 182
412 279
412 295
412 423
413 313
413 65
413 555
413 304
413 421
413 344
413 254
413 52
413 489
413 204
413 89
413 564
413 417
413 152
413 297
413 302
413 487
413 549
413 364
413 57
413 188
413 206
413 242
413 247
413 248
413 368
413 391
414 28
414 506
414 211
414 257
414 432
414 559
414 385
414 478
414 548
414 375
414 106
414 217
414 457
414 532
415 600
415 422
415 65
415 125
415 40
415 329
415 454
415 142
415 388
415 445
415 198
415 90
415 504
415 53
415 71
415 127
415 186
415 377
415 426
415 479
415 501
415 523
416 181
416 540
416 53
416 81
416 101
416 110
416 267
416 273
416 331
416 378
416 544
416 574
417 120
417 202
417 517
417 38
417 56
417 397
417 206
417 33
417 70
417 100
417 125
417 257
417 317
417 347
417 366
417 413
418 195
418 160
418 3
418 562
418 448
418 385
418 554
418 501
418 14
418 431
418 293
418 123
418 529
418 7
418 73
418 10
418 110
418 272
418 282
418 341
418 375
418 488
418 560
419 179
419 499
419 504
419 226
419 407
419 494
419 165
419 539
419 60
419 73
419 128
419 197
419 347
419 377
419 421
419 482
419 442
420 199
420 131
420 158
420 477
420 517
421 419
421 209
421 352
421 173
421 274
421 207
421 296
421 305
421 24
421 32
421 245
421 280
421 378
421 380
421 413
421 511
421 523
421 377
422 467
422 362
422 198
422 70
422 454
422 7
422 16
422 79
422 162
422 194
422 220
422 343
422 415
422 423
422 555
422 564
423 593
423 214
423 422
423 561
423 32
423 524
423 412
423 449
423 118
423 159
423 291
423 75
423 148
423 163
423 257
423 258
423 279
423 281
423 339
423 363
423 371
423 479
423 498
423 525
423 568
424 299
424 523
424 502
424 576
424 154
424 569
424 278
424 87
424 270
424 7
424 34
424 50
424 111
424 219
424 242
424 284
424 306
424 329
424 432
424 473
425 73
425 49
425 305
425 488
425 114
425 188
425 218
425 50
425 240
425 497
425 284
425 298
425 7
425 321
425 333
425 369
425 432
425 448
425 498
425 508
425 570
425 6
426 535
426 82
426 338
426 179
426 415
426 439
426 538
426 565
426 139
426 485
426 181
426 195
426 199
426 239
426 251
426 325
426 378
426 448
426 506
426 548
427 308
427 110
427 518
427 9
427 523
427 28
427 131
427 193
427 253
427 296
427 365
427 441
427 522
427 541
427 547
427 577
428 330
428 367
428 483
428 175
428 565
428 28
428 32
428 194
428 406
428 569
428 469
428 26
428 303
428 37
428 61
428 89
428 191
428 274
428 295
428 479
428 585
429 597
429 326
429 453
429 564
429 53
429 91
429 145
429 192
429 524
429 527
430 595
430 386
430 370
430 436
430 104
430 462
430 291
430 151
430 545
430 167
430 271
430 13
430 240
430 21
430 60
430 153
430 397
430 435
430 445
430 515
430 519
430 521
430 565
431 471
431 208
431 246
431 38
431 567
431 483
431 324
431 187
431 215
431 28
431 121
431 418
432 443
432 424
432 425
432 383
432 163
432 142
432 586
432 588
432 301
432 89
432 16
432 29
432 30
432 62
432 172
432 214
432 384
432 414
432 455
433 140
433 290
433 85
433 548
433 238
433 332
433 405
433 306
433 47
433 124
433 259
433 310
433 341
433 521
433 563
433 598
434 475
434 245
434 368
434 500
434 389
434 87
434 306
434 63
434 153
434 133
434 46
434 145
434 148
434 228
434 318
434 480
434 519
435 368
435 63
435 328
435 185
435 35
435 64
435 369
435 569
435 210
435 227
435 430
435 595
435 344
435 373
435 61
435 118
435 123
435 125
435 173
435 257
435 305
435 385
435 544
435 564
435 567
436 364
436 118
436 158
436 179
436 197
436 224
436 293
436 302
436 377
436 430
436 443
436 451
436 600
437 513
437 474
437 459
437 485
437 174
437 259
437 11
437 600
437 200
437 441
437 21
437 33
437 49
437 301
437 322
437 443
437 538
437 448
438 164
438 95
438 482
438 496
438 502
438 282
438 67
438 102
438 110
438 229
438 275
438 510
438 543
439 125
439 371
439 600
439 558
439 411
439 40
439 166
439 176
439 377
439 60
439 31
439 540
439 34
439 39
439 292
439 316
439 339
439 365
439 426
439 467
439 498
439 503
439 525
439 542
439 565
440 459
440 294
440 70
440 209
440 245
440 472
440 121
440 272
440 345
440 441
440 467
440 526
440 536
440 223
441 461
441 300
441 460
441 65
441 427
441 170
441 272
441 220
441 578
441 93
441 440
441 2
441 96
441 162
441 216
441 259
441 266
441 372
441 437
441 471
441 540
441 574
442 553
442 222
442 14
442 557
442 169
442 175
442 344
442 136
442 585
442 419
442 65
442 82
442 219
442 263
442 271
442 398
443 437
443 436
443 101
443 92
443 446
443 108
443 145
443 274
443 282
443 298
443 320
443 363
443 432
443 515
444 230
444 27
444 231
444 528
444 28
444 108
444 553
444 333
444 198
444 11
444 46
444 135
444 151
444 153
444 268
444 324
444 467
444 476
444 542
444 594
445 566
445 430
445 146
445 158
445 132
445 293
445 28
445 60
445 66
445 96
445 117
445 127
445 415
445 518
445 522
445 576
446 174
446 86
446 162
446 201
446 292
446 306
446 349
446 363
446 443
446 475
446 481
446 483
447 116
447 538
447 113
447 262
447 527
447 556
447 507
447 461
447 67
447 477
447 90
447 118
447 209
447 280
447 324
447 358
447 460
447 586
447 398
448 82
448 197
448 71
448 175
448 254
448 426
448 510
448 19
448 482
448 133
448 509
448 425
448 437
448 22
448 74
448 94
448 199
448 222
448 418
448 479
449 143
449 528
449 164
449 376
449 564
449 330
449 341
449 65
449 61
449 69
449 147
449 192
449 218
449 226
449 235
449 354
449 362
449 370
449 423
449 458
449 483
449 557
450 580
450 113
450 41
450 253
450 547
450 144
450 304
450 379
450 66
450 495
450 56
450 112
450 158
450 212
450 224
450 236
450 289
450 354
450 355
450 505
451 50
451 155
451 84
451 30
451 14
451 55
451 279
451 183
451 436
451 129
451 1
451 121
451 138
451 181
451 283
451 315
451 339
451 478
451 552
451 569
452 313
452 582
452 317
452 51
452 109
452 511
452 91
452 93
452 119
452 218
452 287
452 312
452 372
452 387
452 476
452 499
452 535
452 546
452 555
452 564
453 174
453 179
453 510
453 585
453 342
453 145
453 194
453 326
453 388
453 429
453 459
453 469
453 590
454 457
454 475
454 535
454 7
454 206
454 365
454 17
454 50
454 64
454 477
454 567
454 251
454 2
454 37
454 85
454 89
454 100
454 106
454 190
454 218
454 305
454 379
454 388
454 415
454 422
454 546
454 579
455 268
455 257
455 302
455 545
455 270
455 32
455 66
455 241
455 331
455 432
455 187
455 167
455 351
455 168
455 29
455 114
455 169
455 190
455 201
455 357
455 484
455 541
456 225
456 512
456 527
456 372
456 301
456 250
456 274
456 207
456 31
456 15
456 200
456 364
456 226
456 600
456 13
456 249
456 169
456 33
456 46
456 90
456 119
456 160
456 168
456 320
456 465
457 44
457 381
457 488
457 556
457 55
457 196
457 414
457 112
457 248
457 294
457 106
457 19
457 251
457 198
457 17
457 61
457 82
457 122
457 175
457 205
457 219
457 454
457 476
457 490
457 566
457 586
458 245
458 48
458 100
458 510
458 65
458 64
458 367
458 449
458 75
458 565
458 33
458 69
458 128
458 176
458 279
458 392
458 400
459 13
459 258
459 453
459 353
459 228
459 261
459 116
459 206
459 278
459 21
459 4
459 571
459 236
459 486
459 6
459 71
459 146
459 405
459 437
459 440
459 471
459 507
459 543
460 168
460 51
460 473
460 475
460 218
460 20
460 447
460 74
460 96
460 116
460 129
460 219
460 262
460 344
460 349
460 441
460 497
460 555
461 226
461 72
461 290
461 294
461 152
461 45
461 599
461 384
461 121
461 144
461 256
461 336
461 406
461 441
461 447
462 273
462 562
462 205
462 541
462 203
462 2
462 122
462 182
462 240
462 309
462 430
462 507
463 548
463 500
463 17
463 471
463 173
463 589
463 532
463 484
463 97
463 162
463 180
463 213
463 306
463 310
463 314
463 377
463 600
464 364
464 101
464 312
464 372
464 309
464 486
464 216
464 505
464 71
464 33
464 232
464 200
464 264
464 31
464 57
464 123
464 226
464 321
464 336
465 575
465 522
465 456
465 182
465 173
465 166
465 240
465 208
465 204
465 532
465 520
465 18
465 85
465 105
465 132
465 137
465 140
465 242
465 264
465 396
465 511
466 223
466 161
466 494
466 7
466 48
466 81
466 156
466 241
466 411
466 479
466 518
466 548
466 569
466 593
467 314
467 234
467 444
467 326
467 294
467 439
467 440
467 471
467 539
467 302
467 194
467 242
467 536
467 105
467 348
467 600
467 79
467 93
467 158
467 218
467 261
467 352
467 422
467 506
467 568
468 340
468 469
468 524
468 189
468 551
468 154
468 186
468 191
468 352
468 501
468 561
469 265
469 120
469 370
469 536
469 453
469 288
469 2
469 116
469 230
469 249
469 253
469 428
469 468
469 486
469 517
469 596
470 87
470 78
470 490
470 561
470 579
470 220
470 378
470 55
470 66
470 169
470 181
470 201
470 291
470 320
470 361
470 574
471 102
471 271
471 172
471 72
471 49
471 367
471 593
471 10
471 441
471 250
471 459
471 291
471 59
471 165
471 18
471 50
471 135
471 153
471 370
471 387
471 431
471 463
471 467
472 159
472 254
472 375
472 499
472 307
472 170
472 7
472 65
472 102
472 126
472 440
472 568
472 592
473 1
473 79
473 86
473 582
473 262
473 197
473 366
473 18
473 424
473 119
473 12
473 93
473 171
473 218
473 341
473 386
473 460
473 584
474 575
474 76
474 262
474 281
474 354
474 370
474 394
474 437
475 403
475 174
475 247
475 238
475 446
475 38
475 82
475 121
475 125
475 244
475 382
475 411
475 434
475 454
475 460
475 487
475 508
475 540
476 452
476 444
476 528
476 457
476 502
476 123
476 1
476 76
476 189
476 220
476 238
476 480
476 493
477 420
477 261
477 284
477 163
477 585
477 384
477 505
477 40
477 170
477 229
477 277
477 309
477 447
477 454
477 481
477 501
477 517
477 535
478 556
478 544
478 451
478 179
478 10
478 38
478 243
478 481
478 294
478 133
478 101
478 67
478 150
478 159
478 172
478 219
478 411
478 414
478 487
478 498
478 519
479 354
479 448
479 259
479 466
479 180
479 423
479 306
479 415
479 322
479 428
479 581
479 6
479 70
479 265
479 594
480 357
480 141
480 362
480 389
480 17
480 539
480 476
480 313
480 323
480 382
480 434
480 98
480 20
480 43
480 55
480 70
480 152
480 512
480 529
481 246
481 477
481 157
481 499
481 527
481 199
481 163
481 446
481 356
481 508
481 180
481 76
481 359
481 371
481 399
481 478
482 319
482 591
482 419
482 135
482 288
482 551
482 185
482 325
482 79
482 107
482 122
482 155
482 189
482 247
482 331
482 438
482 448
482 514
482 529
482 542
483 397
483 300
483 449
483 33
483 218
483 30
483 79
483 488
483 446
483 591
483 101
483 69
483 12
483 62
483 59
483 70
483 182
483 428
483 431
483 486
483 576
484 455
484 321
484 538
484 325
484 588
484 334
484 288
484 278
484 500
484 129
484 142
484 197
484 298
484 299
484 389
484 463
485 566
485 162
485 51
485 15
485 35
485 46
485 143
485 235
485 300
485 341
485 367
485 437
485 486
485 558
485 426
486 469
486 78
486 588
486 15
486 520
486 134
486 192
486 233
486 188
486 124
486 485
486 483
486 321
486 13
486 68
486 121
486 154
486 215
486 264
486 308
486 328
486 331
486 459
486 464
486 535
486 575
486 586
487 475
487 167
487 489
487 517
487 555
487 235
487 358
487 511
487 498
487 534
487 20
487 478
487 193
487 207
487 290
487 318
487 391
487 413
487 544
487 568
487 362
488 346
488 81
488 283
488 418
488 20
488 97
488 43
488 494
488 116
488 425
488 457
488 483
488 545
488 589
489 49
489 67
489 197
489 325
489 339
489 370
489 408
489 410
489 413
489 487
489 590
489 596
490 142
490 246
490 27
490 331
490 457
490 346
490 149
490 316
490 225
490 318
490 16
490 66
490 86
490 101
490 199
490 208
490 266
490 367
490 470
490 509
490 518
490 545
490 573
491 160
491 327
491 565
491 56
491 163
491 164
491 169
491 212
491 376
491 393
491 499
491 507
492 95
492 397
492 207
492 600
492 299
492 594
492 101
492 129
492 196
492 226
492 231
492 235
492 382
492 549
492 596
493 541
493 134
493 476
493 86
493 347
493 65
493 509
493 593
493 84
493 54
493 183
493 358
493 579
493 591
494 250
494 272
494 574
494 319
494 507
494 94
494 276
494 295
494 352
494 393
494 419
494 466
494 488
495 383
495 21
495 189
495 281
495 236
495 61
495 81
495 5
495 19
495 51
495 56
495 102
495 103
495 120
495 200
495 450
495 533
495 568
496 252
496 152
496 55
496 148
496 274
496 342
496 394
496 399
496 438
496 558
496 573
496 574
496 593
497 578
497 116
497 586
497 460
497 566
497 562
497 72
497 86
497 199
497 238
497 288
497 425
497 577
498 159
498 439
498 351
498 517
498 16
498 423
498 560
498 157
498 425
498 357
498 364
498 87
498 15
498 478
498 32
498 55
498 116
498 53
498 144
498 280
498 289
498 487
498 250
499 552
499 404
499 452
499 69
499 56
499 522
499 201
499 491
499 149
499 264
499 285
499 325
499 394
499 419
499 472
499 481
499 597
500 5
500 241
500 233
500 220
500 171
500 277
500 126
500 166
500 409
500 90
500 121
500 242
500 328
500 434
500 463
500 484
500 501
500 506
501 173
501 468
501 477
501 500
501 361
501 344
501 415
501 78
501 142
501 345
501 412
501 418
501 504
501 596
502 289
502 405
502 75
502 190
502 129
502 174
502 291
502 402
502 424
502 438
502 476
502 599
503 591
503 327
503 341
503 243
503 251
503 439
503 536
503 87
503 569
503 165
503 249
503 65
503 177
503 199
503 200
503 264
503 292
503 321
503 550
504 244
504 346
504 261
504 217
504 164
504 365
504 501
504 209
504 55
504 408
504 409
504 415
504 419
504 239
505 450
505 598
505 236
505 294
505 97
505 90
505 380
505 246
505 157
505 264
505 567
505 590
505 71
505 87
505 109
505 215
505 227
505 321
505 336
505 464
505 477
505 547
506 94
506 357
506 387
506 426
506 400
506 360
506 512
506 234
506 500
506 467
506 41
506 49
506 64
506 85
506 121
506 204
506 324
506 388
506 414
506 520
506 525
506 563
506 568
507 459
507 491
507 544
507 25
507 545
507 529
507 554
507 462
507 22
507 216
507 267
507 307
507 334
507 343
507 447
507 494
507 553
507 583
508 475
508 425
508 40
508 540
508 143
508 84
508 95
508 167
508 208
508 276
508 399
508 481
509 332
509 490
509 262
509 518
509 410
509 100
509 194
509 157
509 237
509 70
509 151
509 257
509 350
509 370
509 382
509 396
509 448
509 493
509 538
510 7
510 116
510 368
510 289
510 514
510 522
510 438
510 263
510 112
510 166
510 180
510 222
510 267
510 448
510 453
510 458
510 528
511 330
511 400
511 386
511 65
511 421
511 367
511 465
511 9
511 124
511 208
511 240
511 302
511 349
511 452
511 487
512 166
512 585
512 243
512 349
512 388
512 109
512 6
512 480
512 17
512 95
512 201
512 232
512 321
512 336
512 341
512 456
512 506
512 553
513 342
513 68
513 340
513 131
513 165
513 553
513 147
513 317
513 586
513 273
513 371
513 338
513 157
513 266
513 154
513 346
513 114
513 252
513 522
513 46
513 47
513 67
513 211
513 295
513 365
513 369
513 437
513 536
513 546
513 564
514 374
514 567
514 360
514 285
514 482
514 519
514 357
514 185
514 219
514 339
514 527
514 20
514 38
514 213
514 510
514 518
515 343
515 443
515 247
515 430
515 271
515 41
515 170
515 249
515 534
515 9
515 145
515 202
515 286
515 378
515 388
515 600
516 8
516 249
516 191
516 90
516 359
516 549
516 217
516 84
516 123
516 127
516 182
516 206
516 268
516 288
516 334
516 342
516 347
516 565
517 525
517 78
517 469
517 161
517 587
517 176
517 347
517 175
517 420
517 318
517 356
517 477
517 87
517 597
517 107
517 109
517 123
517 225
517 368
517 388
517 390
517 417
517 487
517 498
517 527
517 589
518 161
518 91
518 538
518 490
518 445
518 466
518 514
518 346
518 69
518 85
518 226
518 279
518 18
518 149
518 174
518 246
518 397
518 427
518 509
519 199
519 434
519 376
519 552
519 478
519 396
519 320
519 430
519 105
519 138
519 211
519 251
519 253
519 326
519 334
519 397
519 514
519 525
520 110
520 126
520 160
520 47
520 536
520 365
520 86
520 572
520 24
520 127
520 506
520 541
520 60
520 199
520 203
520 342
520 347
520 465
520 486
521 193
521 141
521 315
521 282
521 249
521 430
521 433
521 21
521 22
521 104
521 129
521 136
521 219
521 262
521 350
521 370
521 529
522 388
522 523
522 309
522 528
522 445
522 267
522 427
522 50
522 99
522 128
522 161
522 269
522 281
522 291
522 313
522 317
522 401
522 404
522 465
522 499
522 510
522 513
522 552
522 553
522 595
523 415
523 104
523 384
523 109
523 421
523 95
523 61
523 320
523 329
523 7
523 60
523 96
523 126
523 130
523 310
523 363
523 364
523 424
523 427
523 522
523 562
524 189
524 114
524 278
524 429
524 198
524 42
524 28
524 526
524 312
524 51
524 423
524 468
524 542
524 568
524 316
525 506
525 65
525 328
525 583
525 423
525 407
525 439
525 46
525 519
525 51
525 77
525 139
525 180
525 204
525 215
525 271
525 311
525 367
525 392
525 517
525 561
526 440
526 332
526 95
526 363
526 527
526 107
526 34
526 210
526 264
526 320
526 333
526 365
526 407
526 524
527 225
527 517
527 174
527 123
527 340
527 548
527 402
527 597
527 429
527 54
527 213
527 23
527 133
527 160
527 230
527 244
527 279
527 324
527 447
527 456
527 481
527 514
527 526
527 591
528 556
528 184
528 171
528 376
528 255
528 510
528 359
528 9
528 75
528 544
528 56
528 45
528 83
528 10
528 51
528 54
528 124
528 251
528 285
528 444
528 449
528 476
528 522
528 581
529 170
529 482
529 5
529 552
529 553
529 347
529 245
529 521
529 94
529 480
529 37
529 52
529 64
529 87
529 199
529 252
529 394
529 418
529 507
529 582
530 39
530 27
530 536
530 35
530 313
530 83
530 102
530 156
530 583
530 592
531 109
531 27
531 574
531 142
531 543
531 1
531 65
531 70
531 317
531 333
531 369
531 534
531 575
532 105
532 402
532 325
532 92
532 414
532 333
532 104
532 118
532 200
532 279
532 309
532 463
532 465
532 560
532 571
532 599
533 67
533 495
533 185
533 583
533 159
533 2
533 12
533 144
533 301
534 531
534 391
534 5
534 565
534 81
534 65
534 262
534 380
534 487
534 515
535 346
535 452
535 486
535 37
535 52
535 199
535 477
535 200
535 341
535 260
535 163
535 251
535 348
535 352
535 357
535 426
535 454
535 595
536 283
536 566
536 513
536 243
536 190
536 561
536 440
536 96
536 101
536 162
536 187
536 196
536 269
536 291
536 321
536 334
536 363
536 467
536 469
536 503
536 520
536 530
536 590
537 61
537 175
537 105
537 58
537 32
537 59
537 71
537 363
537 372
538 564
538 196
538 267
538 437
538 17
538 63
538 95
538 509
538 72
538 347
538 411
538 426
538 447
538 484
538 518
538 563
539 166
539 558
539 106
539 253
539 236
539 79
539 111
539 181
539 229
539 334
539 348
539 419
539 467
539 480
539 559
539 570
540 54
540 441
540 363
540 475
540 332
540 380
540 165
540 131
540 346
540 43
540 108
540 123
540 155
540 164
540 394
540 416
540 439
540 508
540 593
541 33
541 79
541 156
541 427
541 402
541 71
541 455
541 13
541 59
541 98
541 113
541 295
541 462
541 493
541 520
541 552
542 195
542 365
542 46
542 482
542 224
542 524
542 439
542 444
542 22
542 51
542 164
542 215
542 245
542 258
542 292
542 345
542 376
542 402
543 368
543 459
543 86
543 597
543 83
543 237
543 100
543 131
543 438
543 140
543 55
543 232
543 32
543 33
543 64
543 128
543 174
543 179
543 209
543 337
543 346
543 400
543 531
543 574
544 30
544 294
544 141
544 416
544 148
544 377
544 253
544 168
544 435
544 487
544 131
544 1
544 35
544 53
544 94
544 172
544 201
544 205
544 228
544 278
544 287
544 308
544 411
544 478
544 507
544 528
544 594
545 554
545 490
545 367
545 488
545 59
545 121
545 124
545 149
545 159
545 221
545 256
545 262
545 278
545 366
545 375
545 430
545 455
545 507
545 564
546 454
546 513
546 592
546 157
546 5
546 452
546 240
546 177
546 3
546 290
546 318
546 94
546 116
546 141
546 154
546 241
546 292
546 333
546 562
547 378
547 88
547 201
547 342
547 265
547 329
547 311
547 11
547 392
547 354
547 427
547 505
547 380
547 72
547 157
547 203
547 300
547 321
547 391
547 450
547 571
548 426
548 188
548 227
548 97
548 31
548 101
548 466
548 145
548 66
548 29
548 80
548 179
548 199
548 248
548 275
548 290
548 299
548 304
548 359
548 414
548 433
548 463
548 527
549 350
549 364
549 307
549 262
549 492
549 376
549 566
549 408
549 259
549 89
549 331
549 11
549 47
549 69
549 75
549 85
549 112
549 187
549 299
549 413
549 516
549 596
550 305
550 31
550 503
550 84
550 359
550 2
550 52
550 36
550 166
550 314
550 555
551 389
551 1
551 213
551 255
551 74
551 168
551 123
551 140
551 374
551 468
551 482
551 560
552 558
552 595
552 207
552 541
552 451
552 60
552 23
552 522
552 186
552 10
552 56
552 17
552 156
552 116
552 140
552 292
552 499
552 519
552 529
553 410
553 512
553 330
553 572
553 507
553 167
553 62
553 120
553 522
553 235
553 381
553 30
553 81
553 186
553 201
553 205
553 208
553 315
553 382
553 442
553 444
553 513
553 529
553 559
553 566
553 596
554 382
554 384
554 54
554 219
554 277
554 374
554 418
554 507
554 545
555 228
555 163
555 422
555 70
555 272
555 560
555 550
555 460
555 452
555 169
555 33
555 200
555 271
555 413
555 487
555 591
556 288
556 208
556 220
556 138
556 205
556 122
556 28
556 48
556 112
556 212
556 213
556 223
556 299
556 348
556 365
556 371
556 447
556 457
556 478
556 528
556 274
557 449
557 138
557 69
557 358
557 303
557 257
557 57
557 60
557 96
557 278
557 384
557 397
557 442
558 220
558 232
558 286
558 185
558 496
558 293
558 485
558 316
558 383
558 122
558 394
558 397
558 408
558 439
558 539
558 552
558 177
559 588
559 116
559 339
559 539
559 297
559 553
559 156
559 232
559 224
559 277
559 281
559 351
559 384
559 414
560 267
560 418
560 298
560 70
560 551
560 532
560 33
560 119
560 210
560 282
560 498
560 555
561 86
561 215
561 286
561 316
561 267
561 241
561 468
561 525
561 228
561 2
561 9
561 62
561 100
561 165
561 181
561 352
561 423
561 470
561 536
561 566
562 166
562 546
562 523
562 327
562 74
562 143
562 280
562 159
562 292
562 16
562 35
562 46
562 54
562 63
562 142
562 150
562 202
562 237
562 271
562 275
562 286
562 370
562 418
562 462
562 497
562 588
562 242
563 355
563 302
563 335
563 297
563 376
563 299
563 286
563 506
563 405
563 329
563 433
563 538
563 6
563 67
563 142
563 156
563 199
563 574
564 513
564 100
564 249
564 286
564 312
564 452
564 588
564 571
564 146
564 5
564 53
564 163
564 545
564 435
564 422
564 370
564 107
564 13
564 41
564 98
564 140
564 168
564 232
564 330
564 360
564 374
564 413
564 429
564 449
564 538
565 259
565 439
565 516
565 360
565 229
565 430
565 378
565 579
565 328
565 407
565 51
565 108
565 199
565 222
565 279
565 307
565 316
565 380
565 396
565 400
565 426
565 428
565 458
565 491
565 534
566 184
566 33
566 561
566 553
566 327
566 457
566 12
566 138
566 190
566 240
566 244
566 271
566 328
566 445
566 485
566 497
566 536
566 549
566 302
567 435
567 121
567 46
567 70
567 157
567 291
567 293
567 326
567 331
567 431
567 454
567 505
567 514
567 595
568 162
568 506
568 495
568 423
568 138
568 472
568 318
568 487
568 61
568 467
568 203
568 524
568 312
568 11
568 27
568 237
568 336
568 372
569 260
569 466
569 267
569 451
569 305
569 202
569 80
569 268
569 279
569 87
569 197
569 218
569 424
569 428
569 435
569 503
569 595
570 207
570 358
570 35
570 141
570 425
570 539
570 348
570 223
570 87
570 82
570 138
570 215
570 154
570 7
570 101
570 173
570 208
570 286
570 306
570 310
570 402
570 412
571 547
571 532
571 351
571 269
571 224
571 57
571 373
571 56
571 109
571 271
571 382
571 459
571 564
572 212
572 106
572 138
572 325
572 309
572 36
572 256
572 73
572 378
572 304
572 99
572 42
572 81
572 155
572 301
572 379
572 520
572 553
573 239
573 135
573 496
573 110
573 490
573 53
573 100
573 131
573 320
573 370
573 377
573 411
574 24
574 158
574 496
574 563
574 292
574 193
574 256
574 366
574 374
574 416
574 282
574 75
574 543
574 470
574 441
574 17
574 59
574 87
574 125
574 140
574 178
574 289
574 341
574 494
574 531
574 582
575 169
575 531
575 209
575 73
575 364
575 8
575 486
575 61
575 108
575 300
575 306
575 465
575 474
576 483
576 584
576 445
576 144
576 9
576 162
576 212
576 240
576 261
576 424
576 264
577 427
577 29
577 390
577 320
577 497
577 594
577 283
577 24
577 30
577 163
577 284
577 306
577 585
578 155
578 157
578 194
578 596
578 134
578 17
578 78
578 182
578 193
578 368
578 410
578 441
578 497
579 289
579 172
579 454
579 371
579 122
579 257
579 493
579 584
579 99
579 392
579 399
579 470
579 565
580 98
580 121
580 180
580 361
580 407
580 411
580 450
580 585
581 528
581 585
581 18
581 69
581 246
581 74
581 123
581 154
581 314
581 349
581 355
581 479
582 529
582 125
582 123
582 346
582 574
582 250
582 63
582 82
582 102
582 122
582 239
582 452
582 473
583 396
583 41
583 319
583 290
583 530
583 321
583 507
583 14
583 46
583 63
583 76
583 87
583 110
583 230
583 368
583 525
583 533
584 473
584 245
584 113
584 97
584 227
584 268
584 270
584 290
584 405
584 576
584 579
585 230
585 102
585 213
585 206
585 580
585 147
585 400
585 408
585 238
585 308
585 428
585 577
585 166
585 292
585 302
585 356
585 442
585 453
585 477
585 512
585 581
586 138
586 401
586 359
586 486
586 457
586 447
586 114
586 34
586 111
586 56
586 85
586 158
586 204
586 233
586 250
586 285
586 317
586 327
586 432
586 497
586 513
587 62
587 593
587 147
587 184
587 368
587 124
587 123
587 246
587 190
587 43
587 81
587 131
587 236
587 318
587 517
588 562
588 393
588 366
588 370
588 183
588 110
588 123
588 127
588 188
588 219
588 308
588 309
588 328
588 374
588 403
588 406
588 432
588 484
588 486
588 559
588 564
589 83
589 488
589 269
589 401
589 9
589 517
589 174
589 7
589 57
589 70
589 91
589 136
589 162
589 169
589 186
589 258
589 390
589 463
590 246
590 16
590 453
590 274
590 489
590 396
590 536
590 9
590 17
590 64
590 115
590 257
590 307
590 316
590 399
590 505
591 113
591 32
591 527
591 493
591 126
591 84
591 29
591 555
591 94
591 108
591 114
591 152
591 191
591 300
591 321
591 372
591 482
591 483
591 503
591 592
592 409
592 530
592 205
592 591
592 9
592 472
592 65
592 594
592 79
592 145
592 15
592 56
592 127
592 240
592 355
592 546
593 88
593 313
593 19
593 155
593 59
593 197
593 496
593 57
593 540
593 466
593 323
593 119
593 232
593 249
593 349
593 354
593 356
593 423
593 471
593 493
593 587
594 328
594 358
594 408
594 479
594 444
594 48
594 10
594 85
594 544
594 51
594 150
594 156
594 180
594 212
594 251
594 492
594 577
594 592
595 535
595 567
595 522
595 569
595 113
595 27
595 41
595 125
595 205
595 247
595 363
595 430
595 435
595 552
596 492
596 553
596 489
596 549
596 469
596 160
596 501
596 411
596 1
596 3
596 84
596 130
596 299
596 306
596 311
596 328
596 341
596 578
597 278
597 119
597 499
597 379
597 325
597 130
597 338
597 43
597 71
597 140
597 176
597 219
597 280
597 429
597 517
597 527
597 543
598 398
598 60
598 433
598 238
598 28
598 95
598 189
598 351
598 385
598 505
599 112
599 59
599 71
599 532
599 502
599 40
599 67
599 75
599 104
599 122
599 287
599 346
599 461
600 463
600 401
600 436
600 193
600 515
600 67
600 95
600 116
600 186
600 257
600 332
600 415
600 437
600 439
600 456
600 467
600 492
