1 890
1 332
1 472
1 124
3 282
3 702
3 150
3 890
3 606
4 57
5 807
5 105
6 893
6 927
6 105
6 809
7 427
7 965
7 831
7 132
7 55
7 540
7 651
7 972
7 606
8 841
8 170
8 396
8 894
9 657
9 443
9 906
9 296
11 57
12 835
13 808
14 778
15 609
16 731
16 500
17 685
17 272
18 895
18 446
18 517
18 569
19 905
20 611
20 437
20 823
20 733
20 744
20 316
20 671
20 58
20 117
20 293
21 210
21 63
21 370
21 750
21 809
22 309
22 254
22 178
23 325
23 224
23 503
23 245
23 138
23 738
23 94
23 484
23 817
23 170
23 505
23 557
23 455
24 892
25 926
25 749
25 85
25 264
25 947
25 376
27 530
27 607
27 817
27 533
27 406
27 464
27 74
27 305
27 498
28 569
29 968
31 417
31 121
31 284
32 762
33 445
33 569
33 927
34 292
35 441
35 250
36 446
36 327
36 37
36 297
36 587
36 292
36 896
36 173
36 711
36 536
36 653
36 293
36 609
37 975
37 590
37 36
38 250
38 255
39 478
41 809
42 667
42 484
42 235
42 910
42 130
43 441
43 537
44 672
45 373
46 67
46 778
47 392
47 421
47 775
47 538
47 414
47 388
47 962
47 294
47 572
47 835
47 711
47 874
48 894
49 478
49 437
50 210
50 646
50 250
51 150
52 243
52 68
52 366
52 844
53 170
54 373
54 220
54 174
55 7
56 938
56 267
56 216
56 455
57 11
57 4
57 892
57 249
57 937
58 478
58 76
58 20
58 496
59 893
59 265
59 250
60 396
61 214
61 905
61 633
62 353
63 755
63 970
63 450
63 21
63 500
65 292
65 764
66 501
66 902
66 271
66 748
66 171
66 475
67 46
67 360
67 389
67 709
67 478
67 859
67 352
67 513
67 499
68 52
68 671
68 497
68 453
68 910
68 126
69 261
69 102
70 287
70 789
70 981
70 755
70 107
70 943
70 903
70 590
70 250
72 214
72 249
73 984
73 348
73 127
73 298
73 814
73 648
73 459
73 500
73 250
73 718
73 871
73 178
74 346
74 27
75 233
76 989
76 58
76 320
76 825
76 215
76 248
76 684
76 548
76 827
77 764
77 250
77 799
78 762
78 353
79 305
79 472
80 720
81 370
81 174
82 148
82 570
82 216
82 281
83 446
83 231
83 859
83 522
83 670
83 898
83 689
84 926
84 275
84 873
84 238
84 438
84 274
84 125
84 469
84 88
84 323
84 263
84 859
85 25
87 787
88 469
88 145
88 195
88 381
88 215
88 731
88 893
88 84
88 216
88 537
91 968
91 397
92 221
92 178
93 457
93 975
93 903
93 105
94 23
94 918
94 475
95 945
96 722
96 397
97 827
97 835
97 747
97 319
97 496
98 503
98 526
98 669
98 527
98 661
98 690
98 978
99 243
99 844
99 630
100 343
101 958
102 913
102 288
102 69
102 669
102 896
102 108
102 456
102 779
102 843
103 305
103 249
105 803
105 329
105 211
105 352
105 772
105 6
105 93
105 279
105 5
106 840
106 537
106 656
107 70
108 214
108 102
108 284
109 864
109 504
109 841
109 243
109 310
109 918
110 890
110 590
110 918
110 174
111 567
111 867
111 892
111 778
113 432
113 835
113 809
114 576
115 815
115 891
116 668
116 265
116 199
117 20
118 387
118 561
119 220
119 656
119 144
120 700
120 587
120 652
120 232
120 589
120 641
120 230
120 397
121 196
121 31
121 231
121 137
121 472
121 442
121 573
121 792
121 329
123 333
124 571
124 545
124 515
124 311
124 462
124 1
124 925
124 809
125 435
125 742
125 945
125 84
125 609
125 934
126 839
126 68
126 844
127 73
127 662
128 570
128 375
128 370
128 249
129 917
129 732
129 733
129 195
130 42
130 387
130 437
131 968
131 228
132 7
133 703
133 950
133 239
133 498
133 166
133 467
134 841
134 869
135 467
135 284
136 375
137 807
137 975
137 373
137 375
137 121
138 789
138 23
138 904
138 255
138 861
140 150
140 894
142 474
144 614
144 266
144 403
144 296
144 263
144 887
144 588
144 639
144 564
144 119
144 905
144 879
144 154
145 638
145 88
146 855
146 903
147 254
148 82
148 696
148 202
148 371
148 617
148 789
148 988
148 200
148 221
149 646
149 701
150 204
150 140
150 166
150 3
150 51
150 442
150 355
150 351
150 354
150 493
150 373
150 369
150 892
151 459
151 570
153 465
153 174
154 445
154 144
155 637
155 481
156 498
157 370
157 284
158 553
158 525
158 893
159 652
159 984
159 702
159 601
159 948
159 390
159 778
161 192
162 336
164 835
164 840
164 787
165 490
166 150
166 133
167 379
168 498
169 441
169 808
169 630
170 538
170 375
170 330
170 753
170 838
170 692
170 259
170 916
170 518
170 8
170 951
170 53
170 257
170 602
170 23
171 66
173 377
173 870
173 406
173 764
173 733
173 528
173 356
173 36
174 886
174 110
174 899
174 328
174 81
174 272
174 575
174 488
174 153
174 231
174 711
174 54
174 684
174 716
175 762
176 647
176 871
177 353
178 237
178 73
178 22
178 737
178 92
178 803
178 347
178 867
178 828
178 673
178 754
178 495
178 633
179 647
179 808
181 557
181 445
181 215
181 915
181 387
182 375
182 474
183 569
183 752
183 272
183 890
184 839
184 482
184 441
186 536
187 742
187 904
187 464
188 455
188 609
188 778
189 210
190 911
190 859
190 464
192 693
192 936
192 161
192 613
193 498
193 437
194 512
195 88
195 129
196 199
196 121
198 482
198 396
198 387
198 353
199 600
199 365
199 341
199 575
199 396
199 352
199 953
199 569
199 116
199 196
200 148
201 602
201 332
201 609
201 565
202 932
202 519
202 148
203 220
203 396
204 150
204 281
206 970
207 902
207 285
207 485
207 942
207 788
207 733
207 701
207 250
207 353
208 590
209 399
209 613
209 378
209 843
209 541
210 242
210 572
210 812
210 50
210 21
210 189
210 290
210 231
210 318
210 411
210 513
210 773
211 105
211 934
212 490
212 336
213 333
214 377
214 72
214 615
214 487
214 108
214 239
214 61
215 88
215 181
215 535
215 536
215 76
216 658
216 56
216 88
216 383
216 680
216 82
216 684
216 808
217 296
217 672
220 562
220 838
220 203
220 564
220 225
220 119
220 448
220 587
220 54
220 872
220 499
220 496
221 899
221 336
221 728
221 783
221 747
221 374
221 826
221 615
221 319
221 92
221 148
221 370
222 890
222 353
224 23
224 859
225 220
226 465
227 685
227 672
227 441
228 614
228 293
228 575
228 561
228 627
228 264
228 404
228 131
228 937
228 383
228 661
228 434
228 786
229 853
230 276
230 120
230 368
230 590
230 927
230 937
231 210
231 841
231 83
231 121
231 174
232 376
232 506
232 390
232 839
232 285
232 391
232 120
232 602
232 924
233 75
233 416
233 692
233 900
233 478
233 244
233 819
233 859
234 742
234 672
235 42
235 332
236 526
237 178
238 248
238 420
238 469
238 344
238 860
238 951
238 84
238 250
238 284
239 519
239 214
239 854
239 133
239 844
239 250
240 864
240 807
240 332
240 672
241 244
241 271
241 374
241 893
241 609
242 210
243 52
243 733
243 442
243 315
243 429
243 640
243 533
243 99
243 746
243 109
243 977
244 241
244 233
245 795
245 910
245 23
245 722
246 815
247 509
247 602
248 238
248 76
249 57
249 128
249 103
249 732
249 712
249 72
249 808
249 784
250 703
250 77
250 50
250 38
250 581
250 485
250 522
250 35
250 70
250 207
250 699
250 551
250 73
250 777
250 239
250 238
250 59
250 456
250 364
250 773
250 472
252 296
252 609
253 660
253 343
254 773
254 468
254 966
254 879
254 147
254 22
254 483
254 582
255 335
255 38
255 876
255 944
255 430
255 398
255 875
255 138
255 448
255 632
255 869
255 567
256 668
257 170
257 672
257 871
259 673
259 170
259 465
259 397
260 457
261 658
261 380
261 728
261 793
261 502
261 582
261 69
262 937
263 84
263 281
263 144
264 25
264 228
265 989
265 411
265 668
265 502
265 660
265 771
265 116
265 441
265 993
265 59
266 894
266 799
266 871
266 284
266 144
267 56
267 752
267 701
268 672
268 787
269 421
270 424
270 983
270 275
270 569
270 641
270 764
270 387
270 787
271 241
271 66
272 287
272 367
272 657
272 771
272 183
272 726
272 659
272 17
272 283
272 610
272 174
272 809
273 606
273 904
274 292
274 84
274 609
275 915
275 270
275 504
275 84
275 633
276 692
276 802
276 708
276 754
276 230
276 719
276 827
276 833
276 702
276 504
276 893
278 417
279 441
279 668
279 867
279 105
280 465
281 880
281 961
281 893
281 263
281 593
281 596
281 204
281 283
281 285
281 451
281 82
281 605
282 3
282 352
282 713
282 817
283 272
283 911
283 281
284 266
284 529
284 135
284 238
284 157
284 981
284 948
284 355
284 108
284 914
284 31
284 667
284 415
285 567
285 207
285 232
285 281
286 536
286 844
286 968
287 272
287 70
288 373
288 102
290 210
291 396
292 65
292 274
292 951
292 34
292 737
292 320
292 382
292 36
293 379
293 36
293 20
293 228
294 304
294 47
295 576
295 903
296 412
296 688
296 391
296 544
296 9
296 884
296 252
296 440
296 217
296 698
296 681
296 581
296 816
296 382
296 144
297 36
297 918
298 650
298 73
298 647
299 910
299 532
299 807
299 482
299 570
301 353
304 294
305 588
305 746
305 832
305 103
305 79
305 428
305 867
305 27
305 968
306 353
308 903
309 22
310 834
310 484
310 841
310 109
310 322
311 124
312 590
312 750
312 720
312 633
313 747
315 375
315 243
316 20
317 417
317 565
317 918
318 210
319 613
319 837
319 858
319 97
319 479
319 221
319 904
320 292
320 76
321 807
321 498
322 815
322 310
323 379
323 84
323 370
324 375
324 869
325 23
325 606
326 871
327 490
327 927
327 36
328 606
328 174
329 892
329 105
329 121
330 170
330 437
330 514
330 370
332 240
332 1
332 837
332 201
332 691
332 235
332 353
333 421
333 891
333 213
333 766
333 123
333 673
334 647
335 255
336 483
336 162
336 719
336 638
336 212
336 735
336 899
336 221
337 561
337 437
337 464
338 353
339 878
340 369
340 892
340 894
341 903
341 199
342 703
343 984
343 387
343 100
343 729
343 253
343 659
343 490
343 349
343 901
343 689
343 778
344 238
346 721
346 746
346 74
347 178
348 73
348 432
349 660
349 561
349 343
349 918
350 752
350 809
351 150
351 368
352 282
352 199
352 787
352 105
352 67
352 809
353 306
353 207
353 386
353 836
353 78
353 338
353 332
353 62
353 222
353 507
353 634
353 448
353 301
353 842
353 177
353 886
353 198
353 436
353 949
354 368
354 150
354 370
355 150
355 284
356 173
357 835
358 856
359 569
359 975
360 67
362 813
362 800
364 250
365 445
365 199
366 989
366 388
366 705
366 649
366 854
366 991
366 535
366 52
366 414
366 426
367 864
367 272
367 656
368 354
368 351
368 383
368 230
368 978
369 932
369 340
369 413
369 494
369 415
369 433
369 150
369 808
370 157
370 507
370 330
370 870
370 221
370 81
370 354
370 641
370 923
370 528
370 128
370 21
370 323
371 148
371 813
371 854
373 522
373 553
373 54
373 746
373 447
373 45
373 137
373 288
373 409
373 617
373 394
373 586
373 150
373 893
373 840
374 241
374 945
374 221
375 315
375 389
375 429
375 136
375 523
375 324
375 960
375 137
375 832
375 547
375 914
375 128
375 182
375 170
376 232
376 890
376 25
377 173
377 214
377 937
378 209
378 590
378 918
379 990
379 323
379 293
379 167
379 667
380 872
380 841
380 417
380 261
381 88
382 662
382 292
382 296
382 668
383 435
383 368
383 216
383 228
384 903
385 807
385 668
386 581
386 662
386 498
386 353
387 130
387 851
387 181
387 479
387 118
387 810
387 804
387 198
387 796
387 486
387 270
387 343
388 366
388 47
388 750
389 837
389 498
389 375
389 67
390 232
390 159
390 787
391 232
391 893
391 296
392 903
392 817
392 47
394 373
394 441
395 815
395 701
395 590
396 8
396 60
396 198
396 203
396 981
396 291
396 647
396 199
396 606
397 499
397 91
397 571
397 120
397 259
397 703
397 96
397 718
397 973
398 576
398 255
399 209
399 672
400 519
400 581
400 789
400 570
400 606
401 646
402 934
403 144
404 228
406 910
406 173
406 891
406 27
406 799
407 417
409 373
410 576
410 924
411 210
411 265
412 296
412 871
412 778
413 369
413 464
413 927
414 366
414 47
415 742
415 369
415 284
416 564
416 432
416 233
416 937
417 278
417 407
417 380
417 31
417 317
417 537
418 934
419 435
420 238
420 464
420 937
421 269
421 333
421 47
423 536
424 270
426 366
426 892
426 878
427 7
428 432
428 305
429 662
429 243
429 375
429 718
430 837
430 817
430 255
431 815
431 574
431 915
431 673
431 869
432 113
432 696
432 933
432 862
432 962
432 428
432 821
432 416
432 348
433 369
434 752
434 228
435 125
435 923
435 383
435 881
435 419
435 475
436 878
436 353
437 613
437 337
437 495
437 670
437 599
437 607
437 650
437 130
437 645
437 330
437 710
437 932
437 49
437 193
437 20
438 813
438 504
438 646
438 84
438 918
440 557
440 296
441 279
441 605
441 790
441 184
441 696
441 749
441 35
441 169
441 394
441 43
441 227
441 265
442 243
442 150
442 121
443 9
444 924
445 515
445 154
445 365
445 181
445 33
445 650
445 790
445 813
446 83
446 36
446 18
447 373
447 878
448 742
448 220
448 903
448 255
448 856
448 353
449 890
450 63
450 859
451 281
452 837
453 532
453 68
454 770
455 188
455 621
455 771
455 572
455 23
455 734
455 832
455 56
455 620
456 792
456 891
456 250
456 102
457 93
457 842
457 534
457 260
457 673
457 968
459 587
459 151
459 73
459 840
462 124
463 808
464 337
464 190
464 187
464 420
464 413
464 819
464 894
464 27
465 259
465 619
465 226
465 777
465 823
465 153
465 731
465 280
467 683
467 135
467 745
467 133
468 910
468 254
469 88
469 238
469 570
469 84
470 482
470 813
470 817
472 803
472 484
472 250
472 811
472 79
472 505
472 935
472 510
472 1
472 704
472 722
472 738
472 121
473 701
473 656
474 993
474 870
474 624
474 476
474 534
474 954
474 142
474 182
474 863
474 808
475 880
475 485
475 435
475 901
475 604
475 969
475 491
475 66
475 94
475 630
475 711
475 804
475 958
476 474
477 752
477 498
477 537
478 58
478 798
478 39
478 49
478 233
478 67
479 945
479 319
479 387
480 853
480 720
481 571
481 898
481 155
481 669
481 667
482 299
482 184
482 470
482 198
482 694
482 867
482 934
483 336
483 254
484 519
484 764
484 42
484 310
484 23
484 472
485 207
485 250
485 475
486 668
486 387
486 537
486 856
487 557
487 839
487 214
488 844
488 656
488 174
489 869
489 537
490 699
490 327
490 165
490 212
490 514
490 343
491 637
491 475
491 799
492 789
493 150
493 633
494 369
494 646
495 437
495 178
496 614
496 600
496 58
496 97
496 914
496 559
496 220
496 864
497 702
497 68
498 156
498 321
498 168
498 477
498 389
498 193
498 386
498 732
498 133
498 27
498 934
499 220
499 67
499 397
500 917
500 73
500 16
500 63
500 514
501 66
501 570
501 859
502 265
502 261
503 98
503 835
503 23
504 522
504 771
504 781
504 438
504 644
504 881
504 109
504 846
504 275
504 276
504 602
505 23
505 472
506 232
506 840
507 370
507 353
508 581
508 731
508 840
509 578
509 674
509 247
509 846
509 625
510 472
510 924
511 787
511 606
512 887
512 988
512 194
513 210
513 67
514 803
514 500
514 330
514 490
514 722
514 937
515 445
515 124
516 662
517 792
517 903
517 18
518 742
518 170
519 239
519 202
519 484
519 400
519 536
519 590
521 904
522 373
522 504
522 762
522 250
522 83
523 945
523 375
523 561
524 731
525 158
525 569
525 630
526 236
526 967
526 98
526 904
527 98
528 173
528 370
529 284
530 27
530 927
532 453
532 299
532 970
532 994
533 243
533 27
534 790
534 457
534 474
535 215
535 366
535 903
536 186
536 423
536 519
536 286
536 980
536 215
536 837
536 36
537 886
537 417
537 486
537 904
537 819
537 106
537 638
537 489
537 477
537 43
537 88
537 958
538 793
538 170
538 47
538 561
538 656
539 567
540 7
541 209
542 839
542 609
543 924
544 296
545 915
545 747
545 124
547 375
548 790
548 76
550 554
551 978
551 250
552 878
553 158
553 815
553 373
554 744
554 550
554 701
557 440
557 181
557 487
557 23
558 668
559 496
560 890
560 840
561 337
561 600
561 569
561 349
561 523
561 118
561 538
561 706
561 606
561 228
562 220
562 891
564 416
564 220
564 144
565 201
565 317
565 718
565 931
565 622
565 571
565 987
566 787
567 539
567 285
567 111
567 255
568 646
568 590
569 33
569 183
569 359
569 866
569 28
569 625
569 525
569 270
569 199
569 561
569 18
570 82
570 128
570 501
570 962
570 469
570 628
570 400
570 151
570 299
570 601
570 998
571 124
571 481
571 968
571 565
571 937
571 397
571 934
572 210
572 47
572 455
573 978
573 121
574 431
574 938
574 593
574 865
574 902
574 687
574 859
574 937
575 199
575 174
575 228
576 398
576 410
576 618
576 639
576 295
576 881
576 757
576 114
576 837
576 720
577 778
578 509
578 893
578 871
579 891
580 903
581 386
581 400
581 508
581 728
581 296
581 250
582 261
582 630
582 254
583 590
583 647
585 790
586 373
587 459
587 120
587 220
587 720
587 36
588 305
588 144
589 815
589 120
590 312
590 208
590 583
590 790
590 613
590 568
590 519
590 230
590 378
590 983
590 395
590 37
590 110
590 70
591 807
591 813
591 890
593 638
593 574
593 281
594 837
594 945
594 722
595 867
596 281
597 932
597 742
599 813
599 844
599 437
599 878
600 199
600 561
600 496
601 570
601 159
602 652
602 232
602 889
602 970
602 201
602 840
602 690
602 170
602 504
602 626
602 247
602 857
603 790
604 915
604 475
605 637
605 441
605 281
606 273
606 998
606 328
606 396
606 325
606 7
606 400
606 511
606 3
606 837
606 561
607 731
607 437
607 27
608 809
609 803
609 201
609 895
609 15
609 542
609 828
609 125
609 252
609 241
609 956
609 188
609 36
609 274
610 272
611 778
611 20
612 742
613 319
613 437
613 647
613 209
613 590
613 192
614 633
614 144
614 496
614 228
615 624
615 214
615 221
615 878
617 148
617 373
618 576
618 861
619 465
620 455
621 455
622 565
622 861
624 615
624 474
625 910
625 569
625 509
626 602
627 978
627 228
628 570
628 841
629 841
630 928
630 582
630 169
630 99
630 857
630 985
630 525
630 938
630 697
630 475
632 808
632 255
633 614
633 275
633 61
633 178
633 493
633 312
633 647
633 896
634 353
636 778
637 155
637 739
637 491
637 881
637 605
637 902
637 853
637 808
638 593
638 145
638 673
638 336
638 537
639 576
639 660
639 144
640 243
640 924
641 270
641 120
641 370
642 841
642 934
644 790
644 504
645 437
645 787
646 401
646 990
646 50
646 438
646 568
646 736
646 494
646 149
646 877
646 747
647 613
647 334
647 758
647 879
647 176
647 298
647 179
647 583
647 396
647 741
647 633
648 73
649 366
650 826
650 445
650 786
650 298
650 437
651 7
652 159
652 602
652 120
653 36
654 844
655 793
655 945
655 934
656 675
656 119
656 367
656 538
656 488
656 993
656 473
656 864
656 106
657 9
657 272
658 261
658 216
659 272
659 343
660 777
660 740
660 639
660 756
660 951
660 830
660 683
660 674
660 253
660 349
660 893
660 265
661 98
661 228
662 429
662 386
662 712
662 681
662 516
662 382
662 127
663 915
667 815
667 379
667 42
667 701
667 481
667 284
668 385
668 486
668 725
668 784
668 279
668 888
668 558
668 970
668 256
668 382
668 116
668 265
669 98
669 859
669 102
669 481
670 793
670 840
670 437
670 83
671 68
671 20
672 44
672 240
672 234
672 399
672 899
672 257
672 268
672 940
672 227
672 217
672 779
672 985
672 778
673 638
673 946
673 457
673 889
673 431
673 879
673 259
673 333
673 178
674 509
674 660
675 656
676 789
676 792
679 945
679 844
680 786
680 216
681 662
681 296
682 905
683 467
683 660
683 937
684 76
684 216
684 174
685 227
685 17
685 841
687 574
687 840
687 968
688 296
689 702
689 83
689 343
690 98
690 602
690 817
691 332
691 894
692 276
692 170
692 233
693 192
694 482
696 148
696 432
696 441
697 630
698 296
699 490
699 904
699 250
700 120
701 267
701 395
701 667
701 554
701 723
701 473
701 149
701 207
701 932
702 497
702 276
702 826
702 3
702 689
702 159
703 342
703 133
703 859
703 250
703 397
704 890
704 472
705 366
705 817
706 561
707 800
707 924
708 276
709 720
709 67
710 742
710 437
711 787
711 47
711 36
711 475
711 174
712 662
712 750
712 249
713 282
713 813
713 722
715 945
716 174
718 895
718 780
718 429
718 911
718 73
718 565
718 397
719 276
719 336
719 918
720 576
720 480
720 80
720 804
720 709
720 312
720 587
721 346
722 245
722 514
722 96
722 955
722 594
722 713
722 472
723 701
723 856
725 813
725 668
726 272
726 844
728 581
728 221
728 261
728 861
729 854
729 867
729 343
731 863
731 16
731 508
731 524
731 775
731 88
731 754
731 607
731 465
732 129
732 841
732 498
732 878
732 249
733 207
733 173
733 129
733 243
733 840
733 903
733 20
734 867
734 455
735 336
736 837
736 646
737 292
737 840
737 903
737 178
738 23
738 472
739 637
739 844
740 660
741 647
742 125
742 597
742 745
742 518
742 754
742 710
742 234
742 187
742 612
742 889
742 448
742 415
744 554
744 937
744 20
745 467
745 742
745 808
746 346
746 373
746 243
746 305
746 750
747 545
747 97
747 646
747 764
747 313
747 221
747 968
748 764
748 66
749 441
749 25
750 312
750 21
750 780
750 901
750 925
750 712
750 807
750 388
750 746
752 477
752 267
752 434
752 350
752 183
753 170
754 276
754 731
754 742
754 178
755 70
755 63
755 918
756 660
757 576
758 647
758 892
759 894
762 989
762 78
762 854
762 522
762 32
762 175
763 924
764 65
764 776
764 484
764 748
764 270
764 77
764 173
764 747
765 970
765 910
765 892
766 333
770 454
771 272
771 504
771 265
771 455
771 924
772 105
772 918
773 210
773 905
773 250
773 254
775 731
775 47
776 764
777 660
777 465
777 250
778 611
778 188
778 863
778 111
778 874
778 412
778 672
778 895
778 343
778 159
778 14
778 636
778 577
778 46
779 672
779 102
780 750
780 718
780 918
781 504
783 903
783 221
784 792
784 668
784 249
785 869
786 680
786 865
786 650
786 859
786 228
787 711
787 268
787 959
787 645
787 87
787 566
787 390
787 511
787 164
787 352
787 270
788 207
789 676
789 849
789 851
789 492
789 138
789 400
789 805
789 70
789 148
790 644
790 585
790 603
790 445
790 534
790 940
790 548
790 441
790 590
792 517
792 676
792 784
792 456
792 121
793 670
793 538
793 655
793 823
793 859
793 261
795 245
796 387
798 807
798 478
799 266
799 77
799 491
799 406
800 707
800 362
800 860
800 934
802 276
803 514
803 472
803 105
803 609
803 178
804 387
804 720
804 878
804 924
804 475
805 789
805 841
805 869
805 918
807 299
807 5
807 591
807 137
807 385
807 321
807 798
807 240
807 750
808 880
808 13
808 369
808 474
808 179
808 463
808 632
808 637
808 216
808 745
808 169
808 249
809 608
809 272
809 21
809 124
809 113
809 350
809 6
809 352
809 852
809 41
809 978
810 829
810 387
811 472
812 210
813 362
813 445
813 438
813 864
813 591
813 725
813 371
813 599
813 470
813 713
814 73
815 431
815 553
815 246
815 115
815 589
815 322
815 667
815 395
815 817
816 296
816 978
816 892
817 392
817 282
817 705
817 690
817 815
817 430
817 470
817 23
817 27
818 958
819 233
819 464
819 537
820 890
821 432
822 958
823 793
823 465
823 20
824 837
825 76
826 650
826 702
826 221
826 904
827 97
827 276
827 76
828 609
828 178
829 810
830 660
830 869
830 958
831 7
832 375
832 305
832 455
833 276
833 945
834 310
835 901
835 12
835 357
835 113
835 503
835 164
835 97
835 47
835 861
836 353
837 536
837 824
837 576
837 594
837 736
837 389
837 430
837 452
837 874
837 890
837 332
837 319
837 606
838 170
838 220
838 918
839 184
839 126
839 487
839 542
839 962
839 232
840 560
840 506
840 737
840 928
840 373
840 996
840 670
840 106
840 508
840 459
840 687
840 733
840 164
840 912
840 908
840 931
840 602
841 134
841 628
841 881
841 629
841 109
841 8
841 732
841 642
841 900
841 685
841 805
841 231
841 380
841 890
841 310
841 924
842 457
842 353
843 209
843 102
844 941
844 286
844 739
844 488
844 599
844 679
844 239
844 654
844 99
844 52
844 726
844 126
844 918
844 924
846 509
846 504
847 911
847 894
849 853
849 789
851 789
851 387
852 918
852 809
853 229
853 480
853 849
853 637
853 861
854 729
854 992
854 371
854 239
854 366
854 762
855 146
856 448
856 914
856 486
856 358
856 723
857 602
857 630
858 319
859 703
859 574
859 84
859 501
859 669
859 793
859 966
859 224
859 190
859 450
859 786
859 233
859 83
859 67
860 238
860 800
861 880
861 853
861 835
861 622
861 927
861 138
861 728
861 618
862 432
863 950
863 731
863 474
863 778
864 240
864 367
864 109
864 957
864 813
864 656
864 496
865 786
865 574
865 869
866 569
867 729
867 734
867 305
867 279
867 111
867 482
867 595
867 894
867 178
869 785
869 431
869 324
869 134
869 489
869 805
869 994
869 921
869 830
869 944
869 865
869 255
870 173
870 474
870 892
870 370
871 266
871 578
871 176
871 874
871 412
871 326
871 73
871 257
871 891
872 380
872 220
873 84
874 837
874 47
874 871
874 778
875 945
875 255
876 255
876 937
877 646
878 426
878 949
878 922
878 447
878 732
878 978
878 804
878 552
878 599
878 339
878 615
878 436
878 902
879 673
879 647
879 254
879 144
880 808
880 281
880 937
880 475
880 861
881 576
881 504
881 841
881 637
881 435
881 924
884 296
886 174
886 537
886 353
887 512
887 144
888 668
889 673
889 742
889 602
890 560
890 183
890 591
890 3
890 110
890 820
890 837
890 449
890 841
890 1
890 376
890 222
890 704
891 562
891 406
891 456
891 115
891 961
891 579
891 333
891 871
892 57
892 111
892 24
892 758
892 765
892 150
892 959
892 340
892 870
892 329
892 426
892 816
892 927
893 276
893 578
893 88
893 373
893 241
893 897
893 59
893 391
893 158
893 660
893 6
893 281
894 266
894 691
894 340
894 867
894 927
894 140
894 464
894 8
894 759
894 847
894 48
895 718
895 18
895 609
895 778
896 36
896 102
896 633
897 915
897 893
898 83
898 481
899 221
899 672
899 336
899 174
900 841
900 233
901 835
901 978
901 750
901 343
901 475
902 207
902 574
902 66
902 637
902 878
903 392
903 517
903 930
903 70
903 580
903 308
903 733
903 737
903 146
903 384
903 93
903 535
903 783
903 295
903 448
903 341
904 273
904 138
904 319
904 945
904 699
904 826
904 975
904 187
904 526
904 521
904 537
905 773
905 946
905 19
905 61
905 682
905 144
906 9
908 840
910 625
910 299
910 468
910 765
910 245
910 406
910 42
910 68
911 953
911 847
911 283
911 190
911 718
912 840
912 978
913 924
913 102
913 934
914 375
914 284
914 856
914 496
915 181
915 545
915 431
915 897
915 275
915 663
915 604
915 1000
915 944
916 170
917 129
917 500
918 852
918 844
918 780
918 438
918 349
918 755
918 998
918 317
918 378
918 109
918 772
918 297
918 838
918 110
918 94
918 805
918 719
920 927
921 869
922 878
923 435
923 370
924 913
924 410
924 844
924 444
924 881
924 763
924 841
924 510
924 640
924 707
924 543
924 232
924 804
924 771
925 970
925 750
925 124
926 84
926 25
927 530
927 892
927 230
927 6
927 920
927 33
927 413
927 327
927 894
927 861
928 840
928 630
930 903
930 934
931 840
931 565
932 202
932 597
932 369
932 701
932 437
933 432
934 418
934 482
934 402
934 498
934 125
934 211
934 655
934 571
934 930
934 913
934 800
934 642
935 472
936 192
937 880
937 262
937 744
937 416
937 377
937 876
937 574
937 514
937 230
937 57
937 420
937 683
937 571
937 228
938 56
938 574
938 630
940 790
940 672
941 844
942 207
943 70
944 915
944 869
944 255
944 958
945 95
945 875
945 594
945 479
945 374
945 655
945 679
945 523
945 715
945 125
945 833
945 904
946 673
946 905
947 25
948 159
948 284
949 878
949 353
950 863
950 133
951 238
951 660
951 292
951 170
953 911
953 199
954 474
955 722
956 609
957 864
958 101
958 537
958 818
958 944
958 822
958 475
958 830
959 892
959 787
960 375
961 891
961 281
962 839
962 570
962 432
962 47
965 7
966 859
966 254
967 526
968 571
968 457
968 286
968 305
968 91
968 747
968 131
968 687
968 29
969 475
970 991
970 925
970 206
970 765
970 532
970 63
970 602
970 668
972 7
973 397
975 37
975 137
975 93
975 359
975 904
977 243
978 573
978 901
978 627
978 368
978 98
978 912
978 551
978 816
978 878
978 809
980 536
981 70
981 396
981 284
983 270
983 590
984 73
984 159
984 343
985 672
985 630
987 565
988 512
988 148
989 366
989 762
989 76
989 265
990 379
990 646
991 970
991 366
992 854
993 474
993 265
993 656
994 532
994 869
996 840
998 570
998 606
998 918
1000 915
