1 336
1 291
1 299
1 708
1 606
1 325
1 692
1 890
1 332
1 472
1 643
2 270
3 282
3 702
3 150
3 890
3 606
3 328
3 745
3 110
3 982
4 774
4 837
4 754
4 176
4 432
4 745
4 101
4 998
4 129
4 431
4 262
4 647
5 197
5 367
5 231
5 389
5 192
5 286
5 807
5 989
5 169
5 965
5 471
6 691
6 352
6 430
6 675
6 961
6 893
6 927
6 105
6 880
6 739
6 852
6 774
7 540
7 812
7 337
7 145
7 719
7 54
7 218
7 568
7 187
7 114
7 297
7 798
7 81
7 234
7 342
7 398
8 492
8 594
8 75
8 823
8 268
8 436
8 195
8 235
8 640
8 113
8 809
8 224
8 232
8 901
8 841
8 170
8 396
8 750
8 61
8 58
9 657
9 443
9 906
9 296
9 990
9 913
9 189
10 917
11 350
11 21
11 675
11 164
11 926
12 835
12 189
12 471
13 808
13 39
13 310
13 712
13 18
14 778
14 744
15 609
15 849
15 538
15 556
16 731
16 500
16 447
16 38
17 685
17 272
17 474
17 201
18 446
18 517
18 569
18 13
18 254
18 954
18 161
19 193
19 718
19 117
19 349
19 617
19 553
19 989
19 637
19 683
19 146
19 759
19 758
19 122
20 437
20 823
20 733
20 316
20 671
20 117
20 293
20 870
20 569
20 756
20 264
20 632
21 210
21 63
21 370
21 750
21 809
21 993
21 795
21 11
22 41
22 258
22 286
22 392
22 658
22 169
22 254
22 178
23 325
23 224
23 503
23 245
23 138
23 738
23 94
23 484
23 817
23 170
23 505
23 557
23 455
23 45
23 309
23 528
24 329
24 356
24 344
24 383
24 709
24 354
25 749
25 85
25 264
25 947
25 376
25 272
25 266
25 966
25 340
25 905
26 301
26 291
26 798
26 208
26 979
26 266
26 958
26 885
27 607
27 817
27 533
27 406
27 464
27 74
27 305
27 498
27 545
27 68
27 665
28 569
28 538
28 278
29 968
30 370
30 902
30 124
30 84
31 202
31 829
31 989
31 247
31 622
31 788
31 255
31 521
31 562
31 686
31 121
31 284
31 786
31 189
31 161
32 762
33 408
33 589
33 734
33 418
33 210
33 75
33 57
33 215
33 216
33 445
33 569
33 159
33 56
33 373
34 292
34 47
34 816
34 810
35 441
35 250
35 475
36 327
36 37
36 297
36 587
36 292
36 896
36 173
36 711
36 536
36 653
36 293
36 406
36 237
36 609
36 707
36 513
37 972
37 486
37 48
37 96
37 265
37 364
37 456
37 169
37 590
37 36
37 499
37 288
38 643
38 487
38 179
38 59
38 265
38 740
38 565
38 392
38 864
38 613
38 720
38 679
38 16
38 129
38 250
38 683
39 603
39 339
39 361
39 891
39 87
39 13
39 284
39 588
40 813
40 870
41 623
41 931
41 629
41 515
41 822
41 352
41 713
41 269
41 113
41 22
41 458
42 667
42 484
42 235
42 910
42 130
42 793
42 309
43 441
43 537
43 990
43 993
43 342
44 672
44 232
44 499
45 779
45 970
45 303
45 23
45 639
45 869
45 788
45 279
45 597
45 294
45 250
45 151
45 483
45 880
46 387
46 775
46 320
46 705
46 638
46 819
46 76
46 562
46 463
47 421
47 775
47 538
47 414
47 388
47 294
47 572
47 835
47 711
47 874
47 34
47 546
47 573
47 309
48 173
48 596
48 353
48 159
48 996
48 449
48 573
48 37
48 895
48 398
48 56
49 478
49 437
49 471
50 210
50 646
50 250
50 989
50 97
50 264
51 150
52 559
52 997
52 171
52 243
52 366
52 844
53 170
53 571
54 260
54 981
54 990
54 163
54 432
54 416
54 350
54 457
54 839
54 348
54 772
54 373
54 220
54 7
54 728
54 184
54 808
55 941
55 209
55 340
55 506
55 71
55 330
55 547
55 122
56 938
56 297
56 48
56 851
56 93
56 546
56 265
56 74
56 248
56 747
56 33
56 188
56 577
56 216
56 455
56 576
56 519
56 330
56 630
57 175
57 283
57 482
57 432
57 847
57 137
57 892
57 937
57 902
57 757
57 33
57 661
57 829
58 670
58 401
58 183
58 835
58 908
58 897
58 96
58 468
58 473
58 434
58 8
58 478
58 76
58 496
58 880
58 624
58 934
59 893
59 265
59 250
59 38
60 396
60 513
60 986
61 160
61 8
61 287
61 408
61 670
61 589
61 251
61 439
61 297
61 715
61 214
61 633
62 353
62 810
62 573
62 478
62 944
63 755
63 970
63 450
63 21
63 500
63 250
63 925
63 288
64 830
65 292
65 764
65 902
65 655
65 418
65 277
66 501
66 902
66 271
66 748
66 171
66 475
66 376
67 360
67 389
67 709
67 478
67 859
67 352
67 513
67 827
67 149
67 609
67 646
67 471
68 671
68 453
68 910
68 126
68 836
68 614
68 171
68 71
68 404
68 273
68 27
69 924
69 321
69 144
69 487
69 330
69 619
69 661
69 162
69 658
69 987
69 838
69 252
69 430
69 89
69 102
69 752
70 287
70 789
70 981
70 755
70 107
70 943
70 903
70 590
70 250
70 732
70 323
70 712
71 68
71 125
71 55
72 209
72 352
72 644
72 922
72 249
72 917
72 288
72 277
73 348
73 127
73 298
73 814
73 648
73 459
73 95
73 357
73 654
73 242
73 500
73 250
73 718
73 871
73 178
73 803
73 399
73 269
74 346
74 27
74 886
74 970
74 137
74 400
74 56
74 264
75 233
75 446
75 925
75 33
75 8
75 965
76 58
76 320
76 825
76 215
76 248
76 684
76 548
76 827
76 46
76 375
77 764
77 250
77 799
77 517
77 983
78 762
78 353
78 667
78 672
78 239
79 305
79 472
79 913
80 720
80 810
80 176
80 683
80 91
80 189
81 144
81 123
81 811
81 100
81 436
81 536
81 327
81 839
81 481
81 567
81 396
81 240
81 398
81 263
81 174
81 101
81 7
82 255
82 958
82 842
82 327
82 494
82 579
82 581
82 525
82 506
82 918
82 83
82 152
82 169
82 995
82 624
82 284
82 96
82 148
82 216
82 281
82 732
83 231
83 859
83 522
83 670
83 898
83 689
83 129
83 853
83 953
83 82
83 237
84 873
84 238
84 438
84 469
84 446
84 849
84 598
84 108
84 154
84 30
84 309
84 859
85 25
86 780
87 787
87 39
88 469
88 145
88 195
88 381
88 478
88 399
88 590
88 769
88 516
88 878
88 483
88 215
88 731
88 893
88 216
88 537
88 609
88 402
88 192
89 69
89 621
89 485
89 340
90 880
90 318
91 80
91 602
91 428
91 940
91 592
91 397
91 474
91 744
91 638
92 221
92 178
92 573
92 624
93 457
93 975
93 903
93 105
93 984
93 56
93 568
94 23
94 918
94 475
94 399
94 809
94 455
94 163
95 945
95 73
95 264
96 722
96 397
96 37
96 82
96 58
96 314
97 827
97 104
97 50
97 489
97 835
97 747
97 496
97 305
97 712
97 497
97 826
98 503
98 526
98 669
98 527
98 661
98 217
98 374
99 243
99 844
99 630
99 789
99 800
99 970
99 665
100 343
100 750
100 81
100 314
100 651
101 202
101 368
101 163
101 881
101 920
101 81
101 147
101 532
101 505
101 718
101 4
102 913
102 288
102 69
102 669
102 896
102 108
102 456
102 779
102 843
102 374
103 305
103 249
103 831
104 633
104 483
104 946
104 834
104 354
104 239
104 97
104 711
104 936
105 329
105 211
105 352
105 772
105 6
105 93
105 279
105 919
105 925
106 840
106 537
106 656
106 614
107 70
107 926
107 275
107 734
108 214
108 102
108 284
108 84
109 864
109 504
109 841
109 243
109 310
109 918
109 911
109 913
110 3
110 495
110 921
110 166
110 574
110 607
110 797
110 996
110 890
110 590
110 174
110 237
110 780
111 567
111 867
111 892
111 778
111 398
111 627
112 661
112 928
112 132
113 120
113 376
113 217
113 41
113 478
113 835
113 8
113 834
113 132
114 576
114 998
114 237
114 845
114 7
115 815
115 891
115 362
115 744
115 965
116 668
116 265
116 199
117 20
117 942
117 519
117 369
117 852
117 19
118 387
118 561
118 562
119 220
119 656
119 144
119 148
119 221
119 826
119 643
120 700
120 587
120 652
120 232
120 589
120 641
120 230
120 397
120 362
120 113
121 196
121 31
121 231
121 137
121 472
121 442
121 573
121 792
121 329
121 263
121 371
121 550
121 312
122 458
122 805
122 543
122 19
122 195
122 55
122 707
122 708
122 479
123 333
123 917
123 271
123 81
124 545
124 515
124 311
124 462
124 925
124 950
124 399
124 30
124 809
124 471
125 71
125 435
125 742
125 945
125 609
125 934
125 990
126 839
126 68
126 844
126 231
126 286
126 665
127 73
127 662
127 832
127 901
127 458
128 874
128 483
128 292
128 287
128 835
128 918
128 645
128 865
128 692
128 660
128 955
128 921
128 659
128 595
128 157
128 570
128 375
128 249
128 318
128 458
129 917
129 733
129 195
129 355
129 997
129 83
129 942
129 137
129 661
129 4
129 38
130 42
130 387
130 437
130 588
131 968
131 228
131 570
131 434
132 811
132 505
132 113
132 112
132 232
132 703
133 703
133 950
133 239
133 498
133 166
133 467
133 588
133 728
133 306
133 373
133 758
133 407
134 141
134 625
134 340
134 782
134 847
134 696
134 869
134 352
134 880
134 354
134 377
134 651
135 467
135 284
135 981
135 917
136 375
136 275
136 562
137 729
137 162
137 863
137 560
137 74
137 152
137 129
137 617
137 288
137 312
137 390
137 975
137 373
137 375
137 121
137 696
137 853
137 201
137 57
138 789
138 23
138 904
138 255
138 861
138 899
138 314
139 838
139 920
140 150
140 894
140 880
140 707
140 189
140 714
141 134
141 456
141 201
142 769
142 567
142 149
142 446
142 618
142 938
142 486
142 439
142 928
142 528
144 266
144 403
144 296
144 263
144 887
144 588
144 639
144 564
144 119
144 905
144 879
144 154
144 909
144 69
144 400
144 690
144 312
144 675
144 81
145 567
145 173
145 391
145 598
145 363
145 435
145 915
145 268
145 748
145 944
145 88
145 7
145 417
146 875
146 425
146 841
146 452
146 19
146 768
146 355
146 954
146 410
146 589
146 903
146 658
146 675
147 254
147 417
147 101
147 377
148 82
148 202
148 371
148 617
148 789
148 988
148 200
148 391
148 119
148 867
148 221
148 815
148 951
148 621
149 646
149 701
149 970
149 67
149 142
150 204
150 140
150 166
150 3
150 51
150 442
150 355
150 351
150 493
150 373
150 521
150 456
150 751
150 748
150 369
150 892
150 789
151 459
151 570
151 400
151 45
151 816
152 82
152 137
153 465
153 174
153 752
154 445
154 144
154 261
154 84
155 496
155 889
155 555
155 893
155 998
155 481
155 267
155 163
156 498
156 517
156 651
157 370
157 284
157 832
157 128
158 553
158 525
158 893
159 984
159 702
159 601
159 948
159 390
159 33
159 794
159 956
159 778
159 951
159 364
159 48
160 61
160 474
161 945
161 747
161 31
161 18
161 226
161 928
161 616
161 902
161 571
161 970
161 312
161 620
162 336
162 69
162 137
162 682
163 453
163 155
163 94
163 671
163 435
163 610
163 101
163 376
163 54
164 835
164 840
164 787
164 732
164 902
164 926
164 11
165 490
165 624
165 554
166 150
166 133
166 110
167 379
167 499
168 498
168 448
168 571
169 475
169 5
169 737
169 444
169 610
169 929
169 843
169 808
169 630
169 82
169 22
169 37
170 538
170 375
170 330
170 753
170 838
170 692
170 259
170 916
170 518
170 8
170 951
170 53
170 257
170 602
170 23
170 306
170 328
170 433
170 277
171 66
171 68
171 52
171 237
171 986
173 870
173 406
173 764
173 733
173 528
173 356
173 650
173 36
173 624
173 145
173 48
174 110
174 899
174 81
174 272
174 575
174 488
174 153
174 231
174 711
174 684
174 716
174 512
174 758
174 979
174 655
174 780
174 961
174 318
175 762
175 57
175 989
176 296
176 312
176 253
176 80
176 871
176 588
176 4
176 954
176 556
176 643
177 353
177 676
178 73
178 22
178 737
178 92
178 803
178 347
178 867
178 828
178 673
178 754
178 495
178 412
178 633
179 818
179 428
179 387
179 249
179 964
179 570
179 647
179 446
179 744
179 309
179 228
179 38
179 471
181 557
181 445
181 215
181 915
181 387
181 270
182 596
182 697
182 985
182 345
182 440
182 385
182 375
182 849
182 318
182 433
183 569
183 752
183 272
183 890
183 590
183 951
183 58
184 741
184 354
184 906
184 739
184 725
184 259
184 54
184 863
184 482
184 441
184 352
184 910
184 703
185 989
185 711
185 682
185 331
186 536
186 600
187 742
187 904
187 464
187 991
187 7
188 455
188 609
188 778
188 56
189 80
189 9
189 12
189 31
189 613
189 328
189 680
189 140
189 765
189 640
189 838
189 959
190 911
190 859
190 464
191 269
192 693
192 88
192 797
192 781
192 423
192 5
193 498
193 437
193 667
193 614
193 757
193 19
194 512
194 639
194 267
195 88
195 129
195 562
195 8
195 315
195 122
196 199
196 121
196 446
196 974
197 5
198 482
198 396
198 387
198 353
198 899
198 441
198 815
198 513
199 365
199 341
199 575
199 396
199 352
199 953
199 569
199 116
199 196
199 626
199 816
199 659
199 936
199 810
200 148
200 686
201 975
201 988
201 705
201 737
201 137
201 533
201 732
201 727
201 207
201 141
201 550
201 17
201 602
201 609
201 565
201 611
201 877
201 458
202 932
202 519
202 148
202 31
202 101
202 786
203 220
203 396
203 849
203 432
204 150
204 281
204 696
204 600
204 983
204 364
204 277
205 712
205 485
206 262
206 287
206 634
206 903
206 942
206 796
206 823
206 261
206 585
206 826
206 620
206 556
207 285
207 485
207 788
207 733
207 356
207 734
207 639
207 709
207 701
207 250
207 353
207 745
207 201
208 590
208 26
209 613
209 378
209 843
209 541
209 464
209 72
209 568
209 974
209 55
210 242
210 572
210 812
210 50
210 21
210 290
210 411
210 773
210 979
210 856
210 691
210 666
210 606
210 485
210 33
210 944
211 105
211 934
212 490
212 336
212 456
212 920
213 333
213 328
213 630
213 425
214 377
214 615
214 487
214 108
214 239
214 61
214 702
214 357
214 424
214 324
214 994
214 474
214 959
215 88
215 181
215 535
215 536
215 76
215 437
215 33
215 330
215 759
216 658
216 56
216 88
216 383
216 680
216 82
216 684
216 808
216 33
216 703
216 660
216 331
217 296
217 672
217 366
217 113
217 98
218 7
218 970
219 500
220 838
220 203
220 564
220 225
220 119
220 448
220 587
220 54
220 872
220 499
220 259
220 801
220 342
220 652
220 496
220 895
220 711
221 336
221 728
221 783
221 747
221 826
221 615
221 319
221 92
221 148
221 119
221 410
221 631
221 370
221 332
222 890
222 353
222 732
222 686
223 903
223 398
224 23
224 859
224 757
224 8
225 220
225 953
225 656
225 501
225 658
225 331
226 465
226 899
226 340
226 421
226 161
227 685
227 672
227 441
227 350
227 991
227 962
228 614
228 293
228 575
228 561
228 627
228 404
228 131
228 937
228 383
228 491
228 498
228 382
228 179
229 853
229 588
229 703
229 407
229 714
230 279
230 842
230 815
230 829
230 657
230 276
230 120
230 368
230 590
230 937
230 925
230 651
231 391
231 578
231 996
231 307
231 126
231 799
231 857
231 591
231 617
231 841
231 83
231 121
231 174
231 652
231 5
231 643
232 506
232 390
232 839
232 285
232 391
232 450
232 645
232 44
232 120
232 602
232 924
232 8
232 132
233 75
233 416
233 692
233 900
233 478
233 244
233 819
233 859
233 711
233 830
234 742
234 672
234 446
234 632
234 7
235 42
235 332
235 793
235 309
235 8
235 335
236 526
236 886
236 917
236 550
236 961
236 425
237 171
237 753
237 654
237 841
237 376
237 110
237 114
237 83
237 426
237 902
237 629
237 36
237 978
238 248
238 420
238 469
238 344
238 860
238 951
238 84
238 250
238 284
238 239
238 682
239 78
239 974
239 392
239 317
239 999
239 569
239 993
239 104
239 917
239 238
239 723
239 519
239 214
239 854
239 133
239 844
239 319
240 864
240 807
240 332
240 672
240 990
240 880
240 81
240 632
241 244
241 374
241 442
241 715
241 893
241 609
241 590
242 210
242 73
242 643
243 52
243 733
243 442
243 315
243 429
243 640
243 533
243 99
243 746
243 109
243 977
243 448
243 732
244 241
244 233
244 245
244 519
244 771
245 443
245 738
245 834
245 483
245 244
245 337
245 23
245 722
246 797
246 597
246 939
246 1000
246 390
246 667
246 576
246 398
247 509
247 602
247 31
247 263
248 238
248 76
248 637
248 399
248 56
249 128
249 103
249 732
249 712
249 72
249 808
249 784
249 448
249 891
249 179
249 434
249 816
249 608
250 703
250 77
250 50
250 38
250 581
250 522
250 35
250 70
250 207
250 699
250 551
250 73
250 777
250 238
250 59
250 773
250 63
250 447
250 898
250 468
250 472
250 456
250 45
250 621
250 417
251 983
251 61
251 608
252 296
252 609
252 387
252 69
252 430
253 660
253 343
253 176
254 773
254 468
254 966
254 879
254 147
254 22
254 483
254 582
254 18
254 972
255 876
255 875
255 138
255 632
255 869
255 567
255 330
255 351
255 785
255 762
255 893
255 345
255 915
255 31
255 82
255 925
256 668
256 658
257 170
257 672
257 871
257 530
257 854
258 22
259 673
259 170
259 465
259 397
259 184
259 834
259 220
259 954
260 457
260 265
260 54
261 380
261 502
261 582
261 394
261 154
261 559
261 632
261 206
261 513
261 564
262 937
262 266
262 926
262 206
262 961
262 4
263 671
263 295
263 555
263 338
263 247
263 932
263 427
263 121
263 444
263 281
263 144
263 376
263 497
263 962
263 81
263 934
264 20
264 95
264 74
264 50
264 446
264 915
264 296
264 25
264 600
264 398
264 925
264 564
265 411
265 668
265 502
265 660
265 771
265 116
265 441
265 993
265 59
265 260
265 918
265 37
265 56
265 499
265 780
265 38
266 318
266 262
266 686
266 949
266 567
266 894
266 144
266 25
266 607
266 26
267 313
267 705
267 711
267 798
267 520
267 779
267 463
267 464
267 194
267 155
267 602
267 701
267 638
268 672
268 787
268 145
268 8
269 466
269 674
269 343
269 914
269 862
269 73
269 925
269 483
269 191
269 789
269 786
269 953
269 430
269 41
270 424
270 275
270 569
270 641
270 517
270 181
270 2
270 332
270 651
270 621
270 764
270 387
270 787
270 877
271 574
271 123
271 826
271 416
271 66
272 287
272 367
272 657
272 771
272 183
272 726
272 659
272 17
272 283
272 610
272 499
272 174
272 25
272 816
273 393
273 473
273 606
273 68
274 626
274 837
274 375
274 659
274 564
274 744
274 339
274 311
274 528
274 982
274 292
274 609
274 637
275 347
275 610
275 107
275 960
275 136
275 915
275 270
275 504
275 633
275 638
276 692
276 802
276 708
276 754
276 230
276 719
276 827
276 833
276 702
276 504
276 893
276 342
277 170
277 994
277 323
277 826
277 836
277 391
277 906
277 204
277 72
277 65
277 816
278 390
278 28
278 721
278 942
278 690
278 770
279 441
279 668
279 867
279 105
279 230
279 45
279 288
279 795
280 465
280 369
281 961
281 893
281 263
281 593
281 596
281 204
281 283
281 285
281 451
281 82
281 605
281 795
281 959
281 810
281 538
281 638
282 3
282 352
282 713
282 817
282 981
283 272
283 911
283 281
283 57
283 637
283 499
284 529
284 135
284 238
284 157
284 981
284 948
284 355
284 108
284 914
284 31
284 667
284 415
284 990
284 82
284 39
284 901
284 892
285 567
285 207
285 232
285 281
285 364
285 682
285 665
286 307
286 366
286 126
286 852
286 815
286 735
286 827
286 648
286 538
286 899
286 536
286 844
286 22
286 5
287 272
287 70
287 128
287 206
287 350
287 61
288 279
288 63
288 37
288 470
288 72
288 588
288 102
288 137
288 978
288 852
288 643
290 210
290 913
290 340
291 396
291 1
291 26
292 65
292 274
292 951
292 34
292 737
292 320
292 382
292 36
292 128
292 991
292 430
292 745
292 463
293 379
293 36
293 20
293 228
293 990
293 650
294 304
294 47
294 984
294 614
294 45
294 485
295 576
295 903
295 904
295 263
295 318
296 412
296 688
296 391
296 544
296 9
296 884
296 252
296 440
296 217
296 698
296 681
296 581
296 816
296 382
296 144
296 176
296 711
296 264
296 474
296 675
297 36
297 918
297 56
297 734
297 61
297 7
298 650
298 73
298 647
298 975
298 703
298 418
299 910
299 532
299 807
299 482
299 570
299 517
299 1
299 826
299 479
300 550
300 831
301 353
301 416
301 26
302 974
303 45
304 294
305 746
305 832
305 103
305 79
305 428
305 97
305 309
305 867
305 27
305 968
305 803
305 660
305 369
306 501
306 815
306 133
306 369
306 170
306 984
306 497
306 759
307 588
307 231
307 286
307 340
308 903
308 658
308 335
309 795
309 780
309 179
309 510
309 47
309 363
309 950
309 42
309 23
309 235
309 305
309 84
310 484
310 841
310 109
310 322
310 802
310 13
310 526
310 941
310 696
310 600
310 745
311 124
311 274
311 430
311 962
312 453
312 121
312 144
312 841
312 161
312 772
312 628
312 750
312 720
312 633
312 176
312 803
312 137
312 500
312 455
313 747
313 267
314 100
314 550
314 138
314 349
314 590
314 878
314 336
314 96
314 509
314 870
314 556
315 763
315 503
315 195
315 369
315 341
315 872
315 243
315 425
316 20
316 786
317 417
317 565
317 918
317 849
317 786
317 239
318 938
318 128
318 768
318 182
318 90
318 749
318 601
318 295
318 362
318 174
318 603
318 266
319 613
319 837
319 858
319 848
319 863
319 239
319 221
319 904
320 292
320 76
320 46
320 917
320 655
320 463
320 852
321 807
321 498
321 69
321 519
321 826
322 815
322 310
322 530
322 369
323 989
323 843
323 410
323 70
323 353
323 333
323 415
323 663
323 556
323 999
323 739
323 379
323 370
323 455
323 352
323 886
323 834
323 703
323 277
323 972
324 375
324 869
324 712
324 214
325 23
325 606
325 1
326 871
327 490
327 927
327 36
327 815
327 82
327 638
327 954
327 81
328 632
328 709
328 170
328 369
328 3
328 962
328 368
328 766
328 213
328 606
328 758
328 189
329 892
329 105
329 121
329 958
329 24
330 56
330 513
330 473
330 522
330 619
330 708
330 893
330 215
330 865
330 369
330 170
330 437
330 370
330 255
330 69
330 55
331 376
331 507
331 722
331 785
331 784
331 817
331 185
331 225
331 216
331 655
331 532
331 813
331 524
331 878
331 538
331 838
331 680
331 392
331 944
331 364
331 682
331 614
331 852
332 240
332 1
332 837
332 691
332 235
332 879
332 405
332 221
332 353
332 270
332 364
333 421
333 891
333 213
333 766
333 123
333 673
333 880
333 323
333 983
334 647
335 308
335 840
335 816
335 511
335 945
335 786
335 403
335 462
335 955
335 235
335 757
335 991
336 483
336 162
336 719
336 638
336 212
336 735
336 899
336 221
336 1
336 314
337 561
337 437
337 464
337 7
337 831
337 245
338 353
338 263
338 744
339 878
339 274
339 39
339 942
339 712
340 431
340 25
340 862
340 226
340 290
340 400
340 307
340 89
340 369
340 894
340 134
340 732
340 496
340 55
341 903
341 199
341 353
341 430
341 315
341 458
342 734
342 610
342 276
342 43
342 374
342 624
342 585
342 220
342 774
342 7
343 984
343 387
343 100
343 729
343 253
343 659
343 490
343 349
343 901
343 689
343 778
343 269
343 643
344 238
344 707
344 757
344 834
344 24
345 182
345 255
346 721
346 746
346 74
346 871
346 780
347 178
347 275
347 562
347 830
347 877
348 73
348 432
348 942
348 981
348 54
349 660
349 561
349 343
349 918
349 639
349 396
349 314
349 19
349 905
350 434
350 765
350 555
350 227
350 356
350 601
350 790
350 678
350 287
350 942
350 816
350 54
350 528
350 11
351 150
351 368
351 255
352 764
352 323
352 184
352 134
352 616
352 367
352 965
352 282
352 199
352 787
352 105
352 67
352 72
352 41
352 6
353 207
353 386
353 836
353 78
353 338
353 332
353 62
353 222
353 507
353 634
353 448
353 301
353 842
353 177
353 886
353 198
353 436
353 949
353 341
353 323
353 894
353 48
354 712
354 24
354 498
354 134
354 784
354 559
354 380
354 861
354 611
354 370
354 184
354 104
355 150
355 284
355 129
355 146
356 173
356 207
356 350
356 944
356 416
356 954
356 24
356 774
357 835
357 73
357 214
357 447
358 856
358 757
359 569
359 975
359 430
360 67
360 989
360 771
361 39
361 870
362 371
362 792
362 834
362 120
362 365
362 788
362 838
362 115
362 515
362 430
362 800
362 853
362 953
362 318
363 968
363 499
363 145
363 309
363 425
364 159
364 684
364 204
364 332
364 550
364 803
364 600
364 975
364 331
364 787
364 285
364 432
364 498
364 37
364 519
364 430
365 445
365 199
365 362
365 447
366 388
366 705
366 649
366 854
366 991
366 535
366 52
366 414
366 426
366 217
366 286
367 864
367 272
367 656
367 352
367 371
367 5
368 351
368 383
368 230
368 376
368 963
368 615
368 978
368 101
368 328
369 932
369 340
369 413
369 494
369 415
369 150
369 322
369 881
369 280
369 981
369 305
369 117
369 808
369 306
369 926
369 328
369 330
369 315
370 157
370 507
370 330
370 870
370 221
370 354
370 641
370 923
370 21
370 323
370 30
370 888
370 724
370 880
370 789
370 655
370 514
371 467
371 121
371 634
371 416
371 588
371 367
371 731
371 148
371 813
371 362
371 808
372 970
372 427
373 522
373 553
373 54
373 746
373 137
373 409
373 617
373 394
373 586
373 133
373 900
373 486
373 781
373 33
373 150
373 893
373 840
373 910
373 808
374 603
374 396
374 416
374 736
374 102
374 98
374 909
374 241
374 945
374 342
374 658
374 972
374 665
374 651
375 389
375 429
375 136
375 523
375 324
375 960
375 137
375 832
375 547
375 914
375 128
375 182
375 770
375 701
375 76
375 170
375 274
375 531
376 66
376 936
376 519
376 163
376 263
376 529
376 890
376 25
376 368
376 834
376 237
376 113
376 331
377 992
377 946
377 878
377 418
377 134
377 663
377 987
377 850
377 147
377 931
377 402
377 214
377 937
377 902
378 209
378 590
378 918
378 573
378 400
378 795
378 829
379 990
379 323
379 293
379 167
379 667
379 942
379 632
380 872
380 841
380 417
380 261
380 354
380 665
381 88
382 662
382 292
382 296
382 668
382 707
382 228
382 771
383 435
383 368
383 216
383 228
383 646
383 942
383 472
383 24
384 903
384 849
384 870
385 807
385 668
385 182
386 581
386 662
386 498
386 353
386 456
386 471
387 130
387 851
387 181
387 479
387 118
387 804
387 198
387 796
387 486
387 270
387 427
387 252
387 343
387 46
387 179
387 620
388 366
388 47
388 750
389 837
389 498
389 375
389 67
389 5
390 232
390 159
390 787
390 448
390 246
390 137
390 556
390 278
391 232
391 893
391 296
391 148
391 231
391 145
391 643
391 277
392 981
392 891
392 416
392 800
392 986
392 911
392 950
392 817
392 239
392 22
392 38
392 331
393 273
394 373
394 441
394 261
394 430
394 643
395 815
395 701
395 590
395 497
395 714
396 8
396 60
396 198
396 203
396 291
396 941
396 539
396 349
396 647
396 199
396 606
396 374
396 954
396 81
397 499
397 91
397 571
397 120
397 259
397 703
397 96
397 718
397 973
397 756
397 750
398 111
398 264
398 836
398 7
398 48
398 223
398 246
398 576
398 81
398 774
399 94
399 904
399 939
399 583
399 867
399 73
399 248
399 672
399 88
399 571
399 124
400 74
400 378
400 500
400 151
400 144
400 781
400 691
400 695
400 522
400 581
400 789
400 570
400 606
400 340
401 646
401 58
402 536
402 480
402 564
402 963
402 533
402 88
402 884
402 566
402 744
402 562
402 377
403 144
403 456
403 335
403 972
404 228
404 68
404 774
405 951
405 332
405 936
406 910
406 173
406 891
406 27
406 799
406 36
407 841
407 133
407 478
407 454
407 749
407 681
407 520
407 229
407 496
407 862
407 614
407 901
408 33
408 61
408 611
408 974
408 972
409 373
410 576
410 924
410 871
410 221
410 323
410 146
411 210
411 265
411 984
411 517
412 296
412 871
412 778
412 178
412 863
412 758
412 993
412 982
413 369
413 464
413 927
413 953
414 366
414 47
415 742
415 369
415 284
415 323
416 356
416 301
416 432
416 233
416 937
416 392
416 374
416 745
416 371
416 271
416 54
417 380
417 317
417 147
417 811
417 250
417 145
417 537
417 832
418 298
418 470
418 65
418 663
418 804
418 987
418 902
418 834
418 377
418 33
418 651
419 435
419 925
419 894
419 928
420 238
420 464
420 937
420 990
420 613
420 829
421 769
421 663
421 226
421 673
421 952
421 559
421 333
421 47
422 936
423 536
423 732
423 192
424 270
424 778
424 792
424 214
425 757
425 664
425 315
425 891
425 517
425 848
425 236
425 363
425 897
425 213
425 146
425 927
425 831
426 366
426 892
426 878
426 456
426 237
426 863
427 581
427 717
427 888
427 956
427 372
427 387
427 263
428 432
428 305
428 834
428 179
428 91
428 993
429 662
429 243
429 375
429 718
430 269
430 311
430 359
430 804
430 364
430 341
430 252
430 479
430 551
430 292
430 682
430 394
430 728
430 758
430 837
430 817
430 362
430 853
430 69
430 918
430 6
431 815
431 574
431 915
431 673
431 869
431 652
431 340
431 4
431 471
431 665
432 696
432 933
432 862
432 962
432 428
432 821
432 416
432 348
432 477
432 203
432 634
432 57
432 902
432 925
432 364
432 4
432 54
433 800
433 887
433 182
433 780
433 706
433 852
433 897
433 170
433 855
433 895
434 826
434 538
434 672
434 582
434 523
434 708
434 131
434 655
434 249
434 464
434 923
434 752
434 350
434 58
435 125
435 923
435 383
435 881
435 419
435 475
435 984
435 145
435 163
436 878
436 353
436 968
436 8
436 81
437 337
437 495
437 670
437 599
437 650
437 130
437 645
437 330
437 710
437 932
437 49
437 193
437 215
437 724
437 20
438 813
438 504
438 646
438 84
438 918
439 803
439 61
439 142
439 845
440 557
440 296
440 182
440 703
441 279
441 605
441 790
441 184
441 696
441 749
441 35
441 394
441 43
441 227
441 198
441 265
442 243
442 150
442 121
442 624
442 241
442 795
443 9
443 245
444 924
444 903
444 263
444 169
445 515
445 154
445 365
445 181
445 33
445 650
445 790
445 813
445 903
445 499
446 179
446 234
446 901
446 540
446 75
446 452
446 196
446 890
446 761
446 798
446 18
446 809
446 84
446 264
446 142
447 566
447 16
447 829
447 987
447 357
447 365
447 630
447 923
447 525
447 878
447 250
447 925
448 716
448 953
448 168
448 390
448 870
448 713
448 243
448 889
448 742
448 220
448 903
448 856
448 353
448 249
448 886
448 974
449 890
449 564
449 48
450 63
450 859
450 232
450 639
450 538
450 917
450 651
451 281
451 986
452 837
452 446
452 146
453 532
453 68
453 614
453 312
453 163
454 770
454 795
454 407
455 188
455 572
455 23
455 56
455 323
455 675
455 906
455 312
455 94
455 734
455 962
455 714
456 141
456 426
456 729
456 212
456 403
456 615
456 727
456 250
456 683
456 386
456 922
456 792
456 891
456 102
456 37
456 150
457 93
457 842
457 534
457 260
457 673
457 968
457 728
457 675
457 54
458 201
458 550
458 810
458 591
458 127
458 692
458 41
458 341
458 128
458 122
459 587
459 151
459 73
459 840
459 676
462 124
462 942
462 831
462 335
463 607
463 292
463 46
463 320
463 637
463 624
463 267
463 613
463 646
463 756
463 885
464 337
464 190
464 187
464 420
464 413
464 819
464 894
464 27
464 787
464 209
464 267
464 554
464 434
464 620
465 259
465 619
465 226
465 777
465 823
465 153
465 731
465 280
465 652
465 500
466 269
467 683
467 135
467 745
467 133
467 911
467 371
468 910
468 254
468 58
468 250
468 831
468 623
469 88
469 238
469 570
469 84
470 482
470 813
470 817
470 961
470 288
470 418
471 850
471 758
471 784
471 549
471 124
471 67
471 386
471 49
471 710
471 5
471 179
471 558
471 12
471 431
471 741
471 639
471 982
472 484
472 250
472 811
472 79
472 505
472 935
472 510
472 1
472 704
472 722
472 738
472 383
472 651
472 121
473 701
473 656
473 273
473 330
473 58
474 870
474 476
474 534
474 91
474 214
474 17
474 296
474 509
474 160
474 887
474 808
474 712
474 758
475 485
475 435
475 901
475 604
475 969
475 491
475 66
475 94
475 630
475 711
475 804
475 35
475 741
475 958
475 169
475 978
476 474
476 910
476 905
477 752
477 498
477 537
477 432
478 58
478 798
478 49
478 62
478 576
478 233
478 67
478 88
478 917
478 113
478 514
478 407
479 299
479 578
479 792
479 122
479 714
479 945
479 387
479 573
479 683
479 430
480 853
480 720
480 402
481 898
481 155
481 669
481 667
481 720
481 513
481 703
481 81
481 756
482 299
482 184
482 470
482 198
482 694
482 867
482 934
482 57
482 951
482 745
482 690
483 336
483 254
483 128
483 88
483 841
483 245
483 45
483 564
483 269
483 104
484 519
484 764
484 42
484 310
484 23
484 472
485 996
485 544
485 638
485 905
485 205
485 294
485 754
485 609
485 89
485 835
485 207
485 475
485 210
486 668
486 387
486 537
486 856
486 37
486 373
486 513
486 142
487 557
487 839
487 214
487 69
487 658
487 38
488 844
488 656
488 174
489 869
489 537
489 97
489 571
490 699
490 327
490 165
490 212
490 514
490 343
490 990
490 959
491 637
491 475
491 799
491 228
491 925
491 845
492 789
492 8
493 150
493 633
493 517
493 758
494 369
494 646
494 82
495 437
495 178
495 110
496 600
496 58
496 97
496 914
496 559
496 220
496 864
496 783
496 340
496 155
496 407
497 306
497 929
497 97
497 614
497 395
497 263
497 702
497 902
497 538
497 711
498 156
498 321
498 168
498 477
498 389
498 193
498 386
498 552
498 964
498 364
498 963
498 133
498 27
498 934
498 984
498 354
498 228
499 603
499 720
499 363
499 521
499 265
499 167
499 283
499 37
499 445
499 44
499 220
499 397
499 953
499 272
499 962
499 920
500 73
500 16
500 465
500 219
500 312
500 63
500 514
500 975
500 400
501 225
501 658
501 758
501 66
501 859
501 306
501 926
501 568
502 265
502 261
503 98
503 835
503 23
503 696
503 672
503 315
503 556
504 522
504 771
504 781
504 438
504 644
504 881
504 109
504 846
504 275
504 276
504 602
504 682
504 982
505 23
505 472
505 614
505 101
505 132
506 232
506 840
506 82
506 55
507 370
507 353
507 331
508 581
508 731
508 840
508 937
509 578
509 674
509 247
509 846
509 625
509 568
509 474
509 314
509 852
510 472
510 924
510 309
511 787
511 606
511 335
512 887
512 988
512 194
512 174
513 60
513 782
513 486
513 261
513 481
513 36
513 747
513 198
513 972
513 67
513 853
513 951
513 807
513 621
513 330
513 607
514 500
514 490
514 370
514 478
514 722
514 937
514 917
514 613
515 445
515 124
515 362
515 41
515 982
516 662
516 88
516 571
516 901
517 811
517 573
517 411
517 156
517 671
517 299
517 906
517 647
517 785
517 823
517 577
517 77
517 493
517 818
517 903
517 18
517 953
517 983
517 270
517 425
518 742
518 170
519 239
519 202
519 484
519 56
519 364
519 991
519 117
519 244
519 977
519 321
519 536
519 590
519 376
519 600
519 953
520 267
520 407
521 904
521 31
521 150
521 499
521 568
522 373
522 504
522 762
522 250
522 83
522 400
522 330
523 945
523 375
523 561
523 984
523 434
524 731
524 331
525 158
525 569
525 630
525 82
525 613
525 447
526 236
526 967
526 98
526 904
526 310
526 633
527 98
527 568
527 845
528 857
528 142
528 699
528 867
528 350
528 926
528 23
528 700
528 173
528 274
529 284
529 376
529 870
529 643
530 257
530 928
530 799
530 913
530 781
530 322
530 927
530 562
531 911
531 375
531 955
531 672
531 627
532 453
532 299
532 970
532 994
532 832
532 101
532 675
532 954
532 331
533 243
533 27
533 606
533 750
533 550
533 201
533 959
533 402
534 790
534 457
534 474
534 562
535 215
535 366
535 903
536 186
536 423
536 519
536 286
536 980
536 215
536 837
536 36
536 880
536 402
536 81
537 886
537 417
537 486
537 904
537 819
537 106
537 638
537 489
537 477
537 43
537 88
537 958
537 621
538 15
538 992
538 860
538 497
538 450
538 281
538 28
538 614
538 680
538 665
538 693
538 807
538 793
538 170
538 47
538 561
538 667
538 286
538 834
538 434
538 331
539 567
539 926
539 396
539 927
540 7
540 446
541 209
541 660
542 839
542 609
542 652
543 924
543 122
544 296
544 660
544 485
545 915
545 747
545 124
545 667
545 27
546 56
546 47
547 375
547 55
548 790
548 76
548 810
549 471
550 300
550 121
550 625
550 670
550 533
550 236
550 913
550 201
550 364
550 314
550 458
551 978
551 250
551 430
552 878
552 498
553 158
553 815
553 373
553 19
554 744
554 165
554 464
554 701
554 901
554 974
555 573
555 155
555 263
555 711
555 350
555 690
556 866
556 983
556 206
556 629
556 705
556 503
556 390
556 314
556 15
556 176
556 937
556 913
556 323
556 712
556 795
557 440
557 181
557 487
557 23
557 877
558 668
558 652
558 998
558 780
558 471
559 496
559 354
559 52
559 261
559 421
560 890
560 840
560 137
561 337
561 600
561 569
561 349
561 523
561 118
561 538
561 706
561 606
561 228
562 534
562 690
562 862
562 530
562 996
562 402
562 633
562 738
562 347
562 926
562 118
562 195
562 817
562 46
562 136
562 31
563 624
563 961
563 643
564 449
564 261
564 483
564 264
564 625
564 998
564 589
564 220
564 144
564 274
564 402
565 201
565 317
565 718
565 931
565 622
565 571
565 987
565 926
565 961
565 38
566 787
566 447
566 830
566 808
566 402
567 539
567 285
567 111
567 255
567 266
567 145
567 81
567 142
568 93
568 209
568 501
568 509
568 575
568 698
568 998
568 527
568 940
568 586
568 521
568 983
568 590
568 901
568 855
568 7
568 675
569 33
569 183
569 359
569 866
569 28
569 625
569 525
569 270
569 199
569 561
569 18
569 849
569 786
569 239
569 20
570 128
570 962
570 469
570 628
570 400
570 151
570 299
570 601
570 998
570 131
570 985
570 886
570 744
570 792
570 179
571 968
571 489
571 161
571 779
571 580
571 53
571 516
571 399
571 168
571 565
571 937
571 397
572 210
572 47
572 455
572 925
572 734
572 638
573 605
573 781
573 969
573 47
573 378
573 555
573 479
573 48
573 945
573 92
573 689
573 695
573 62
573 705
573 121
573 904
573 517
573 780
574 431
574 938
574 593
574 865
574 902
574 687
574 859
574 937
574 690
574 271
574 110
575 199
575 174
575 228
575 984
575 568
576 398
576 410
576 618
576 295
576 881
576 114
576 246
576 56
576 837
576 720
576 478
576 892
577 778
577 832
577 517
577 56
578 509
578 893
578 871
578 231
578 981
578 479
579 891
579 82
580 903
580 696
580 953
580 571
581 386
581 400
581 508
581 728
581 296
581 250
581 82
581 427
582 261
582 630
582 254
582 696
582 434
582 830
582 632
583 590
583 647
583 399
583 959
584 981
585 790
585 990
585 902
585 206
585 870
585 342
586 373
586 568
587 459
587 120
587 220
587 720
587 36
587 852
588 176
588 870
588 39
588 133
588 307
588 229
588 952
588 130
588 144
588 902
588 371
588 288
589 815
589 120
589 146
589 33
589 564
589 61
590 208
590 583
590 790
590 613
590 568
590 519
590 230
590 378
590 395
590 37
590 110
590 70
590 241
590 183
590 672
590 88
590 925
590 870
590 314
591 807
591 813
591 890
591 231
591 458
591 623
591 651
592 91
593 638
593 574
593 281
594 837
594 945
594 722
594 8
594 611
595 867
595 789
595 128
595 734
595 859
596 281
596 182
596 959
596 620
596 48
597 932
597 742
597 246
597 917
597 45
597 816
597 993
598 84
598 145
599 813
599 844
599 437
599 878
599 826
600 519
600 895
600 204
600 186
600 264
600 765
600 310
600 561
600 496
600 364
601 570
601 159
601 350
601 318
602 652
602 232
602 889
602 970
602 201
602 840
602 690
602 170
602 504
602 626
602 247
602 857
602 732
602 267
602 91
603 790
603 728
603 374
603 39
603 499
603 318
604 915
604 475
605 637
605 441
605 281
605 573
605 745
606 273
606 998
606 328
606 396
606 325
606 400
606 511
606 3
606 837
606 955
606 533
606 561
606 1
606 210
607 836
607 513
607 266
607 731
607 27
607 910
607 463
607 110
608 249
608 251
608 698
608 987
608 642
608 654
608 613
609 201
609 895
609 15
609 542
609 828
609 125
609 252
609 241
609 956
609 188
609 36
609 274
609 88
609 67
609 880
609 953
609 485
610 272
610 169
610 275
610 690
610 342
610 163
611 594
611 201
611 785
611 997
611 408
611 778
611 354
612 742
612 877
613 728
613 807
613 420
613 514
613 608
613 463
613 837
613 525
613 319
613 209
613 590
613 189
613 620
613 38
614 294
614 106
614 453
614 407
614 901
614 193
614 812
614 505
614 331
614 228
614 983
614 538
614 68
614 497
614 970
614 920
615 624
615 214
615 221
615 878
615 989
615 456
615 368
615 962
615 620
615 972
616 352
616 627
616 161
616 982
617 148
617 373
617 231
617 137
617 19
618 576
618 861
618 142
619 465
619 69
619 330
619 936
620 613
620 615
620 739
620 930
620 962
620 596
620 206
620 387
620 464
620 161
620 826
620 926
621 250
621 89
621 748
621 513
621 537
621 148
621 270
621 650
622 565
622 861
622 31
622 758
623 468
623 932
623 591
623 998
623 41
623 686
624 895
624 935
624 463
624 563
624 165
624 92
624 442
624 954
624 173
624 58
624 615
624 82
624 342
625 910
625 569
625 509
625 134
625 550
625 564
625 665
626 602
626 728
626 199
626 274
626 745
627 616
627 531
627 111
627 228
627 841
628 570
628 841
628 728
628 917
628 638
628 312
629 841
629 41
629 556
629 237
629 972
630 582
630 169
630 99
630 857
630 985
630 525
630 938
630 697
630 56
630 917
630 213
630 475
630 711
630 447
631 221
632 379
632 634
632 694
632 240
632 835
632 867
632 794
632 655
632 720
632 582
632 20
632 234
632 255
632 707
632 328
632 261
633 275
633 61
633 178
633 493
633 312
633 647
633 896
633 526
633 562
633 104
634 353
634 953
634 206
634 432
634 371
634 816
634 845
634 632
636 778
636 834
636 981
636 759
636 870
637 491
637 881
637 605
637 902
637 853
637 19
637 248
637 274
637 984
637 283
637 858
637 658
637 990
637 808
637 701
637 924
637 463
637 852
637 920
638 593
638 281
638 737
638 267
638 702
638 275
638 656
638 628
638 650
638 91
638 572
638 709
638 327
638 673
638 336
638 537
638 46
638 485
638 986
639 734
639 471
639 194
639 450
639 983
639 349
639 730
639 826
639 660
639 144
639 207
639 45
640 243
640 924
640 8
640 189
640 920
641 270
641 120
641 370
641 786
642 841
642 934
642 759
642 608
643 563
643 897
643 119
643 394
643 176
643 288
643 964
643 343
643 1
643 391
643 920
643 231
643 529
643 797
643 692
643 242
643 763
643 38
644 790
644 504
644 991
644 72
645 437
645 787
645 128
645 232
645 845
646 401
646 50
646 438
646 736
646 494
646 149
646 383
646 463
646 67
646 747
647 334
647 758
647 879
647 298
647 179
647 583
647 396
647 741
647 861
647 4
647 633
647 902
647 895
647 517
648 73
648 286
649 366
649 712
650 445
650 786
650 298
650 293
650 621
650 712
650 437
650 173
650 638
650 982
651 418
651 731
651 134
651 230
651 860
651 450
651 918
651 700
651 100
651 374
651 156
651 591
651 803
651 472
651 270
652 465
652 663
652 558
652 768
652 994
652 431
652 542
652 817
652 766
652 905
652 231
652 602
652 120
652 220
653 36
654 844
654 73
654 237
654 608
655 174
655 975
655 940
655 370
655 65
655 320
655 982
655 938
655 957
655 839
655 793
655 945
655 434
655 632
655 331
656 119
656 367
656 488
656 993
656 473
656 864
656 106
656 225
656 680
656 970
656 638
657 9
657 272
657 230
657 799
657 981
657 829
658 964
658 225
658 146
658 308
658 256
658 487
658 374
658 216
658 732
658 637
658 69
658 981
658 22
658 501
659 272
659 343
659 128
659 199
659 274
660 777
660 740
660 639
660 674
660 253
660 349
660 305
660 988
660 544
660 807
660 541
660 764
660 216
660 893
660 265
660 128
661 720
661 975
661 749
661 693
661 112
661 872
661 57
661 129
661 98
661 69
661 936
661 686
662 429
662 386
662 712
662 681
662 516
662 382
662 127
662 745
663 915
663 652
663 323
663 377
663 690
663 421
663 418
664 425
665 812
665 625
665 99
665 790
665 27
665 431
665 380
665 374
665 285
665 126
665 538
666 998
666 210
666 892
666 934
667 898
667 545
667 538
667 724
667 78
667 825
667 193
667 246
667 815
667 379
667 42
667 481
667 284
668 385
668 486
668 725
668 784
668 279
668 888
668 558
668 970
668 256
668 382
668 116
668 265
669 98
669 859
669 102
669 481
669 711
670 793
670 840
670 437
670 83
670 886
670 550
670 61
670 58
671 68
671 20
671 263
671 517
671 917
671 163
672 44
672 240
672 234
672 399
672 257
672 268
672 940
672 227
672 217
672 779
672 985
672 843
672 78
672 503
672 778
672 590
672 434
672 531
672 986
673 638
673 946
673 457
673 889
673 431
673 879
673 259
673 333
673 178
673 968
673 421
674 509
674 660
674 269
675 532
675 810
675 703
675 864
675 791
675 457
675 144
675 731
675 296
675 146
675 931
675 568
675 960
675 455
675 6
675 11
676 459
676 177
676 792
676 834
677 990
677 972
678 350
678 816
679 945
679 844
679 891
679 38
680 786
680 216
680 538
680 656
680 711
680 189
680 331
681 662
681 296
681 407
682 935
682 238
682 162
682 285
682 185
682 331
682 811
682 504
682 835
682 430
682 982
683 865
683 823
683 38
683 19
683 80
683 729
683 896
683 889
683 954
683 479
683 467
683 937
683 456
684 76
684 216
684 174
684 364
685 227
685 17
685 841
685 809
686 200
686 761
686 623
686 877
686 661
686 222
686 266
686 31
687 574
687 840
687 968
687 925
687 810
688 296
688 936
689 702
689 83
689 343
689 573
689 925
690 693
690 555
690 482
690 144
690 663
690 998
690 721
690 964
690 883
690 574
690 920
690 800
690 610
690 602
690 817
690 562
690 959
690 758
690 986
690 278
691 332
691 894
691 210
691 400
691 918
691 6
692 276
692 170
692 233
692 128
692 1
692 643
692 458
693 192
693 538
693 690
693 661
694 482
694 928
694 632
695 573
695 998
695 400
696 503
696 582
696 830
696 949
696 137
696 937
696 580
696 742
696 749
696 204
696 310
696 432
696 441
696 134
696 917
696 854
697 630
697 182
698 296
698 951
698 568
698 608
699 490
699 904
699 250
699 528
700 120
700 854
700 528
700 651
701 267
701 395
701 554
701 723
701 473
701 149
701 207
701 932
701 919
701 637
701 933
701 907
701 936
701 375
702 497
702 276
702 826
702 3
702 689
702 159
702 214
702 638
703 481
703 184
703 741
703 875
703 808
703 440
703 298
703 323
703 216
703 969
703 229
703 133
703 250
703 397
703 675
703 132
704 890
704 472
705 366
705 817
705 46
705 813
705 573
705 267
705 855
705 201
705 556
705 965
706 561
706 433
706 936
707 344
707 919
707 382
707 36
707 140
707 632
707 924
707 983
707 962
707 954
707 122
708 276
708 1
708 330
708 434
708 122
709 720
709 67
709 207
709 328
709 638
709 959
709 24
710 742
710 437
710 732
710 780
710 959
710 471
711 220
711 185
711 233
711 865
711 555
711 842
711 630
711 921
711 669
711 296
711 954
711 497
711 680
711 104
711 835
711 47
711 36
711 475
711 174
711 838
711 267
712 819
712 70
712 205
712 13
712 887
712 920
712 324
712 97
712 339
712 474
712 649
712 556
712 662
712 249
712 354
712 650
712 959
713 282
713 813
713 722
713 448
713 41
714 455
714 864
714 395
714 140
714 229
714 984
714 479
715 945
715 734
715 61
715 816
715 241
716 174
716 448
716 859
717 427
718 780
718 429
718 911
718 73
718 101
718 565
718 397
718 19
719 276
719 336
719 918
719 7
719 793
720 576
720 480
720 80
720 804
720 709
720 312
720 587
720 481
720 499
720 905
720 661
720 632
720 38
721 346
721 690
721 278
722 245
722 514
722 96
722 955
722 594
722 713
722 472
722 920
722 331
723 701
723 856
723 239
723 834
723 758
724 667
724 917
724 437
724 370
725 813
725 668
725 895
725 184
726 272
726 844
726 838
727 456
727 201
728 628
728 457
728 54
728 603
728 133
728 626
728 929
728 917
728 581
728 221
728 861
728 613
728 430
728 852
729 854
729 867
729 343
729 456
729 137
729 683
730 639
731 863
731 16
731 508
731 524
731 775
731 88
731 754
731 607
731 465
731 371
731 675
731 651
732 658
732 602
732 164
732 710
732 82
732 243
732 222
732 70
732 848
732 340
732 776
732 423
732 878
732 249
732 201
733 207
733 173
733 129
733 243
733 840
733 903
733 20
733 913
734 856
734 989
734 297
734 859
734 962
734 595
734 924
734 715
734 107
734 455
734 572
734 867
734 207
734 639
734 33
734 342
735 336
735 286
735 809
736 837
736 646
736 374
736 780
736 870
737 292
737 840
737 903
737 178
737 169
737 638
737 201
738 23
738 472
738 245
738 562
739 914
739 801
739 6
739 956
739 844
739 849
739 184
739 323
739 620
740 660
740 38
741 647
741 184
741 475
741 703
741 471
742 125
742 597
742 745
742 518
742 754
742 710
742 234
742 187
742 612
742 889
742 448
742 415
742 696
742 934
744 91
744 570
744 179
744 980
744 115
744 14
744 338
744 402
744 554
744 937
744 274
744 807
744 928
745 292
745 626
745 416
745 207
745 310
745 981
745 482
745 605
745 3
745 662
745 467
745 742
745 4
746 346
746 373
746 243
746 305
746 750
747 545
747 97
747 646
747 764
747 313
747 221
747 968
747 56
747 513
747 161
748 764
748 66
748 150
748 621
748 145
749 441
749 25
749 696
749 318
749 661
749 892
749 407
750 312
750 21
750 807
750 388
750 746
750 100
750 533
750 919
750 8
750 397
751 150
751 913
752 477
752 434
752 183
752 69
752 842
752 888
752 153
753 170
753 237
754 276
754 731
754 742
754 178
754 485
754 4
755 70
755 63
755 918
755 853
756 397
756 778
756 926
756 463
756 834
756 481
756 20
757 193
757 344
757 358
757 918
757 224
757 57
757 932
757 937
757 335
757 425
758 925
758 903
758 328
758 894
758 892
758 493
758 723
758 19
758 133
758 474
758 690
758 622
758 412
758 647
758 430
758 174
758 501
758 471
759 306
759 19
759 642
759 215
759 636
759 983
760 972
761 446
761 991
761 686
761 972
762 989
762 78
762 854
762 522
762 32
762 175
762 255
762 852
763 924
763 970
763 315
763 643
764 65
764 776
764 484
764 748
764 270
764 77
764 173
764 747
764 853
764 352
764 891
764 660
765 970
765 910
765 892
765 899
765 600
765 350
765 189
765 885
766 333
766 652
766 983
766 328
767 928
768 652
768 951
768 146
768 318
769 88
769 421
769 142
770 454
770 830
770 375
770 278
771 865
771 244
771 817
771 382
771 360
771 872
771 272
771 504
771 265
771 924
772 105
772 918
772 978
772 312
772 54
773 210
773 905
773 250
773 254
774 342
774 6
774 404
774 968
774 876
774 398
774 356
774 896
774 891
774 4
775 731
775 47
775 46
775 972
776 764
776 984
776 732
776 830
777 660
777 465
777 250
778 611
778 188
778 863
778 111
778 874
778 412
778 672
778 895
778 343
778 159
778 14
778 636
778 577
778 424
778 756
779 672
779 102
779 571
779 983
779 267
779 45
780 174
780 558
780 736
780 86
780 710
780 939
780 346
780 110
780 573
780 265
780 718
780 918
780 309
780 433
781 504
781 530
781 573
781 400
781 373
781 192
782 134
782 513
783 903
783 221
783 496
784 792
784 668
784 249
784 899
784 354
784 331
784 471
785 869
785 517
785 255
785 611
785 331
786 680
786 865
786 316
786 569
786 31
786 317
786 641
786 269
786 202
786 887
786 650
786 859
786 335
787 268
787 959
787 645
787 87
787 566
787 390
787 511
787 164
787 352
787 270
787 464
787 834
787 364
788 207
788 362
788 31
788 45
789 849
789 851
789 492
789 138
789 400
789 805
789 370
789 595
789 99
789 808
789 150
789 70
789 148
789 269
790 644
790 585
790 603
790 445
790 534
790 940
790 548
790 441
790 590
790 350
790 665
791 675
792 676
792 784
792 456
792 424
792 570
792 916
792 121
792 362
792 479
793 670
793 538
793 655
793 823
793 235
793 719
793 42
793 848
793 859
794 159
794 632
795 21
795 279
795 378
795 556
795 454
795 442
795 281
795 309
795 809
796 387
796 206
796 834
797 246
797 854
797 110
797 192
797 834
797 643
798 807
798 478
798 446
798 267
798 928
798 26
798 7
799 77
799 491
799 406
799 819
799 657
799 530
799 231
800 362
800 860
800 916
800 99
800 934
800 392
800 690
800 433
801 739
801 220
802 276
802 310
803 849
803 73
803 305
803 439
803 955
803 312
803 651
803 178
803 810
803 364
803 974
804 387
804 720
804 878
804 924
804 475
804 430
804 809
804 418
805 789
805 841
805 869
805 918
805 122
807 299
807 5
807 591
807 385
807 321
807 798
807 240
807 979
807 744
807 513
807 750
807 660
807 538
807 613
807 845
808 880
808 13
808 369
808 474
808 637
808 216
808 169
808 371
808 54
808 373
808 566
808 951
808 249
808 789
808 703
808 892
809 21
809 124
809 978
809 446
809 886
809 804
809 735
809 685
809 94
809 868
809 795
809 854
809 8
810 903
810 281
810 834
810 803
810 80
810 62
810 548
810 687
810 199
810 34
810 675
810 954
810 458
811 472
811 417
811 517
811 998
811 682
811 81
811 132
812 210
812 7
812 614
812 665
813 445
813 438
813 864
813 591
813 725
813 371
813 599
813 470
813 713
813 40
813 705
813 880
813 925
813 936
813 331
814 73
814 926
815 431
815 553
815 115
815 589
815 322
815 667
815 395
815 198
815 327
815 908
815 842
815 148
815 817
815 306
815 286
815 230
816 277
816 350
816 678
816 715
816 869
816 249
816 151
816 848
816 597
816 634
816 272
816 34
816 296
816 892
816 199
816 830
816 335
817 392
817 282
817 705
817 690
817 815
817 430
817 470
817 23
817 27
817 652
817 926
817 562
817 771
817 331
818 958
818 517
818 179
819 233
819 464
819 537
819 46
819 799
819 712
820 890
821 432
822 958
822 41
823 793
823 465
823 20
823 517
823 206
823 683
823 8
823 877
823 920
824 837
825 76
825 667
825 961
826 321
826 97
826 299
826 599
826 119
826 206
826 702
826 221
826 904
826 639
826 434
826 271
826 620
826 277
827 97
827 276
827 76
827 67
827 286
827 970
828 609
828 178
829 378
829 970
829 57
829 931
829 420
829 985
829 657
829 31
829 230
829 447
830 566
830 776
830 770
830 886
830 816
830 64
830 347
830 582
830 233
830 869
830 958
830 696
831 468
831 462
831 300
831 103
831 425
831 337
831 954
832 417
832 127
832 157
832 532
832 577
832 375
832 305
833 276
833 945
834 428
834 864
834 344
834 723
834 259
834 676
834 418
834 796
834 323
834 959
834 856
834 538
834 376
834 636
834 846
834 966
834 113
834 797
834 810
834 362
834 926
834 245
834 787
834 756
834 104
835 901
835 12
835 357
835 113
835 503
835 164
835 97
835 47
835 861
835 128
835 711
835 485
835 58
835 682
835 632
835 986
836 353
836 398
836 68
836 607
836 277
837 536
837 824
837 576
837 594
837 736
837 389
837 430
837 452
837 874
837 890
837 332
837 319
837 606
837 274
837 613
837 4
838 726
838 986
838 848
838 711
838 139
838 954
838 170
838 220
838 362
838 69
838 189
838 331
839 126
839 487
839 542
839 962
839 848
839 232
839 655
839 54
839 81
840 560
840 506
840 737
840 928
840 373
840 996
840 670
840 106
840 508
840 459
840 687
840 733
840 164
840 912
840 908
840 931
840 602
840 902
840 335
841 628
841 881
841 629
841 109
841 8
841 642
841 900
841 685
841 805
841 231
841 380
841 627
841 483
841 890
841 310
841 924
841 237
841 146
841 312
841 407
842 457
842 353
842 230
842 815
842 82
842 711
842 752
843 209
843 102
843 672
843 169
843 323
843 870
844 941
844 286
844 739
844 488
844 599
844 679
844 239
844 654
844 99
844 52
844 726
844 126
844 918
844 924
845 634
845 114
845 491
845 949
845 645
845 807
845 527
845 439
845 925
845 894
846 509
846 504
846 926
846 834
846 855
847 911
847 894
847 134
847 57
847 983
848 732
848 319
848 838
848 839
848 793
848 816
848 936
848 425
849 15
849 569
849 203
849 384
849 317
849 182
849 739
849 789
849 84
849 803
849 852
850 377
850 471
851 789
851 387
851 56
852 637
852 117
852 320
852 587
852 509
852 331
852 728
852 762
852 6
852 849
852 288
852 918
852 286
852 433
853 229
853 480
853 362
853 864
853 430
853 83
853 764
853 755
853 893
853 137
853 513
853 637
853 861
854 729
854 992
854 239
854 696
854 257
854 700
854 809
854 797
854 366
854 762
854 993
855 951
855 705
855 433
855 846
855 568
856 448
856 914
856 486
856 358
856 723
856 210
856 895
856 834
856 734
857 602
857 630
857 231
857 528
858 319
858 637
859 574
859 84
859 501
859 669
859 793
859 966
859 224
859 190
859 450
859 786
859 233
859 716
859 595
859 83
859 67
859 734
860 238
860 800
860 927
860 538
860 651
861 880
861 853
861 835
861 622
861 927
861 138
861 728
861 618
861 647
861 354
862 432
862 562
862 340
862 269
862 407
863 950
863 426
863 412
863 731
863 778
863 319
863 184
863 137
864 240
864 367
864 109
864 957
864 813
864 656
864 496
864 853
864 834
864 675
864 38
864 714
865 786
865 574
865 869
865 128
865 711
865 683
865 330
865 771
866 569
866 556
867 729
867 734
867 305
867 279
867 111
867 482
867 595
867 894
867 178
867 148
867 989
867 399
867 528
867 632
868 809
869 785
869 431
869 324
869 134
869 489
869 805
869 994
869 921
869 830
869 944
869 865
869 255
869 45
869 816
870 636
870 736
870 590
870 314
870 40
870 529
870 843
870 384
870 361
870 585
870 173
870 474
870 370
870 588
870 448
870 20
870 993
870 965
870 982
871 578
871 176
871 874
871 412
871 326
871 73
871 257
871 891
871 346
871 410
872 380
872 220
872 661
872 315
872 771
873 84
874 837
874 47
874 871
874 778
874 128
874 970
875 945
875 255
875 146
875 703
876 255
876 937
876 975
876 774
877 975
877 557
877 270
877 988
877 347
877 987
877 823
877 201
877 612
877 686
878 426
878 949
878 922
878 447
878 732
878 978
878 804
878 552
878 599
878 339
878 615
878 436
878 902
878 88
878 880
878 377
878 314
878 331
879 673
879 647
879 254
879 144
879 926
879 332
880 140
880 878
880 134
880 536
880 333
880 45
880 609
880 813
880 58
880 240
880 90
880 6
880 808
880 861
880 370
881 576
881 504
881 841
881 637
881 435
881 924
881 101
881 369
883 690
884 296
884 402
885 463
885 765
885 889
885 26
885 886
886 448
886 236
886 74
886 323
886 670
886 570
886 971
886 537
886 353
886 809
886 830
886 885
887 512
887 144
887 786
887 712
887 433
887 474
888 668
888 370
888 752
888 427
889 673
889 742
889 602
889 448
889 155
889 913
889 683
889 885
890 560
890 183
890 591
890 3
890 110
890 820
890 837
890 449
890 841
890 1
890 376
890 222
890 704
890 446
891 406
891 456
891 115
891 579
891 679
891 774
891 764
891 333
891 871
891 249
891 392
891 39
891 961
891 425
892 57
892 111
892 765
892 150
892 329
892 426
892 816
892 666
892 576
892 808
892 284
892 977
892 749
892 927
892 758
893 276
893 578
893 88
893 373
893 241
893 897
893 59
893 391
893 158
893 660
893 6
893 281
893 853
893 155
893 330
893 255
894 266
894 691
894 340
894 867
894 927
894 140
894 464
894 847
894 353
894 845
894 419
894 975
894 986
894 758
895 856
895 647
895 725
895 48
895 220
895 433
895 609
895 778
895 600
895 624
896 36
896 102
896 633
896 902
896 683
896 774
897 915
897 893
897 58
897 433
897 643
897 425
897 972
898 83
898 481
898 667
898 250
899 765
899 198
899 907
899 226
899 138
899 784
899 336
899 174
899 286
900 841
900 233
900 373
901 516
901 911
901 407
901 554
901 284
901 568
901 127
901 835
901 343
901 475
901 446
901 614
901 8
902 377
902 432
902 57
902 164
902 65
902 647
902 588
902 161
902 30
902 585
902 418
902 840
902 497
902 896
902 574
902 66
902 637
902 878
902 237
903 517
903 930
903 70
903 580
903 308
903 733
903 737
903 146
903 384
903 93
903 535
903 783
903 295
903 448
903 341
903 445
903 223
903 444
903 810
903 953
903 206
903 758
904 138
904 319
904 945
904 699
904 826
904 975
904 187
904 526
904 521
904 295
904 573
904 537
904 399
905 773
905 946
905 476
905 919
905 720
905 25
905 349
905 144
905 652
905 485
906 9
906 517
906 184
906 991
906 455
906 277
907 701
907 899
908 840
908 815
908 58
909 144
909 374
910 625
910 299
910 468
910 765
910 406
910 961
910 607
910 476
910 373
910 184
910 933
910 42
910 68
911 847
911 283
911 190
911 467
911 109
911 718
911 392
911 901
911 531
911 920
912 840
912 978
912 983
913 290
913 889
913 79
913 974
913 733
913 109
913 556
913 9
913 751
913 550
913 102
913 934
913 530
914 375
914 284
914 856
914 496
914 739
914 993
914 269
915 181
915 545
915 431
915 897
915 275
915 663
915 604
915 1000
915 944
915 264
915 145
915 255
916 170
916 800
916 792
917 123
917 671
917 478
917 135
917 628
917 320
917 597
917 450
917 724
917 10
917 1000
917 72
917 932
917 514
917 236
917 696
917 978
917 129
917 239
917 728
917 630
918 852
918 844
918 780
918 438
918 349
918 755
918 317
918 378
918 109
918 772
918 297
918 94
918 805
918 719
918 430
918 946
918 691
918 128
918 757
918 82
918 265
918 651
919 701
919 707
919 750
919 105
919 905
920 640
920 637
920 614
920 139
920 911
920 212
920 499
920 823
920 722
920 101
920 712
920 690
920 643
921 869
921 128
921 711
921 110
922 878
922 456
922 72
923 435
923 370
923 434
923 447
924 410
924 844
924 444
924 881
924 763
924 841
924 510
924 640
924 707
924 543
924 232
924 804
924 771
924 637
924 69
924 734
925 432
925 590
925 230
925 447
925 264
925 63
925 813
925 491
925 255
925 689
925 419
925 687
925 75
925 572
925 970
925 124
925 105
925 758
925 269
925 845
926 879
926 817
926 369
926 983
926 814
926 164
926 620
926 846
926 539
926 501
926 107
926 834
926 565
926 11
926 262
926 562
926 756
926 528
927 530
927 892
927 6
927 413
927 327
927 860
927 425
927 539
927 894
927 861
927 974
928 767
928 744
928 419
928 798
928 694
928 112
928 142
928 840
928 530
928 161
928 965
929 728
929 169
929 497
930 903
930 934
930 620
931 840
931 565
931 377
931 675
931 41
931 829
931 986
932 202
932 597
932 369
932 701
932 437
932 263
932 757
932 917
932 623
933 432
933 701
933 910
934 482
934 498
934 125
934 211
934 930
934 913
934 800
934 642
934 58
934 666
934 742
934 263
935 472
935 624
935 682
936 706
936 813
936 199
936 848
936 661
936 619
936 422
936 104
936 405
936 688
936 701
936 376
936 961
937 262
937 744
937 416
937 377
937 876
937 574
937 514
937 230
937 57
937 420
937 683
937 571
937 556
937 508
937 228
937 696
937 757
938 56
938 574
938 630
938 983
938 655
938 318
938 142
939 246
939 399
939 780
940 790
940 672
940 655
940 91
940 568
941 844
941 310
941 396
941 55
942 379
942 383
942 350
942 348
942 462
942 968
942 129
942 117
942 339
942 206
942 278
943 70
944 210
944 968
944 331
944 356
944 62
944 915
944 869
944 958
944 145
945 95
945 875
945 594
945 479
945 374
945 655
945 679
945 523
945 715
945 125
945 833
945 904
945 990
945 573
945 335
945 161
946 673
946 905
946 918
946 377
946 104
947 25
948 159
948 284
949 878
949 353
949 266
949 696
949 845
950 863
950 133
950 392
950 124
950 309
951 768
951 159
951 148
951 183
951 482
951 698
951 405
951 513
951 238
951 292
951 170
951 855
951 808
951 982
952 588
952 421
953 225
953 499
953 580
953 609
953 269
953 634
953 413
953 519
953 83
953 903
953 362
953 517
953 199
953 448
954 396
954 988
954 831
954 532
954 176
954 259
954 707
954 356
954 810
954 327
954 18
954 624
954 838
954 711
954 683
954 146
954 972
955 722
955 128
955 606
955 803
955 981
955 335
955 531
956 609
956 159
956 739
956 427
957 864
957 655
958 537
958 818
958 944
958 822
958 475
958 830
958 329
958 82
958 26
959 596
959 709
959 979
959 690
959 712
959 189
959 710
959 214
959 994
959 490
959 533
959 583
959 787
959 281
959 834
960 375
960 275
960 675
961 174
961 936
961 995
961 565
961 470
961 973
961 236
961 563
961 825
961 891
961 262
961 281
961 910
961 6
962 263
962 499
962 227
962 311
962 707
962 455
962 615
962 969
962 839
962 570
962 432
962 328
962 734
962 620
963 498
963 368
963 402
964 498
964 990
964 690
964 179
964 658
964 643
965 115
965 5
965 928
965 870
965 705
965 75
965 352
966 859
966 254
966 25
966 834
967 526
968 457
968 305
968 747
968 131
968 687
968 29
968 363
968 673
968 436
968 571
968 942
968 944
968 774
969 475
969 573
969 962
969 703
970 925
970 765
970 763
970 99
970 74
970 218
970 372
970 161
970 149
970 827
970 874
970 614
970 532
970 63
970 602
970 668
970 45
970 829
970 656
971 886
972 408
972 629
972 775
972 323
972 897
972 615
972 403
972 761
972 760
972 677
972 954
972 374
972 254
972 37
972 513
973 397
973 961
974 927
974 997
974 408
974 984
974 554
974 803
974 209
974 196
974 302
974 448
974 239
974 913
975 137
975 93
975 359
975 876
975 298
975 500
975 904
975 655
975 201
975 661
975 894
975 364
975 877
977 243
977 519
977 892
978 368
978 912
978 551
978 772
978 475
978 998
978 237
978 288
978 878
978 809
978 917
979 210
979 807
979 959
979 174
979 26
980 536
980 744
981 657
981 955
981 282
981 658
981 578
981 636
981 135
981 348
981 584
981 70
981 284
981 392
981 745
981 369
981 54
982 616
982 951
982 682
982 650
982 504
982 515
982 3
982 471
982 412
982 870
982 274
982 655
983 707
983 77
983 912
983 204
983 614
983 251
983 766
983 517
983 779
983 938
983 759
983 847
983 333
983 926
983 639
983 568
983 556
984 294
984 435
984 411
984 992
984 575
984 498
984 776
984 523
984 306
984 93
984 714
984 159
984 343
984 637
984 974
985 672
985 630
985 182
985 570
985 829
986 171
986 638
986 690
986 931
986 835
986 60
986 672
986 451
986 392
986 838
986 894
987 565
987 69
987 377
987 447
987 877
987 418
987 608
988 512
988 148
988 660
988 201
988 954
988 877
989 5
989 360
989 175
989 50
989 867
989 185
989 615
989 762
989 31
989 323
989 734
989 19
990 293
990 585
990 964
990 420
990 945
990 240
990 677
990 490
990 9
990 125
990 43
990 379
990 284
990 637
990 54
991 644
991 761
991 335
991 292
991 187
991 906
991 227
991 366
991 519
992 854
992 984
992 538
992 377
993 428
993 870
993 854
993 412
993 914
993 43
993 21
993 597
993 265
993 656
993 239
994 532
994 869
994 652
994 214
994 959
994 277
995 82
995 961
996 840
996 231
996 562
996 485
996 110
996 48
997 129
997 52
997 611
997 974
998 558
998 666
998 114
998 811
998 695
998 570
998 606
998 155
998 690
998 564
998 568
998 978
998 4
998 623
999 239
999 323
1000 915
1000 246
1000 917
