1 81
1 541
1 218
1 524
1 485
1 419
1 508
1 565
1 169
1 243
1 33
1 207
1 242
1 499
1 84
1 158
1 203
1 261
1 279
1 291
1 391
1 434
1 443
1 458
1 475
1 555
2 209
2 256
2 422
2 384
2 101
2 386
2 315
2 227
2 478
2 511
2 367
2 319
2 48
2 109
2 151
2 219
2 235
2 248
2 370
2 453
3 525
3 452
3 54
3 23
3 279
3 598
3 251
3 153
3 184
3 199
3 242
3 270
3 356
3 382
3 399
3 413
3 581
3 593
4 220
4 92
4 103
4 178
4 274
4 593
5 31
5 8
5 429
5 305
5 529
5 15
5 33
5 62
5 72
5 194
5 350
5 377
5 454
5 575
6 97
6 499
6 344
6 570
6 419
6 540
6 393
6 327
6 477
6 547
6 122
6 10
6 19
6 32
6 91
6 113
6 153
6 170
6 428
6 463
6 544
6 563
7 57
7 326
7 452
7 120
7 236
7 396
7 475
7 147
7 566
7 226
7 154
7 435
7 319
7 46
7 174
7 292
7 341
7 534
8 220
8 5
8 83
8 86
8 100
8 214
8 299
8 335
8 410
8 430
8 464
8 537
8 538
8 586
9 503
9 508
9 412
9 415
9 189
9 443
9 12
9 330
9 271
9 476
9 40
9 289
9 238
9 239
9 247
9 367
9 390
9 432
9 448
10 219
10 388
10 6
10 427
10 29
10 41
10 46
10 59
10 87
10 378
10 464
10 509
11 308
11 75
11 71
11 247
11 574
11 261
11 398
11 130
11 39
11 334
11 27
11 16
11 117
11 253
11 465
12 367
12 583
12 572
12 35
12 470
12 178
12 350
12 176
12 552
12 230
12 9
12 17
12 51
12 101
12 152
12 160
12 179
12 192
12 268
12 410
12 414
12 458
12 487
12 498
12 566
12 568
13 195
13 329
13 45
13 343
13 438
13 88
13 126
13 305
13 250
13 81
13 166
13 228
13 236
13 276
13 513
14 163
14 42
14 51
14 90
14 102
14 139
14 251
14 292
14 356
14 478
15 439
15 118
15 477
15 143
15 69
15 78
15 355
15 431
15 565
15 5
15 171
15 182
15 211
15 275
16 129
16 455
16 420
16 72
16 372
16 465
16 134
16 11
16 519
16 51
16 86
16 272
16 500
16 512
16 518
16 591
17 369
17 141
17 478
17 499
17 383
17 57
17 182
17 551
17 537
17 12
17 109
17 126
17 131
17 225
17 256
17 365
17 445
17 465
18 107
18 340
18 430
18 358
18 263
18 48
18 133
18 199
18 200
18 229
18 355
18 471
18 555
19 121
19 219
19 299
19 56
19 285
19 201
19 71
19 409
19 593
19 6
19 494
19 439
19 521
19 426
19 112
19 124
19 158
19 197
19 349
19 388
19 418
19 419
19 455
19 475
19 499
20 174
20 95
20 231
20 513
20 198
20 246
20 151
20 180
20 546
20 53
20 154
20 214
20 262
20 364
20 411
20 439
20 441
20 451
20 457
20 463
20 483
20 544
21 438
21 556
21 461
21 283
21 228
21 522
21 141
21 288
21 391
21 414
21 92
21 23
21 37
21 90
21 125
21 244
21 266
21 565
22 185
22 157
22 338
22 460
22 519
22 424
22 246
22 27
22 117
22 266
22 406
22 147
22 466
22 391
22 50
22 86
22 146
22 296
22 310
22 317
22 453
22 487
22 552
22 562
22 596
23 437
23 21
23 3
23 176
23 201
23 299
23 341
23 412
23 470
23 475
23 477
23 484
23 549
23 552
23 574
24 92
24 140
24 401
24 124
24 101
24 550
24 202
24 413
24 46
24 391
24 426
24 548
25 257
25 442
25 200
25 174
25 524
25 145
25 421
25 505
25 520
26 122
26 412
26 109
26 343
26 445
26 304
26 163
26 28
26 93
26 101
26 187
26 222
26 268
26 315
26 465
26 497
26 516
27 543
27 411
27 331
27 480
27 11
27 22
27 47
27 55
27 67
27 209
27 216
27 264
27 351
27 413
27 527
27 530
28 205
28 91
28 199
28 540
28 398
28 32
28 349
28 460
28 26
28 369
28 266
28 134
28 151
28 239
28 351
28 377
29 273
29 555
29 395
29 455
29 503
29 364
29 235
29 255
29 68
29 167
29 498
29 10
29 98
29 102
29 223
29 234
29 247
29 281
29 342
29 484
29 499
29 543
30 488
30 216
30 69
30 442
30 523
30 391
30 519
30 34
30 474
30 38
30 158
30 118
30 281
30 299
30 314
30 350
30 405
30 415
30 447
30 541
31 144
31 201
31 371
31 479
31 159
31 194
31 5
31 42
31 63
31 90
31 167
31 186
31 260
31 388
31 454
31 513
32 6
32 350
32 67
32 313
32 289
32 74
32 368
32 28
32 80
32 270
32 287
32 449
32 462
33 600
33 41
33 263
33 515
33 5
33 465
33 42
33 556
33 271
33 189
33 173
33 1
33 43
33 124
33 214
33 247
33 326
33 388
33 482
33 516
34 52
34 592
34 161
34 404
34 53
34 205
34 332
34 245
34 36
34 126
34 452
34 465
34 398
34 163
34 243
34 211
34 492
34 30
34 182
34 219
34 293
34 305
34 336
35 277
35 194
35 162
35 240
35 285
35 68
35 566
35 12
35 62
35 150
35 167
35 349
35 412
35 503
36 217
36 124
36 519
36 596
36 287
36 348
36 547
36 423
36 50
36 279
36 34
36 66
36 229
36 266
36 339
36 364
36 407
36 486
36 592
37 51
37 355
37 119
37 584
37 21
37 151
37 415
37 357
37 44
37 353
37 434
37 254
37 214
37 367
37 67
37 89
37 199
37 289
37 320
37 339
37 498
37 504
37 511
37 533
37 538
37 568
38 369
38 208
38 64
38 62
38 140
38 30
38 78
38 92
38 111
38 145
38 188
38 193
38 223
38 283
38 340
38 348
38 534
39 79
39 549
39 595
39 586
39 188
39 541
39 11
39 64
39 103
39 289
39 304
39 325
39 340
39 348
39 394
39 520
40 191
40 296
40 68
40 404
40 280
40 339
40 9
40 72
40 97
40 102
40 182
40 228
40 251
40 326
40 480
40 512
40 517
41 10
41 327
41 468
41 80
41 88
41 49
41 238
41 347
41 560
41 441
41 322
41 33
41 286
41 353
41 371
41 394
41 414
41 559
41 576
42 246
42 96
42 124
42 229
42 476
42 130
42 204
42 449
42 31
42 379
42 14
42 33
42 148
42 152
42 242
42 330
42 368
42 455
43 94
43 417
43 262
43 530
43 464
43 354
43 33
43 338
43 240
43 536
43 233
43 132
43 241
43 392
43 454
43 456
43 503
43 562
44 560
44 545
44 303
44 171
44 230
44 37
44 278
44 325
44 393
44 461
44 479
44 591
45 341
45 65
45 13
45 72
45 101
45 256
45 515
45 570
46 517
46 270
46 182
46 384
46 82
46 379
46 164
46 308
46 230
46 106
46 24
46 227
46 488
46 10
46 7
46 502
46 257
46 420
46 366
46 480
46 101
46 131
46 282
46 286
46 317
46 414
46 453
46 528
46 594
47 81
47 444
47 314
47 273
47 417
47 180
47 236
47 94
47 79
47 382
47 27
47 599
47 572
47 484
47 73
47 266
47 268
47 315
47 351
47 377
47 441
47 545
47 549
47 595
48 2
48 170
48 398
48 553
48 101
48 574
48 465
48 523
48 434
48 448
48 156
48 348
48 18
48 64
48 162
48 205
48 418
48 456
48 524
48 570
49 534
49 65
49 213
49 529
49 509
49 539
49 41
49 121
49 272
49 278
49 295
49 499
49 525
49 550
49 575
50 164
50 221
50 302
50 430
50 142
50 203
50 115
50 201
50 22
50 474
50 572
50 394
50 286
50 36
50 57
50 60
50 93
50 261
50 351
50 355
50 382
50 575
51 277
51 343
51 564
51 433
51 62
51 91
51 345
51 523
51 16
51 123
51 12
51 308
51 14
51 537
51 248
51 95
51 111
51 37
51 70
51 145
51 147
51 162
51 310
51 452
51 479
51 484
51 498
52 434
52 501
52 177
52 581
52 470
52 34
52 60
52 77
52 117
52 213
52 414
52 440
52 482
52 497
52 527
53 280
53 439
53 222
53 20
53 558
53 434
53 143
53 430
53 256
53 69
53 476
53 465
53 62
53 374
53 34
53 96
53 101
53 207
53 247
53 328
53 441
53 490
53 517
53 518
53 521
54 281
54 389
54 552
54 297
54 369
54 467
54 521
54 3
54 202
54 247
54 343
54 382
54 425
54 487
54 509
54 563
55 243
55 384
55 461
55 204
55 27
55 519
55 93
55 214
55 350
55 376
55 412
55 413
55 434
55 439
55 482
55 538
56 113
56 555
56 170
56 238
56 532
56 195
56 304
56 564
56 80
56 19
56 126
56 363
56 427
56 570
57 199
57 247
57 50
57 384
57 589
57 146
57 257
57 162
57 7
57 17
57 138
57 310
57 312
57 380
57 392
57 491
57 504
57 505
57 517
57 577
58 546
58 465
58 406
58 87
58 355
58 72
58 120
58 131
58 176
58 227
58 341
58 411
58 528
59 548
59 393
59 352
59 289
59 536
59 10
59 385
59 354
59 458
59 81
59 116
59 140
59 268
59 280
59 321
59 357
59 362
59 487
59 510
59 530
60 77
60 470
60 570
60 238
60 473
60 460
60 117
60 417
60 546
60 418
60 52
60 510
60 136
60 497
60 434
60 443
60 62
60 50
60 144
60 189
60 377
60 384
60 396
60 415
60 433
60 528
60 547
60 592
61 440
61 415
61 528
61 483
61 280
61 432
61 312
61 143
61 273
61 162
61 226
61 301
61 341
61 345
61 467
61 519
61 557
62 592
62 158
62 576
62 509
62 82
62 390
62 5
62 351
62 35
62 534
62 38
62 51
62 53
62 60
62 180
62 223
62 279
62 369
62 457
62 579
63 299
63 341
63 31
63 95
63 182
63 446
63 508
63 160
63 67
63 158
63 232
63 423
63 539
63 544
63 569
64 344
64 184
64 39
64 308
64 166
64 86
64 528
64 563
64 48
64 183
64 350
64 369
64 243
64 302
64 72
64 38
64 110
64 117
64 127
64 246
64 250
64 377
64 411
64 434
64 542
64 564
64 592
65 353
65 191
65 579
65 224
65 200
65 125
65 456
65 231
65 45
65 49
65 120
65 122
65 148
65 220
65 348
65 403
65 502
65 543
65 570
65 581
66 203
66 137
66 139
66 36
66 166
66 277
66 110
66 123
66 286
66 586
66 86
66 102
66 163
66 207
66 264
66 301
66 410
66 435
66 454
66 493
66 554
67 191
67 69
67 63
67 144
67 287
67 27
67 487
67 295
67 272
67 405
67 162
67 125
67 333
67 347
67 32
67 37
67 103
67 190
67 220
67 332
67 420
67 427
67 439
67 458
67 464
67 553
67 596
68 219
68 373
68 322
68 92
68 549
68 524
68 490
68 403
68 29
68 35
68 40
68 89
68 107
68 146
68 256
68 363
68 456
68 488
68 498
69 315
69 235
69 110
69 393
69 514
69 124
69 542
69 450
69 528
69 403
69 429
69 15
69 30
69 53
69 67
69 125
69 135
69 179
69 208
69 318
69 335
69 387
69 423
69 449
70 191
70 396
70 71
70 208
70 275
70 267
70 514
70 51
70 293
70 401
70 315
70 376
70 279
70 161
70 179
70 388
70 501
70 525
71 207
71 426
71 260
71 564
71 336
71 425
71 432
71 445
71 256
71 121
71 11
71 19
71 70
71 93
71 269
71 305
71 315
71 451
72 45
72 408
72 419
72 58
72 5
72 228
72 283
72 510
72 40
72 16
72 64
72 82
72 97
72 187
72 199
72 212
72 304
72 306
72 335
72 380
72 495
73 406
73 504
73 395
73 326
73 421
73 316
73 355
73 79
73 47
73 164
73 217
73 284
73 382
73 394
73 432
73 438
73 449
74 436
74 481
74 364
74 278
74 505
74 572
74 441
74 241
74 566
74 32
74 112
74 485
74 568
74 599
75 377
75 254
75 195
75 327
75 207
75 100
75 371
75 258
75 11
75 85
75 102
75 337
75 384
75 450
75 458
75 461
76 240
76 565
76 218
76 492
76 334
76 155
76 393
76 538
76 87
76 189
76 200
76 302
76 315
76 529
77 153
77 52
77 337
77 248
77 247
77 348
77 594
77 60
77 265
77 374
77 530
77 562
78 38
78 182
78 248
78 495
78 460
78 216
78 255
78 360
78 264
78 291
78 280
78 446
78 15
78 287
78 295
78 390
78 431
78 435
78 505
78 522
78 551
78 563
79 173
79 416
79 431
79 346
79 316
79 566
79 186
79 272
79 545
79 103
79 97
79 39
79 47
79 73
79 169
79 208
79 357
79 447
79 467
80 544
80 445
80 32
80 41
80 56
80 124
80 260
80 278
80 336
80 346
80 389
80 455
81 109
81 129
81 111
81 556
81 13
81 168
81 452
81 198
81 59
81 235
81 141
81 390
81 1
81 47
81 227
81 555
81 593
82 249
82 468
82 596
82 72
82 491
82 179
82 46
82 62
82 159
82 166
82 241
82 287
82 450
83 110
83 231
83 8
83 333
83 486
83 203
83 310
83 222
83 309
83 321
83 481
83 514
83 520
83 568
84 427
84 597
84 1
84 126
84 532
84 119
84 114
84 133
84 181
84 187
84 295
84 308
84 326
84 386
84 428
84 432
84 434
84 471
84 495
84 496
84 517
84 546
85 322
85 239
85 589
85 75
85 380
85 384
85 390
85 583
85 140
85 514
85 165
85 87
85 565
85 136
85 153
85 180
85 244
85 535
86 16
86 22
86 579
86 66
86 380
86 8
86 455
86 235
86 234
86 64
86 432
87 76
87 561
87 119
87 562
87 359
87 309
87 131
87 395
87 232
87 488
87 368
87 10
87 58
87 85
87 218
87 231
87 305
87 324
87 348
87 417
87 490
88 392
88 477
88 472
88 13
88 41
88 193
88 260
88 410
88 467
88 528
89 97
89 270
89 455
89 577
89 274
89 311
89 558
89 547
89 68
89 37
89 202
89 200
89 226
89 378
89 425
89 467
89 481
89 483
90 174
90 118
90 14
90 379
90 21
90 31
90 376
90 448
90 204
90 144
90 558
90 104
90 240
90 249
90 270
90 352
90 356
90 410
90 417
90 521
90 548
91 298
91 507
91 501
91 339
91 6
91 415
91 318
91 419
91 97
91 250
91 28
91 51
91 137
91 240
91 245
91 266
91 293
91 295
91 493
92 317
92 314
92 38
92 353
92 4
92 21
92 24
92 68
92 117
92 143
92 244
92 280
92 319
92 357
92 365
92 401
92 481
92 573
92 595
93 231
93 71
93 572
93 442
93 299
93 333
93 261
93 460
93 226
93 595
93 207
93 396
93 466
93 98
93 50
93 519
93 203
93 55
93 230
93 26
93 149
93 240
93 385
93 431
93 481
93 533
93 596
94 392
94 241
94 567
94 479
94 172
94 381
94 505
94 164
94 552
94 422
94 191
94 531
94 43
94 47
94 118
94 122
94 128
94 134
94 144
94 318
94 551
94 559
95 306
95 421
95 114
95 322
95 459
95 209
95 121
95 20
95 51
95 63
95 140
95 174
95 188
95 219
95 271
95 292
95 321
95 415
96 431
96 53
96 386
96 188
96 264
96 476
96 286
96 417
96 304
96 216
96 444
96 489
96 42
96 187
96 219
96 229
96 318
96 463
96 487
96 507
96 513
96 515
96 525
96 540
97 316
97 385
97 233
97 40
97 522
97 72
97 232
97 416
97 230
97 583
97 440
97 436
97 6
97 79
97 89
97 91
97 98
97 129
97 181
97 251
97 255
97 282
97 311
97 399
97 413
97 497
97 568
98 461
98 471
98 327
98 346
98 29
98 484
98 97
98 93
98 125
98 239
98 282
98 322
98 342
98 418
98 435
98 447
98 454
98 478
98 536
98 553
98 578
99 123
99 379
99 530
99 563
99 550
99 531
99 122
99 111
99 156
99 294
99 365
99 434
99 469
99 523
99 569
99 597
100 496
100 210
100 580
100 550
100 599
100 163
100 8
100 140
100 75
100 320
100 365
100 430
100 508
100 540
100 582
100 588
101 174
101 271
101 45
101 46
101 336
101 53
101 12
101 26
101 386
101 109
101 2
101 24
101 48
101 164
101 213
101 214
101 219
101 242
101 244
101 331
101 372
102 511
102 14
102 278
102 75
102 275
102 40
102 66
102 563
102 475
102 29
102 237
102 375
102 435
102 168
102 233
102 280
102 314
102 331
102 364
102 459
102 503
103 455
103 39
103 67
103 308
103 4
103 273
103 79
103 252
103 280
103 330
103 344
103 553
104 507
104 90
104 552
104 246
104 330
104 282
104 352
105 327
105 127
105 384
105 170
105 161
105 387
105 311
105 544
105 572
105 108
105 193
105 304
105 382
105 426
105 432
105 520
105 568
105 592
106 572
106 485
106 174
106 236
106 46
106 291
106 330
106 341
106 425
106 457
106 564
107 286
107 370
107 68
107 215
107 279
107 266
107 114
107 504
107 274
107 397
107 18
107 149
107 409
107 439
107 569
108 118
108 372
108 490
108 317
108 253
108 566
108 150
108 244
108 545
108 213
108 105
108 116
108 119
108 122
108 195
108 298
108 438
108 493
108 550
109 396
109 523
109 17
109 503
109 168
109 241
109 279
109 2
109 200
109 255
109 365
109 26
109 81
109 101
109 122
109 269
109 565
110 64
110 327
110 445
110 480
110 143
110 411
110 453
110 463
110 144
110 451
110 500
110 66
110 69
110 83
110 257
110 366
110 439
110 482
110 545
110 583
111 161
111 99
111 131
111 374
111 38
111 325
111 51
111 81
111 143
111 154
111 206
111 240
111 284
111 378
111 437
111 514
112 19
112 555
112 489
112 465
112 357
112 139
112 320
112 316
112 435
112 167
112 133
112 74
112 590
112 262
112 135
112 214
112 220
112 293
112 341
112 424
113 6
113 314
113 56
113 119
113 159
113 315
113 400
113 544
114 401
114 197
114 521
114 476
114 320
114 84
114 95
114 107
114 156
114 209
114 219
114 255
114 399
114 456
114 467
114 498
114 546
115 398
115 191
115 50
115 123
115 211
115 261
115 306
115 349
115 400
115 408
115 513
115 564
116 468
116 59
116 268
116 108
116 156
116 316
116 338
116 149
116 433
116 248
116 341
116 381
116 392
116 393
116 425
116 456
116 564
117 326
117 396
117 11
117 143
117 52
117 92
117 356
117 265
117 316
117 385
117 64
117 22
117 60
117 141
117 193
117 284
117 325
117 328
117 341
117 390
117 412
117 517
117 527
117 564
118 294
118 586
118 490
118 372
118 255
118 143
118 360
118 94
118 381
118 30
118 523
118 292
118 15
118 90
118 108
118 155
118 166
118 205
118 287
118 351
118 371
118 413
119 273
119 358
119 108
119 466
119 395
119 499
119 285
119 149
119 520
119 524
119 464
119 422
119 113
119 37
119 84
119 87
119 291
119 305
119 346
119 362
119 460
120 240
120 172
120 58
120 203
120 65
120 289
120 7
120 134
120 199
120 204
120 251
120 256
120 274
120 498
120 564
121 427
121 412
121 383
121 470
121 521
121 200
121 431
121 522
121 297
121 159
121 229
121 306
121 496
121 177
121 49
121 255
121 454
121 19
121 71
121 95
121 275
121 283
121 568
122 317
122 599
122 422
122 202
122 397
122 558
122 240
122 505
122 142
122 94
122 278
122 497
122 264
122 400
122 65
122 109
122 499
122 108
122 172
122 414
122 6
122 26
122 99
122 145
122 168
122 210
122 294
122 413
122 428
122 473
122 478
122 511
122 518
122 531
122 547
122 588
123 407
123 561
123 478
123 196
123 205
123 211
123 403
123 172
123 150
123 215
123 115
123 178
123 562
123 251
123 282
123 51
123 66
123 99
123 176
123 291
123 297
123 368
123 431
124 385
124 19
124 411
124 339
124 442
124 33
124 267
124 178
124 272
124 80
124 24
124 36
124 42
124 69
124 225
124 251
124 541
125 400
125 289
125 261
125 438
125 69
125 211
125 431
125 391
125 21
125 514
125 98
125 65
125 67
125 188
125 219
125 244
125 392
125 527
125 565
126 197
126 207
126 462
126 224
126 17
126 56
126 482
126 13
126 34
126 84
126 145
126 247
126 251
126 393
126 500
126 532
126 543
126 569
127 326
127 407
127 585
127 353
127 355
127 319
127 293
127 486
127 348
127 465
127 491
127 563
127 140
127 184
127 199
127 132
127 235
127 472
127 64
127 105
127 134
127 192
127 202
127 206
127 324
127 363
127 415
127 507
127 549
128 567
128 490
128 373
128 508
128 173
128 531
128 476
128 94
128 317
128 493
128 525
128 196
128 287
128 330
128 354
128 591
129 210
129 319
129 545
129 434
129 303
129 282
129 533
129 97
129 468
129 16
129 81
129 197
129 344
129 370
129 418
129 430
129 552
129 574
130 258
130 521
130 475
130 277
130 333
130 454
130 214
130 495
130 429
130 340
130 11
130 42
130 163
130 418
130 451
130 513
131 46
131 544
131 266
131 17
131 477
131 58
131 579
131 87
131 111
131 312
131 342
131 359
131 368
131 382
131 500
131 519
131 597
132 516
132 189
132 43
132 290
132 506
132 525
132 215
132 127
132 221
132 333
132 354
132 368
132 369
132 473
133 231
133 18
133 323
133 207
133 208
133 84
133 564
133 112
133 199
133 214
133 267
133 306
133 382
133 399
133 452
133 486
133 517
133 582
134 169
134 510
134 127
134 477
134 28
134 94
134 120
134 16
134 187
134 430
134 471
134 583
135 480
135 180
135 441
135 240
135 112
135 138
135 458
135 488
135 69
135 465
135 349
135 502
135 232
135 151
135 312
135 422
135 435
135 470
135 479
136 85
136 496
136 555
136 60
136 165
136 247
136 276
136 320
136 483
137 387
137 523
137 91
137 388
137 331
137 158
137 332
137 148
137 545
137 66
137 159
137 201
137 264
137 309
137 324
137 336
137 456
137 547
138 572
138 228
138 312
138 57
138 425
138 546
138 135
138 181
138 202
138 257
138 456
138 459
138 470
138 492
138 560
138 566
138 600
139 228
139 236
139 558
139 553
139 14
139 596
139 245
139 357
139 183
139 66
139 112
139 330
139 348
139 415
139 444
139 484
139 486
139 541
140 592
140 59
140 443
140 406
140 529
140 95
140 577
140 376
140 431
140 24
140 38
140 85
140 100
140 127
140 149
140 310
140 367
140 413
141 242
141 367
141 595
141 540
141 117
141 17
141 21
141 81
141 149
141 236
141 288
141 432
141 506
141 560
142 590
142 230
142 244
142 489
142 262
142 50
142 122
142 208
142 256
142 313
142 501
142 503
142 596
143 485
143 192
143 259
143 303
143 235
143 354
143 111
143 245
143 330
143 92
143 15
143 53
143 61
143 110
143 117
143 118
143 148
143 442
143 488
143 544
144 60
144 452
144 256
144 583
144 580
144 584
144 94
144 31
144 67
144 90
144 110
144 176
144 243
144 255
144 278
144 300
144 378
144 379
144 380
144 547
145 473
145 122
145 210
145 25
145 180
145 126
145 38
145 51
145 454
145 583
145 515
145 298
145 315
145 322
145 384
145 421
145 568
146 267
146 68
146 22
146 196
146 383
146 57
146 209
146 389
147 394
147 453
147 161
147 213
147 51
147 325
147 7
147 22
147 191
147 208
147 220
147 223
147 463
147 512
147 564
148 259
148 285
148 143
148 42
148 333
148 332
148 168
148 65
148 137
148 263
148 287
149 455
149 305
149 361
149 141
149 256
149 140
149 350
149 93
149 107
149 446
149 336
149 116
149 119
149 466
150 287
150 436
150 479
150 554
150 380
150 35
150 562
150 270
150 516
150 108
150 123
150 295
150 313
150 384
150 418
150 428
150 521
150 555
151 304
151 259
151 191
151 210
151 319
151 231
151 28
151 2
151 135
151 20
151 37
151 211
151 280
151 318
151 411
151 574
152 490
152 556
152 42
152 534
152 12
152 292
152 286
152 315
152 291
152 323
152 529
152 562
153 188
153 206
153 539
153 337
153 508
153 3
153 85
153 162
153 159
153 335
153 6
153 257
153 526
153 222
153 77
153 165
153 225
153 291
153 339
153 349
153 400
154 342
154 328
154 251
154 20
154 536
154 194
154 300
154 177
154 164
154 518
154 235
154 111
154 448
154 7
154 187
154 219
154 272
154 292
154 315
154 476
154 550
154 564
154 597
155 118
155 226
155 269
155 478
155 241
155 394
155 367
155 563
155 353
155 315
155 76
155 227
155 233
155 256
155 347
155 456
155 471
155 493
156 498
156 114
156 437
156 410
156 414
156 99
156 230
156 179
156 48
156 116
156 218
156 313
156 408
156 416
156 449
156 575
157 234
157 371
157 349
157 558
157 405
157 276
157 22
157 301
157 357
157 387
158 354
158 228
158 289
158 480
158 19
158 446
158 63
158 1
158 400
158 30
158 62
158 137
158 169
158 376
158 402
158 451
158 457
159 250
159 260
159 137
159 365
159 223
159 469
159 215
159 113
159 492
159 82
159 31
159 121
159 153
159 271
159 425
159 553
159 568
159 585
160 429
160 362
160 538
160 12
160 406
160 63
160 242
160 252
160 316
160 506
160 561
160 564
160 586
161 534
161 70
161 358
161 289
161 587
161 376
161 181
161 413
161 250
161 176
161 34
161 105
161 111
161 147
161 299
161 309
161 320
161 404
162 61
162 373
162 337
162 381
162 51
162 472
162 48
162 555
162 535
162 267
162 526
162 201
162 35
162 57
162 67
162 153
162 185
162 259
162 508
163 514
163 531
163 352
163 130
163 443
163 553
163 499
163 66
163 593
163 226
163 242
163 14
163 26
163 34
163 100
163 299
163 358
163 519
163 560
164 73
164 581
164 271
164 101
164 259
164 246
164 46
164 50
164 94
164 154
164 210
164 274
164 276
164 293
164 334
164 374
164 385
164 406
164 458
164 514
165 136
165 341
165 153
165 85
165 274
165 515
165 579
166 298
166 216
166 13
166 332
166 479
166 337
166 215
166 118
166 82
166 64
166 66
166 210
166 264
166 293
166 317
166 422
166 459
166 465
166 509
166 577
167 229
167 31
167 553
167 194
167 35
167 29
167 112
167 195
167 316
167 432
167 439
167 585
168 256
168 102
168 491
168 122
168 471
168 81
168 109
168 148
168 203
168 211
168 298
168 301
168 356
168 382
168 507
168 564
169 158
169 527
169 196
169 362
169 490
169 444
169 79
169 276
169 1
169 134
169 190
169 224
169 294
169 406
169 442
169 476
170 482
170 501
170 403
170 343
170 510
170 6
170 228
170 429
170 48
170 56
170 105
170 264
170 326
170 347
170 547
171 363
171 15
171 190
171 310
171 551
171 44
171 441
171 442
171 453
171 465
171 507
171 576
172 468
172 196
172 580
172 578
172 225
172 510
172 382
172 299
172 205
172 94
172 120
172 122
172 123
172 221
172 222
172 310
172 321
172 336
172 444
172 451
173 442
173 514
173 269
173 304
173 576
173 502
173 33
173 79
173 128
173 187
173 296
173 307
173 480
173 566
173 590
174 521
174 95
174 416
174 379
174 451
174 428
174 288
174 469
174 398
174 7
174 202
174 20
174 25
174 90
174 101
174 106
174 219
174 386
174 462
175 187
175 323
175 427
175 328
175 411
175 210
175 276
175 349
175 486
176 374
176 254
176 330
176 419
176 23
176 327
176 123
176 58
176 197
176 144
176 444
176 12
176 161
176 270
176 275
176 278
176 365
176 507
176 546
177 343
177 349
177 52
177 121
177 154
177 287
177 324
177 336
177 447
178 4
178 185
178 211
178 325
178 466
178 12
178 123
178 124
178 180
178 515
178 523
178 571
179 381
179 12
179 69
179 70
179 289
179 320
179 374
179 564
179 527
179 309
179 82
179 156
179 208
179 269
179 318
179 369
179 394
179 397
179 432
179 441
180 562
180 316
180 182
180 178
180 62
180 299
180 571
180 223
180 85
180 20
180 47
180 135
180 145
180 225
180 306
180 342
180 382
180 389
180 564
180 565
180 584
180 590
181 570
181 84
181 239
181 303
181 97
181 414
181 138
181 161
181 285
181 342
181 354
181 500
181 544
182 429
182 555
182 15
182 306
182 264
182 473
182 447
182 436
182 549
182 243
182 590
182 40
182 214
182 292
182 355
182 326
182 389
182 34
182 17
182 46
182 63
182 78
182 180
182 199
182 320
182 339
182 448
182 492
182 559
182 573
183 554
183 440
183 64
183 139
183 202
183 211
183 511
183 519
183 596
184 3
184 64
184 127
184 264
184 298
184 307
184 325
184 375
184 399
184 471
184 482
184 501
184 535
184 569
185 571
185 243
185 489
185 162
185 232
185 22
185 178
185 430
186 546
186 501
186 247
186 386
186 494
186 556
186 394
186 497
186 411
186 249
186 467
186 238
186 474
186 31
186 228
186 79
186 203
186 205
186 213
186 402
186 549
187 556
187 84
187 417
187 461
187 26
187 354
187 96
187 154
187 173
187 382
187 134
187 72
187 175
187 199
187 208
187 279
187 455
187 560
188 125
188 95
188 38
188 599
188 194
188 198
188 39
188 96
188 153
188 221
188 263
188 285
188 400
189 411
189 76
189 344
189 60
189 434
189 477
189 528
189 9
189 33
189 132
189 328
189 363
189 401
189 539
190 589
190 344
190 352
190 169
190 558
190 307
190 241
190 420
190 389
190 275
190 535
190 193
190 67
190 171
190 204
190 225
190 276
190 375
190 448
190 458
191 596
191 270
191 147
191 408
191 40
191 65
191 67
191 70
191 94
191 115
191 151
191 556
191 591
192 399
192 400
192 411
192 127
192 539
192 570
192 12
192 479
192 143
192 210
192 219
192 323
192 343
192 522
193 105
193 525
193 322
193 514
193 524
193 414
193 433
193 117
193 38
193 318
193 208
193 88
193 273
193 190
193 383
193 408
193 413
193 415
193 448
193 464
193 475
193 488
194 523
194 225
194 200
194 5
194 31
194 35
194 154
194 167
194 188
194 253
194 269
194 286
194 364
194 426
194 500
194 509
195 441
195 108
195 167
195 262
195 13
195 56
195 75
195 200
195 215
195 269
195 309
195 351
195 381
195 391
195 407
195 411
195 422
195 456
196 576
196 566
196 452
196 457
196 128
196 226
196 123
196 146
196 169
196 172
196 473
197 270
197 453
197 439
197 549
197 19
197 384
197 534
197 268
197 129
197 335
197 474
197 114
197 126
197 176
197 199
197 229
197 265
197 314
197 421
197 428
197 448
197 551
198 296
198 20
198 81
198 188
198 215
198 406
198 487
199 438
199 72
199 565
199 202
199 381
199 435
199 37
199 559
199 3
199 197
199 187
199 392
199 182
199 18
199 133
199 544
199 120
199 28
199 57
199 127
199 306
199 401
199 418
199 430
199 542
199 589
199 590
200 254
200 18
200 538
200 526
200 195
200 316
200 598
200 76
200 226
200 89
200 456
200 253
200 300
200 235
200 25
200 65
200 109
200 121
200 194
200 327
200 341
200 514
200 522
200 583
201 214
201 458
201 23
201 342
201 237
201 349
201 137
201 249
201 436
201 515
201 385
201 506
201 294
201 444
201 19
201 31
201 50
201 162
201 293
201 391
201 457
201 498
201 502
201 513
201 516
202 183
202 54
202 283
202 516
202 127
202 138
202 298
202 24
202 89
202 122
202 174
202 199
202 362
202 410
202 412
202 439
202 515
203 372
203 288
203 168
203 476
203 270
203 210
203 359
203 186
203 529
203 1
203 50
203 66
203 83
203 93
203 120
203 213
203 250
203 257
203 370
203 457
203 562
204 256
204 266
204 120
204 190
204 495
204 42
204 55
204 90
204 318
204 341
204 433
204 458
204 469
204 572
205 118
205 48
205 353
205 374
205 511
205 409
205 186
205 261
205 403
205 28
205 34
205 123
205 172
205 300
205 500
205 518
205 587
206 492
206 127
206 394
206 452
206 111
206 153
206 276
206 330
206 457
206 536
207 478
207 66
207 544
207 388
207 460
207 280
207 534
207 53
207 1
207 71
207 75
207 93
207 126
207 133
207 211
207 273
207 287
207 461
207 548
207 552
208 179
208 388
208 142
208 187
208 69
208 467
208 338
208 147
208 221
208 342
208 316
208 79
208 387
208 497
208 38
208 70
208 133
208 193
208 270
208 419
208 473
208 505
209 146
209 220
209 27
209 114
209 430
209 308
209 441
209 591
209 503
209 483
209 2
209 95
209 279
209 454
209 456
210 282
210 192
210 418
210 486
210 361
210 122
210 166
210 164
210 502
210 273
210 500
210 513
210 175
210 100
210 129
210 145
210 151
210 203
210 214
210 290
210 335
210 389
210 509
211 15
211 168
211 115
211 183
211 151
211 207
211 576
211 34
211 123
211 125
211 178
211 212
211 431
211 506
212 329
212 582
212 587
212 374
212 484
212 411
212 211
212 555
212 72
212 526
212 288
212 219
212 345
212 363
212 394
212 424
212 433
212 441
213 472
213 562
213 518
213 186
213 101
213 324
213 203
213 52
213 49
213 108
213 147
213 267
214 112
214 133
214 8
214 296
214 20
214 55
214 210
214 33
214 101
214 362
214 37
214 130
214 182
214 201
214 252
214 265
214 310
214 314
214 433
214 484
214 571
215 195
215 198
215 423
215 485
215 478
215 451
215 107
215 123
215 132
215 159
215 166
215 287
215 322
215 461
215 479
215 588
216 388
216 261
216 381
216 285
216 248
216 27
216 534
216 595
216 30
216 78
216 96
216 166
216 233
216 321
216 387
216 405
216 431
216 456
216 460
217 593
217 460
217 73
217 36
217 218
217 293
217 405
217 477
218 87
218 217
218 233
218 253
218 156
218 295
218 438
218 318
218 269
218 379
218 513
218 469
218 588
218 316
218 310
218 1
218 76
218 397
218 451
218 452
218 479
218 585
219 387
219 101
219 96
219 212
219 154
219 384
219 482
219 174
219 192
219 125
219 95
219 2
219 431
219 34
219 114
219 10
219 19
219 68
219 291
219 346
219 438
219 487
219 501
219 543
219 552
219 598
220 229
220 65
220 487
220 574
220 67
220 112
220 147
220 260
220 4
220 8
220 209
220 227
220 285
220 333
220 352
220 383
220 550
220 595
221 296
221 188
221 172
221 334
221 132
221 50
221 208
221 448
221 514
221 567
222 172
222 360
222 26
222 433
222 332
222 83
222 403
222 272
222 411
222 437
222 53
222 153
222 261
222 328
222 347
222 407
222 480
222 574
222 592
223 553
223 29
223 406
223 147
223 579
223 301
223 486
223 433
223 268
223 538
223 536
223 383
223 38
223 62
223 159
223 180
223 294
223 425
223 455
223 481
223 568
224 470
224 337
224 476
224 400
224 169
224 591
224 65
224 126
224 306
224 343
224 370
224 424
224 463
224 564
225 547
225 553
225 153
225 557
225 124
225 180
225 17
225 449
225 190
225 433
225 245
225 172
225 194
225 321
225 364
225 386
225 510
226 536
226 89
226 533
226 299
226 367
226 592
226 61
226 7
226 93
226 155
226 163
226 196
226 200
226 262
226 317
226 521
226 555
226 594
227 58
227 306
227 320
227 155
227 497
227 220
227 81
227 2
227 46
227 237
227 248
227 299
227 324
227 400
227 476
228 490
228 432
228 377
228 345
228 40
228 365
228 13
228 375
228 505
228 21
228 72
228 138
228 139
228 158
228 170
228 186
228 349
228 372
228 406
228 481
229 479
229 18
229 96
229 567
229 512
229 197
229 564
229 36
229 42
229 121
229 167
229 220
229 268
229 590
230 557
230 583
230 585
230 309
230 570
230 12
230 44
230 46
230 93
230 97
230 142
230 156
230 407
230 480
230 497
231 523
231 547
231 87
231 20
231 65
231 83
231 93
231 133
231 151
231 273
231 291
231 331
232 467
232 434
232 245
232 63
232 483
232 357
232 87
232 97
232 135
232 185
232 370
232 505
232 575
232 589
233 388
233 323
233 155
233 102
233 216
233 43
233 97
233 218
233 312
233 317
233 331
233 361
233 408
233 413
233 549
234 29
234 86
234 157
234 273
234 283
234 291
234 371
234 425
234 539
234 545
234 553
234 590
235 391
235 2
235 490
235 489
235 353
235 266
235 29
235 69
235 81
235 86
235 127
235 143
235 154
235 200
235 321
235 325
235 332
235 336
235 347
235 449
235 518
235 592
236 248
236 243
236 141
236 570
236 13
236 340
236 7
236 47
236 106
236 139
236 256
236 300
236 333
236 338
236 386
236 400
236 405
236 476
236 499
237 387
237 269
237 347
237 421
237 516
237 227
237 102
237 201
237 312
237 379
237 441
237 449
237 457
237 589
238 368
238 326
238 550
238 9
238 41
238 56
238 60
238 186
238 262
238 264
238 424
238 464
238 492
238 518
238 552
238 561
239 390
239 9
239 98
239 590
239 376
239 28
239 384
239 85
239 181
239 265
239 271
239 337
239 358
239 365
239 572
240 579
240 527
240 548
240 111
240 90
240 576
240 574
240 545
240 93
240 468
240 390
240 91
240 35
240 43
240 76
240 120
240 122
240 135
240 242
240 267
240 277
240 300
240 324
240 495
241 82
241 561
241 535
241 575
241 252
241 43
241 419
241 74
241 94
241 109
241 155
241 190
241 261
241 342
241 551
241 563
242 240
242 160
242 550
242 3
242 42
242 585
242 101
242 508
242 1
242 141
242 163
242 290
242 469
242 510
242 535
242 547
243 144
243 1
243 34
243 55
243 64
243 182
243 185
243 236
243 258
243 336
243 398
243 544
244 367
244 125
244 462
244 538
244 85
244 92
244 312
244 21
244 101
244 291
244 108
244 142
244 384
244 403
244 513
244 524
244 561
245 515
245 588
245 378
245 91
245 316
245 302
245 34
245 139
245 143
245 225
245 232
245 372
245 521
245 556
245 585
246 446
246 64
246 20
246 22
246 42
246 104
246 164
246 282
246 363
246 423
246 440
246 454
246 455
246 477
246 479
247 332
247 499
247 9
247 126
247 29
247 136
247 493
247 323
247 33
247 253
247 54
247 424
247 531
247 53
247 11
247 57
247 77
247 186
247 290
247 368
247 459
247 478
247 544
248 2
248 333
248 227
248 116
248 303
248 318
248 51
248 77
248 78
248 216
248 236
248 378
248 499
249 541
249 552
249 90
249 576
249 258
249 454
249 82
249 186
249 201
249 293
249 452
249 493
250 203
250 64
250 325
250 13
250 91
250 159
250 161
250 251
250 290
250 310
250 358
250 380
250 442
250 464
250 505
250 509
250 530
250 548
251 516
251 387
251 124
251 97
251 323
251 40
251 507
251 250
251 559
251 120
251 14
251 126
251 501
251 324
251 321
251 3
251 123
251 154
251 306
251 348
251 488
251 520
251 554
252 160
252 214
252 539
252 448
252 599
252 456
252 103
252 470
252 430
252 400
252 241
252 369
252 519
252 528
253 418
253 502
253 11
253 400
253 194
253 396
253 108
253 200
253 218
253 247
253 271
253 599
254 572
254 37
254 75
254 176
254 200
254 284
254 289
254 298
254 538
255 382
255 97
255 591
255 442
255 144
255 506
255 114
255 441
255 29
255 78
255 109
255 118
255 121
255 299
255 393
255 430
255 557
256 155
256 513
256 420
256 17
256 68
256 142
256 316
256 45
256 236
256 120
256 2
256 53
256 71
256 144
256 149
256 168
256 204
256 365
256 481
256 533
257 590
257 203
257 279
257 287
257 399
257 502
257 110
257 526
257 597
257 138
257 25
257 46
257 57
257 153
257 273
257 464
257 473
257 527
258 581
258 570
258 347
258 243
258 479
258 75
258 130
258 249
258 290
258 298
258 443
258 456
258 487
258 504
258 565
259 162
259 542
259 505
259 424
259 412
259 143
259 148
259 151
259 164
259 262
259 319
259 324
259 339
259 347
259 415
259 498
259 519
259 576
260 88
260 31
260 80
260 71
260 159
260 220
260 292
260 388
260 413
260 541
260 584
261 381
261 241
261 115
261 50
261 1
261 222
261 512
261 276
261 11
261 93
261 125
261 205
261 216
261 281
261 365
261 447
262 238
262 268
262 541
262 352
262 442
262 564
262 399
262 426
262 20
262 285
262 226
262 340
262 259
262 530
262 43
262 112
262 142
262 195
262 435
262 570
263 503
263 188
263 520
263 148
263 18
263 33
263 327
263 337
263 490
263 596
264 137
264 238
264 480
264 421
264 319
264 479
264 184
264 27
264 573
264 509
264 270
264 166
264 170
264 66
264 78
264 96
264 122
264 182
264 287
265 77
265 524
265 197
265 214
265 299
265 239
265 273
265 117
265 313
265 471
265 478
265 506
266 21
266 575
266 276
266 91
266 36
266 47
266 319
266 406
266 349
266 280
266 22
266 28
266 107
266 131
266 204
266 235
266 267
266 377
266 430
266 434
266 483
266 528
267 268
267 421
267 481
267 266
267 133
267 376
267 213
267 240
267 70
267 124
267 146
267 162
267 269
267 273
267 350
267 377
267 413
267 592
268 454
268 365
268 59
268 477
268 537
268 430
268 229
268 26
268 12
268 47
268 337
268 116
268 197
268 223
268 262
268 267
268 285
268 333
268 570
269 384
269 179
269 71
269 572
269 385
269 267
269 427
269 195
269 109
269 194
269 518
269 155
269 173
269 218
269 237
269 284
269 350
269 417
269 458
270 3
270 208
270 176
270 337
270 32
270 468
270 90
270 536
270 46
270 89
270 150
270 191
270 197
270 203
270 264
270 396
270 472
271 159
271 595
271 560
271 392
271 334
271 253
271 350
271 239
271 95
271 9
271 33
271 101
271 164
271 315
271 324
271 348
271 440
271 464
271 506
271 569
271 582
272 154
272 426
272 473
272 383
272 16
272 537
272 49
272 67
272 79
272 124
272 222
272 376
272 469
273 345
273 231
273 207
273 438
273 267
273 257
273 234
273 300
273 355
273 397
273 29
273 47
273 61
273 103
273 119
273 193
273 210
273 265
273 298
273 306
273 430
273 466
273 498
274 565
274 483
274 165
274 345
274 164
274 4
274 552
274 120
274 384
274 89
274 107
274 299
274 459
274 571
274 596
275 598
275 121
275 338
275 176
275 600
275 15
275 70
275 102
275 190
275 397
275 404
275 477
276 164
276 13
276 338
276 175
276 136
276 556
276 206
276 475
276 510
276 190
276 157
276 169
276 261
276 266
276 429
276 524
277 357
277 353
277 480
277 330
277 240
277 35
277 51
277 66
277 130
277 314
277 414
277 428
277 473
277 477
277 556
278 176
278 144
278 457
278 583
278 356
278 361
278 568
278 418
278 80
278 49
278 44
278 344
278 74
278 102
278 122
278 309
278 325
278 365
278 415
278 483
278 523
279 571
279 187
279 391
279 62
279 311
279 331
279 579
279 209
279 310
279 421
279 1
279 3
279 36
279 70
279 107
279 109
279 257
279 367
279 374
279 434
279 509
280 397
280 102
280 103
280 151
280 436
280 59
280 395
280 92
280 40
280 53
280 61
280 78
280 207
280 266
280 319
280 394
280 428
280 445
280 462
280 505
281 367
281 30
281 29
281 261
281 320
281 373
281 435
281 458
281 401
281 570
281 466
281 54
281 343
281 353
281 394
281 521
282 482
282 97
282 246
282 46
282 98
282 593
282 490
282 104
282 123
282 129
282 210
282 403
282 503
283 594
283 299
283 38
283 121
283 573
283 234
283 21
283 72
283 202
283 308
283 352
283 365
283 367
283 450
283 518
283 571
283 585
284 269
284 536
284 312
284 73
284 290
284 111
284 117
284 254
284 287
284 310
284 383
284 426
284 443
284 483
284 563
285 188
285 523
285 220
285 268
285 600
285 181
285 301
285 392
285 589
285 426
285 19
285 35
285 119
285 148
285 216
285 262
285 425
285 467
285 492
285 540
285 572
286 41
286 532
286 194
286 46
286 480
286 50
286 66
286 96
286 107
286 152
286 291
286 304
286 334
286 380
286 385
286 444
286 539
286 553
286 581
286 594
287 82
287 264
287 215
287 207
287 32
287 118
287 513
287 177
287 284
287 478
287 348
287 128
287 78
287 148
287 36
287 67
287 150
287 257
287 321
287 367
287 388
287 398
287 452
287 563
288 478
288 574
288 550
288 141
288 584
288 21
288 174
288 203
288 212
288 323
288 331
288 357
288 376
288 435
288 522
289 37
289 254
289 423
289 468
289 539
289 39
289 9
289 32
289 59
289 120
289 125
289 158
289 161
289 179
289 319
289 398
289 404
289 505
290 210
290 250
290 572
290 335
290 258
290 342
290 399
290 242
290 393
290 247
290 477
290 313
290 132
290 284
290 321
290 344
290 440
290 485
291 123
291 540
291 335
291 106
291 600
291 152
291 119
291 299
291 286
291 153
291 219
291 231
291 234
291 1
291 78
291 244
291 428
292 380
292 260
292 95
292 430
292 7
292 340
292 384
292 405
292 14
292 154
292 311
292 547
292 118
292 152
292 182
292 394
292 408
292 456
292 470
293 443
293 164
293 112
293 91
293 473
293 217
293 201
293 249
293 166
293 34
293 70
293 127
293 376
293 381
293 414
293 535
294 223
294 169
294 122
294 99
294 535
294 118
294 201
294 302
294 309
294 312
294 321
294 347
294 370
294 385
294 414
294 504
294 509
295 91
295 84
295 49
295 307
295 581
295 462
295 299
295 396
295 78
295 542
295 150
295 67
295 218
295 309
295 429
295 441
295 490
295 563
296 384
296 22
296 173
296 40
296 198
296 214
296 221
296 382
296 437
296 440
296 513
296 536
296 557
296 593
297 553
297 123
297 54
297 121
297 331
297 347
297 367
297 391
297 402
297 501
297 570
297 599
298 108
298 303
298 273
298 258
298 411
298 168
298 184
298 486
298 254
298 145
298 508
298 91
298 166
298 202
298 309
298 471
298 482
298 552
298 594
299 470
299 326
299 394
299 274
299 227
299 163
299 255
299 161
299 23
299 30
299 8
299 19
299 63
299 93
299 172
299 180
299 226
299 265
299 283
299 291
299 295
299 303
299 442
299 472
299 483
299 496
299 527
299 587
300 600
300 144
300 205
300 240
300 378
300 375
300 573
300 236
300 465
300 543
300 154
300 200
300 273
300 341
300 382
300 447
300 512
300 558
301 168
301 585
301 587
301 321
301 61
301 334
301 66
301 157
301 482
301 223
301 285
301 384
301 486
301 549
302 351
302 500
302 327
302 539
302 424
302 294
302 336
302 436
302 76
302 462
302 50
302 64
302 245
303 306
303 299
303 44
303 129
303 143
303 181
303 248
303 298
303 409
303 437
303 535
303 549
303 566
304 105
304 386
304 72
304 39
304 549
304 415
304 286
304 26
304 56
304 96
304 151
304 173
304 498
304 505
304 556
305 119
305 333
305 334
305 387
305 87
305 515
305 403
305 569
305 34
305 71
305 447
305 5
305 13
305 149
305 336
305 365
305 483
306 180
306 462
306 525
306 72
306 133
306 199
306 589
306 593
306 357
306 341
306 416
306 115
306 251
306 224
306 273
306 95
306 121
306 182
306 227
306 303
306 316
306 342
306 347
306 497
307 173
307 479
307 184
307 522
307 454
307 471
307 415
307 190
307 295
307 315
307 478
307 557
307 577
308 465
308 283
308 391
308 84
308 11
308 46
308 51
308 64
308 103
308 209
308 323
308 394
308 437
308 518
308 546
308 552
309 298
309 83
309 294
309 597
309 195
309 161
309 474
309 349
309 350
309 295
309 356
309 137
309 488
309 373
309 278
309 87
309 179
309 230
309 314
309 448
309 486
309 531
310 172
310 140
310 250
310 57
310 22
310 443
310 495
310 576
310 284
310 332
310 51
310 214
310 83
310 171
310 218
310 279
310 336
310 372
310 424
310 437
310 457
310 512
310 555
311 391
311 97
311 336
311 89
311 105
311 279
311 292
311 369
311 535
312 233
312 553
312 294
312 237
312 57
312 413
312 135
312 131
312 61
312 138
312 244
312 284
312 343
312 586
312 587
313 424
313 142
313 328
313 585
313 150
313 156
313 265
313 510
313 32
313 290
313 337
314 197
314 214
314 529
314 597
314 478
314 566
314 428
314 309
314 30
314 388
314 102
314 277
314 47
314 92
314 113
314 327
314 359
315 47
315 271
315 307
315 154
315 26
315 530
315 367
315 71
315 113
315 76
315 145
315 2
315 69
315 70
315 152
315 155
315 339
315 426
315 431
315 511
315 526
316 493
316 306
316 160
316 549
316 324
316 167
316 73
316 79
316 97
316 112
316 116
316 117
316 180
316 200
316 208
316 218
316 245
316 256
316 379
316 524
316 585
317 166
317 368
317 347
317 226
317 46
317 375
317 22
317 233
317 92
317 108
317 122
317 128
317 405
318 94
318 96
318 537
318 204
318 151
318 524
318 355
318 179
318 69
318 335
318 91
318 193
318 218
318 248
319 332
319 259
319 289
319 337
319 92
319 280
319 2
319 7
319 127
319 129
319 151
319 264
319 266
319 358
319 397
319 435
319 532
319 558
320 182
320 374
320 422
320 37
320 136
320 100
320 161
320 369
320 112
320 114
320 179
320 227
320 281
320 395
320 412
320 415
321 294
321 216
321 225
321 95
321 432
321 523
321 568
321 472
321 83
321 59
321 287
321 329
321 172
321 428
321 235
321 418
321 376
321 290
321 251
321 301
321 322
321 349
321 351
321 354
321 367
321 413
322 215
322 98
322 448
322 482
322 432
322 321
322 533
322 368
322 586
322 145
322 327
322 41
322 68
322 85
322 95
322 193
322 343
322 367
322 410
322 423
322 486
322 547
323 428
323 288
323 562
323 192
323 152
323 308
323 133
323 175
323 233
323 247
323 251
323 363
323 393
323 527
323 560
324 432
324 335
324 240
324 259
324 87
324 354
324 559
324 517
324 137
324 227
324 385
324 271
324 127
324 177
324 213
324 251
324 316
324 367
324 387
324 417
324 459
324 516
324 522
324 547
325 184
325 44
325 235
325 39
325 493
325 117
325 466
325 278
325 576
325 111
325 147
325 178
325 250
325 402
325 437
325 542
326 368
326 170
326 476
326 40
326 33
326 84
326 7
326 73
326 117
326 127
326 182
326 238
326 299
326 327
326 400
326 483
326 591
327 314
327 492
327 326
327 516
327 336
327 586
327 200
327 263
327 6
327 41
327 75
327 98
327 105
327 110
327 176
327 302
327 322
327 397
327 476
327 543
327 564
327 598
328 222
328 53
328 482
328 509
328 464
328 522
328 189
328 459
328 448
328 555
328 117
328 154
328 175
328 313
328 336
328 502
328 529
328 550
328 588
329 563
329 520
329 13
329 212
329 321
329 385
329 388
329 527
329 528
330 139
330 599
330 103
330 413
330 336
330 106
330 539
330 206
330 42
330 535
330 128
330 9
330 104
330 143
330 176
330 277
330 467
330 542
330 568
331 554
331 102
331 101
331 297
331 233
331 231
331 361
331 288
331 531
331 465
331 27
331 137
331 279
331 388
331 391
331 561
332 383
332 67
332 527
332 506
332 413
332 389
332 235
332 429
332 481
332 461
332 34
332 137
332 148
332 166
332 222
332 247
332 310
332 319
332 384
332 440
332 493
332 526
333 132
333 220
333 551
333 268
333 338
333 419
333 236
333 496
333 585
333 442
333 67
333 83
333 93
333 130
333 148
333 248
333 305
333 392
333 494
333 595
334 420
334 404
334 476
334 164
334 579
334 398
334 482
334 286
334 11
334 76
334 221
334 271
334 301
334 305
334 354
334 358
334 391
334 405
334 508
334 555
335 72
335 8
335 583
335 210
335 69
335 153
335 197
335 290
335 291
335 318
335 324
335 342
335 510
336 34
336 562
336 483
336 243
336 564
336 172
336 310
336 505
336 137
336 328
336 80
336 177
336 305
336 235
336 71
336 101
336 149
336 302
336 311
336 327
336 330
336 372
336 411
336 459
336 518
337 263
337 313
337 239
337 75
337 358
337 77
337 153
337 162
337 166
337 224
337 268
337 270
337 319
338 236
338 444
338 22
338 43
338 116
338 208
338 275
338 276
338 333
338 377
338 406
338 410
338 416
338 503
338 513
338 518
339 564
339 506
339 259
339 561
339 182
339 315
339 571
339 508
339 37
339 153
339 36
339 40
339 91
339 124
339 513
340 39
340 516
340 38
340 499
340 498
340 18
340 130
340 236
340 262
340 292
340 421
340 515
340 540
341 7
341 475
341 112
341 399
341 387
341 58
341 23
341 300
341 106
341 494
341 117
341 462
341 572
341 200
341 116
341 589
341 204
341 61
341 45
341 63
341 165
341 306
341 386
341 411
341 438
341 558
341 562
342 448
342 131
342 180
342 494
342 306
342 29
342 181
342 507
342 98
342 577
342 423
342 335
342 241
342 154
342 201
342 208
342 290
342 411
342 412
343 350
343 54
343 322
343 400
343 470
343 192
343 556
343 281
343 224
343 312
343 13
343 26
343 51
343 170
343 177
343 366
343 513
344 356
344 513
344 290
344 429
344 129
344 103
344 6
344 64
344 189
344 190
344 278
344 404
344 481
344 538
344 585
345 61
345 516
345 558
345 212
345 51
345 228
345 273
345 274
345 360
345 495
346 119
346 411
346 585
346 80
346 219
346 394
346 79
346 98
346 368
346 566
346 572
346 573
347 590
347 457
347 549
347 155
347 360
347 297
347 306
347 259
347 493
347 430
347 170
347 235
347 222
347 294
347 41
347 67
347 237
347 258
347 317
347 362
347 386
347 394
347 398
347 418
347 452
347 475
347 527
348 356
348 581
348 65
348 38
348 508
348 251
348 139
348 87
348 39
348 271
348 36
348 48
348 77
348 127
348 287
348 371
348 412
348 469
349 115
349 35
349 381
349 443
349 377
349 228
349 532
349 153
349 175
349 539
349 523
349 19
349 321
349 28
349 135
349 157
349 177
349 201
349 266
349 309
349 388
350 5
350 30
350 55
350 541
350 269
350 267
350 450
350 425
350 12
350 32
350 64
350 149
350 271
350 309
350 343
350 353
350 361
350 415
350 419
350 440
350 448
350 472
350 536
350 537
350 550
351 321
351 47
351 195
351 118
351 409
351 478
351 28
351 27
351 50
351 62
351 302
351 390
351 418
351 438
351 539
351 543
352 90
352 430
352 575
352 283
352 368
352 426
352 220
352 104
352 59
352 163
352 190
352 262
352 504
352 521
352 550
353 363
353 366
353 281
353 41
353 350
353 37
353 65
353 92
353 127
353 155
353 205
353 235
353 277
353 512
353 583
354 334
354 128
354 321
354 132
354 181
354 497
354 43
354 59
354 143
354 158
354 187
354 324
354 426
354 549
354 563
355 18
355 50
355 362
355 575
355 578
355 597
355 436
355 15
355 37
355 58
355 73
355 127
355 182
355 273
355 318
355 378
355 430
355 441
355 543
356 537
356 413
356 3
356 90
356 14
356 168
356 117
356 278
356 309
356 344
356 348
356 419
357 157
357 557
357 59
357 463
357 568
357 527
357 288
357 564
357 388
357 92
357 522
357 79
357 37
357 112
357 139
357 232
357 277
357 306
357 364
357 456
357 465
357 577
358 507
358 574
358 163
358 334
358 250
358 239
358 552
358 319
358 18
358 119
358 161
358 337
358 411
358 444
358 483
358 518
359 490
359 551
359 314
359 451
359 131
359 577
359 87
359 203
359 430
359 498
360 345
360 496
360 78
360 118
360 222
360 347
360 441
360 525
360 600
361 399
361 233
361 401
361 364
361 585
361 350
361 149
361 210
361 278
361 331
361 570
362 347
362 498
362 367
362 59
362 119
362 202
362 160
362 169
362 214
362 355
362 435
362 563
363 566
363 488
363 127
363 463
363 68
363 56
363 246
363 453
363 323
363 189
363 368
363 212
363 485
363 171
363 353
363 421
363 574
364 461
364 102
364 357
364 36
364 439
364 194
364 20
364 225
364 29
364 74
364 361
364 403
364 409
364 489
364 508
364 589
365 17
365 518
365 256
365 99
365 278
365 239
365 100
365 305
365 92
365 176
365 507
365 283
365 536
365 261
365 109
365 159
365 228
365 268
365 417
365 436
365 494
365 564
366 110
366 379
366 343
366 447
366 444
366 46
366 353
366 375
366 405
366 498
367 297
367 9
367 321
367 322
367 140
367 324
367 287
367 283
367 516
367 443
367 279
367 2
367 12
367 37
367 141
367 155
367 226
367 244
367 281
367 315
367 362
367 418
367 457
367 464
367 514
367 540
368 346
368 247
368 464
368 42
368 131
368 123
368 537
368 132
368 32
368 87
368 238
368 317
368 322
368 326
368 352
368 363
368 379
368 583
368 599
369 452
369 311
369 62
369 389
369 516
369 538
369 252
369 132
369 179
369 17
369 28
369 38
369 54
369 64
369 320
369 415
369 522
369 535
370 224
370 550
370 2
370 441
370 501
370 129
370 232
370 203
370 423
370 505
370 422
370 294
370 518
370 430
370 107
370 405
370 536
370 579
371 542
371 600
371 41
371 118
371 348
371 234
371 31
371 75
371 157
371 378
372 336
372 310
372 541
372 101
372 245
372 383
372 523
372 228
372 599
372 528
372 16
372 108
372 118
372 203
372 432
372 504
372 529
372 551
373 449
373 68
373 128
373 162
373 281
373 309
373 447
373 506
373 571
373 572
374 468
374 569
374 600
374 486
374 77
374 164
374 279
374 395
374 588
374 379
374 53
374 111
374 176
374 179
374 205
374 212
374 320
374 418
374 451
374 586
374 597
375 504
375 406
375 184
375 190
375 366
375 102
375 228
375 300
375 317
375 423
376 55
376 405
376 288
376 451
376 272
376 158
376 555
376 293
376 380
376 70
376 90
376 140
376 161
376 239
376 267
376 321
376 426
376 448
376 461
376 562
376 578
377 573
377 60
377 562
377 5
377 542
377 64
377 28
377 541
377 47
377 267
377 382
377 338
377 266
377 75
377 228
377 349
377 402
377 589
378 111
378 500
378 355
378 248
378 510
378 144
378 10
378 89
378 371
378 245
378 300
379 368
379 237
379 514
379 316
379 521
379 144
379 550
379 42
379 46
379 90
379 99
379 174
379 218
379 366
379 374
379 501
379 543
379 593
380 57
380 524
380 250
380 457
380 144
380 72
380 286
380 439
380 85
380 86
380 150
380 292
380 376
380 480
380 491
380 563
380 572
381 563
381 293
381 116
381 406
381 195
381 94
381 118
381 162
381 179
381 199
381 216
381 261
381 349
381 422
381 461
381 498
381 593
382 133
382 73
382 105
382 180
382 54
382 131
382 168
382 428
382 3
382 50
382 300
382 296
382 47
382 172
382 187
382 255
382 377
382 440
382 451
382 498
382 561
383 220
383 284
383 422
383 401
383 193
383 17
383 121
383 146
383 223
383 272
383 332
383 372
383 428
383 479
383 480
383 505
384 145
384 75
384 301
384 244
384 150
384 590
384 465
384 449
384 332
384 390
384 60
384 2
384 46
384 55
384 57
384 85
384 105
384 197
384 219
384 239
384 269
384 274
384 292
384 296
385 164
385 286
385 93
385 505
385 329
385 294
385 59
385 97
385 117
385 124
385 201
385 269
385 324
385 591
386 84
386 347
386 461
386 341
386 435
386 225
386 174
386 468
386 236
386 2
386 96
386 101
386 186
386 304
386 419
386 513
386 530
387 216
387 324
387 445
387 157
387 69
387 105
387 137
387 208
387 219
387 237
387 251
387 305
387 341
387 405
387 409
387 415
387 433
387 439
387 478
387 486
387 570
388 349
388 331
388 287
388 588
388 31
388 33
388 70
388 260
388 19
388 329
388 10
388 137
388 207
388 208
388 216
388 233
388 314
388 357
388 390
388 413
388 454
388 510
388 584
388 594
389 210
389 146
389 180
389 445
389 80
389 54
389 182
389 190
389 332
389 369
389 577
389 585
390 558
390 399
390 526
390 9
390 78
390 536
390 431
390 117
390 351
390 388
390 62
390 81
390 85
390 239
390 240
390 384
390 573
391 195
391 505
391 1
391 201
391 297
391 334
391 24
391 331
391 556
391 21
391 22
391 30
391 125
391 235
391 279
391 308
391 311
391 455
391 483
391 492
391 565
392 43
392 57
392 125
392 591
392 525
392 576
392 116
392 560
392 333
392 88
392 94
392 199
392 271
392 285
392 524
393 531
393 116
393 508
393 323
393 126
393 44
393 255
393 6
393 59
393 69
393 76
393 290
393 414
394 308
394 39
394 281
394 73
394 41
394 179
394 551
394 280
394 575
394 535
394 292
394 212
394 347
394 481
394 50
394 147
394 155
394 186
394 206
394 299
394 346
394 458
394 574
394 600
395 320
395 29
395 73
395 87
395 119
395 280
395 374
395 480
395 538
395 543
395 553
396 60
396 491
396 552
396 270
396 502
396 432
396 7
396 70
396 93
396 109
396 117
396 253
396 295
396 403
396 481
396 596
396 598
397 502
397 584
397 552
397 218
397 179
397 540
397 327
397 319
397 275
397 438
397 107
397 122
397 273
397 280
397 426
397 549
398 243
398 438
398 287
398 511
398 289
398 409
398 347
398 11
398 28
398 34
398 48
398 115
398 174
398 334
399 114
399 551
399 184
399 133
399 536
399 568
399 3
399 97
399 192
399 257
399 262
399 290
399 341
399 361
399 390
399 461
399 467
399 503
399 532
400 236
400 113
400 326
400 115
400 188
400 457
400 412
400 227
400 492
400 153
400 122
400 125
400 158
400 192
400 224
400 252
400 253
400 343
400 552
400 579
401 92
401 199
401 189
401 24
401 70
401 114
401 281
401 361
401 383
401 503
402 297
402 158
402 469
402 560
402 521
402 186
402 575
402 545
402 569
402 550
402 377
402 325
402 514
403 441
403 472
403 65
403 396
403 480
403 364
403 282
403 244
403 422
403 68
403 69
403 123
403 170
403 205
403 222
403 305
403 411
403 413
403 510
403 546
404 423
404 536
404 161
404 275
404 544
404 289
404 344
404 34
404 40
404 334
404 492
404 494
404 528
404 572
405 370
405 317
405 334
405 236
405 387
405 30
405 464
405 366
405 596
405 217
405 216
405 67
405 157
405 292
405 376
405 418
405 472
405 566
405 578
406 600
406 338
406 530
406 593
406 228
406 198
406 164
406 169
406 22
406 58
406 73
406 140
406 160
406 223
406 266
406 375
406 381
406 413
406 451
406 594
407 527
407 195
407 230
407 36
407 222
407 123
407 127
407 423
407 473
408 452
408 233
408 193
408 115
408 529
408 292
408 495
408 156
408 72
408 191
408 494
408 548
409 364
409 387
409 107
409 586
409 303
409 477
409 19
409 205
409 351
409 398
409 488
409 507
409 517
410 8
410 338
410 66
410 322
410 544
410 12
410 446
410 202
410 88
410 424
410 90
410 156
410 415
410 426
411 416
411 342
411 341
411 403
411 64
411 494
411 508
411 485
411 20
411 551
411 151
411 58
411 195
411 358
411 336
411 27
411 110
411 124
411 175
411 186
411 189
411 192
411 212
411 222
411 298
411 346
412 23
412 55
412 320
412 342
412 117
412 202
412 35
412 348
412 569
412 9
412 26
412 121
412 259
412 400
412 514
412 562
412 579
413 321
413 122
413 470
413 55
413 193
413 267
413 489
413 580
413 140
413 406
413 403
413 447
413 260
413 97
413 388
413 118
413 233
413 3
413 27
413 24
413 161
413 312
413 330
413 332
413 356
413 425
413 448
413 455
413 480
413 506
414 52
414 41
414 599
414 393
414 12
414 293
414 277
414 294
414 539
414 46
414 21
414 122
414 156
414 181
414 193
414 421
414 478
414 488
415 387
415 95
415 350
415 139
415 278
415 369
415 193
415 30
415 410
415 60
415 259
415 127
415 320
415 9
415 37
415 61
415 91
415 304
415 307
415 536
415 552
416 338
416 156
416 79
416 97
416 174
416 306
416 411
417 365
417 478
417 551
417 90
417 324
417 87
417 269
417 43
417 47
417 60
417 96
417 187
417 595
418 98
418 374
418 405
418 129
418 130
418 456
418 199
418 566
418 351
418 367
418 150
418 577
418 19
418 48
418 347
418 60
418 210
418 253
418 278
418 321
418 424
418 450
418 459
418 467
418 480
418 516
418 529
418 554
418 557
418 569
419 521
419 468
419 350
419 19
419 356
419 386
419 450
419 208
419 1
419 6
419 72
419 91
419 176
419 241
419 333
419 513
420 67
420 16
420 46
420 190
420 256
420 334
420 513
421 363
421 197
421 565
421 25
421 528
421 145
421 340
421 414
421 73
421 95
421 237
421 264
421 267
421 279
421 434
421 472
421 546
422 135
422 195
422 381
422 598
422 166
422 2
422 94
422 119
422 122
422 320
422 370
422 383
422 403
422 449
422 495
422 558
422 574
423 584
423 530
423 375
423 63
423 246
423 322
423 501
423 407
423 429
423 568
423 69
423 36
423 215
423 289
423 342
423 370
423 404
423 431
423 434
423 555
424 238
424 581
424 418
424 478
424 212
424 310
424 112
424 224
424 574
424 22
424 247
424 259
424 302
424 313
424 410
424 520
425 54
425 223
425 234
425 159
425 413
425 285
425 484
425 89
425 116
425 438
425 440
425 106
425 570
425 71
425 138
425 350
425 529
425 536
426 585
426 24
426 376
426 194
426 397
426 284
426 410
426 315
426 354
426 105
426 19
426 71
426 262
426 272
426 285
426 352
426 442
426 449
426 532
427 56
427 67
427 576
427 570
427 444
427 10
427 84
427 121
427 175
427 269
427 464
427 486
428 383
428 197
428 466
428 291
428 6
428 280
428 150
428 84
428 565
428 122
428 440
428 277
428 541
428 174
428 314
428 321
428 323
428 382
428 491
428 594
428 599
428 600
429 553
429 276
429 510
429 295
429 5
429 69
429 130
429 160
429 170
429 182
429 332
429 344
429 423
429 450
429 455
429 533
430 273
430 134
430 8
430 266
430 255
430 100
430 185
430 199
430 482
430 472
430 359
430 355
430 129
430 18
430 50
430 53
430 209
430 252
430 268
430 292
430 347
430 352
430 370
430 440
430 458
430 504
430 556
431 582
431 93
431 78
431 315
431 423
431 216
431 513
431 123
431 211
431 521
431 15
431 79
431 96
431 121
431 125
431 140
431 219
431 390
431 465
431 510
432 372
432 179
432 105
432 9
432 476
432 141
432 167
432 84
432 86
432 542
432 73
432 61
432 71
432 228
432 321
432 322
432 324
432 396
432 465
432 587
433 204
433 576
433 212
433 542
433 556
433 214
433 387
433 60
433 51
433 116
433 193
433 222
433 223
433 225
433 515
433 540
433 549
433 578
433 579
433 593
434 1
434 279
434 423
434 266
434 64
434 99
434 515
434 421
434 84
434 55
434 37
434 48
434 52
434 53
434 60
434 129
434 189
434 232
434 447
434 466
434 468
434 487
434 516
434 533
434 541
434 546
435 362
435 515
435 319
435 288
435 262
435 460
435 505
435 98
435 536
435 567
435 135
435 66
435 570
435 78
435 7
435 102
435 112
435 199
435 281
435 386
435 467
435 534
435 552
436 365
436 74
436 97
436 150
436 182
436 201
436 280
436 302
436 355
436 479
437 310
437 308
437 480
437 111
437 296
437 303
437 550
437 485
437 325
437 562
437 23
437 156
437 222
437 479
437 484
437 570
438 341
438 488
438 219
438 73
438 108
438 351
438 13
438 21
438 125
438 199
438 218
438 273
438 397
438 398
438 425
438 462
439 560
439 167
439 202
439 20
439 481
439 67
439 387
439 55
439 110
439 499
439 566
439 107
439 15
439 19
439 53
439 197
439 364
439 380
439 504
439 544
440 290
440 332
440 246
440 430
440 382
440 350
440 296
440 52
440 271
440 61
440 97
440 183
440 425
440 428
440 572
440 586
441 295
441 355
441 479
441 212
441 171
441 360
441 53
441 47
441 237
441 179
441 20
441 41
441 74
441 135
441 195
441 209
441 255
441 370
441 403
441 564
442 508
442 169
442 299
442 426
442 250
442 505
442 445
442 171
442 528
442 143
442 25
442 30
442 93
442 124
442 173
442 255
442 262
442 333
443 521
443 258
443 1
443 284
443 577
443 9
443 60
443 140
443 163
443 293
443 310
443 349
443 367
443 490
443 518
443 548
444 358
444 532
444 463
444 139
444 542
444 589
444 286
444 551
444 172
444 47
444 96
444 169
444 176
444 201
444 338
444 366
444 427
444 484
444 529
444 558
445 556
445 17
445 489
445 510
445 280
445 498
445 26
445 71
445 80
445 110
445 387
445 389
445 442
445 545
446 487
446 63
446 78
446 149
446 158
446 246
446 410
446 523
446 544
446 574
447 30
447 542
447 300
447 261
447 98
447 79
447 373
447 553
447 434
447 560
447 177
447 182
447 305
447 366
447 413
447 471
447 499
447 541
447 571
448 197
448 570
448 573
448 190
448 536
448 309
448 350
448 221
448 376
448 9
448 193
448 413
448 182
448 48
448 90
448 154
448 252
448 322
448 328
448 342
448 477
449 69
449 73
449 32
449 426
449 235
449 156
449 237
449 422
449 42
449 225
449 373
449 384
449 529
449 597
450 429
450 594
450 283
450 458
450 82
450 75
450 418
450 536
450 533
450 538
450 69
450 350
450 419
450 494
451 71
451 218
451 158
451 20
451 592
451 374
451 130
451 406
451 382
451 172
451 110
451 174
451 215
451 359
451 376
451 506
451 520
451 525
451 529
451 575
451 583
452 249
452 218
452 544
452 287
452 347
452 133
452 51
452 3
452 7
452 34
452 81
452 144
452 196
452 206
452 369
452 408
452 471
452 514
452 549
453 171
453 46
453 2
453 585
453 22
453 110
453 147
453 197
453 363
453 471
453 523
453 528
453 540
453 548
453 565
454 510
454 43
454 474
454 246
454 5
454 31
454 98
454 479
454 66
454 209
454 388
454 485
454 121
454 130
454 145
454 249
454 268
454 307
455 574
455 391
455 187
455 19
455 413
455 429
455 571
455 556
455 477
455 42
455 490
455 246
455 223
455 80
455 16
455 29
455 86
455 89
455 103
455 149
455 522
456 576
456 155
456 292
456 195
456 68
456 464
456 138
456 258
456 357
456 209
456 48
456 43
456 216
456 116
456 114
456 524
456 137
456 512
456 65
456 200
456 252
456 418
456 570
456 591
457 523
457 20
457 531
457 538
457 62
457 203
457 310
457 206
457 158
457 106
457 201
457 237
457 367
457 590
457 196
457 278
457 347
457 380
457 400
457 503
458 269
458 75
458 394
458 190
458 164
458 204
458 12
458 1
458 67
458 430
458 59
458 135
458 201
458 281
458 450
459 497
459 590
459 597
459 274
459 324
459 544
459 102
459 336
459 594
459 418
459 166
459 138
459 600
459 247
459 95
459 328
460 497
460 517
460 119
460 528
460 515
460 216
460 468
460 22
460 28
460 60
460 78
460 93
460 207
460 217
460 435
460 568
461 44
461 207
461 75
461 399
461 381
461 376
461 215
461 519
461 21
461 55
461 98
461 187
461 332
461 364
461 386
461 473
461 500
461 517
462 438
462 174
462 32
462 526
462 280
462 126
462 244
462 295
462 302
462 306
462 341
462 464
463 147
463 20
463 224
463 6
463 489
463 96
463 578
463 555
463 110
463 357
463 363
463 444
464 10
464 367
464 587
464 487
464 8
464 238
464 250
464 462
464 257
464 271
464 193
464 427
464 67
464 43
464 119
464 328
464 368
464 405
464 456
465 171
465 472
465 596
465 166
465 548
465 357
465 26
465 11
465 17
465 431
465 432
465 16
465 33
465 34
465 48
465 53
465 58
465 112
465 127
465 135
465 300
465 308
465 331
465 384
465 541
465 583
466 434
466 273
466 149
466 22
466 93
466 119
466 178
466 281
466 325
466 428
467 472
467 435
467 89
467 556
467 399
467 330
467 285
467 114
467 474
467 535
467 418
467 497
467 88
467 79
467 61
467 508
467 557
467 54
467 186
467 208
467 232
467 532
467 558
468 557
468 507
468 518
468 499
468 434
468 41
468 82
468 116
468 129
468 172
468 240
468 270
468 289
468 374
468 386
468 419
468 460
468 513
468 538
468 569
468 581
469 551
469 242
469 204
469 272
469 348
469 99
469 159
469 174
469 218
469 402
469 502
469 512
470 23
470 598
470 474
470 555
470 138
470 135
470 499
470 292
470 12
470 52
470 60
470 121
470 224
470 252
470 299
470 343
470 413
471 483
471 545
471 447
471 555
471 18
471 582
471 298
471 84
471 452
471 134
471 155
471 265
471 453
471 184
471 98
471 168
471 307
472 270
472 299
472 562
472 421
472 350
472 405
472 88
472 127
472 162
472 213
472 321
472 403
472 430
472 465
472 467
472 498
472 578
473 522
473 196
473 208
473 277
473 407
473 257
473 480
473 122
473 132
473 461
473 60
473 145
473 182
473 272
473 293
473 486
473 517
473 543
474 523
474 30
474 50
474 186
474 197
474 309
474 454
474 467
474 470
474 484
474 527
474 535
474 542
474 553
474 588
475 347
475 1
475 193
475 23
475 514
475 19
475 7
475 102
475 130
475 276
475 341
476 169
476 600
476 327
476 236
476 227
476 154
476 9
476 42
476 53
476 96
476 114
476 128
476 203
476 224
476 326
476 334
476 432
476 517
476 530
477 448
477 496
477 23
477 277
477 275
477 217
477 246
477 6
477 15
477 88
477 131
477 134
477 189
477 268
477 290
477 409
477 455
477 565
478 122
478 387
478 414
478 265
478 98
478 513
478 550
478 546
478 247
478 14
478 307
478 2
478 17
478 123
478 155
478 207
478 215
478 287
478 288
478 314
478 351
478 417
478 424
478 594
479 218
479 491
479 135
479 246
479 508
479 44
479 51
479 436
479 215
479 437
479 383
479 31
479 94
479 150
479 166
479 192
479 229
479 258
479 264
479 307
479 441
479 454
479 527
479 586
479 598
480 578
480 230
480 40
480 418
480 173
480 222
480 395
480 489
480 380
480 563
480 383
480 413
480 27
480 46
480 110
480 135
480 158
480 264
480 277
480 286
480 403
480 437
480 473
480 483
481 223
481 92
481 89
481 228
481 396
481 83
481 256
481 575
481 93
481 344
481 588
481 74
481 267
481 332
481 394
481 439
481 534
481 540
481 552
482 110
482 184
482 55
482 493
482 33
482 298
482 487
482 52
482 126
482 170
482 219
482 282
482 301
482 322
482 328
482 334
482 430
482 513
482 520
483 284
483 326
483 89
483 20
483 305
483 391
483 488
483 299
483 136
483 578
483 278
483 266
483 358
483 480
483 61
483 209
483 232
483 274
483 336
483 471
483 531
483 564
484 23
484 444
484 29
484 558
484 437
484 51
484 214
484 474
484 139
484 47
484 98
484 212
484 425
484 487
484 488
484 547
484 561
485 290
485 503
485 74
485 1
485 106
485 143
485 215
485 363
485 411
485 437
485 454
485 573
485 587
486 322
486 309
486 427
486 578
486 175
486 139
486 598
486 133
486 473
486 301
486 492
486 36
486 387
486 83
486 127
486 210
486 223
486 298
486 374
487 54
487 12
487 434
487 258
487 219
487 198
487 22
487 484
487 583
487 59
487 528
487 96
487 67
487 220
487 446
487 464
487 482
488 550
488 193
488 251
488 68
488 409
488 497
488 143
488 484
488 414
488 30
488 46
488 87
488 135
488 309
488 363
488 438
488 483
488 525
489 364
489 96
489 112
489 142
489 185
489 235
489 413
489 445
489 463
489 480
489 564
489 572
490 443
490 263
490 543
490 87
490 553
490 501
490 527
490 504
490 53
490 295
490 68
490 108
490 118
490 128
490 152
490 169
490 228
490 235
490 282
490 359
490 455
491 380
491 428
491 57
491 598
491 82
491 127
491 168
491 396
491 479
492 238
492 497
492 391
492 285
492 404
492 182
492 138
492 34
492 76
492 159
492 206
492 327
492 400
492 486
492 520
492 524
492 548
493 540
493 155
493 249
493 66
493 513
493 565
493 91
493 108
493 332
493 128
493 247
493 316
493 325
493 347
493 482
493 523
493 547
494 365
494 450
494 408
494 404
494 333
494 19
494 186
494 341
494 342
494 411
494 495
494 513
494 558
494 561
495 580
495 72
495 84
495 240
495 422
495 494
495 345
495 78
495 130
495 204
495 310
495 408
495 498
495 507
495 587
495 594
496 299
496 84
496 100
496 121
496 136
496 333
496 360
496 477
496 559
497 97
497 52
497 230
497 513
497 306
497 26
497 60
497 122
497 186
497 208
497 227
497 354
497 459
497 460
497 467
497 488
497 492
497 565
497 586
498 304
498 37
498 51
498 472
498 495
498 201
498 382
498 273
498 259
498 12
498 120
498 68
498 515
498 359
498 381
498 114
498 366
498 29
498 156
498 340
498 362
498 445
499 19
499 248
499 29
499 586
499 597
499 447
499 236
499 49
499 1
499 6
499 17
499 119
499 122
499 163
499 247
499 340
499 439
499 468
499 470
500 461
500 131
500 570
500 16
500 194
500 205
500 126
500 181
500 526
500 110
500 210
500 302
500 378
500 535
501 142
501 297
501 595
501 219
501 379
501 70
501 184
501 52
501 91
501 170
501 186
501 251
501 370
501 423
501 490
501 589
502 469
502 201
502 65
502 328
502 46
502 135
502 173
502 210
502 253
502 257
502 396
502 397
502 590
503 35
503 102
503 142
503 561
503 43
503 399
503 401
503 338
503 527
503 282
503 457
503 9
503 29
503 109
503 209
503 263
503 485
504 372
504 352
504 430
504 37
504 258
504 57
504 439
504 294
504 73
504 107
504 375
504 490
505 514
505 280
505 304
505 289
505 208
505 383
505 57
505 232
505 594
505 250
505 553
505 25
505 78
505 74
505 94
505 122
505 228
505 259
505 336
505 370
505 385
505 391
505 435
505 442
505 511
505 517
505 519
506 271
506 413
506 160
506 265
506 373
506 523
506 548
506 451
506 211
506 141
506 132
506 201
506 255
506 332
506 339
507 96
507 495
507 168
507 127
507 515
507 176
507 409
507 171
507 518
507 91
507 104
507 251
507 342
507 358
507 365
507 468
508 364
508 162
508 600
508 100
508 334
508 1
508 9
508 63
508 128
508 153
508 242
508 298
508 339
508 348
508 393
508 411
508 442
508 467
508 479
508 524
508 586
509 250
509 10
509 166
509 574
509 279
509 210
509 194
509 294
509 54
509 49
509 62
509 264
509 328
509 532
510 225
510 431
510 59
510 564
510 388
510 335
510 403
510 242
510 60
510 72
510 134
510 170
510 172
510 276
510 313
510 378
510 429
510 445
510 454
510 526
511 183
511 37
511 122
511 505
511 553
511 551
511 315
511 2
511 102
511 205
511 398
511 546
511 552
511 577
512 40
512 535
512 353
512 469
512 310
512 300
512 16
512 147
512 229
512 261
512 456
513 419
513 530
513 96
513 468
513 420
513 31
513 296
513 482
513 386
513 13
513 115
513 343
513 244
513 494
513 338
513 130
513 201
513 339
513 527
513 20
513 210
513 218
513 256
513 287
513 344
513 431
513 478
513 493
513 497
513 523
513 525
513 592
514 402
514 597
514 452
514 412
514 83
514 367
514 531
514 164
514 200
514 221
514 530
514 111
514 69
514 70
514 85
514 125
514 163
514 173
514 193
514 379
514 475
514 505
514 570
515 178
515 45
515 517
515 96
515 526
515 340
515 165
515 433
515 202
515 33
515 145
515 201
515 245
515 305
515 434
515 435
515 460
515 498
515 507
515 563
515 574
516 201
516 552
516 418
516 434
516 26
516 324
516 33
516 132
516 150
516 202
516 237
516 251
516 327
516 340
516 345
516 367
516 369
516 520
517 536
517 461
517 473
517 505
517 40
517 57
517 117
517 409
517 553
517 84
517 133
517 476
517 584
517 53
517 46
517 324
517 460
517 515
517 534
517 599
518 122
518 235
518 443
518 308
518 338
518 525
518 336
518 238
518 16
518 283
518 358
518 53
518 205
518 154
518 213
518 269
518 365
518 370
518 468
518 507
518 523
519 252
519 505
519 259
519 585
519 61
519 131
519 163
519 183
519 16
519 22
519 30
519 36
519 55
519 93
519 461
519 590
520 83
520 251
520 492
520 589
520 105
520 451
520 39
520 25
520 424
520 482
520 516
520 596
520 119
520 263
520 329
521 245
521 90
521 150
521 226
521 281
521 53
521 352
521 19
521 54
521 114
521 121
521 130
521 174
521 379
521 402
521 419
521 431
521 443
521 528
522 324
522 369
522 455
522 192
522 200
522 288
522 78
522 21
522 97
522 121
522 307
522 328
522 357
522 473
522 582
523 453
523 178
523 446
523 513
523 551
523 518
523 278
523 99
523 493
523 30
523 48
523 51
523 109
523 118
523 137
523 194
523 231
523 285
523 321
523 349
523 372
523 457
523 474
523 506
524 244
524 392
524 578
524 555
524 508
524 316
524 276
524 48
524 492
524 1
524 25
524 68
524 119
524 193
524 265
524 318
524 380
524 456
525 488
525 513
525 451
525 360
525 537
525 49
525 563
525 96
525 70
525 3
525 128
525 132
525 193
525 306
525 392
525 518
525 556
526 580
526 332
526 315
526 510
526 564
526 598
526 153
526 162
526 200
526 212
526 257
526 390
526 462
526 500
526 515
526 574
527 299
527 329
527 474
527 125
527 117
527 347
527 257
527 323
527 27
527 52
527 479
527 169
527 179
527 240
527 332
527 357
527 407
527 490
527 503
527 513
527 553
528 60
528 547
528 58
528 556
528 404
528 88
528 521
528 581
528 252
528 266
528 453
528 329
528 46
528 61
528 64
528 69
528 189
528 372
528 421
528 442
528 460
528 487
529 418
529 449
529 587
529 425
529 444
529 76
529 152
529 451
529 372
529 328
529 5
529 49
529 140
529 203
529 314
529 408
529 591
530 59
530 386
530 250
530 27
530 77
530 476
530 43
530 99
530 262
530 315
530 406
530 423
530 513
530 514
530 542
530 546
531 309
531 535
531 483
531 122
531 596
531 94
531 99
531 128
531 163
531 247
531 331
531 393
531 457
531 514
531 553
532 509
532 426
532 399
532 467
532 592
532 126
532 319
532 56
532 84
532 286
532 349
532 444
532 538
532 557
532 589
533 429
533 93
533 434
533 256
533 37
533 129
533 226
533 322
533 450
534 435
534 576
534 38
534 7
534 517
534 481
534 49
534 62
534 152
534 161
534 197
534 207
534 216
534 542
534 555
535 596
535 500
535 293
535 369
535 85
535 474
535 303
535 311
535 184
535 242
535 162
535 190
535 241
535 294
535 330
535 394
535 467
535 512
535 531
535 593
536 425
536 98
536 350
536 415
536 370
536 206
536 296
536 43
536 59
536 154
536 223
536 226
536 270
536 284
536 365
536 390
536 399
536 404
536 435
536 448
536 450
536 517
537 586
537 350
537 598
537 8
537 17
537 51
537 268
537 272
537 318
537 356
537 368
537 525
538 395
538 254
538 532
538 344
538 37
538 55
538 468
538 8
538 76
538 160
538 200
538 223
538 244
538 369
538 450
538 457
538 548
538 574
539 189
539 234
539 351
539 63
539 286
539 49
539 153
539 192
539 252
539 289
539 302
539 330
539 349
539 414
539 572
540 433
540 453
540 367
540 481
540 548
540 340
540 96
540 100
540 285
540 6
540 28
540 141
540 291
540 397
540 493
540 547
540 559
541 124
541 434
541 465
541 447
541 139
541 30
541 260
541 1
541 39
541 249
541 262
541 350
541 372
541 377
541 428
541 597
542 474
542 330
542 64
542 530
542 544
542 199
542 325
542 534
542 69
542 259
542 295
542 371
542 377
542 432
542 433
542 444
542 447
542 576
543 395
543 355
543 327
543 126
543 65
543 473
543 586
543 592
543 379
543 219
543 29
543 351
543 27
543 300
543 490
543 546
543 579
543 587
544 181
544 446
544 113
544 439
544 6
544 243
544 20
544 582
544 63
544 143
544 247
544 80
544 105
544 131
544 199
544 207
544 404
544 410
544 452
544 459
544 542
545 110
545 445
545 47
545 234
545 583
545 44
545 79
545 108
545 129
545 137
545 240
545 402
545 471
545 559
546 543
546 84
546 597
546 114
546 421
546 530
546 434
546 403
546 308
546 176
546 511
546 20
546 58
546 60
546 138
546 186
546 478
546 572
547 242
547 540
547 170
547 588
547 60
547 122
547 322
547 565
547 324
547 144
547 137
547 493
547 484
547 6
547 36
547 89
547 225
547 231
547 292
547 528
548 24
548 443
548 408
548 250
548 538
548 90
548 207
548 492
548 453
548 59
548 240
548 465
548 506
548 540
549 23
549 452
549 301
549 433
549 127
549 233
549 47
549 303
549 397
549 354
549 186
549 39
549 68
549 182
549 197
549 304
549 316
549 347
550 352
550 49
550 220
550 328
550 108
550 350
550 154
550 24
550 99
550 100
550 238
550 242
550 288
550 370
550 379
550 402
550 437
550 478
550 488
550 557
551 78
551 372
551 241
551 94
551 197
551 552
551 17
551 171
551 333
551 359
551 394
551 399
551 411
551 417
551 444
551 469
551 511
551 523
552 308
552 207
552 298
552 22
552 238
552 400
552 481
552 435
552 129
552 415
552 219
552 511
552 23
552 12
552 54
552 94
552 104
552 249
552 274
552 358
552 396
552 397
552 516
552 551
552 587
553 103
553 474
553 234
553 159
553 67
553 286
553 395
553 527
553 531
553 98
553 594
553 48
553 139
553 163
553 167
553 223
553 225
553 297
553 312
553 429
553 447
553 490
553 505
553 511
553 517
553 558
554 251
554 66
554 418
554 150
554 183
554 331
554 593
554 600
555 423
555 334
555 150
555 310
555 594
555 226
555 81
555 18
555 1
555 534
555 29
555 56
555 112
555 136
555 162
555 182
555 212
555 328
555 376
555 463
555 470
555 471
555 524
555 577
555 585
556 430
556 277
556 525
556 563
556 245
556 191
556 304
556 21
556 33
556 81
556 152
556 186
556 187
556 276
556 343
556 391
556 433
556 445
556 455
556 467
556 528
557 296
557 61
557 255
557 307
557 550
557 418
557 532
557 225
557 230
557 357
557 467
557 468
557 585
558 444
558 467
558 300
558 553
558 578
558 319
558 494
558 341
558 422
558 53
558 89
558 90
558 122
558 139
558 157
558 190
558 345
558 390
558 484
558 570
559 41
559 182
559 540
559 496
559 579
559 545
559 94
559 576
559 199
559 251
559 324
560 569
560 187
560 163
560 138
560 323
560 141
560 41
560 44
560 271
560 392
560 402
560 439
560 447
560 574
561 484
561 595
561 592
561 160
561 238
561 382
561 244
561 494
561 331
561 87
561 123
561 241
561 339
561 503
562 43
562 341
562 152
562 412
562 22
562 77
562 376
562 203
562 584
562 87
562 123
562 150
562 180
562 213
562 323
562 336
562 377
562 437
562 472
563 295
563 54
563 380
563 78
563 287
563 241
563 284
563 515
563 354
563 6
563 575
563 362
563 64
563 99
563 102
563 127
563 155
563 329
563 381
563 480
563 525
563 556
564 116
564 327
564 224
564 64
564 117
564 489
564 180
564 147
564 483
564 106
564 160
564 574
564 168
564 365
564 115
564 120
564 154
564 441
564 51
564 56
564 71
564 133
564 179
564 229
564 262
564 336
564 339
564 357
564 510
564 526
564 597
565 589
565 391
565 453
565 125
565 258
565 109
565 497
565 477
565 21
565 180
565 1
565 15
565 76
565 85
565 199
565 274
565 421
565 428
565 493
565 547
565 569
566 138
566 12
566 173
566 405
566 303
566 346
566 7
566 35
566 74
566 79
566 108
566 196
566 314
566 363
566 418
566 439
566 579
567 221
567 595
567 94
567 128
567 229
567 435
567 585
568 330
568 121
568 97
568 12
568 460
568 83
568 145
568 74
568 223
568 37
568 159
568 582
568 105
568 278
568 321
568 357
568 399
568 423
569 468
569 271
569 63
569 126
569 184
569 107
569 418
569 565
569 99
569 305
569 374
569 402
569 412
569 560
570 268
570 45
570 361
570 558
570 514
570 437
570 48
570 262
570 387
570 65
570 297
570 456
570 56
570 6
570 60
570 181
570 192
570 230
570 236
570 258
570 281
570 425
570 427
570 435
570 448
570 500
570 574
570 593
571 214
571 373
571 578
571 283
571 447
571 274
571 178
571 180
571 185
571 279
571 339
571 455
571 592
572 539
572 346
572 285
572 404
572 373
572 489
572 380
572 204
572 239
572 546
572 440
572 12
572 47
572 50
572 74
572 93
572 105
572 106
572 138
572 254
572 269
572 290
572 341
572 587
573 390
573 92
573 182
573 485
573 346
573 264
573 283
573 300
573 377
573 448
573 582
573 592
573 593
574 129
574 23
574 446
574 526
574 394
574 538
574 560
574 570
574 151
574 582
574 515
574 363
574 422
574 579
574 222
574 11
574 48
574 220
574 240
574 288
574 358
574 424
574 455
574 509
574 564
575 451
575 5
575 50
575 580
575 232
575 156
575 49
575 241
575 266
575 352
575 355
575 394
575 402
575 481
575 563
576 259
576 171
576 542
576 41
576 600
576 62
576 173
576 196
576 211
576 240
576 249
576 310
576 325
576 392
576 427
576 433
576 456
576 534
576 559
577 166
577 511
577 555
577 389
577 357
577 307
577 57
577 89
577 140
577 342
577 359
577 418
577 443
577 582
578 98
578 376
578 472
578 405
578 433
578 172
578 355
578 463
578 480
578 483
578 486
578 524
578 558
578 571
579 165
579 566
579 62
579 400
579 370
579 543
579 433
579 412
579 65
579 86
579 131
579 223
579 240
579 279
579 334
579 559
579 574
580 597
580 100
580 144
580 172
580 413
580 495
580 526
580 575
580 586
581 286
581 65
581 596
581 468
581 3
581 52
581 164
581 258
581 295
581 348
581 424
581 528
582 573
582 100
582 271
582 522
582 133
582 577
582 212
582 431
582 471
582 544
582 568
582 574
583 353
583 134
583 451
583 368
583 465
583 110
583 200
583 12
583 85
583 97
583 144
583 145
583 230
583 278
583 335
583 487
583 545
584 180
584 388
584 260
584 37
584 144
584 288
584 397
584 423
584 517
584 562
585 344
585 159
585 567
585 167
585 316
585 389
585 555
585 557
585 283
585 218
585 245
585 591
585 127
585 230
585 242
585 301
585 313
585 333
585 346
585 361
585 426
585 453
585 519
585 599
586 160
586 374
586 508
586 479
586 8
586 497
586 440
586 312
586 580
586 39
586 66
586 118
586 322
586 327
586 409
586 499
586 537
586 543
587 485
587 552
587 495
587 432
587 312
587 572
587 205
587 299
587 543
587 161
587 212
587 301
587 464
587 529
588 328
588 474
588 122
588 100
588 215
588 218
588 245
588 374
588 388
588 481
588 547
589 532
589 232
589 377
589 501
589 364
589 237
589 199
589 57
589 85
589 190
589 285
589 306
589 341
589 444
589 520
589 565
590 180
590 519
590 229
590 199
590 234
590 173
590 502
590 112
590 142
590 182
590 239
590 257
590 347
590 384
590 457
590 459
591 326
591 128
591 456
591 16
591 44
591 529
591 191
591 385
591 209
591 224
591 255
591 392
591 585
592 235
592 571
592 267
592 573
592 60
592 64
592 513
592 105
592 36
592 222
592 34
592 62
592 140
592 226
592 451
592 532
592 543
592 561
593 379
593 381
593 81
593 535
593 3
593 4
593 573
593 570
593 554
593 296
593 433
593 19
593 163
593 217
593 282
593 306
593 406
594 46
594 226
594 388
594 286
594 406
594 298
594 428
594 478
594 495
594 77
594 283
594 450
594 459
594 505
594 553
594 555
595 417
595 333
595 220
595 92
595 47
595 39
595 93
595 141
595 216
595 271
595 501
595 561
595 567
596 142
596 22
596 274
596 396
596 263
596 93
596 183
596 67
596 36
596 82
596 139
596 191
596 405
596 465
596 520
596 531
596 535
596 581
597 131
597 374
597 564
597 99
597 541
597 449
597 154
597 84
597 257
597 309
597 314
597 355
597 459
597 499
597 514
597 546
597 580
598 479
598 327
598 219
598 396
598 3
598 200
598 275
598 422
598 470
598 486
598 491
598 526
598 537
599 585
599 428
599 517
599 74
599 297
599 253
599 368
599 47
599 100
599 122
599 188
599 252
599 330
599 372
599 414
600 394
600 138
600 428
600 554
600 360
600 33
600 275
600 285
600 291
600 300
600 371
600 374
600 406
600 459
600 476
600 508
600 576
