1 61
1 13
1 49
1 53
1 90
1 19
1 2
1 27
1 98
1 26
1 30
1 34
1 35
1 64
1 70
1 83
1 8
1 63
2 50
2 53
2 57
2 99
2 33
2 1
2 12
2 25
2 32
2 36
2 42
2 59
2 75
2 84
2 56
2 28
2 95
3 96
3 100
3 67
3 29
3 24
3 69
3 27
3 65
3 61
3 16
3 83
3 85
3 93
3 57
3 71
3 43
4 68
4 90
4 84
4 5
4 92
4 93
4 72
4 14
4 59
4 42
4 16
4 44
4 50
4 58
4 76
4 82
4 96
4 63
5 69
5 66
5 4
5 7
5 17
5 18
5 25
5 26
5 29
5 30
5 38
5 45
5 46
5 59
5 62
5 77
5 55
5 87
6 35
6 90
6 29
6 98
6 94
6 54
6 8
6 42
6 24
6 27
6 31
6 61
6 85
6 100
7 36
7 35
7 54
7 93
7 58
7 95
7 63
7 65
7 49
7 5
7 16
7 20
7 28
7 76
7 96
7 73
7 45
8 92
8 14
8 59
8 1
8 36
8 70
8 9
8 10
8 6
8 34
8 44
8 48
8 57
8 64
8 69
8 81
8 84
8 94
8 100
8 32
8 33
8 54
9 54
9 83
9 16
9 43
9 46
9 84
9 20
9 64
9 73
9 91
9 45
9 8
10 38
10 64
10 15
10 56
10 95
10 83
10 94
10 27
10 74
10 96
10 68
10 30
10 31
10 39
10 71
10 92
10 100
10 8
10 62
11 58
11 20
11 28
11 33
11 36
11 44
11 59
11 63
11 68
11 76
11 80
11 93
11 96
11 71
11 99
11 30
12 62
12 70
12 77
12 2
12 89
12 58
12 68
12 95
12 30
12 53
12 90
13 55
13 85
13 32
13 40
13 17
13 1
13 18
13 37
13 50
13 58
13 73
13 16
13 35
14 75
14 98
14 31
14 47
14 44
14 51
14 77
14 46
14 90
14 68
14 49
14 40
14 80
14 48
14 4
14 8
14 18
14 35
14 100
14 72
15 96
15 77
15 64
15 22
15 92
15 87
15 51
15 24
15 81
15 10
15 20
15 31
15 44
15 74
15 83
15 32
15 49
16 3
16 19
16 42
16 7
16 31
16 37
16 4
16 61
16 24
16 54
16 13
16 9
16 17
16 20
16 23
16 55
16 57
16 74
16 84
16 100
16 33
17 41
17 20
17 66
17 16
17 46
17 87
17 54
17 5
17 57
17 90
17 29
17 32
17 42
17 55
17 80
17 97
17 27
17 13
18 14
18 97
18 5
18 70
18 83
18 13
18 98
18 50
18 41
18 49
18 61
18 81
18 88
18 92
18 94
18 44
19 28
19 84
19 55
19 44
19 34
19 53
19 43
19 1
19 16
19 42
19 76
19 75
19 81
19 26
20 80
20 11
20 24
20 29
20 23
20 72
20 47
20 68
20 7
20 38
20 94
20 15
20 16
20 93
20 9
20 74
20 66
20 76
20 17
20 34
20 61
20 64
20 84
20 95
20 100
21 34
21 44
21 49
21 24
21 26
21 63
21 94
21 95
21 100
22 72
22 54
22 52
22 89
22 27
22 15
22 47
22 61
22 45
22 71
22 66
22 99
23 84
23 16
23 20
23 29
23 41
23 50
23 80
23 82
23 38
24 6
24 48
24 21
24 58
24 37
24 3
24 20
24 41
24 54
24 80
24 85
24 16
24 25
24 15
24 33
25 51
25 26
25 75
25 35
25 2
25 61
25 5
25 100
25 24
25 31
25 28
25 77
25 91
25 95
25 97
25 48
25 45
26 1
26 49
26 60
26 73
26 46
26 97
26 21
26 48
26 5
26 98
26 33
26 38
26 82
26 68
26 35
26 19
26 85
26 25
26 34
26 65
26 84
27 90
27 53
27 82
27 96
27 83
27 6
27 33
27 50
27 61
27 17
27 99
27 3
27 28
27 62
27 97
27 100
27 71
27 1
27 77
27 10
27 58
27 22
28 53
28 7
28 27
28 11
28 92
28 51
28 91
28 2
28 32
28 19
28 40
28 52
28 81
28 98
28 36
28 25
28 86
28 70
28 88
29 98
29 50
29 77
29 5
29 23
29 63
29 61
29 49
29 17
29 44
29 84
29 59
29 3
29 6
29 20
29 30
29 31
29 32
29 38
29 48
29 57
29 72
29 80
29 85
30 91
30 82
30 99
30 29
30 88
30 92
30 51
30 1
30 12
30 35
30 5
30 10
30 50
30 11
30 32
30 57
30 60
30 62
30 73
30 74
30 90
30 77
30 85
30 58
30 79
31 6
31 15
31 29
31 76
31 10
31 41
31 51
31 69
31 14
31 16
31 34
31 38
31 68
31 88
31 90
31 93
31 25
31 58
32 74
32 85
32 49
32 57
32 17
32 72
32 29
32 2
32 63
32 30
32 15
32 8
32 69
32 13
32 36
32 55
32 59
32 61
32 97
32 83
32 84
32 73
32 47
32 28
33 87
33 11
33 76
33 83
33 8
33 39
33 16
33 24
33 26
33 27
33 96
33 2
34 38
34 90
34 26
34 20
34 8
34 77
34 74
34 1
34 31
34 36
34 19
34 21
34 51
34 56
34 61
34 66
34 69
34 70
34 86
35 58
35 97
35 38
35 42
35 74
35 90
35 48
35 1
35 98
35 14
35 13
35 6
35 7
35 25
35 26
35 30
35 47
35 54
35 91
35 100
36 11
36 97
36 2
36 44
36 88
36 61
36 90
36 32
36 89
36 28
36 7
36 34
36 73
36 100
36 8
36 48
37 94
37 56
37 88
37 13
37 77
37 42
37 66
37 96
37 50
37 49
37 16
37 24
37 38
37 41
37 67
37 92
37 63
38 31
38 87
38 5
38 37
38 80
38 100
38 89
38 86
38 29
38 79
38 23
38 75
38 10
38 20
38 26
38 34
38 35
38 50
38 63
38 65
38 66
38 92
38 96
39 10
39 100
39 48
39 83
39 85
39 96
39 89
39 33
40 58
40 44
40 84
40 61
40 28
40 88
40 13
40 48
40 57
40 14
40 45
40 71
41 23
41 24
41 74
41 37
41 95
41 18
41 44
41 92
41 17
41 31
41 43
41 59
41 88
41 90
41 45
41 46
41 55
42 69
42 2
42 17
42 19
42 85
42 82
42 56
42 6
42 16
42 35
42 37
42 44
42 54
42 66
42 94
42 4
42 89
43 74
43 41
43 98
43 59
43 49
43 3
43 9
43 68
43 85
43 90
43 58
43 19
44 42
44 83
44 4
44 8
44 54
44 49
44 63
44 62
44 11
44 15
44 85
44 18
44 14
44 19
44 21
44 29
44 36
44 40
44 41
44 47
44 57
44 68
44 95
44 45
45 5
45 79
45 41
45 80
45 82
45 9
45 22
45 44
45 92
45 7
45 98
45 40
45 25
45 90
46 93
46 5
46 73
46 41
46 9
46 14
46 17
46 26
46 47
46 63
46 69
46 96
46 100
46 72
46 71
47 35
47 22
47 44
47 98
47 46
47 100
47 77
47 32
47 14
47 20
47 61
48 29
48 75
48 8
48 88
48 40
48 25
48 36
48 24
48 26
48 35
48 49
48 52
48 58
48 61
48 64
48 66
48 69
48 77
48 81
48 57
48 39
48 14
49 66
49 80
49 48
49 95
49 18
49 15
49 51
49 1
49 7
49 14
49 26
49 29
49 32
49 44
49 55
49 73
49 21
49 43
49 37
50 60
50 23
50 68
50 83
50 95
50 13
50 4
50 38
50 2
50 27
50 29
50 30
50 37
50 51
50 63
50 77
50 81
50 82
50 84
50 93
50 100
50 18
51 72
51 50
51 61
51 54
51 94
51 34
51 14
51 15
51 25
51 28
51 30
51 53
51 75
51 95
51 90
51 49
51 31
52 62
52 96
52 89
52 28
52 61
52 77
52 48
52 100
52 65
52 81
52 22
53 51
53 76
53 80
53 12
53 90
53 1
53 2
53 19
53 27
53 28
53 63
53 82
53 71
53 86
54 92
54 62
54 81
54 82
54 42
54 35
54 24
54 64
54 8
54 6
54 7
54 9
54 17
54 44
54 51
54 93
54 100
54 22
54 16
55 49
55 57
55 58
55 60
55 91
55 61
55 16
55 32
55 79
55 69
55 17
55 100
55 5
55 41
55 13
55 19
55 76
55 95
55 98
56 58
56 89
56 98
56 34
56 61
56 2
56 94
56 10
56 37
56 64
56 76
56 42
56 88
57 90
57 30
57 40
57 8
57 29
57 44
57 16
57 48
57 74
57 3
57 89
57 58
57 87
57 84
57 97
57 2
57 17
57 32
57 55
57 63
57 68
57 94
57 98
57 60
57 99
58 73
58 100
58 4
58 13
58 68
58 62
58 82
58 48
58 31
58 27
58 43
58 30
58 7
58 11
58 24
58 35
58 40
58 55
58 56
58 66
58 76
58 88
58 96
58 12
58 57
59 32
59 2
59 74
59 41
59 67
59 11
59 64
59 5
59 85
59 8
59 70
59 71
59 79
59 88
59 99
59 4
59 43
59 60
59 92
59 29
60 76
60 73
60 100
60 30
60 88
60 74
60 57
60 59
60 81
60 26
60 50
60 55
60 63
60 95
61 18
61 48
61 84
61 20
61 22
61 47
61 85
61 34
61 6
61 32
61 83
61 65
61 75
61 1
61 16
61 25
61 27
61 29
61 36
61 40
61 51
61 52
61 55
61 56
61 69
61 99
61 3
62 5
62 27
62 100
62 30
62 90
62 10
62 12
62 44
62 52
62 54
62 58
62 66
62 72
62 77
62 80
62 93
63 50
63 57
63 64
63 11
63 53
63 38
63 46
63 21
63 79
63 60
63 85
63 37
63 1
63 4
63 7
63 29
63 32
63 44
63 81
63 84
63 99
63 76
63 91
64 56
64 48
64 9
64 96
64 98
64 1
64 20
64 68
64 8
64 95
64 10
64 15
64 59
64 63
64 66
64 81
64 73
64 54
65 38
65 95
65 52
65 26
65 3
65 7
65 93
65 61
66 75
66 58
66 92
66 64
66 100
66 34
66 62
66 42
66 48
66 38
66 91
66 22
66 67
66 5
66 17
66 37
66 49
66 95
66 20
67 37
67 3
67 59
67 88
67 79
67 66
68 44
68 31
68 43
68 57
68 11
68 100
68 4
68 14
68 20
68 26
68 50
68 58
68 64
68 85
68 92
68 75
68 12
68 10
69 48
69 85
69 8
69 74
69 98
69 83
69 34
69 46
69 81
69 61
69 94
69 3
69 5
69 42
69 55
69 77
69 82
69 88
69 93
69 95
69 97
69 32
69 31
70 34
70 59
70 1
70 89
70 28
70 12
70 18
70 8
71 59
71 10
71 27
71 3
71 95
71 22
71 11
71 40
71 53
71 46
71 86
71 88
72 80
72 62
72 29
72 94
72 14
72 46
72 4
72 20
72 32
72 51
72 90
72 22
72 86
73 76
73 9
73 49
73 30
73 74
73 77
73 36
73 95
73 64
73 13
73 7
73 32
73 26
73 46
73 58
73 60
73 84
73 100
73 93
74 16
74 30
74 15
74 97
74 80
74 98
74 20
74 32
74 34
74 35
74 41
74 43
74 59
74 69
74 73
74 100
74 57
74 60
74 10
74 79
75 89
75 51
75 2
75 19
75 68
75 14
75 25
75 48
75 66
75 81
75 86
75 61
75 38
76 19
76 80
76 83
76 11
76 56
76 4
76 55
76 58
76 7
76 63
76 86
76 31
76 53
76 60
76 73
76 85
76 100
76 33
76 20
77 62
77 50
77 5
77 69
77 25
77 99
77 48
77 30
77 27
77 79
77 12
77 14
77 15
77 29
77 34
77 37
77 52
77 73
77 81
77 88
77 89
77 95
77 100
77 47
77 92
78 91
79 59
79 97
79 86
79 67
79 85
79 74
79 30
79 45
79 55
79 63
79 87
79 38
79 77
80 29
80 11
80 23
80 17
80 24
80 62
80 84
80 20
80 38
80 49
80 53
80 72
80 76
80 81
80 82
80 96
80 74
80 45
80 14
80 86
81 52
81 75
81 80
81 85
81 50
81 64
81 94
81 28
81 8
81 48
81 77
81 96
81 63
81 18
81 19
81 54
81 69
81 93
81 60
81 15
82 50
82 69
82 4
82 53
82 100
82 93
82 96
82 80
82 23
82 26
82 27
82 30
82 54
82 58
82 45
82 42
83 39
83 1
83 3
83 15
83 32
83 9
83 10
83 18
83 27
83 44
83 50
83 61
83 69
83 76
83 97
83 100
83 33
83 86
84 26
84 88
84 92
84 16
84 8
84 63
84 20
84 50
84 73
84 2
84 32
84 4
84 19
84 23
84 29
84 40
84 61
84 80
84 96
84 9
84 57
85 6
85 39
85 3
85 24
85 29
85 68
85 43
85 76
85 30
85 13
85 32
85 61
85 69
85 81
85 88
85 89
85 99
85 42
85 44
85 63
85 26
85 59
85 79
86 71
86 28
86 72
86 80
86 75
86 53
86 95
86 34
86 83
86 38
86 79
86 76
87 79
87 5
87 15
87 17
87 33
87 38
87 95
87 57
88 85
88 67
88 100
88 77
88 41
88 18
88 58
88 59
88 31
88 69
88 71
88 56
88 28
88 30
88 36
88 37
88 48
88 60
88 84
88 98
88 40
89 77
89 92
89 85
89 100
89 39
89 42
89 36
89 38
89 52
89 56
89 75
89 12
89 57
89 22
89 70
90 72
90 31
90 30
90 96
90 43
90 12
90 41
90 97
90 51
90 45
90 1
90 4
90 6
90 14
90 27
90 34
90 35
90 36
90 53
90 57
90 62
90 17
91 9
91 25
91 35
91 63
91 30
91 55
91 66
91 98
91 28
91 100
91 78
92 68
92 18
92 10
92 38
92 37
92 77
92 59
92 4
92 8
92 15
92 28
92 30
92 54
92 66
92 84
92 89
92 94
92 95
92 45
92 41
93 50
93 81
93 65
93 54
93 3
93 62
93 11
93 31
93 96
93 69
93 73
93 4
93 7
93 20
93 46
93 82
94 18
94 57
94 8
94 92
94 42
94 21
94 98
94 6
94 20
94 37
94 51
94 72
94 81
94 96
94 69
94 10
94 56
95 87
95 44
95 60
95 51
95 66
95 25
95 96
95 20
95 69
95 92
95 77
95 55
95 21
95 2
95 7
95 10
95 41
95 49
95 50
95 65
95 73
95 64
95 71
95 86
95 12
96 39
96 80
96 58
96 84
96 4
96 94
96 46
96 33
96 7
96 11
96 38
96 3
96 15
96 27
96 37
96 52
96 64
96 81
96 82
96 90
96 93
96 95
96 10
97 25
97 17
97 83
97 27
97 32
97 69
97 18
97 26
97 35
97 36
97 74
97 79
97 90
97 100
97 57
98 55
98 88
98 91
98 28
98 57
98 6
98 14
98 18
98 26
98 29
98 35
98 43
98 47
98 56
98 64
98 69
98 94
98 45
98 1
98 74
99 59
99 85
99 61
99 63
99 11
99 57
99 22
99 2
99 30
99 77
99 27
100 83
100 97
100 77
100 54
100 20
100 74
100 50
100 36
100 76
100 8
100 10
100 16
100 6
100 27
100 73
100 14
100 46
100 35
100 91
100 21
100 3
100 25
100 38
100 39
100 55
100 58
100 60
100 62
100 66
100 82
100 88
100 89
100 47
100 52
100 68
