1 984
1 590
2 186
2 415
4 538
5 84
5 208
5 447
6 811
7 995
7 668
7 415
7 833
7 572
7 770
7 269
7 739
7 644
7 308
7 485
7 244
7 36
7 467
7 420
8 643
9 400
9 583
9 105
9 85
9 860
9 68
10 446
10 389
10 240
10 114
10 172
10 361
10 901
10 930
10 489
11 101
11 23
12 630
12 867
13 536
13 636
13 121
13 505
14 886
14 337
15 918
15 813
16 867
17 56
18 830
18 797
19 255
21 306
21 741
21 80
22 157
22 920
22 410
22 898
22 545
22 310
23 11
23 32
23 286
23 220
23 976
23 949
23 436
23 433
23 59
23 767
23 722
23 497
23 824
24 777
24 464
24 232
24 130
25 674
25 932
25 659
25 915
25 814
25 69
25 538
25 162
26 703
27 918
28 261
28 131
28 505
28 590
28 660
29 303
29 859
29 753
29 985
29 682
29 898
29 448
29 283
29 121
29 925
30 701
30 992
30 341
30 562
30 754
30 112
30 416
30 609
30 769
30 441
31 375
32 658
32 729
32 23
33 331
34 255
35 421
35 315
35 143
35 800
35 661
35 794
35 965
35 388
35 343
35 101
36 7
37 607
37 788
37 318
38 918
39 630
40 668
41 649
41 532
41 640
41 275
41 148
41 446
41 632
42 516
42 872
42 460
42 774
43 873
44 208
44 447
45 753
45 909
45 583
45 961
46 883
46 482
46 769
46 720
46 638
46 252
47 76
47 238
48 824
48 396
48 802
48 516
48 538
48 774
49 816
50 474
50 823
50 276
51 539
51 144
51 441
51 601
52 855
52 345
53 548
53 903
53 460
53 480
53 601
54 643
55 813
55 595
56 17
56 765
56 856
56 498
56 332
56 677
56 386
56 726
56 517
56 783
56 699
59 961
59 183
59 241
59 697
59 392
59 353
59 153
59 23
60 460
60 585
61 679
61 375
62 478
62 793
62 343
63 977
63 989
64 267
64 447
65 350
65 144
65 342
65 168
65 328
65 293
65 553
65 387
65 81
65 638
66 613
66 353
66 691
67 138
67 331
67 162
68 9
68 319
68 891
68 636
68 429
68 330
68 380
68 279
68 133
69 918
69 107
69 105
69 828
69 304
69 547
69 241
69 25
69 71
69 341
69 347
69 584
70 763
70 574
70 770
70 577
70 713
70 798
70 106
70 550
71 69
72 806
73 834
74 539
75 381
76 86
76 640
76 176
76 223
76 47
76 720
76 238
77 386
77 854
77 491
77 324
77 957
77 929
78 335
78 343
78 131
79 131
80 302
80 825
80 103
80 135
80 407
80 842
80 725
80 827
80 699
80 21
80 120
80 631
80 213
81 392
81 792
81 616
81 702
81 491
81 152
81 65
81 89
81 776
81 832
82 833
82 927
82 368
82 545
82 810
82 308
82 494
82 376
82 608
82 434
82 220
83 961
83 906
83 874
83 578
84 302
84 952
84 539
84 770
84 971
84 110
84 5
84 363
84 223
84 968
84 760
85 238
85 9
85 94
86 76
87 989
87 388
87 953
88 602
89 971
89 81
89 855
89 373
90 601
90 431
91 726
93 949
93 440
94 408
94 85
94 798
94 604
94 541
94 781
94 899
94 390
94 831
94 112
94 968
94 849
94 864
94 628
95 834
96 938
97 353
98 451
98 875
98 678
98 609
98 727
100 703
100 517
100 488
100 437
100 574
100 286
101 11
101 805
101 245
101 111
101 714
101 501
101 834
101 134
101 35
102 813
103 869
103 813
103 80
104 239
104 926
104 602
104 797
105 69
105 9
106 70
107 877
107 69
107 460
109 308
109 443
109 970
109 721
109 973
109 477
109 193
109 358
109 332
110 84
111 255
111 101
112 30
112 574
112 94
113 343
114 210
114 919
114 10
114 276
115 820
115 223
117 828
117 148
117 984
118 840
119 250
119 488
120 80
121 13
121 29
122 913
122 439
122 635
124 375
125 276
126 244
126 960
126 868
126 620
126 724
126 503
126 918
126 939
126 791
126 238
127 160
127 475
127 791
128 186
128 146
128 821
129 602
129 431
130 794
130 391
130 382
130 279
130 215
130 139
130 633
130 24
131 28
131 904
131 78
131 336
131 883
131 387
131 998
131 79
131 586
132 809
132 705
132 448
132 363
132 623
132 296
133 184
133 949
133 68
134 388
134 101
135 80
136 148
136 602
137 461
138 517
138 67
138 497
138 873
139 938
139 143
139 494
139 286
139 130
139 453
139 176
139 751
139 187
139 184
139 375
139 252
140 447
141 685
141 595
142 610
142 733
142 312
142 582
142 612
142 714
142 440
143 139
143 35
144 361
144 910
144 909
144 694
144 346
144 51
144 677
144 489
144 451
144 65
144 630
144 884
145 675
145 598
146 610
146 128
146 721
146 464
146 980
146 939
147 867
147 953
148 541
148 136
148 712
148 869
148 554
148 377
148 117
148 411
148 41
149 652
150 597
150 252
151 323
151 977
151 331
151 537
151 512
152 699
152 574
152 604
152 81
152 353
153 921
153 59
153 297
153 666
153 647
154 919
154 460
154 353
155 718
156 335
157 939
157 22
157 720
157 548
159 701
159 665
159 530
159 647
159 441
159 373
160 127
160 415
160 635
162 649
162 734
162 25
162 67
162 778
162 898
162 984
164 877
164 239
165 470
165 939
167 936
167 942
167 562
167 919
167 959
168 65
169 417
169 529
169 920
169 232
169 177
171 184
171 922
172 10
173 668
175 484
175 539
175 726
175 375
176 403
176 548
176 139
176 76
176 601
177 308
177 989
177 630
177 169
178 768
179 922
180 720
181 664
182 701
182 281
182 276
183 59
183 730
184 171
184 839
184 768
184 133
184 357
184 139
184 348
186 805
186 2
186 128
186 641
186 986
186 812
186 925
186 726
187 730
187 139
187 590
188 736
188 688
188 744
188 442
189 793
190 834
191 820
191 651
191 853
193 109
193 276
193 590
194 408
195 834
198 665
198 868
201 306
202 437
202 544
202 830
202 813
203 720
205 918
206 939
207 582
207 570
207 891
207 991
207 655
207 869
207 388
208 44
208 629
208 954
208 861
208 386
208 5
208 869
208 874
208 759
208 753
208 469
209 477
209 959
210 833
210 628
210 955
210 549
210 439
210 275
210 423
210 548
210 582
210 114
210 335
210 488
211 279
212 903
213 852
213 80
214 834
215 376
215 130
215 692
215 706
215 410
216 597
216 949
217 404
218 585
218 632
220 266
220 265
220 777
220 887
220 247
220 773
220 555
220 723
220 82
220 559
220 682
220 262
220 343
220 23
221 408
221 817
221 741
222 834
223 115
223 951
223 76
223 84
224 918
224 441
225 498
225 847
225 437
225 991
225 936
225 873
225 395
226 821
226 512
228 853
229 699
230 797
231 868
231 602
231 267
232 335
232 169
232 24
233 437
235 691
236 475
237 683
238 994
238 376
238 76
238 540
238 516
238 757
238 47
238 85
238 126
238 588
238 763
239 104
239 871
239 444
239 164
239 551
239 511
239 481
239 297
239 295
239 244
239 673
239 903
240 903
240 10
240 630
241 59
241 69
241 475
243 539
243 821
243 691
244 360
244 126
244 239
244 470
244 7
245 590
245 101
246 675
247 220
248 665
250 119
250 300
250 413
250 412
250 501
250 526
250 924
250 431
252 385
252 374
252 150
252 714
252 932
252 866
252 284
252 588
252 589
252 139
252 315
252 466
252 314
252 427
252 930
252 46
252 300
252 749
252 891
253 461
253 585
254 791
254 388
255 876
255 401
255 670
255 356
255 111
255 507
255 807
255 496
255 19
255 841
255 749
255 34
255 601
255 537
255 632
256 917
256 903
256 978
257 470
257 404
258 961
258 726
258 544
260 953
261 28
262 796
262 772
262 962
262 995
262 489
262 333
262 220
262 951
262 556
263 407
264 408
264 470
264 791
264 797
265 906
265 220
266 373
266 793
266 853
266 220
267 543
267 864
267 711
267 851
267 517
267 820
267 518
267 443
267 231
267 655
267 64
267 926
267 595
267 601
268 834
269 7
269 660
270 436
270 574
270 630
270 816
271 769
272 938
273 602
273 741
274 484
275 210
275 41
276 125
276 114
276 628
276 503
276 859
276 886
276 182
276 566
276 193
276 921
276 711
276 50
277 816
278 353
278 741
279 617
279 765
279 525
279 211
279 130
279 415
279 651
279 729
279 447
279 68
281 554
281 365
281 403
281 182
281 864
282 713
282 826
282 436
283 611
283 29
283 343
284 877
284 252
285 938
286 139
286 418
286 100
286 23
287 699
287 404
288 436
291 305
291 431
292 323
292 791
292 345
293 604
293 65
293 546
294 980
294 797
295 701
295 859
295 538
295 239
295 394
295 441
296 743
296 853
296 132
297 239
297 546
297 153
299 388
300 250
300 664
300 590
300 252
301 586
301 741
301 867
302 84
302 80
302 741
302 440
302 585
302 884
303 29
303 578
304 69
305 322
305 568
305 291
305 977
305 851
305 733
305 488
305 482
305 813
305 853
306 201
306 21
306 791
307 415
308 902
308 177
308 719
308 109
308 874
308 82
308 852
308 7
309 373
310 474
310 872
310 22
312 142
312 741
313 516
313 984
313 683
314 834
314 252
315 35
315 252
316 640
316 633
316 651
317 699
318 37
318 566
318 357
318 438
318 754
318 745
318 642
318 360
318 818
318 996
318 725
319 516
319 321
319 68
319 601
320 720
321 379
321 406
321 976
321 803
321 319
321 844
321 644
321 669
322 305
322 664
323 486
323 498
323 612
323 292
323 659
323 947
323 151
323 337
324 77
325 488
325 345
327 495
327 389
327 637
327 868
327 926
328 65
328 647
328 537
329 646
329 953
330 667
330 331
330 68
331 449
331 478
331 67
331 966
331 33
331 826
331 637
331 330
331 835
331 751
331 151
331 363
331 959
331 512
332 109
332 56
333 633
333 262
335 78
335 787
335 434
335 210
335 156
335 637
335 902
335 232
336 131
336 797
337 354
337 323
337 898
337 14
337 609
337 734
337 826
337 862
337 585
338 440
339 840
340 440
341 30
341 817
341 69
341 691
342 65
343 113
343 62
343 220
343 367
343 570
343 813
343 35
343 604
343 283
343 968
343 78
343 532
344 797
344 691
345 514
345 292
345 325
345 52
345 649
345 484
345 437
345 423
345 840
345 759
345 828
346 144
347 69
347 919
348 470
348 184
348 691
349 574
349 375
349 664
350 65
350 730
350 989
350 353
352 927
353 803
353 800
353 278
353 666
353 685
353 66
353 59
353 873
353 513
353 154
353 838
353 555
353 653
353 350
353 97
353 152
353 766
354 813
354 337
355 442
356 255
357 722
357 436
357 184
357 660
357 318
358 486
358 109
360 244
360 725
360 424
360 318
361 144
361 886
361 10
361 855
362 821
363 331
363 460
363 84
363 132
364 539
364 431
364 394
365 281
365 683
365 578
366 537
367 375
367 949
367 343
368 730
368 82
371 574
373 266
373 622
373 906
373 851
373 159
373 650
373 901
373 309
373 684
373 899
373 89
373 655
373 612
373 793
374 877
374 726
374 252
375 646
375 499
375 31
375 175
375 696
375 349
375 367
375 396
375 61
375 998
375 455
375 405
375 124
375 814
375 139
376 840
376 980
376 868
376 215
376 82
376 720
376 238
377 743
377 148
379 919
379 321
380 683
380 68
381 905
381 75
381 414
381 798
381 620
381 668
381 637
382 130
382 601
383 539
383 544
384 820
385 252
385 632
386 77
386 407
386 56
386 208
387 609
387 65
387 131
388 254
388 299
388 134
388 497
388 560
388 776
388 87
388 207
388 990
388 626
388 35
388 590
389 327
389 10
390 643
390 939
390 664
390 94
390 660
391 130
392 81
392 59
392 633
394 295
394 635
394 607
394 469
394 364
394 403
394 991
394 420
395 915
395 722
395 554
395 700
395 225
395 702
395 424
396 48
396 919
396 375
396 867
397 938
399 978
399 598
400 9
401 255
403 580
403 176
403 281
403 660
403 394
404 514
404 887
404 456
404 217
404 734
404 939
404 287
404 970
404 794
404 257
405 375
406 460
406 321
407 483
407 525
407 420
407 419
407 386
407 263
407 852
407 80
407 632
408 915
408 829
408 264
408 775
408 560
408 194
408 221
408 745
408 548
408 475
408 94
410 215
410 22
410 590
411 148
411 959
412 250
413 250
414 381
415 762
415 697
415 160
415 279
415 690
415 800
415 856
415 536
415 615
415 885
415 712
415 307
415 2
415 552
415 479
415 950
415 7
416 30
417 169
417 922
418 592
418 286
418 697
418 856
418 787
419 407
419 604
420 407
420 7
420 394
421 35
421 903
422 817
423 210
423 602
423 922
423 345
424 666
424 616
424 360
424 395
425 595
426 640
426 793
427 252
428 651
428 431
429 762
429 68
431 809
431 800
431 90
431 660
431 489
431 572
431 291
431 677
431 129
431 364
431 777
431 533
431 428
431 250
433 23
434 82
434 335
436 270
436 357
436 288
436 282
436 557
436 476
436 609
436 789
436 791
436 23
437 233
437 202
437 792
437 225
437 100
437 345
438 318
439 122
439 859
439 210
440 302
440 93
440 338
440 142
440 340
440 700
440 672
440 481
441 646
441 51
441 224
441 817
441 159
441 707
441 546
441 295
441 30
441 633
442 188
442 355
442 852
442 542
442 962
442 763
442 598
443 109
443 823
443 267
444 239
444 482
445 730
445 488
445 953
446 10
446 546
446 460
446 41
447 44
447 955
447 5
447 893
447 770
447 140
447 64
447 705
447 279
448 29
448 816
448 132
449 699
449 665
449 331
449 640
450 484
450 872
451 144
451 789
451 98
452 723
452 560
452 457
452 683
452 635
453 977
453 903
453 139
453 651
454 791
455 375
455 853
456 926
456 598
456 404
457 452
457 903
458 725
460 446
460 758
460 474
460 787
460 107
460 363
460 60
460 406
460 53
460 154
460 42
461 996
461 253
461 137
461 491
462 922
463 530
464 146
464 604
464 24
466 971
466 977
466 683
466 252
467 7
468 725
469 806
469 208
469 394
470 693
470 969
470 264
470 244
470 495
470 348
470 257
470 165
470 547
470 748
470 499
471 884
471 729
473 768
474 310
474 495
474 839
474 608
474 701
474 50
474 898
474 460
474 691
475 739
475 560
475 639
475 236
475 891
475 478
475 548
475 408
475 241
475 127
475 480
476 436
476 817
476 609
477 209
477 109
478 62
478 751
478 921
478 331
478 475
479 800
479 836
479 415
479 813
480 703
480 475
480 53
480 882
480 633
481 239
481 440
482 46
482 709
482 305
482 693
482 962
482 444
483 677
483 407
484 175
484 968
484 274
484 1000
484 727
484 450
484 345
485 539
485 959
485 7
486 358
486 323
486 797
487 925
487 919
488 588
488 964
488 630
488 210
488 786
488 119
488 305
488 445
488 325
488 602
488 100
489 144
489 647
489 10
489 262
489 431
491 461
491 77
491 81
494 82
494 139
495 327
495 474
495 470
495 720
495 922
496 255
497 138
497 388
497 816
497 23
498 323
498 859
498 225
498 56
499 743
499 470
499 375
499 926
499 774
499 691
500 906
500 539
500 769
500 791
501 250
501 101
503 743
503 126
503 597
503 276
503 660
504 793
504 595
505 28
505 987
505 796
505 13
505 631
505 998
505 877
505 576
505 593
506 834
507 255
508 632
509 953
510 989
511 239
511 959
511 949
512 809
512 151
512 226
512 874
512 921
512 331
513 353
514 404
514 345
514 953
516 319
516 955
516 313
516 42
516 753
516 48
516 238
517 138
517 869
517 647
517 56
517 630
517 267
517 100
517 537
518 604
518 267
521 906
521 643
521 823
521 949
525 279
525 407
526 250
527 668
529 169
530 463
530 874
530 159
530 909
531 598
532 343
532 41
533 431
534 613
535 903
536 13
536 415
537 255
537 151
537 547
537 836
537 328
537 885
537 909
537 644
537 770
537 714
537 517
537 366
537 797
538 743
538 295
538 905
538 4
538 48
538 840
538 989
538 576
538 716
538 616
538 25
538 745
539 364
539 74
539 243
539 485
539 51
539 950
539 175
539 383
539 500
539 794
539 84
540 959
540 238
541 148
541 726
541 578
541 922
541 94
541 797
542 668
542 442
543 267
544 894
544 202
544 770
544 383
544 258
544 754
545 82
545 769
545 22
546 446
546 920
546 557
546 823
546 297
546 293
546 441
547 643
547 69
547 470
547 537
548 157
548 176
548 898
548 53
548 408
548 636
548 210
548 475
549 210
549 720
550 868
550 70
550 660
551 762
551 239
552 415
552 635
552 884
552 774
553 65
554 281
554 395
554 148
555 353
555 220
556 984
556 640
556 978
556 262
557 917
557 436
557 546
559 220
560 992
560 452
560 408
560 475
560 388
562 167
562 859
562 30
562 574
565 917
565 720
566 276
566 318
567 823
567 852
567 953
568 305
568 578
569 657
569 926
570 207
570 817
570 343
572 643
572 873
572 7
572 431
573 840
574 723
574 562
574 908
574 349
574 152
574 371
574 112
574 270
574 70
574 100
575 701
576 538
576 769
576 505
577 961
577 70
577 602
578 303
578 365
578 541
578 917
578 83
578 568
578 901
578 708
578 922
580 403
581 598
582 207
582 210
582 142
583 820
583 45
583 9
584 69
585 302
585 60
585 874
585 218
585 253
585 608
585 886
585 337
585 814
585 853
586 766
586 301
586 131
587 830
587 640
588 488
588 238
588 252
589 252
590 28
590 388
590 410
590 647
590 300
590 1
590 924
590 593
590 632
590 187
590 745
590 245
590 662
590 193
591 769
592 418
593 927
593 590
593 505
594 926
595 834
595 141
595 504
595 267
595 55
595 425
596 640
596 635
597 762
597 216
597 503
597 825
597 150
598 581
598 531
598 987
598 442
598 399
598 884
598 456
598 786
598 145
599 677
600 816
601 255
601 908
601 382
601 176
601 319
601 863
601 90
601 53
601 267
601 637
601 796
601 838
601 51
602 273
602 129
602 747
602 577
602 647
602 136
602 956
602 423
602 830
602 991
602 231
602 88
602 104
602 488
602 729
603 953
604 518
604 419
604 733
604 929
604 152
604 293
604 624
604 622
604 941
604 464
604 854
604 343
604 94
607 37
607 660
607 394
608 474
608 82
608 720
608 585
609 476
609 387
609 754
609 436
609 30
609 337
609 98
609 867
610 146
610 868
610 142
611 283
612 323
612 142
612 651
612 373
613 66
613 534
613 903
615 415
615 922
616 667
616 538
616 81
616 424
617 877
617 279
618 806
620 126
620 381
621 629
622 604
622 373
623 820
623 132
624 743
624 604
626 869
626 388
626 953
627 806
628 210
628 276
628 816
628 632
628 94
629 621
629 884
629 208
630 177
630 144
630 12
630 517
630 240
630 270
630 39
630 488
631 643
631 80
631 505
632 738
632 628
632 41
632 683
632 806
632 508
632 407
632 385
632 255
632 218
632 957
632 590
633 994
633 480
633 333
633 739
633 130
633 441
633 392
633 316
634 926
635 899
635 122
635 596
635 160
635 452
635 552
635 394
636 13
636 548
636 68
637 961
637 327
637 331
637 335
637 381
637 816
637 601
638 46
638 984
638 942
638 695
638 713
638 705
638 743
638 65
639 475
639 949
640 762
640 927
640 556
640 426
640 914
640 316
640 596
640 587
640 727
640 804
640 667
640 449
640 76
640 41
641 186
642 926
642 318
643 945
643 631
643 572
643 8
643 390
643 547
643 521
643 916
643 54
643 942
644 321
644 7
644 537
645 646
646 645
646 329
646 954
646 441
646 375
647 489
647 761
647 719
647 517
647 159
647 328
647 602
647 153
647 590
648 823
648 886
649 922
649 774
649 162
649 41
649 345
650 843
650 745
650 714
650 665
650 791
650 926
650 373
651 428
651 887
651 316
651 769
651 612
651 279
651 765
651 754
651 453
651 191
651 924
651 987
652 149
653 353
654 917
654 927
655 207
655 267
655 373
657 675
657 951
657 569
658 32
658 698
659 323
659 868
659 25
660 752
660 390
660 681
660 813
660 838
660 357
660 607
660 503
660 550
660 28
660 269
660 403
660 431
661 665
661 903
661 35
662 922
662 590
664 993
664 881
664 390
664 349
664 300
664 322
664 181
665 198
665 248
665 661
665 449
665 159
665 650
666 424
666 353
666 884
666 153
667 976
667 812
667 330
667 616
667 873
667 640
668 542
668 173
668 527
668 40
668 381
668 813
668 7
669 726
669 321
670 255
671 817
672 440
673 239
673 852
674 25
675 246
675 145
675 657
675 855
675 926
677 483
677 891
677 599
677 144
677 56
677 431
678 859
678 98
679 61
679 723
679 835
679 766
680 816
681 938
681 660
682 959
682 220
682 29
683 237
683 934
683 956
683 365
683 466
683 313
683 452
683 380
683 632
684 373
684 774
685 141
685 868
685 353
686 797
687 726
687 989
687 806
688 188
689 873
689 872
690 830
690 415
691 344
691 837
691 499
691 66
691 243
691 235
691 474
691 700
691 341
691 348
691 880
692 215
693 470
693 482
694 144
695 638
696 984
696 375
697 59
697 830
697 415
697 418
698 658
699 317
699 229
699 986
699 152
699 287
699 988
699 449
699 874
699 56
699 80
700 395
700 978
700 440
700 691
701 829
701 911
701 159
701 182
701 575
701 295
701 30
701 474
701 872
702 395
702 81
703 26
703 480
703 100
704 768
705 996
705 638
705 447
705 132
706 215
707 441
708 869
708 578
709 482
711 276
711 267
712 148
712 415
712 793
713 282
713 70
713 789
713 638
714 650
714 142
714 537
714 101
714 252
716 538
716 953
717 789
718 155
719 308
719 726
719 869
719 647
720 157
720 565
720 376
720 608
720 320
720 549
720 203
720 495
720 180
720 46
720 76
721 109
721 146
722 357
722 395
722 23
723 728
723 574
723 452
723 679
723 220
724 126
725 895
725 987
725 458
725 468
725 360
725 943
725 80
725 318
726 687
726 374
726 898
726 669
726 186
726 175
726 541
726 719
726 91
726 776
726 258
726 991
726 56
727 484
727 640
727 978
727 98
728 723
729 765
729 471
729 877
729 995
729 279
729 602
729 903
729 32
729 853
730 350
730 187
730 183
730 445
730 368
732 789
732 823
733 305
733 604
733 142
734 337
734 162
734 404
736 188
736 884
738 632
739 874
739 475
739 633
739 7
740 817
741 302
741 278
741 987
741 301
741 872
741 273
741 221
741 791
741 21
741 900
741 312
743 296
743 503
743 377
743 499
743 624
743 872
743 538
743 638
744 188
745 650
745 408
745 538
745 590
745 318
747 602
748 869
748 470
748 813
748 922
749 255
749 252
751 478
751 331
751 139
752 660
753 45
753 859
753 516
753 29
753 208
754 30
754 609
754 544
754 651
754 318
755 926
755 816
756 938
757 238
757 797
758 460
759 853
759 208
759 345
760 84
761 647
762 429
762 551
762 796
762 931
762 640
762 597
762 415
763 70
763 442
763 238
765 279
765 56
765 651
765 729
766 586
766 679
766 353
767 23
768 473
768 704
768 878
768 178
768 815
768 184
769 30
769 591
769 847
769 271
769 500
769 545
769 988
769 576
769 46
769 651
770 544
770 70
770 84
770 7
770 447
770 537
771 823
772 813
772 262
773 220
774 649
774 871
774 684
774 499
774 48
774 42
774 552
774 911
774 953
775 408
775 852
776 726
776 81
776 388
776 978
777 830
777 24
777 220
777 431
778 821
778 162
781 94
783 56
784 934
786 488
786 598
787 335
787 460
787 418
787 867
788 37
789 732
789 436
789 944
789 847
789 451
789 863
789 713
789 717
790 884
791 254
791 306
791 948
791 993
791 500
791 436
791 126
791 264
791 817
791 998
791 650
791 127
791 292
791 454
791 741
792 437
792 81
793 266
793 373
793 62
793 844
793 712
793 426
793 504
793 189
794 130
794 539
794 35
794 404
796 762
796 262
796 505
796 601
797 344
797 893
797 230
797 336
797 294
797 931
797 757
797 541
797 18
797 104
797 537
797 486
797 264
797 686
798 70
798 381
798 94
798 867
800 479
800 415
800 35
800 353
800 431
802 48
802 872
802 919
803 821
803 353
803 321
804 640
805 186
805 101
806 627
806 72
806 902
806 618
806 831
806 687
806 469
806 632
807 255
809 431
809 132
809 512
810 82
811 6
812 186
812 667
813 354
813 772
813 102
813 103
813 479
813 668
813 202
813 55
813 15
813 748
813 305
813 343
813 660
814 980
814 823
814 25
814 375
814 585
815 768
816 600
816 628
816 448
816 755
816 49
816 680
816 995
816 277
816 270
816 497
816 637
816 950
817 671
817 570
817 476
817 740
817 221
817 341
817 422
817 791
817 441
818 318
820 825
820 623
820 115
820 384
820 583
820 191
820 267
821 803
821 362
821 778
821 243
821 128
821 226
823 732
823 648
823 521
823 567
823 443
823 944
823 771
823 50
823 814
823 546
824 874
824 48
824 23
825 820
825 597
825 949
825 80
826 282
826 331
826 337
827 80
828 117
828 69
828 345
829 701
829 408
830 894
830 18
830 587
830 862
830 202
830 690
830 697
830 777
830 602
831 806
831 94
832 81
833 82
833 210
833 7
833 978
834 95
834 314
834 190
834 506
834 892
834 222
834 912
834 846
834 935
834 928
834 268
834 214
834 73
834 896
834 195
834 595
834 101
835 679
835 872
835 331
836 479
836 537
837 691
838 353
838 660
838 601
839 474
839 184
840 573
840 339
840 118
840 376
840 538
840 345
841 255
842 80
843 650
844 321
844 793
845 941
846 834
847 225
847 789
847 769
848 852
849 874
849 94
851 305
851 267
851 373
852 848
852 308
852 885
852 567
852 407
852 673
852 775
852 213
852 908
852 442
853 266
853 729
853 191
853 455
853 228
853 914
853 296
853 759
853 585
853 900
853 305
854 77
854 604
855 675
855 52
855 89
855 361
855 929
856 415
856 56
856 418
859 678
859 439
859 562
859 498
859 753
859 295
859 276
859 29
860 9
861 208
862 830
862 337
862 922
863 789
863 601
864 281
864 267
864 94
866 252
867 16
867 396
867 12
867 301
867 609
867 787
867 147
867 798
868 550
868 376
868 685
868 659
868 610
868 198
868 231
868 327
868 126
869 719
869 207
869 517
869 103
869 626
869 748
869 708
869 148
869 208
870 938
871 239
871 774
872 743
872 802
872 701
872 835
872 310
872 450
872 689
872 42
872 741
873 43
873 138
873 950
873 667
873 225
873 572
873 689
873 353
874 824
874 83
874 739
874 849
874 308
874 699
874 530
874 585
874 208
874 512
875 98
876 255
877 617
877 374
877 952
877 164
877 107
877 998
877 284
877 729
877 505
878 768
880 691
881 664
882 934
882 480
883 46
883 131
884 302
884 666
884 629
884 790
884 471
884 736
884 144
884 552
884 598
885 961
885 415
885 852
885 537
886 14
886 648
886 361
886 276
886 585
887 651
887 220
887 404
891 677
891 207
891 475
891 68
891 252
892 834
893 447
893 797
894 830
894 544
895 725
896 834
898 474
898 726
898 548
898 22
898 337
898 29
898 162
899 635
899 919
899 373
899 94
900 741
900 853
901 10
901 578
901 373
902 308
902 335
902 806
903 212
903 535
903 940
903 240
903 661
903 613
903 457
903 421
903 453
903 239
903 53
903 256
903 729
904 131
905 381
905 538
906 83
906 521
906 265
906 966
906 500
906 373
907 919
908 574
908 852
908 601
909 45
909 144
909 530
909 537
910 144
911 701
911 980
911 774
912 834
913 122
914 640
914 853
915 408
915 395
915 25
916 643
917 565
917 654
917 256
917 557
917 578
918 933
918 15
918 38
918 205
918 27
918 224
918 69
918 126
919 907
919 802
919 347
919 899
919 396
919 487
919 379
919 167
919 154
919 114
920 546
920 22
920 169
921 478
921 276
921 153
921 512
922 649
922 862
922 578
922 417
922 462
922 179
922 943
922 495
922 662
922 423
922 748
922 541
922 615
922 171
924 250
924 651
924 590
925 186
925 487
925 29
926 104
926 499
926 650
926 755
926 594
926 456
926 327
926 569
926 642
926 675
926 936
926 267
926 634
927 593
927 654
927 352
927 82
927 640
928 834
929 77
929 604
929 855
930 10
930 252
931 762
931 797
932 25
932 252
933 918
934 784
934 882
934 683
935 834
936 167
936 225
936 926
938 96
938 756
938 272
938 870
938 285
938 681
938 397
938 139
939 157
939 126
939 206
939 390
939 165
939 146
939 404
940 903
941 845
941 604
942 167
942 643
942 638
943 725
943 922
944 823
944 789
945 643
946 978
947 323
948 791
949 367
949 639
949 825
949 216
949 93
949 521
949 511
949 964
949 133
949 23
950 539
950 873
950 415
950 816
951 980
951 223
951 657
951 262
952 877
952 84
953 514
953 509
953 567
953 147
953 260
953 774
953 87
953 445
953 603
953 626
953 329
953 716
954 646
954 208
955 516
955 210
955 447
956 602
956 683
957 77
957 632
959 209
959 331
959 411
959 540
959 485
959 167
959 511
959 682
960 126
961 577
961 258
961 83
961 885
961 637
961 45
961 59
962 442
962 482
962 262
964 488
964 949
965 35
966 906
966 331
968 484
968 84
968 343
968 94
969 470
970 109
970 404
971 466
971 89
971 84
973 109
976 667
976 321
976 23
977 453
977 982
977 466
977 63
977 151
977 305
978 399
978 256
978 833
978 700
978 727
978 776
978 946
978 556
980 294
980 814
980 911
980 376
980 951
980 146
982 977
984 1
984 117
984 696
984 556
984 313
984 638
984 162
985 29
986 186
986 699
987 725
987 651
987 741
987 598
987 505
988 699
988 769
989 510
989 87
989 177
989 63
989 350
989 687
989 538
990 388
991 207
991 225
991 726
991 602
991 394
992 560
992 30
993 791
993 664
994 238
994 633
995 7
995 262
995 729
995 816
996 705
996 461
996 318
998 877
998 791
998 375
998 131
998 505
1000 484
