1 984
1 590
1 600
2 186
2 415
2 726
3 911
4 538
4 160
4 245
4 658
4 73
5 84
5 208
5 447
5 835
5 178
6 699
6 506
6 911
6 522
6 312
6 811
6 278
7 995
7 668
7 415
7 833
7 572
7 269
7 644
7 308
7 244
7 467
7 524
7 565
7 460
7 913
7 931
7 511
7 73
8 643
8 420
8 488
8 133
8 335
8 362
9 583
9 860
9 427
9 439
9 997
9 68
9 934
9 279
10 446
10 389
10 240
10 114
10 172
10 361
10 901
10 930
10 489
10 353
10 119
10 902
11 528
11 184
11 984
11 325
11 23
11 477
11 569
11 639
11 698
12 630
12 867
12 354
12 749
13 536
13 121
13 855
13 133
13 425
13 505
14 886
14 337
14 838
15 918
15 813
15 342
16 594
16 294
16 916
16 440
16 287
16 792
16 883
16 926
16 474
16 268
16 390
16 878
16 118
16 195
16 871
16 484
16 990
16 147
17 56
17 157
17 934
17 895
18 830
18 797
18 838
19 596
19 417
19 386
19 403
19 281
19 48
19 405
19 35
20 556
21 306
21 741
21 80
22 920
22 410
22 898
22 545
22 738
22 548
22 85
23 11
23 32
23 220
23 976
23 949
23 436
23 433
23 59
23 767
23 722
23 497
23 824
23 348
23 488
23 578
23 399
24 777
24 464
24 232
24 130
24 521
24 714
24 377
24 323
25 674
25 932
25 915
25 814
25 529
25 703
25 77
25 558
25 69
25 538
25 162
25 949
25 156
26 320
26 81
26 377
26 897
26 442
26 113
26 231
27 918
27 949
27 428
27 134
27 33
27 363
28 700
28 41
28 699
28 417
28 253
28 469
28 791
28 44
28 245
28 983
28 505
28 660
28 396
29 303
29 859
29 753
29 985
29 682
29 898
29 448
29 283
29 121
29 925
29 612
30 701
30 992
30 341
30 562
30 754
30 112
30 416
30 609
30 769
30 441
30 703
31 375
31 592
32 658
32 729
32 23
32 188
33 27
33 122
33 333
33 538
33 806
33 405
33 711
33 726
33 797
34 255
34 254
34 65
34 638
34 147
35 421
35 143
35 800
35 661
35 794
35 965
35 19
35 388
35 343
35 101
35 514
35 226
36 984
36 849
36 235
36 462
36 539
36 198
36 825
36 460
36 977
36 891
36 769
36 295
36 919
36 687
36 639
36 178
37 788
37 782
37 500
37 642
37 655
37 562
37 138
37 574
37 318
37 160
37 377
38 964
38 740
38 417
38 156
38 876
38 978
38 102
38 432
38 243
38 332
38 214
38 194
38 63
38 618
38 314
39 630
40 668
41 649
41 532
41 640
41 275
41 148
41 446
41 632
41 920
41 28
42 516
42 872
42 460
42 774
42 675
43 873
43 177
43 350
43 178
43 352
44 208
44 447
44 28
44 350
44 541
44 943
45 753
45 909
45 583
45 961
45 920
45 834
46 883
46 482
46 769
46 720
46 638
46 252
46 886
46 310
47 76
47 238
47 342
47 360
48 824
48 802
48 183
48 608
48 558
48 899
48 516
48 538
48 774
48 133
48 19
48 78
48 87
49 816
49 949
49 943
50 474
50 823
50 276
50 739
50 604
51 539
51 144
51 441
51 601
52 855
52 345
52 377
52 774
52 342
52 934
52 201
53 548
53 903
53 460
53 480
53 601
54 643
54 918
54 617
54 838
55 813
55 595
55 244
55 350
55 326
56 17
56 765
56 856
56 498
56 332
56 677
56 386
56 726
56 517
56 783
56 699
56 877
56 749
56 178
57 833
58 301
59 961
59 183
59 241
59 697
59 392
59 353
59 153
59 23
59 835
60 460
60 585
60 749
60 362
60 670
61 679
61 375
61 936
61 743
61 250
61 87
62 478
62 793
62 343
62 603
63 247
63 377
63 523
63 718
63 360
63 730
63 416
63 152
63 354
63 144
63 38
64 267
64 447
65 350
65 144
65 168
65 553
65 387
65 741
65 488
65 578
65 34
65 627
65 81
65 638
65 612
65 953
65 725
66 613
66 353
66 691
67 138
67 331
67 162
67 749
68 9
68 319
68 891
68 636
68 429
68 330
68 380
68 279
68 133
68 257
69 918
69 107
69 105
69 828
69 304
69 547
69 241
69 25
69 71
69 341
69 347
69 584
69 445
70 763
70 574
70 770
70 577
70 713
70 798
70 106
70 550
70 420
70 326
70 399
71 69
71 698
72 806
73 7
73 162
73 390
73 4
73 403
73 550
73 670
73 574
73 182
73 500
73 127
73 301
73 652
74 691
74 563
74 165
74 951
74 790
75 381
76 640
76 176
76 223
76 47
76 720
76 256
76 448
76 475
76 738
76 238
76 556
77 386
77 854
77 491
77 324
77 957
77 929
77 293
77 286
77 25
78 48
78 584
78 752
78 186
78 469
78 343
78 131
78 592
78 800
79 131
79 188
79 949
79 245
80 302
80 825
80 103
80 135
80 407
80 842
80 725
80 827
80 699
80 21
80 120
80 631
80 213
81 792
81 616
81 702
81 491
81 152
81 65
81 89
81 776
81 832
81 584
81 587
81 121
81 802
81 864
81 26
82 833
82 927
82 368
82 545
82 308
82 494
82 376
82 608
82 434
82 503
82 662
82 461
82 326
82 826
82 733
82 323
82 202
82 220
82 418
83 961
83 906
83 874
83 578
83 548
83 331
84 302
84 952
84 539
84 770
84 971
84 110
84 5
84 223
84 968
84 760
84 669
84 323
84 835
85 287
85 22
85 297
85 93
85 938
85 367
85 750
85 238
85 94
86 984
86 381
86 324
86 981
86 246
86 321
86 337
86 787
86 524
86 156
86 147
86 197
87 469
87 640
87 215
87 188
87 48
87 299
87 685
87 761
87 454
87 896
87 61
87 989
87 953
88 602
88 255
89 971
89 81
89 855
89 373
89 926
89 302
89 177
89 359
90 601
90 431
90 622
90 600
90 809
90 134
90 178
91 726
91 232
91 201
92 926
92 998
93 554
93 752
93 326
93 547
93 123
93 298
93 440
93 640
93 85
94 408
94 85
94 798
94 604
94 541
94 781
94 899
94 390
94 831
94 112
94 968
94 849
94 864
94 628
94 768
94 639
95 834
95 226
96 938
97 886
97 322
97 483
97 830
97 210
98 451
98 875
98 678
98 609
98 727
99 675
99 652
100 517
100 488
100 437
100 574
100 286
100 378
100 927
100 998
101 805
101 111
101 834
101 35
101 418
101 881
101 871
101 713
101 309
101 361
101 509
102 813
102 226
102 726
102 38
103 869
103 813
103 80
103 456
103 306
104 908
104 944
104 209
104 575
104 261
104 926
104 602
104 797
104 586
105 108
105 164
105 502
105 758
105 621
105 281
105 757
105 391
105 345
105 69
105 160
105 157
106 70
106 437
106 396
107 877
107 69
107 460
107 659
107 675
108 488
108 105
109 308
109 443
109 970
109 721
109 973
109 193
109 358
109 332
109 744
109 621
109 151
109 297
109 986
109 612
109 636
110 84
110 990
110 768
111 255
111 101
111 480
111 821
112 30
112 574
112 94
112 548
112 744
112 895
113 343
113 646
113 26
114 210
114 919
114 10
114 276
114 701
115 820
115 223
115 286
115 638
115 222
117 828
117 148
117 984
117 651
117 392
118 840
118 497
118 16
119 610
119 10
119 248
119 231
119 556
119 488
120 80
120 703
121 13
121 29
121 377
121 81
121 287
122 913
122 439
122 635
122 588
122 548
122 396
122 33
123 93
123 675
124 375
124 560
125 276
126 244
126 960
126 868
126 620
126 724
126 503
126 918
126 939
126 791
126 238
127 621
127 167
127 530
127 458
127 73
127 882
127 598
127 440
127 813
127 158
127 749
127 475
127 791
127 677
127 569
128 186
128 146
128 821
128 534
128 326
129 602
129 431
129 646
129 257
129 315
129 226
129 687
129 834
130 794
130 391
130 382
130 279
130 215
130 139
130 633
130 24
130 887
131 904
131 78
131 336
131 883
131 387
131 998
131 79
131 586
131 964
131 848
132 705
132 448
132 363
132 623
132 296
132 703
132 796
132 201
133 481
133 826
133 597
133 48
133 8
133 874
133 155
133 853
133 184
133 68
133 483
133 13
133 497
133 612
133 776
134 90
134 466
134 357
134 615
134 27
134 635
134 388
134 310
134 902
135 80
136 148
136 602
136 934
136 762
136 169
136 652
137 461
138 517
138 67
138 497
138 873
138 37
138 188
139 938
139 143
139 494
139 286
139 130
139 453
139 176
139 751
139 187
139 184
139 375
139 252
140 447
140 226
140 943
140 933
141 685
141 595
141 560
141 326
142 610
142 733
142 312
142 582
142 612
142 714
142 440
142 328
142 933
143 139
143 35
143 529
144 361
144 910
144 909
144 694
144 346
144 51
144 677
144 489
144 155
144 63
144 632
144 535
144 304
144 65
144 630
144 884
145 688
145 958
145 272
145 851
145 243
145 231
145 620
145 558
145 150
145 457
145 598
145 286
146 610
146 128
146 721
146 464
146 980
146 939
146 639
147 204
147 238
147 86
147 194
147 582
147 865
147 16
147 570
147 307
147 944
147 34
147 867
147 388
148 541
148 136
148 712
148 869
148 554
148 377
148 117
148 411
148 41
148 420
148 918
148 323
148 245
148 456
149 212
149 687
149 928
149 459
149 396
149 986
149 951
149 728
149 809
149 776
149 350
150 597
150 252
150 560
150 145
150 456
151 993
151 292
151 910
151 589
151 796
151 578
151 323
151 977
151 331
151 537
151 109
151 326
151 688
152 204
152 560
152 591
152 784
152 760
152 791
152 470
152 528
152 228
152 177
152 63
152 845
152 699
152 574
152 81
152 353
152 303
152 178
153 921
153 59
153 297
153 666
153 647
153 882
153 363
154 919
154 460
154 353
154 418
155 718
155 144
155 556
155 133
155 207
155 264
156 641
156 25
156 371
156 957
156 633
156 418
156 86
156 811
156 38
156 188
157 105
157 236
157 743
157 216
157 868
157 17
157 347
157 250
157 577
157 279
158 127
158 437
159 229
159 785
159 274
159 950
159 801
159 611
159 706
159 925
159 701
159 665
159 530
159 647
159 441
159 217
160 105
160 4
160 37
160 890
160 423
160 415
160 635
161 511
161 445
162 734
162 25
162 67
162 778
162 898
162 984
162 308
162 534
162 73
163 569
163 329
164 877
164 239
164 105
165 470
165 939
165 74
166 400
167 936
167 942
167 562
167 919
167 959
167 127
168 65
168 927
168 345
169 177
169 861
169 401
169 631
169 136
169 429
169 464
169 431
170 501
171 184
171 922
171 257
171 529
171 527
172 10
173 384
173 293
173 669
173 299
173 358
173 688
173 857
173 810
173 362
175 484
175 539
175 726
175 375
175 588
175 927
176 403
176 548
176 139
176 76
176 601
177 978
177 469
177 266
177 702
177 558
177 43
177 966
177 89
177 603
177 308
177 630
177 169
177 152
177 714
177 477
178 43
178 56
178 437
178 287
178 776
178 36
178 329
178 5
178 90
178 152
178 429
178 441
178 848
179 922
180 720
181 664
181 887
182 701
182 281
182 276
182 934
182 73
182 201
183 59
183 730
183 590
183 225
183 48
183 933
184 171
184 839
184 133
184 357
184 139
184 348
184 277
184 255
184 11
184 675
185 353
185 244
185 417
186 805
186 2
186 128
186 641
186 986
186 812
186 925
186 726
186 617
186 78
186 946
187 730
187 139
187 590
187 835
188 698
188 79
188 32
188 886
188 287
188 609
188 292
188 138
188 156
188 217
188 87
189 793
190 834
190 701
191 820
191 651
191 853
191 701
191 933
192 936
193 877
193 457
193 278
193 845
193 304
193 421
193 492
193 811
193 518
193 507
193 314
193 276
193 804
193 109
193 590
194 408
194 984
194 456
194 147
194 38
195 834
195 602
195 16
196 755
197 218
197 576
197 371
197 684
197 448
197 699
197 86
197 824
197 708
197 873
197 789
197 934
197 391
197 398
197 346
197 598
197 700
197 917
198 665
198 868
198 36
199 337
200 693
200 809
200 226
201 216
201 373
201 52
201 662
201 239
201 271
201 996
201 91
201 182
201 718
201 877
201 132
201 331
201 287
202 437
202 544
202 830
202 813
202 82
203 720
203 224
203 315
203 607
204 152
204 147
205 918
205 255
205 884
206 939
207 582
207 570
207 891
207 991
207 655
207 723
207 155
207 748
207 869
207 210
207 902
207 569
208 44
208 629
208 954
208 861
208 5
208 869
208 759
208 753
208 469
208 598
208 882
209 477
209 959
209 104
209 354
210 628
210 955
210 549
210 439
210 275
210 423
210 548
210 582
210 114
210 207
210 97
210 442
210 781
210 783
210 335
210 488
211 279
211 978
212 903
212 149
213 852
213 80
213 949
214 834
214 300
214 529
214 38
215 376
215 130
215 692
215 706
215 410
215 852
215 87
216 597
216 949
216 157
216 300
216 201
217 569
217 464
217 884
217 159
217 829
217 469
217 878
217 188
217 949
217 656
217 687
217 811
217 326
217 556
217 404
217 933
218 585
218 632
218 197
219 877
219 882
220 266
220 265
220 777
220 887
220 247
220 773
220 555
220 723
220 82
220 559
220 682
220 262
220 343
220 23
220 617
221 408
221 817
221 741
222 409
222 320
222 937
222 804
222 115
222 572
222 538
222 462
222 389
222 355
222 676
222 331
222 388
223 115
223 951
223 76
223 84
223 622
224 523
224 339
224 928
224 203
224 819
224 249
224 406
224 429
224 503
224 508
224 441
224 293
225 498
225 847
225 991
225 936
225 674
225 676
225 183
225 911
225 873
225 395
225 257
225 362
226 140
226 200
226 129
226 35
226 95
226 494
226 949
226 227
226 102
226 744
226 512
226 264
227 226
228 853
228 420
228 152
228 902
229 699
229 159
229 419
230 797
231 868
231 602
231 267
231 119
231 145
231 26
232 645
232 91
232 426
232 299
232 714
232 344
232 936
232 574
232 335
232 24
232 978
232 314
233 437
233 918
233 323
234 714
234 809
234 887
234 244
235 691
235 437
235 668
235 36
236 475
236 157
236 853
237 683
237 420
237 687
238 994
238 376
238 76
238 540
238 516
238 757
238 47
238 85
238 126
238 588
238 763
238 147
239 871
239 444
239 164
239 551
239 511
239 481
239 297
239 295
239 244
239 673
239 246
239 903
239 201
240 903
240 10
240 630
240 920
241 59
241 69
241 475
241 280
243 539
243 821
243 691
243 145
243 38
244 55
244 504
244 740
244 878
244 716
244 365
244 185
244 518
244 398
244 586
244 234
244 126
244 239
244 470
244 7
244 314
244 541
244 404
245 148
245 4
245 616
245 79
245 734
245 341
245 590
245 28
245 280
246 675
246 239
246 86
246 687
247 220
247 63
247 607
248 665
248 119
248 755
248 675
249 354
249 224
250 413
250 501
250 526
250 924
250 301
250 615
250 474
250 885
250 375
250 447
250 566
250 659
250 277
250 476
250 618
250 916
250 328
250 639
250 61
250 439
250 431
250 157
250 617
252 385
252 374
252 150
252 714
252 932
252 866
252 284
252 588
252 589
252 139
252 315
252 466
252 314
252 427
252 930
252 46
252 300
252 749
252 891
252 301
253 461
253 585
253 344
253 28
253 649
253 902
254 414
254 887
254 277
254 894
254 897
254 480
254 34
254 882
254 616
254 791
254 470
255 876
255 401
255 356
255 111
255 507
255 807
255 496
255 841
255 34
255 997
255 205
255 88
255 493
255 601
255 632
255 300
255 668
255 184
256 917
256 903
256 978
256 76
256 396
256 400
257 576
257 171
257 522
257 225
257 888
257 327
257 68
257 129
257 905
257 470
257 266
257 949
258 551
258 358
258 899
258 725
258 492
258 998
258 961
258 544
258 417
259 456
259 698
260 953
260 687
261 772
261 856
261 599
261 541
261 813
261 290
261 264
261 104
261 586
261 943
261 784
262 796
262 772
262 962
262 995
262 489
262 333
262 220
262 951
262 556
262 310
263 407
263 646
263 749
264 226
264 432
264 350
264 155
264 446
264 826
264 549
264 408
264 470
264 791
264 776
264 261
264 400
264 953
265 906
265 220
265 315
266 347
266 257
266 626
266 415
266 308
266 373
266 220
266 177
267 543
267 864
267 711
267 851
267 517
267 820
267 518
267 443
267 231
267 655
267 64
267 595
267 601
267 451
267 659
268 834
268 420
268 592
268 377
268 16
268 350
269 7
269 660
270 436
270 574
270 630
270 816
270 943
271 769
271 762
271 201
272 938
272 145
273 602
273 741
274 484
274 159
275 210
275 41
276 125
276 114
276 628
276 503
276 859
276 886
276 182
276 566
276 921
276 711
276 50
276 724
276 972
276 193
276 303
277 816
277 604
277 254
277 714
277 250
277 278
277 184
277 404
278 905
278 283
278 484
278 6
278 954
278 277
278 353
278 193
278 943
279 765
279 525
279 211
279 9
279 373
279 830
279 831
279 157
279 130
279 415
279 651
279 729
279 447
279 68
279 331
279 687
280 654
280 797
280 530
280 934
280 245
280 241
280 325
281 554
281 365
281 403
281 182
281 864
281 105
281 19
281 352
282 713
282 826
282 436
282 560
282 918
282 578
283 611
283 29
283 343
283 278
283 359
284 877
284 252
284 527
285 938
285 810
286 524
286 853
286 973
286 350
286 115
286 670
286 892
286 77
286 649
286 145
286 139
286 418
286 100
286 902
286 776
287 717
287 536
287 452
287 608
287 692
287 121
287 985
287 201
287 907
287 699
287 188
287 386
287 16
287 85
287 417
287 178
288 436
288 374
288 703
289 344
289 367
290 261
291 305
291 431
292 323
292 791
292 345
292 151
292 451
292 978
292 188
293 510
293 477
293 224
293 77
293 604
293 546
293 743
293 700
293 173
294 980
294 797
294 470
294 16
294 688
294 352
295 701
295 859
295 538
295 239
295 394
295 441
295 399
295 896
295 933
295 36
296 743
296 853
296 132
296 592
296 934
296 386
296 586
297 239
297 546
297 153
297 109
297 388
297 85
297 541
298 93
299 388
299 173
299 232
299 87
300 214
300 415
300 216
300 302
300 864
300 553
300 309
300 413
300 519
300 255
300 933
300 664
300 590
300 252
301 402
301 394
301 73
301 488
301 58
301 794
301 252
301 586
301 741
301 867
301 250
301 400
302 862
302 631
302 89
302 84
302 80
302 741
302 440
302 300
303 916
303 352
303 441
303 867
303 152
303 938
303 276
303 758
303 29
304 69
304 474
304 144
304 193
304 396
304 834
305 322
305 568
305 291
305 977
305 851
305 733
305 488
305 482
305 813
305 853
305 612
305 529
305 367
306 21
306 469
306 103
306 648
306 366
306 791
306 374
307 415
307 636
307 714
307 400
307 509
307 147
308 902
308 177
308 719
308 109
308 874
308 82
308 852
308 7
308 604
308 266
308 162
309 373
309 300
309 101
310 509
310 134
310 262
310 955
310 828
310 674
310 408
310 46
310 474
310 399
311 445
312 142
312 741
312 608
312 834
312 6
312 698
313 516
313 984
313 683
314 232
314 325
314 575
314 851
314 454
314 486
314 38
314 550
314 244
314 252
314 193
314 989
314 796
314 698
315 850
315 129
315 203
315 894
315 588
315 265
315 252
315 810
315 797
316 640
316 633
316 651
316 569
316 399
317 699
317 701
317 428
317 652
318 37
318 566
318 357
318 438
318 754
318 745
318 642
318 360
318 818
318 996
318 725
318 485
318 736
319 516
319 321
319 68
319 601
319 810
320 720
320 485
320 26
320 222
321 379
321 406
321 976
321 803
321 319
321 844
321 644
321 669
321 86
322 305
322 664
322 97
323 486
323 498
323 292
323 659
323 947
323 151
323 148
323 233
323 459
323 24
323 84
323 337
323 82
323 483
324 77
324 86
325 488
325 345
325 11
325 314
325 280
326 55
326 70
326 361
326 454
326 464
326 872
326 141
326 601
326 495
326 151
326 128
326 82
326 588
326 93
326 217
327 495
327 389
327 637
327 868
327 926
327 257
327 943
328 360
328 431
328 576
328 602
328 142
328 637
328 571
328 526
328 405
328 647
328 537
328 250
328 934
329 163
329 867
329 492
329 349
329 766
329 394
329 787
329 646
329 178
330 667
330 331
330 68
330 755
330 933
331 449
331 478
331 67
331 966
331 826
331 637
331 330
331 751
331 151
331 363
331 551
331 279
331 711
331 201
331 222
331 83
331 367
331 969
331 959
331 512
332 109
332 56
332 649
332 38
332 432
333 633
333 262
333 33
333 736
334 658
335 787
335 434
335 210
335 637
335 232
335 970
335 8
335 832
335 766
335 342
335 350
336 131
336 797
336 725
337 323
337 898
337 14
337 609
337 734
337 826
337 862
337 199
337 585
337 86
337 511
337 835
338 440
338 428
338 946
338 896
339 840
339 224
340 440
340 451
341 30
341 817
341 69
341 691
341 245
342 52
342 15
342 47
342 731
342 688
342 783
342 855
342 683
342 350
342 363
342 335
343 113
343 62
343 220
343 367
343 570
343 813
343 35
343 604
343 283
343 968
343 78
343 532
343 485
343 437
343 617
344 423
344 253
344 289
344 766
344 461
344 861
344 232
345 292
345 325
345 52
345 649
345 484
345 437
345 423
345 840
345 759
345 828
345 168
345 404
345 105
346 144
346 902
346 197
347 69
347 919
347 646
347 157
347 266
348 470
348 184
348 691
348 23
348 998
349 574
349 375
349 664
349 329
350 268
350 605
350 342
350 55
350 43
350 335
350 44
350 606
350 149
350 65
350 730
350 353
350 286
350 264
351 703
352 365
352 869
352 853
352 43
352 281
352 424
352 294
352 303
352 953
353 803
353 800
353 278
353 666
353 66
353 59
353 873
353 513
353 154
353 838
353 555
353 653
353 350
353 152
353 766
353 10
353 604
353 185
353 584
353 483
353 770
353 612
353 362
354 249
354 12
354 361
354 209
354 915
354 398
354 641
354 613
354 63
354 646
354 933
355 442
355 419
355 659
355 534
355 222
356 255
357 722
357 436
357 184
357 660
357 318
357 608
357 668
357 134
357 367
357 412
358 486
358 109
358 936
358 173
358 887
358 258
359 736
359 878
359 600
359 853
359 403
359 89
359 884
359 802
359 283
359 952
360 445
360 573
360 756
360 959
360 384
360 47
360 464
360 725
360 424
360 318
360 328
360 811
360 63
360 363
361 532
361 101
361 810
361 524
361 144
361 10
361 855
361 354
361 326
362 353
362 173
362 905
362 60
362 8
362 884
362 225
362 707
362 873
362 598
362 770
363 360
363 153
363 499
363 27
363 342
363 331
363 460
363 132
363 514
363 902
364 539
364 431
364 394
365 281
365 683
365 578
365 244
365 896
365 352
366 537
366 306
367 289
367 305
367 700
367 945
367 357
367 608
367 555
367 929
367 375
367 343
367 588
367 331
367 85
367 432
368 730
368 82
369 749
371 574
371 156
371 197
372 833
372 612
373 266
373 906
373 851
373 650
373 901
373 309
373 684
373 899
373 89
373 655
373 612
373 584
373 390
373 977
373 793
373 279
373 201
374 538
374 965
374 934
374 306
374 288
374 795
374 627
374 726
374 252
375 499
375 31
375 175
375 696
375 349
375 367
375 396
375 61
375 455
375 405
375 124
375 814
375 139
375 576
375 807
375 250
375 432
376 840
376 980
376 868
376 215
376 82
376 720
376 238
377 474
377 121
377 651
377 943
377 24
377 985
377 37
377 946
377 268
377 868
377 52
377 148
377 560
377 396
377 63
377 26
378 100
379 919
379 321
379 770
379 718
380 683
380 68
380 451
380 990
381 905
381 75
381 414
381 798
381 620
381 668
381 637
381 86
381 687
382 130
382 601
382 404
382 933
383 539
383 544
384 820
384 833
384 173
384 360
384 412
385 252
385 632
385 437
386 296
386 675
386 287
386 809
386 990
386 956
386 77
386 407
386 56
386 612
386 19
387 609
387 65
387 131
388 299
388 134
388 626
388 35
388 565
388 621
388 147
388 523
388 586
388 297
388 222
388 590
389 327
389 10
389 617
389 896
389 222
390 643
390 939
390 664
390 94
390 660
390 373
390 497
390 16
390 946
390 73
391 130
391 105
391 197
392 618
392 895
392 117
392 733
392 577
392 533
392 406
392 59
392 633
393 612
393 946
393 432
394 295
394 635
394 607
394 469
394 364
394 403
394 991
394 420
394 612
394 301
394 329
395 915
395 722
395 554
395 700
395 225
395 702
395 424
395 848
396 377
396 106
396 122
396 625
396 28
396 304
396 256
396 810
396 919
396 375
396 867
396 149
397 938
397 936
398 354
398 244
398 197
399 70
399 605
399 295
399 316
399 23
399 310
399 421
399 598
399 613
400 942
400 960
400 166
400 307
400 628
400 256
400 301
400 432
400 264
400 918
400 882
401 255
401 169
401 813
401 833
401 688
402 301
403 580
403 176
403 281
403 660
403 394
403 882
403 19
403 359
403 73
404 217
404 734
404 939
404 970
404 794
404 345
404 382
404 277
404 527
404 244
404 640
405 375
405 328
405 19
405 33
406 460
406 321
406 224
406 392
407 483
407 525
407 420
407 419
407 386
407 263
407 852
407 80
407 632
408 915
408 829
408 264
408 775
408 560
408 194
408 221
408 745
408 548
408 475
408 94
408 310
409 222
410 215
410 22
410 590
410 527
411 148
411 959
411 887
412 582
412 658
412 384
412 797
412 357
413 250
413 300
414 381
414 254
415 762
415 697
415 160
415 279
415 690
415 800
415 856
415 536
415 615
415 885
415 712
415 307
415 2
415 552
415 479
415 950
415 7
415 266
415 300
416 30
416 63
417 782
417 988
417 778
417 258
417 287
417 185
417 922
417 28
417 19
417 38
417 652
418 286
418 697
418 856
418 787
418 154
418 82
418 101
418 156
419 730
419 929
419 355
419 621
419 229
419 407
420 268
420 736
420 8
420 971
420 237
420 799
420 896
420 647
420 228
420 70
420 809
420 616
420 668
420 148
420 918
420 989
420 924
420 834
420 407
420 394
421 35
421 903
421 193
421 399
422 817
423 210
423 602
423 922
423 345
423 160
423 344
424 666
424 616
424 360
424 395
424 352
425 595
425 13
425 768
425 835
426 640
426 793
426 727
426 809
426 232
427 252
427 9
428 972
428 477
428 27
428 816
428 338
428 966
428 946
428 317
428 672
428 431
428 442
429 762
429 68
429 224
429 169
429 509
429 178
430 922
431 800
431 90
431 660
431 489
431 572
431 291
431 677
431 129
431 364
431 777
431 533
431 428
431 250
431 169
431 328
432 754
432 393
432 375
432 879
432 506
432 332
432 806
432 367
432 781
432 794
432 842
432 264
432 400
432 984
432 38
433 23
433 604
433 548
434 82
434 335
436 270
436 357
436 288
436 282
436 557
436 476
436 609
436 789
436 791
436 23
436 978
437 233
437 202
437 792
437 343
437 840
437 466
437 385
437 235
437 158
437 925
437 673
437 794
437 605
437 106
437 100
437 345
437 685
437 569
437 178
438 318
438 770
439 122
439 859
439 210
439 445
439 9
439 250
440 302
440 93
440 338
440 142
440 340
440 700
440 672
440 481
440 127
440 16
441 646
441 51
441 224
441 817
441 159
441 707
441 546
441 295
441 30
441 633
441 604
441 303
441 178
441 688
442 355
442 852
442 542
442 962
442 763
442 428
442 446
442 598
442 703
442 210
442 918
442 26
443 109
443 823
443 267
443 811
444 239
444 482
445 817
445 439
445 978
445 69
445 707
445 311
445 618
445 907
445 717
445 692
445 161
445 952
445 730
445 488
445 977
445 360
446 10
446 546
446 460
446 41
446 442
446 264
447 44
447 955
447 5
447 893
447 770
447 140
447 64
447 705
447 279
447 250
448 29
448 816
448 132
448 76
448 838
448 613
448 197
449 699
449 665
449 331
449 640
449 776
450 484
450 872
450 922
450 895
451 380
451 267
451 640
451 340
451 292
451 462
451 789
451 98
451 848
451 652
452 723
452 560
452 457
452 683
452 635
452 287
453 977
453 903
453 139
453 651
454 791
454 314
454 326
454 87
455 375
455 853
455 703
456 640
456 148
456 194
456 838
456 259
456 911
456 803
456 957
456 569
456 103
456 150
456 926
456 598
457 452
457 903
457 193
457 762
457 145
457 726
458 725
458 127
458 946
459 323
459 613
459 946
459 149
460 446
460 758
460 474
460 787
460 107
460 363
460 60
460 406
460 53
460 154
460 42
460 7
460 687
460 736
460 36
461 996
461 253
461 137
461 491
461 82
461 344
462 922
462 451
462 222
462 36
463 530
463 886
463 744
464 146
464 604
464 24
464 360
464 217
464 326
464 169
465 978
466 971
466 977
466 683
466 252
466 437
466 134
467 7
468 725
468 736
469 806
469 208
469 394
469 28
469 770
469 600
469 177
469 78
469 217
469 87
469 306
470 969
470 264
470 244
470 495
470 348
470 257
470 165
470 547
470 748
470 499
470 735
470 496
470 254
470 294
470 152
471 884
471 729
471 477
471 984
473 768
474 310
474 495
474 839
474 701
474 50
474 898
474 742
474 914
474 654
474 304
474 460
474 691
474 250
474 377
474 16
475 739
475 560
475 639
475 236
475 891
475 478
475 548
475 408
475 241
475 127
475 480
475 76
476 436
476 817
476 609
476 936
476 250
476 569
476 895
477 209
477 11
477 701
477 577
477 822
477 471
477 177
477 997
477 908
477 293
477 521
477 590
477 428
478 62
478 751
478 921
478 331
478 475
479 836
479 647
479 928
479 967
479 511
479 415
479 813
479 703
480 475
480 53
480 882
480 111
480 921
480 633
480 254
480 538
481 239
481 440
481 133
482 46
482 709
482 305
482 693
482 962
482 444
483 879
483 353
483 703
483 323
483 546
483 952
483 835
483 737
483 133
483 655
483 617
483 407
483 97
484 175
484 968
484 274
484 1000
484 450
484 655
484 16
484 345
484 278
484 990
484 687
485 934
485 320
485 670
485 952
485 633
485 343
485 831
485 784
485 522
485 318
485 539
485 959
486 358
486 323
486 797
486 314
487 925
487 919
487 755
488 964
488 630
488 210
488 786
488 119
488 305
488 445
488 325
488 108
488 23
488 8
488 100
488 65
488 301
489 144
489 647
489 10
489 262
489 431
489 537
489 639
490 600
491 461
491 77
491 81
492 193
492 258
492 725
492 329
493 809
493 255
494 82
494 139
494 762
494 226
494 603
495 327
495 474
495 470
495 720
495 922
495 506
495 326
496 255
496 470
496 603
497 118
497 649
497 133
497 500
497 390
497 710
497 138
497 816
497 23
498 323
498 859
498 225
498 56
499 743
499 470
499 375
499 926
499 774
499 691
499 548
499 363
499 933
500 906
500 539
500 769
500 791
500 497
500 37
500 73
501 503
501 617
501 170
501 250
502 727
502 918
502 105
503 743
503 126
503 597
503 276
503 660
503 82
503 224
503 501
504 793
504 595
504 926
504 693
504 244
504 933
505 28
505 987
505 796
505 13
505 631
505 998
505 877
505 576
505 593
505 936
505 949
506 632
506 495
506 932
506 6
506 432
507 255
507 193
508 632
508 224
509 307
509 602
509 883
509 512
509 429
509 580
509 101
509 613
509 624
509 310
510 989
510 293
511 996
511 337
511 161
511 7
511 882
511 239
511 959
511 700
511 479
512 226
512 874
512 921
512 331
512 541
512 981
512 509
513 353
514 732
514 792
514 35
514 363
515 872
515 776
515 726
515 698
516 319
516 955
516 313
516 42
516 753
516 48
516 238
517 138
517 869
517 647
517 56
517 630
517 267
517 100
517 537
517 796
518 604
518 267
518 193
518 902
518 244
519 300
521 760
521 477
521 690
521 638
521 24
521 906
521 643
521 823
522 485
522 257
522 6
523 224
523 388
523 882
523 63
524 7
524 361
524 86
524 286
524 534
524 603
525 279
525 407
526 250
526 949
526 328
526 698
527 410
527 860
527 611
527 284
527 171
527 404
528 152
528 11
528 902
528 749
529 640
529 143
529 214
529 663
529 934
529 989
529 305
529 171
529 878
529 25
529 943
530 463
530 874
530 159
530 909
530 127
530 911
530 280
531 598
532 343
532 41
532 361
532 934
533 431
533 920
533 392
534 567
534 967
534 128
534 524
534 162
534 537
534 355
535 903
535 927
535 144
536 13
536 415
536 592
536 287
536 736
537 151
537 547
537 836
537 328
537 885
537 909
537 644
537 770
537 714
537 517
537 366
537 489
537 797
537 677
537 534
538 743
538 295
538 905
538 4
538 48
538 840
538 576
538 716
538 616
538 25
538 745
538 480
538 374
538 33
538 718
538 222
539 364
539 243
539 485
539 51
539 950
539 175
539 383
539 500
539 794
539 667
539 948
539 726
539 84
539 36
540 959
540 238
541 843
541 896
541 841
541 44
541 244
541 853
541 564
541 844
541 297
541 148
541 726
541 578
541 94
541 797
541 512
541 261
542 668
542 442
543 267
543 887
544 894
544 202
544 770
544 383
544 258
544 754
544 809
545 82
545 769
545 22
546 446
546 920
546 557
546 823
546 297
546 293
546 441
546 810
546 927
546 483
547 643
547 69
547 470
547 537
547 93
548 176
548 898
548 53
548 408
548 636
548 433
548 122
548 499
548 83
548 112
548 960
548 210
548 475
548 22
549 210
549 720
549 741
549 264
550 868
550 70
550 660
550 314
550 73
551 762
551 239
551 331
551 835
551 258
552 415
552 635
552 884
552 774
553 65
553 300
553 990
554 281
554 395
554 148
554 93
554 834
555 353
555 220
555 367
556 155
556 746
556 876
556 943
556 938
556 76
556 824
556 769
556 774
556 20
556 984
556 640
556 262
556 119
556 217
557 917
557 436
557 546
557 835
557 990
558 48
558 177
558 25
558 145
559 220
560 755
560 377
560 611
560 124
560 141
560 150
560 965
560 282
560 992
560 452
560 408
560 475
560 152
562 167
562 859
562 30
562 574
562 37
563 74
564 541
565 917
565 720
565 388
565 7
565 585
566 276
566 318
566 250
567 823
567 852
567 953
567 534
568 305
568 578
568 762
569 437
569 207
569 11
569 717
569 476
569 853
569 163
569 316
569 127
569 657
569 588
569 456
569 217
570 207
570 817
570 343
570 946
570 147
570 652
571 920
571 328
572 643
572 873
572 7
572 431
572 934
572 222
573 840
573 604
573 360
574 723
574 562
574 908
574 349
574 152
574 371
574 112
574 270
574 70
574 100
574 668
574 232
574 37
574 73
575 701
575 104
575 314
576 538
576 769
576 505
576 375
576 328
576 257
576 197
577 961
577 70
577 602
577 157
577 768
577 477
577 392
577 617
577 834
578 365
578 541
578 917
578 83
578 568
578 901
578 708
578 751
578 23
578 282
578 922
578 65
578 151
578 608
580 403
580 636
580 509
580 953
581 598
581 811
581 835
581 675
581 953
582 207
582 210
582 142
582 902
582 687
582 147
582 412
583 820
583 45
583 9
583 603
584 69
584 373
584 700
584 81
584 78
584 353
585 60
585 874
585 218
585 253
585 608
585 886
585 337
585 814
585 565
585 695
585 963
585 853
586 766
586 956
586 296
586 842
586 261
586 104
586 131
586 301
586 388
586 244
586 668
587 830
587 640
587 81
588 175
588 613
588 367
588 326
588 626
588 122
588 908
588 569
588 238
588 252
588 315
589 252
589 151
589 617
589 884
590 388
590 410
590 647
590 300
590 1
590 924
590 593
590 632
590 187
590 745
590 245
590 662
590 193
590 477
590 183
590 617
591 769
591 152
592 696
592 78
592 296
592 31
592 695
592 536
592 268
593 927
593 590
593 505
593 688
594 926
594 16
595 141
595 504
595 267
595 55
595 425
595 986
595 649
596 640
596 635
596 19
597 762
597 216
597 503
597 825
597 150
597 133
597 675
597 895
598 581
598 531
598 987
598 442
598 399
598 884
598 456
598 786
598 145
598 127
598 208
598 687
598 362
598 197
599 677
599 691
599 261
600 90
600 490
600 1
600 655
600 469
600 740
600 759
600 886
600 359
601 255
601 908
601 382
601 176
601 319
601 863
601 90
601 53
601 267
601 637
601 796
601 838
601 51
601 326
602 273
602 129
602 747
602 577
602 647
602 136
602 956
602 423
602 830
602 991
602 231
602 88
602 104
602 195
602 729
602 328
602 811
602 509
603 496
603 524
603 583
603 984
603 62
603 494
603 797
603 177
604 518
604 733
604 929
604 293
604 624
604 622
604 941
604 464
604 854
604 812
604 573
604 673
604 308
604 433
604 277
604 441
604 50
604 343
604 94
604 353
605 437
605 350
605 989
605 399
606 687
606 350
607 247
607 853
607 203
607 660
607 394
608 357
608 312
608 869
608 715
608 578
608 928
608 82
608 720
608 585
608 48
608 287
608 367
609 476
609 387
609 754
609 436
609 30
609 337
609 98
609 867
609 188
610 146
610 868
610 142
610 701
610 119
611 283
611 560
611 918
611 159
611 527
612 649
612 133
612 948
612 372
612 305
612 675
612 29
612 974
612 353
612 934
612 922
612 827
612 386
612 394
612 393
612 904
612 65
612 142
612 651
612 373
612 109
613 66
613 448
613 639
613 459
613 744
613 967
613 972
613 399
613 903
613 354
613 588
613 887
613 749
613 509
614 835
615 415
615 922
615 250
615 776
615 134
616 667
616 538
616 81
616 424
616 420
616 254
616 990
616 245
617 577
617 980
617 830
617 186
617 648
617 589
617 590
617 817
617 343
617 932
617 220
617 54
617 250
617 389
617 877
617 483
617 990
617 501
618 806
618 250
618 392
618 445
618 946
618 38
620 126
620 381
620 727
620 145
621 629
621 388
621 127
621 109
621 419
621 105
622 880
622 223
622 90
622 604
623 820
623 132
623 811
624 743
624 604
624 918
624 867
624 509
625 396
626 869
626 388
626 953
626 588
626 266
626 918
627 806
627 374
627 65
628 210
628 276
628 816
628 632
628 94
628 400
629 621
629 884
629 208
630 177
630 144
630 12
630 517
630 240
630 270
630 39
630 488
631 643
631 80
631 505
631 169
631 302
631 755
632 738
632 628
632 41
632 683
632 806
632 508
632 407
632 385
632 255
632 218
632 957
632 590
632 144
632 687
632 506
633 994
633 480
633 333
633 739
633 130
633 441
633 392
633 316
633 485
633 156
634 926
635 899
635 122
635 596
635 160
635 452
635 552
635 394
635 134
636 109
636 307
636 660
636 580
636 714
636 548
636 68
637 961
637 327
637 331
637 335
637 381
637 816
637 601
637 328
638 46
638 942
638 695
638 713
638 705
638 743
638 65
638 698
638 838
638 663
638 643
638 115
638 34
638 521
639 11
639 957
639 654
639 94
639 36
639 146
639 822
639 489
639 475
639 250
639 809
639 659
639 613
640 762
640 556
640 426
640 914
640 316
640 596
640 587
640 727
640 804
640 667
640 449
640 940
640 93
640 404
640 76
640 41
640 451
640 529
640 456
640 87
641 186
641 354
641 989
641 156
642 926
642 318
642 37
643 945
643 631
643 572
643 8
643 390
643 547
643 521
643 916
643 54
643 942
643 668
643 638
644 321
644 7
644 537
644 652
645 646
645 232
645 882
646 645
646 329
646 954
646 113
646 347
646 129
646 263
646 354
646 685
646 441
647 489
647 761
647 719
647 517
647 159
647 328
647 602
647 153
647 590
647 420
647 479
648 823
648 886
648 918
648 617
648 306
649 654
649 694
649 769
649 932
649 253
649 926
649 956
649 332
649 595
649 41
649 345
649 286
649 497
649 612
650 843
650 745
650 714
650 665
650 791
650 926
650 373
650 668
651 887
651 316
651 769
651 612
651 279
651 765
651 754
651 453
651 191
651 924
651 987
651 117
651 377
651 720
652 644
652 317
652 99
652 684
652 73
652 769
652 451
652 136
652 570
652 691
652 417
652 949
652 882
653 353
654 917
654 927
654 474
654 649
654 639
654 280
655 207
655 267
655 373
655 483
655 600
655 484
655 838
655 37
656 217
656 918
657 675
657 951
657 569
658 32
658 704
658 334
658 926
658 728
658 4
658 931
658 412
659 355
659 733
659 639
659 267
659 107
659 725
659 323
659 868
659 250
659 943
660 752
660 390
660 681
660 813
660 357
660 607
660 503
660 550
660 28
660 269
660 403
660 668
660 676
660 431
660 920
660 636
661 665
661 903
661 35
662 922
662 590
662 82
662 668
662 201
663 529
663 638
664 993
664 881
664 390
664 349
664 300
664 322
664 181
665 198
665 248
665 661
665 449
665 159
665 650
665 685
665 989
666 424
666 353
666 884
666 153
667 976
667 812
667 330
667 616
667 873
667 640
667 539
667 793
668 542
668 40
668 662
668 933
668 235
668 725
668 574
668 650
668 804
668 643
668 255
668 357
668 586
668 381
668 813
668 7
668 420
668 660
669 726
669 321
669 701
669 173
669 84
670 60
670 837
670 693
670 742
670 934
670 485
670 286
670 73
671 817
672 440
672 428
673 239
673 852
673 604
673 437
673 943
674 25
674 225
674 310
675 246
675 745
675 42
675 107
675 597
675 123
675 184
675 99
675 843
675 681
675 248
675 581
675 973
675 657
675 855
675 926
675 612
675 386
676 225
676 660
676 222
677 891
677 599
677 537
677 962
677 127
677 144
677 56
677 431
678 859
678 98
679 61
679 723
679 835
679 766
680 816
681 938
681 660
681 675
682 959
682 220
682 29
683 237
683 956
683 365
683 466
683 313
683 452
683 380
683 971
683 342
683 902
683 632
683 920
683 687
684 373
684 774
684 197
684 652
685 437
685 665
685 882
685 744
685 141
685 868
685 646
685 87
686 797
687 996
687 36
687 484
687 763
687 381
687 765
687 246
687 260
687 237
687 582
687 460
687 129
687 598
687 732
687 632
687 606
687 956
687 279
687 683
687 726
687 806
687 217
687 149
688 777
688 706
688 593
688 972
688 401
688 294
688 151
688 746
688 441
688 173
688 342
688 145
689 873
689 872
690 830
690 415
690 521
690 726
691 837
691 499
691 66
691 243
691 235
691 474
691 700
691 341
691 348
691 880
691 599
691 74
691 652
692 215
692 287
692 445
693 940
693 200
693 504
693 482
693 670
694 144
694 649
695 638
695 585
695 592
696 984
696 375
696 592
697 59
697 830
697 415
697 418
698 259
698 11
698 526
698 314
698 71
698 515
698 312
698 188
698 926
698 638
699 317
699 229
699 986
699 152
699 287
699 988
699 449
699 874
699 56
699 80
699 28
699 6
699 816
699 197
700 293
700 872
700 584
700 893
700 511
700 395
700 440
700 691
700 28
700 367
700 197
701 829
701 159
701 182
701 575
701 295
701 114
701 191
701 669
701 610
701 317
701 920
701 759
701 190
701 30
701 474
701 477
702 395
702 81
702 936
702 177
703 288
703 986
703 479
703 455
703 30
703 442
703 819
703 754
703 120
703 351
703 730
703 483
703 132
703 25
703 749
704 768
704 658
705 996
705 638
705 447
705 132
705 739
706 215
706 159
706 688
707 441
707 445
707 362
708 869
708 578
708 197
709 482
709 927
709 872
709 762
709 835
710 497
710 718
711 276
711 267
711 331
711 33
712 148
712 415
712 793
712 811
713 282
713 70
713 789
713 638
713 926
713 887
713 101
714 234
714 24
714 277
714 307
714 177
714 650
714 142
714 537
714 252
714 636
714 232
715 608
716 538
716 953
716 244
717 789
717 287
717 445
717 569
718 925
718 949
718 538
718 710
718 379
718 155
718 810
718 63
718 201
719 308
719 726
719 869
719 647
719 744
719 943
720 565
720 376
720 608
720 320
720 549
720 203
720 495
720 180
720 46
720 651
720 988
720 76
721 109
721 146
722 357
722 395
722 23
723 728
723 574
723 452
723 679
723 220
723 207
724 126
724 276
725 987
725 458
725 468
725 360
725 964
725 492
725 336
725 65
725 80
725 318
725 668
725 659
725 258
726 687
726 374
726 898
726 669
726 186
726 175
726 541
726 719
726 91
726 776
726 991
726 102
726 796
726 2
726 690
726 729
726 515
726 457
726 56
726 539
726 33
727 502
727 873
727 620
727 765
727 426
727 640
727 98
728 723
728 902
728 658
728 149
729 765
729 471
729 877
729 995
729 279
729 602
729 903
729 32
729 853
729 882
729 726
730 350
730 187
730 183
730 445
730 368
730 419
730 63
730 736
730 703
731 342
732 789
732 823
732 514
732 687
733 305
733 604
733 142
733 82
733 392
733 659
734 337
734 162
734 404
734 911
734 245
735 470
736 333
736 730
736 874
736 816
736 536
736 468
736 939
736 318
736 460
736 884
736 420
736 359
737 483
737 977
738 632
738 76
738 22
739 806
739 705
739 860
739 50
739 874
739 475
739 633
740 817
740 600
740 244
740 38
741 302
741 987
741 301
741 872
741 273
741 221
741 791
741 21
741 900
741 312
741 549
741 65
742 474
742 670
743 296
743 503
743 499
743 624
743 293
743 912
743 61
743 826
743 812
743 872
743 538
743 638
743 797
743 157
744 719
744 463
744 112
744 913
744 956
744 922
744 827
744 847
744 685
744 109
744 226
744 613
745 650
745 408
745 538
745 590
745 318
745 852
745 920
745 675
746 556
746 688
747 602
748 869
748 470
748 813
748 922
748 207
748 934
749 750
749 989
749 369
749 834
749 67
749 263
749 528
749 60
749 898
749 703
749 613
749 56
749 12
749 252
749 127
750 749
750 85
751 478
751 331
751 139
751 578
752 660
752 93
752 78
753 45
753 859
753 516
753 29
753 208
754 30
754 609
754 544
754 651
754 318
754 703
754 432
755 631
755 330
755 196
755 487
755 248
755 899
755 951
755 816
755 560
755 886
755 784
756 938
756 360
757 238
757 797
757 105
758 460
758 303
758 105
759 853
759 208
759 345
759 701
759 600
759 834
760 84
760 152
760 521
761 647
761 87
762 429
762 551
762 931
762 709
762 271
762 136
762 794
762 457
762 494
762 568
762 640
762 597
762 415
763 70
763 442
763 238
763 687
765 279
765 56
765 651
765 729
765 727
765 687
766 586
766 679
766 353
766 344
766 335
766 329
767 23
768 473
768 704
768 878
768 815
768 425
768 94
768 577
768 110
769 30
769 591
769 847
769 271
769 500
769 545
769 988
769 576
769 46
769 651
769 649
769 556
769 36
769 652
770 353
770 967
770 469
770 438
770 362
770 379
770 985
770 544
770 70
770 84
770 447
770 537
770 811
771 823
772 813
772 262
772 261
773 220
773 918
774 871
774 684
774 499
774 48
774 42
774 552
774 911
774 52
774 953
774 556
775 408
775 852
776 939
776 936
776 515
776 286
776 133
776 264
776 449
776 149
776 615
776 726
776 81
776 978
776 178
777 830
777 24
777 220
777 431
777 688
778 821
778 162
778 984
778 417
781 94
781 210
781 432
782 887
782 37
782 417
783 56
783 210
783 342
784 261
784 755
784 485
784 152
785 811
785 159
786 488
786 598
786 946
787 335
787 460
787 418
787 867
787 86
787 911
787 329
788 37
789 732
789 436
789 944
789 847
789 451
789 863
789 713
789 717
789 197
790 884
790 74
791 254
791 306
791 948
791 993
791 500
791 436
791 126
791 264
791 817
791 998
791 650
791 127
791 292
791 454
791 741
791 152
791 28
792 437
792 81
792 514
792 16
792 990
793 373
793 62
793 844
793 712
793 426
793 504
793 189
793 667
794 130
794 539
794 35
794 404
794 437
794 762
794 301
794 432
795 374
796 314
796 132
796 517
796 262
796 505
796 601
796 151
796 726
796 984
797 893
797 230
797 336
797 294
797 931
797 757
797 541
797 18
797 104
797 537
797 486
797 686
797 743
797 315
797 33
797 412
797 280
797 603
798 70
798 381
798 94
798 867
799 420
799 887
800 972
800 959
800 981
800 78
800 415
800 35
800 353
800 431
801 159
802 48
802 872
802 919
802 81
802 359
803 821
803 353
803 321
803 984
803 456
804 640
804 193
804 668
804 222
805 186
805 101
806 627
806 72
806 902
806 618
806 831
806 687
806 469
806 632
806 739
806 33
806 895
806 432
807 255
807 375
809 639
809 426
809 90
809 234
809 493
809 200
809 149
809 544
809 848
809 843
809 885
809 420
809 810
809 386
810 911
810 319
810 864
810 840
810 546
810 173
810 718
810 315
810 809
810 285
810 361
810 396
811 623
811 871
811 770
811 712
811 581
811 785
811 156
811 602
811 443
811 360
811 6
811 931
811 193
811 217
812 186
812 667
812 604
812 743
813 772
813 102
813 103
813 479
813 668
813 202
813 55
813 15
813 748
813 305
813 401
813 343
813 660
813 127
813 261
814 980
814 823
814 25
814 375
814 585
815 768
816 628
816 448
816 755
816 49
816 680
816 995
816 277
816 270
816 497
816 637
816 950
816 699
816 428
816 918
816 736
817 671
817 570
817 476
817 740
817 221
817 341
817 422
817 791
817 441
817 617
817 445
817 911
818 318
819 703
819 224
819 835
820 825
820 623
820 115
820 384
820 583
820 191
820 267
821 803
821 778
821 243
821 128
821 963
821 111
822 477
822 639
822 896
823 732
823 648
823 521
823 567
823 443
823 944
823 771
823 50
823 814
823 546
823 989
824 874
824 48
824 23
824 556
824 197
825 820
825 597
825 949
825 80
825 36
826 282
826 331
826 337
826 82
826 743
826 133
826 264
827 80
827 612
827 744
828 117
828 69
828 345
828 877
828 310
829 701
829 408
829 217
830 894
830 18
830 587
830 862
830 202
830 690
830 697
830 777
830 602
830 617
830 279
830 97
831 806
831 94
831 485
831 279
832 81
832 335
833 974
833 384
833 57
833 401
833 372
833 889
833 82
833 7
834 95
834 190
834 892
834 912
834 846
834 935
834 928
834 268
834 214
834 195
834 312
834 840
834 45
834 759
834 129
834 304
834 577
834 554
834 101
834 420
834 749
835 929
835 84
835 337
835 187
835 425
835 819
835 59
835 614
835 5
835 581
835 551
835 557
835 709
835 679
835 872
835 483
836 479
836 537
836 946
837 691
837 670
838 448
838 655
838 14
838 969
838 18
838 54
838 353
838 601
838 638
838 456
838 896
839 474
839 184
839 896
840 573
840 339
840 118
840 376
840 538
840 345
840 810
840 834
840 437
841 255
841 541
842 80
842 852
842 586
842 432
843 650
843 936
843 809
843 675
843 541
844 321
844 793
844 541
845 941
845 152
845 193
845 990
846 834
847 225
847 789
847 769
847 744
848 933
848 855
848 451
848 131
848 395
848 997
848 178
848 809
849 874
849 94
849 36
850 939
850 315
851 305
851 267
851 373
851 314
851 145
852 308
852 885
852 567
852 407
852 673
852 775
852 213
852 908
852 215
852 745
852 842
852 442
853 729
853 191
853 455
853 228
853 914
853 296
853 759
853 585
853 900
853 305
853 236
853 286
853 133
853 569
853 541
853 607
853 359
853 352
854 77
854 604
854 998
855 675
855 52
855 89
855 361
855 929
855 848
855 13
855 342
856 415
856 56
856 418
856 261
857 173
857 887
859 678
859 439
859 562
859 498
859 753
859 295
859 276
859 29
860 9
860 739
860 527
861 208
861 169
861 344
862 830
862 337
862 922
862 302
863 789
863 601
864 281
864 267
864 94
864 810
864 300
864 81
865 147
866 252
867 396
867 12
867 301
867 609
867 787
867 147
867 798
867 624
867 303
867 978
867 329
868 550
868 376
868 685
868 659
868 610
868 198
868 231
868 327
868 126
868 920
868 157
868 377
869 719
869 207
869 517
869 103
869 626
869 748
869 708
869 148
869 208
869 608
869 352
870 938
871 239
871 774
871 811
871 16
871 101
872 743
872 802
872 835
872 450
872 689
872 42
872 515
872 953
872 709
872 874
872 1000
872 741
872 934
872 700
872 326
873 43
873 138
873 950
873 667
873 225
873 572
873 689
873 353
873 727
873 362
873 197
874 824
874 83
874 739
874 849
874 308
874 699
874 897
874 944
874 963
874 530
874 585
874 512
874 872
874 133
874 736
875 98
876 255
876 556
876 38
877 617
877 952
877 164
877 107
877 998
877 284
877 56
877 219
877 828
877 729
877 505
877 193
877 201
878 768
878 16
878 529
878 244
878 217
878 359
879 483
879 432
880 691
880 622
881 664
881 101
882 400
882 729
882 153
882 652
882 523
882 403
882 219
882 645
882 480
882 254
882 127
882 685
882 511
882 208
883 46
883 131
883 16
883 509
884 666
884 629
884 790
884 471
884 736
884 144
884 552
884 205
884 589
884 598
884 362
884 217
884 359
885 961
885 415
885 852
885 537
885 250
885 809
886 14
886 648
886 46
886 463
886 755
886 600
886 941
886 276
886 585
886 188
886 97
887 799
887 857
887 130
887 411
887 234
887 181
887 613
887 782
887 543
887 358
887 713
887 651
887 220
887 254
888 936
888 257
889 833
890 160
891 677
891 207
891 475
891 68
891 252
891 36
892 834
892 286
893 447
893 797
893 700
894 830
894 544
894 254
894 315
895 450
895 476
895 806
895 17
895 112
895 597
895 392
896 838
896 295
896 389
896 839
896 338
896 365
896 822
896 420
896 990
896 541
896 87
897 254
897 936
897 874
897 26
898 474
898 726
898 548
898 22
898 337
898 29
898 162
898 749
899 635
899 919
899 373
899 94
899 48
899 755
899 258
900 741
900 853
900 934
901 10
901 578
901 373
902 1000
902 228
902 207
902 363
902 286
902 728
902 518
902 346
902 528
902 10
902 582
902 979
902 253
902 134
902 308
902 806
902 683
903 212
903 535
903 940
903 240
903 661
903 613
903 457
903 421
903 453
903 239
903 53
903 256
903 729
904 131
904 612
905 381
905 538
905 257
905 278
905 362
906 83
906 521
906 265
906 966
906 500
906 373
906 998
907 919
907 287
907 445
908 574
908 852
908 601
908 104
908 588
908 477
909 45
909 144
909 530
909 537
910 144
910 151
910 933
911 734
911 3
911 787
911 530
911 817
911 980
911 774
911 810
911 225
911 6
911 456
912 834
912 743
913 122
913 7
913 744
914 640
914 853
914 474
915 408
915 395
915 25
915 354
916 643
916 250
916 303
916 16
917 565
917 654
917 256
917 557
917 578
917 197
918 15
918 205
918 27
918 648
918 282
918 400
918 442
918 624
918 54
918 502
918 611
918 773
918 148
918 816
918 233
918 656
918 626
918 69
918 126
918 420
919 907
919 802
919 347
919 899
919 396
919 487
919 379
919 167
919 154
919 114
919 36
920 683
920 571
920 868
920 660
920 240
920 745
920 533
920 45
920 41
920 546
920 22
920 701
921 478
921 276
921 153
921 512
921 480
922 862
922 578
922 417
922 462
922 179
922 943
922 495
922 662
922 423
922 748
922 615
922 171
922 430
922 450
922 612
922 744
924 250
924 651
924 590
924 420
925 186
925 487
925 29
925 437
925 159
925 718
926 104
926 499
926 650
926 594
926 456
926 327
926 642
926 675
926 634
926 967
926 89
926 92
926 504
926 713
926 698
926 649
926 16
926 658
927 593
927 654
927 709
927 535
927 100
927 168
927 546
927 175
927 82
928 834
928 608
928 224
928 479
928 149
929 77
929 604
929 855
929 835
929 419
929 367
930 10
930 252
931 762
931 797
931 811
931 658
931 7
932 25
932 252
932 649
932 617
932 506
933 217
933 382
933 330
933 354
933 142
933 183
933 910
933 499
933 140
933 191
933 504
933 295
933 848
933 300
933 668
934 900
934 296
934 872
934 17
934 9
934 182
934 572
934 136
934 532
934 328
934 748
934 52
934 485
934 374
934 612
934 529
934 670
934 197
934 280
935 834
936 843
936 897
936 358
936 702
936 192
936 61
936 888
936 476
936 397
936 505
936 167
936 225
936 232
936 776
937 222
938 96
938 756
938 272
938 870
938 285
938 681
938 397
938 139
938 303
938 556
938 85
939 126
939 206
939 390
939 165
939 146
939 850
939 404
939 776
939 736
940 903
940 640
940 693
941 845
941 604
941 886
942 167
942 643
942 638
942 400
943 140
943 673
943 261
943 44
943 327
943 529
943 659
943 278
943 270
943 719
943 49
943 922
943 377
943 556
944 823
944 789
944 104
944 874
944 147
945 643
945 367
946 950
946 338
946 570
946 836
946 786
946 393
946 458
946 186
946 390
946 618
946 459
946 428
946 377
947 323
948 791
948 539
948 612
949 825
949 216
949 964
949 652
949 981
949 49
949 526
949 27
949 257
949 25
949 213
949 79
949 505
949 23
949 226
949 718
949 217
950 539
950 873
950 415
950 816
950 159
950 946
951 980
951 223
951 657
951 262
951 74
951 755
951 149
952 877
952 84
952 485
952 483
952 445
952 359
953 567
953 260
953 774
953 87
953 626
953 716
953 65
953 970
953 264
953 352
953 580
953 581
953 872
954 646
954 208
954 278
955 516
955 210
955 447
955 310
956 602
956 683
956 649
956 386
956 586
956 744
956 687
957 77
957 632
957 639
957 156
957 456
958 145
959 209
959 331
959 411
959 540
959 485
959 167
959 511
959 682
959 800
959 360
960 126
960 548
960 400
961 577
961 258
961 83
961 885
961 637
961 45
961 59
962 442
962 482
962 262
962 677
963 585
963 874
963 821
964 488
964 949
964 131
964 725
964 38
965 35
965 560
965 374
966 906
966 331
966 428
966 177
967 926
967 770
967 479
967 613
967 534
968 484
968 84
968 343
968 94
969 470
969 838
969 331
970 109
970 404
970 335
970 953
971 466
971 89
971 84
971 420
971 683
972 276
972 428
972 800
972 613
972 688
973 109
973 286
973 675
974 833
974 612
976 667
976 321
976 23
977 453
977 982
977 466
977 151
977 737
977 445
977 305
977 373
977 36
978 256
978 776
978 436
978 292
978 232
978 867
978 465
978 211
978 445
978 177
978 38
979 902
980 294
980 814
980 911
980 376
980 951
980 146
980 617
981 949
981 86
981 512
981 800
982 977
983 28
984 1
984 117
984 696
984 556
984 313
984 803
984 432
984 194
984 471
984 796
984 778
984 162
984 86
984 11
984 36
984 603
985 29
985 770
985 377
985 287
986 186
986 699
986 703
986 595
986 109
986 149
987 725
987 651
987 741
987 598
987 505
988 699
988 769
988 720
988 417
989 510
989 87
989 314
989 641
989 823
989 605
989 665
989 420
989 529
989 749
990 16
990 557
990 616
990 617
990 484
990 845
990 896
990 110
990 792
990 380
990 553
990 386
991 207
991 225
991 726
991 602
991 394
992 560
992 30
993 791
993 664
993 151
994 238
994 633
995 7
995 262
995 729
995 816
996 705
996 461
996 318
996 511
996 687
996 201
997 848
997 255
997 477
997 9
998 854
998 92
998 906
998 348
998 100
998 877
998 791
998 131
998 505
998 258
1000 484
1000 872
1000 902
