1 328
1 982
1 153
1 610
1 670
1 500
1 477
1 984
1 590
1 866
2 186
2 415
2 726
2 713
2 823
2 656
2 916
2 347
2 296
3 911
3 995
3 106
3 265
4 797
4 800
4 159
4 522
4 935
4 994
4 685
4 304
4 715
4 830
4 175
4 538
4 160
4 245
4 73
4 46
4 143
4 392
5 84
5 208
5 447
5 835
5 178
5 850
5 107
6 506
6 911
6 522
6 312
6 263
6 811
6 278
6 713
6 434
6 83
6 733
6 284
6 171
6 926
7 668
7 415
7 833
7 572
7 269
7 244
7 467
7 524
7 565
7 460
7 931
7 774
7 573
7 95
7 424
7 511
7 73
7 545
7 19
7 52
7 738
7 463
7 567
8 151
8 794
8 875
8 140
8 23
8 804
8 461
8 724
8 196
8 694
8 709
8 307
8 437
8 272
8 643
8 420
8 488
8 133
8 335
8 637
9 583
9 860
9 439
9 997
9 367
9 68
9 279
9 421
9 45
9 768
10 389
10 240
10 114
10 172
10 361
10 901
10 930
10 489
10 356
10 966
10 847
10 353
10 119
10 902
10 663
10 757
10 120
10 594
10 334
11 528
11 184
11 984
11 325
11 23
11 477
11 569
11 639
11 760
11 786
11 751
12 516
12 223
12 724
12 613
12 333
12 191
12 583
12 630
12 867
12 749
12 823
12 83
12 154
12 892
13 536
13 121
13 133
13 425
13 469
13 505
13 510
13 292
13 354
13 83
14 698
14 868
14 549
14 348
14 994
14 601
14 669
14 262
14 586
14 886
14 337
14 42
14 871
14 792
14 773
14 634
15 918
15 813
15 342
16 594
16 294
16 916
16 440
16 287
16 792
16 926
16 474
16 268
16 390
16 878
16 118
16 871
16 455
16 274
16 484
16 990
16 147
16 385
16 593
17 467
17 796
17 284
17 811
17 220
17 953
17 754
17 626
17 428
17 256
17 772
17 110
17 251
17 111
17 56
17 157
17 895
17 892
18 830
18 797
18 838
18 425
18 778
18 171
19 596
19 403
19 405
19 690
19 333
19 7
19 783
19 338
19 105
19 669
19 681
19 583
19 995
19 997
20 809
20 399
20 447
20 276
20 204
20 173
20 960
20 861
20 995
20 886
20 703
20 864
20 211
21 306
21 741
21 80
21 268
21 209
22 920
22 410
22 898
22 545
22 738
22 369
22 85
22 913
22 885
22 42
22 655
22 90
23 11
23 32
23 220
23 976
23 949
23 436
23 433
23 59
23 767
23 722
23 497
23 824
23 348
23 488
23 578
23 399
23 356
23 8
23 31
23 634
24 777
24 464
24 232
24 130
24 521
24 714
24 377
24 323
24 493
24 918
25 674
25 932
25 915
25 814
25 703
25 77
25 558
25 792
25 69
25 538
25 162
25 949
25 156
25 360
25 86
25 621
25 465
26 320
26 81
26 377
26 897
26 442
26 231
26 668
26 200
26 972
26 809
27 986
27 423
27 331
27 922
27 914
27 106
27 140
27 455
27 673
27 926
27 949
27 428
27 134
27 363
27 952
27 448
27 29
27 618
28 700
28 41
28 699
28 417
28 253
28 469
28 791
28 44
28 245
28 86
28 505
28 660
28 396
28 782
28 34
28 807
28 877
28 626
29 859
29 985
29 682
29 898
29 448
29 283
29 121
29 925
29 277
29 241
29 27
29 612
29 832
29 561
30 701
30 992
30 341
30 562
30 754
30 112
30 416
30 86
30 955
30 178
30 155
30 514
30 609
30 769
30 441
30 591
30 60
30 842
31 611
31 247
31 82
31 622
31 23
31 442
31 424
31 663
31 689
31 754
31 375
31 760
31 263
31 842
31 647
31 862
31 334
32 217
32 603
32 206
32 266
32 788
32 756
32 975
32 403
32 57
32 760
32 203
32 607
32 559
32 952
32 729
32 23
32 188
32 846
33 333
33 806
33 405
33 711
33 726
33 797
33 957
33 826
33 245
34 28
34 628
34 961
34 364
34 128
34 571
34 105
34 48
34 434
34 254
34 65
34 638
34 147
34 466
34 841
35 421
35 143
35 661
35 794
35 965
35 414
35 398
35 388
35 343
35 101
35 514
35 226
35 108
35 655
35 695
35 242
36 984
36 849
36 235
36 462
36 539
36 198
36 825
36 460
36 977
36 891
36 769
36 295
36 919
36 687
36 178
36 732
36 988
36 263
36 346
37 642
37 73
37 672
37 831
37 477
37 51
37 946
37 197
37 318
37 377
37 707
37 677
38 964
38 740
38 417
38 156
38 876
38 978
38 432
38 243
38 332
38 214
38 194
38 63
38 618
38 275
38 314
38 338
38 234
38 850
39 630
39 296
40 668
40 571
40 150
40 71
41 532
41 640
41 275
41 148
41 446
41 514
41 87
41 859
41 632
41 920
41 28
41 292
41 730
41 304
41 300
41 946
41 675
42 619
42 14
42 61
42 351
42 544
42 22
42 643
42 262
42 789
42 516
42 872
42 460
42 774
42 673
42 259
42 106
43 236
43 637
43 739
43 132
43 675
43 114
43 267
43 873
43 177
43 178
43 352
43 591
43 390
43 371
44 463
44 376
44 203
44 191
44 493
44 911
44 372
44 650
44 373
44 952
44 145
44 768
44 28
44 350
44 541
44 943
44 611
44 912
44 209
44 613
45 753
45 909
45 583
45 961
45 269
45 257
45 433
45 483
45 130
45 654
45 182
45 554
45 9
45 920
45 315
45 989
46 932
46 187
46 4
46 747
46 567
46 389
46 883
46 769
46 720
46 638
46 252
46 886
46 310
46 390
46 687
46 79
47 790
47 793
47 314
47 783
47 616
47 552
47 647
47 716
47 436
47 107
47 880
47 113
47 76
47 238
47 360
47 817
47 925
47 110
47 703
47 696
47 825
48 824
48 802
48 183
48 608
48 558
48 899
48 516
48 538
48 774
48 133
48 78
48 87
48 170
48 34
48 656
48 835
48 871
48 235
49 816
49 949
49 943
49 434
49 355
49 737
49 284
50 216
50 397
50 222
50 516
50 400
50 823
50 276
50 739
50 604
50 437
50 263
50 367
51 539
51 144
51 441
51 601
51 898
51 840
51 37
51 175
52 523
52 675
52 7
52 855
52 345
52 377
52 774
52 342
52 201
52 200
53 548
53 903
53 460
53 480
53 601
53 860
53 950
53 111
53 883
53 233
53 846
54 307
54 787
54 648
54 210
54 989
54 492
54 624
54 146
54 55
54 296
54 827
54 643
54 617
54 838
54 669
54 423
54 294
54 317
54 915
55 813
55 595
55 244
55 350
55 326
55 611
55 295
55 54
55 681
55 536
56 17
56 765
56 856
56 498
56 332
56 677
56 386
56 726
56 517
56 783
56 699
56 225
56 540
56 749
56 178
56 952
56 938
56 973
56 737
56 862
56 84
57 833
57 748
57 32
58 452
58 912
58 188
58 115
58 270
58 396
58 845
58 692
58 675
58 619
58 937
58 253
59 961
59 183
59 241
59 697
59 888
59 890
59 373
59 277
59 657
59 776
59 353
59 153
59 23
59 835
59 753
59 684
59 758
60 488
60 796
60 935
60 743
60 196
60 559
60 801
60 820
60 968
60 30
60 269
60 727
60 749
60 362
60 670
60 930
61 825
61 622
61 230
61 886
61 396
61 70
61 597
61 677
61 432
61 741
61 679
61 375
61 936
61 743
61 87
61 912
61 740
61 434
61 42
61 909
62 478
62 793
62 343
62 603
62 281
62 168
63 247
63 377
63 718
63 360
63 730
63 416
63 650
63 152
63 354
63 144
63 38
63 243
63 138
63 304
64 267
64 447
64 732
64 675
64 973
65 350
65 144
65 168
65 553
65 387
65 741
65 488
65 578
65 34
65 290
65 81
65 638
65 612
65 953
65 725
65 107
65 114
65 997
65 465
66 613
66 353
66 691
66 758
67 138
67 331
67 162
67 749
67 740
67 406
67 745
68 9
68 319
68 891
68 636
68 429
68 330
68 380
68 279
68 133
68 257
68 530
68 95
69 918
69 107
69 105
69 828
69 304
69 547
69 241
69 25
69 71
69 341
69 347
69 584
69 445
69 113
69 183
69 186
70 574
70 770
70 577
70 713
70 798
70 106
70 550
70 174
70 420
70 326
70 399
70 496
70 377
70 209
70 61
70 161
71 880
71 172
71 812
71 40
71 814
71 216
71 69
71 913
72 806
72 994
72 114
73 7
73 162
73 390
73 4
73 403
73 550
73 670
73 574
73 182
73 500
73 127
73 301
73 652
73 37
73 81
74 691
74 165
74 951
74 790
74 342
74 526
74 641
74 983
75 381
75 249
75 154
75 282
76 640
76 176
76 223
76 47
76 720
76 256
76 448
76 475
76 915
76 238
76 556
76 914
76 581
76 385
76 86
77 386
77 854
77 491
77 324
77 957
77 929
77 293
77 286
77 25
77 981
78 48
78 584
78 186
78 469
78 233
78 343
78 131
78 592
78 800
78 123
78 760
78 641
78 778
78 842
78 392
79 539
79 389
79 987
79 206
79 371
79 140
79 526
79 872
79 46
79 131
79 188
79 245
79 401
79 667
79 355
80 302
80 825
80 103
80 135
80 407
80 842
80 827
80 699
80 21
80 120
80 213
80 201
80 160
80 730
80 625
80 309
80 697
80 289
81 792
81 616
81 702
81 491
81 152
81 65
81 89
81 776
81 832
81 584
81 587
81 802
81 864
81 73
81 26
81 356
81 952
81 757
81 696
81 770
81 561
82 833
82 368
82 545
82 308
82 494
82 376
82 608
82 434
82 503
82 662
82 461
82 326
82 826
82 733
82 323
82 202
82 336
82 220
82 418
82 446
82 878
82 281
82 31
82 280
82 212
83 12
83 845
83 13
83 335
83 756
83 486
83 6
83 961
83 906
83 578
83 548
83 331
83 709
84 302
84 952
84 539
84 110
84 5
84 968
84 760
84 747
84 174
84 790
84 56
84 323
84 835
84 496
84 752
84 246
84 966
84 987
85 287
85 22
85 297
85 93
85 938
85 750
85 783
85 238
85 94
85 138
85 536
85 896
85 259
85 675
85 825
86 381
86 246
86 337
86 787
86 365
86 25
86 916
86 889
86 76
86 147
86 197
86 30
86 154
86 304
86 28
87 469
87 640
87 188
87 48
87 685
87 761
87 454
87 896
87 61
87 211
87 809
87 989
87 953
87 356
87 570
87 875
87 938
87 41
87 624
88 564
88 236
88 173
88 512
88 574
88 421
88 950
88 874
88 502
88 953
88 267
88 602
88 545
88 317
88 303
89 796
89 743
89 529
89 741
89 113
89 390
89 587
89 888
89 971
89 81
89 855
89 373
89 926
89 177
89 359
89 757
89 150
89 695
89 263
89 102
90 811
90 333
90 513
90 395
90 22
90 854
90 807
90 601
90 431
90 622
90 809
90 134
90 356
90 910
90 695
91 726
91 232
91 201
91 299
91 740
91 562
91 637
91 296
91 205
92 595
92 125
92 961
92 978
92 585
92 563
92 781
92 624
92 631
92 778
92 249
92 296
92 747
92 998
92 916
92 148
92 385
92 834
92 694
93 554
93 326
93 547
93 123
93 298
93 395
93 440
93 640
93 85
93 214
93 840
94 408
94 85
94 798
94 604
94 541
94 781
94 899
94 390
94 831
94 112
94 968
94 849
94 864
94 628
94 768
94 639
94 588
94 753
94 304
94 561
95 878
95 620
95 68
95 949
95 658
95 450
95 316
95 834
95 390
95 7
95 253
95 983
96 938
96 900
96 626
96 532
96 233
97 886
97 322
97 483
97 830
97 757
97 864
97 509
98 451
98 875
98 678
98 609
98 860
98 122
98 535
98 954
99 815
99 916
99 352
99 234
99 167
99 382
99 843
99 103
99 807
100 517
100 488
100 437
100 574
100 286
100 378
100 998
100 446
100 834
101 805
101 111
101 834
101 35
101 881
101 395
101 939
101 959
101 367
102 941
102 89
102 989
102 597
102 179
102 784
102 485
102 843
102 337
102 813
102 226
102 726
102 243
102 732
102 523
102 669
103 304
103 99
103 562
103 204
103 851
103 869
103 813
103 80
103 306
103 666
103 973
104 908
104 944
104 209
104 575
104 261
104 602
104 797
104 136
104 594
104 983
105 108
105 502
105 758
105 621
105 281
105 757
105 391
105 345
105 19
105 69
105 160
105 157
105 34
105 113
105 763
106 496
106 443
106 42
106 940
106 598
106 756
106 3
106 304
106 561
106 70
106 396
106 170
106 823
106 632
106 27
106 469
107 589
107 65
107 318
107 5
107 868
107 364
107 877
107 69
107 460
107 659
107 338
107 228
107 778
107 47
107 289
108 460
108 702
108 35
108 538
108 218
108 105
108 672
108 985
108 406
108 987
109 308
109 443
109 970
109 721
109 973
109 193
109 358
109 332
109 744
109 151
109 986
109 612
109 158
109 142
109 636
109 702
109 723
110 491
110 847
110 734
110 417
110 47
110 217
110 512
110 959
110 84
110 894
110 916
110 324
110 966
110 17
111 53
111 255
111 101
111 752
111 681
111 900
111 17
112 720
112 463
112 762
112 636
112 170
112 266
112 844
112 319
112 30
112 574
112 94
112 548
112 744
112 277
112 985
112 752
112 213
112 696
112 561
113 525
113 105
113 69
113 669
113 667
113 343
113 646
113 905
113 89
113 362
113 285
113 47
114 279
114 782
114 65
114 519
114 72
114 690
114 210
114 919
114 10
114 276
114 459
114 469
114 43
114 599
115 820
115 223
115 286
115 638
115 222
115 894
115 58
115 973
115 983
116 510
117 828
117 821
117 785
117 786
117 571
117 170
117 197
117 767
117 274
117 148
117 984
117 651
117 300
117 460
117 642
117 987
118 840
118 497
118 16
118 789
118 164
118 702
119 10
119 248
119 231
119 556
119 742
119 488
119 967
119 880
119 734
119 351
120 10
120 266
120 354
120 635
120 723
120 298
120 248
120 776
120 474
120 80
120 892
120 259
121 201
121 360
121 833
121 811
121 761
121 252
121 890
121 355
121 626
121 903
121 13
121 29
121 377
121 287
121 739
121 967
121 281
121 437
121 841
121 319
122 913
122 439
122 438
122 915
122 291
122 257
122 452
122 443
122 635
122 588
122 548
122 396
122 316
122 655
122 98
123 919
123 280
123 767
123 349
123 358
123 741
123 78
123 495
123 652
123 400
123 538
123 877
123 385
123 93
123 834
123 455
123 621
123 605
123 635
123 567
123 779
124 375
124 560
124 126
124 930
124 928
124 841
125 276
125 782
125 434
125 284
125 92
126 244
126 960
126 868
126 620
126 724
126 503
126 969
126 289
126 716
126 293
126 124
126 510
126 939
126 791
126 238
126 912
126 978
126 592
126 463
127 621
127 167
127 530
127 458
127 73
127 882
127 598
127 440
127 813
127 749
127 922
127 475
127 791
127 809
128 186
128 146
128 821
128 534
128 326
128 34
128 899
128 156
129 246
129 270
129 472
129 367
129 938
129 602
129 431
129 646
129 257
129 226
129 687
129 834
129 292
129 641
129 850
129 354
130 794
130 391
130 382
130 279
130 215
130 139
130 633
130 24
130 887
130 522
130 45
130 737
131 904
131 78
131 336
131 883
131 387
131 998
131 79
131 586
131 964
131 848
131 908
131 649
132 705
132 448
132 363
132 623
132 296
132 703
132 796
132 201
132 770
132 43
132 599
133 481
133 826
133 48
133 8
133 874
133 155
133 853
133 456
133 184
133 68
133 483
133 13
133 497
133 612
133 776
133 665
133 950
133 536
133 463
134 90
134 466
134 357
134 615
134 27
134 635
134 310
134 902
134 676
134 350
135 80
135 972
136 104
136 303
136 889
136 724
136 564
136 148
136 602
136 762
136 169
136 652
136 875
136 545
136 732
137 461
137 465
138 517
138 67
138 497
138 63
138 824
138 85
138 144
138 912
138 474
138 873
138 188
138 809
138 150
138 862
139 938
139 143
139 494
139 286
139 130
139 453
139 176
139 751
139 187
139 184
139 375
139 252
139 740
139 966
139 702
140 447
140 226
140 943
140 933
140 740
140 588
140 8
140 27
140 639
140 728
140 536
140 79
141 685
141 595
141 560
141 326
141 277
141 243
141 545
141 215
142 610
142 733
142 312
142 582
142 612
142 714
142 440
142 328
142 933
142 458
142 152
142 109
143 539
143 631
143 401
143 4
143 854
143 290
143 807
143 796
143 907
143 561
143 724
143 683
143 677
143 469
143 139
143 35
143 563
143 723
143 915
143 495
144 361
144 910
144 909
144 694
144 346
144 51
144 677
144 489
144 63
144 632
144 535
144 304
144 820
144 65
144 630
144 884
144 138
144 702
145 688
145 958
145 272
145 851
145 231
145 620
145 558
145 150
145 457
145 364
145 598
145 286
145 234
145 44
145 948
145 760
146 610
146 128
146 721
146 464
146 980
146 939
146 639
146 54
147 204
147 238
147 86
147 194
147 582
147 865
147 16
147 570
147 307
147 944
147 34
147 867
147 388
147 656
147 600
148 541
148 136
148 712
148 869
148 554
148 377
148 117
148 411
148 92
148 944
148 41
148 420
148 323
148 456
148 815
148 394
148 284
148 652
149 212
149 687
149 928
149 396
149 986
149 951
149 728
149 647
149 809
149 776
149 350
149 480
149 214
150 892
150 761
150 790
150 40
150 315
150 138
150 622
150 835
150 722
150 231
150 942
150 89
150 626
150 656
150 597
150 252
150 145
150 456
150 972
150 490
151 993
151 292
151 589
151 796
151 578
151 629
151 323
151 977
151 331
151 537
151 109
151 326
151 688
151 8
151 825
151 953
152 204
152 560
152 591
152 784
152 760
152 470
152 528
152 228
152 177
152 63
152 845
152 142
152 699
152 574
152 81
152 353
152 303
152 178
152 210
153 921
153 59
153 297
153 666
153 728
153 910
153 882
153 363
153 914
153 778
153 382
153 1
154 75
154 12
154 906
154 245
154 873
154 86
154 877
154 919
154 460
154 353
154 418
154 616
155 458
155 736
155 440
155 891
155 351
155 556
155 133
155 207
155 510
155 913
155 672
155 30
155 668
155 296
155 679
155 592
156 641
156 25
156 633
156 418
156 837
156 754
156 128
156 811
156 38
156 188
156 843
156 696
157 105
157 236
157 216
157 17
157 250
157 577
157 239
157 885
157 703
157 815
157 789
157 669
158 898
158 218
158 274
158 389
158 442
158 301
158 345
158 883
158 875
158 780
158 806
158 807
158 195
158 662
158 673
158 109
158 749
158 928
158 846
159 229
159 274
159 950
159 801
159 611
159 706
159 925
159 329
159 701
159 665
159 530
159 647
159 441
159 217
159 237
159 574
159 973
159 4
160 105
160 4
160 890
160 423
160 273
160 415
160 635
160 80
160 448
160 694
160 552
161 316
161 515
161 400
161 765
161 70
161 735
161 402
161 445
161 637
162 734
162 25
162 67
162 778
162 898
162 984
162 308
162 534
162 73
162 916
163 569
163 329
163 268
163 522
163 737
163 984
164 186
164 173
164 834
164 204
164 118
164 245
164 645
164 877
164 239
164 985
164 615
164 460
164 382
164 259
165 470
165 939
165 74
165 792
166 400
166 938
166 247
166 284
166 334
167 936
167 942
167 562
167 919
167 959
167 127
167 99
167 215
167 247
167 309
167 233
167 465
168 798
168 62
168 653
168 290
168 311
168 65
168 345
168 562
168 675
169 177
169 401
169 631
169 136
169 429
169 464
169 668
169 431
169 570
169 883
170 564
170 189
170 451
170 692
170 186
170 917
170 780
170 958
170 768
170 48
170 106
170 868
170 248
170 180
170 713
170 842
170 117
170 529
170 112
171 897
171 626
171 261
171 470
171 6
171 335
171 18
171 283
171 462
171 184
171 922
171 257
171 527
171 985
171 709
171 696
172 10
172 71
172 997
173 384
173 293
173 299
173 358
173 688
173 857
173 975
173 810
173 362
173 164
173 20
173 88
173 773
173 531
174 728
174 84
174 70
175 537
175 859
175 826
175 810
175 763
175 182
175 550
175 917
175 983
175 196
175 51
175 484
175 539
175 726
175 375
175 927
175 215
175 892
175 4
175 862
176 403
176 548
176 139
176 76
176 601
176 688
176 946
177 978
177 469
177 266
177 702
177 558
177 43
177 966
177 89
177 247
177 308
177 630
177 169
177 152
177 714
177 477
177 880
177 214
178 43
178 56
178 437
178 287
178 776
178 36
178 329
178 5
178 152
178 429
178 441
178 454
178 848
178 707
178 631
178 952
178 30
178 550
178 309
179 922
179 255
179 545
179 615
179 681
179 102
180 282
180 816
180 805
180 823
180 694
180 678
180 170
180 788
180 832
181 664
181 887
181 212
182 416
182 483
182 746
182 555
182 600
182 248
182 701
182 281
182 276
182 73
182 201
182 988
182 45
182 175
182 361
182 426
183 479
183 402
183 816
183 69
183 59
183 730
183 590
183 225
183 48
183 591
184 171
184 839
184 133
184 357
184 139
184 348
184 277
184 255
184 11
184 675
184 398
184 393
184 652
184 223
184 459
184 567
185 353
185 244
185 417
185 562
185 296
185 600
186 805
186 2
186 128
186 641
186 986
186 812
186 925
186 562
186 187
186 574
186 69
186 726
186 617
186 78
186 170
186 985
186 164
186 698
186 235
186 883
187 730
187 139
187 590
187 835
187 46
187 655
187 186
187 997
188 79
188 32
188 886
188 287
188 609
188 292
188 138
188 156
188 552
188 217
188 87
188 58
188 307
188 858
189 793
189 170
189 216
189 265
189 618
189 500
189 490
190 486
190 701
190 667
190 610
190 758
191 820
191 651
191 853
191 701
191 933
191 44
191 878
191 355
191 956
191 12
191 758
192 936
192 644
192 966
192 758
193 877
193 457
193 278
193 845
193 304
193 492
193 811
193 518
193 507
193 314
193 276
193 804
193 432
193 109
193 590
193 299
193 785
193 461
193 534
193 532
193 841
193 734
194 408
194 984
194 456
194 147
194 38
195 957
195 872
195 158
195 359
195 472
195 419
195 966
195 337
195 537
195 243
195 335
195 502
195 347
195 599
196 755
196 60
196 8
196 871
196 175
197 218
197 576
197 371
197 684
197 448
197 699
197 86
197 824
197 708
197 873
197 789
197 934
197 391
197 598
197 700
197 917
197 749
197 445
197 455
197 754
197 347
197 965
197 117
197 37
198 665
198 868
198 36
198 234
198 675
198 871
198 561
199 337
199 716
199 699
199 245
200 52
200 208
200 460
200 26
200 638
200 543
200 693
200 226
200 281
200 745
201 216
201 373
201 52
201 662
201 239
201 996
201 91
201 182
201 718
201 877
201 132
201 280
201 331
201 214
201 80
201 442
201 421
201 121
201 355
201 427
202 437
202 544
202 830
202 813
202 82
202 574
202 673
202 971
202 220
203 720
203 224
203 315
203 607
203 910
203 44
203 562
203 32
203 490
204 152
204 147
204 164
204 20
204 103
205 519
205 591
205 736
205 250
205 486
205 222
205 91
205 255
205 884
205 949
206 939
206 644
206 571
206 79
206 32
207 582
207 570
207 891
207 991
207 655
207 723
207 155
207 748
207 869
207 210
207 902
207 569
207 935
207 910
207 299
207 905
207 926
208 629
208 954
208 861
208 5
208 869
208 759
208 753
208 469
208 598
208 882
208 582
208 200
208 717
208 938
209 677
209 70
209 44
209 997
209 21
209 477
209 959
209 104
209 864
209 928
210 628
210 955
210 549
210 439
210 275
210 423
210 548
210 582
210 114
210 207
210 442
210 781
210 783
210 152
210 335
210 488
210 704
210 933
210 54
210 916
210 965
210 307
210 567
211 218
211 793
211 20
211 688
211 240
211 619
211 418
211 936
211 261
211 279
211 87
211 928
212 181
212 691
212 551
212 645
212 235
212 608
212 562
212 82
212 903
212 149
212 398
212 371
213 112
213 973
213 578
213 852
213 80
213 875
213 451
213 284
213 605
214 789
214 365
214 93
214 920
214 201
214 470
214 668
214 986
214 449
214 177
214 149
214 300
214 529
214 38
214 268
214 952
215 376
215 130
215 692
215 706
215 410
215 141
215 665
215 175
215 279
215 167
215 852
215 637
215 899
216 254
216 498
216 474
216 645
216 618
216 355
216 559
216 189
216 511
216 597
216 949
216 157
216 201
216 50
216 789
216 71
216 259
217 569
217 464
217 884
217 159
217 829
217 469
217 878
217 188
217 949
217 687
217 811
217 326
217 556
217 290
217 404
217 933
217 110
217 32
218 585
218 632
218 197
218 158
218 894
218 108
218 656
218 211
219 877
219 882
219 740
220 265
220 777
220 887
220 247
220 773
220 555
220 723
220 82
220 559
220 682
220 583
220 291
220 897
220 202
220 262
220 343
220 23
220 617
220 424
220 17
221 408
221 817
221 741
221 704
221 401
221 377
222 409
222 320
222 937
222 804
222 115
222 572
222 538
222 462
222 389
222 355
222 825
222 331
222 388
222 50
222 734
222 205
223 115
223 951
223 184
223 655
223 278
223 967
223 644
223 76
223 622
223 563
223 607
223 971
223 12
224 523
224 339
224 928
224 203
224 249
224 406
224 429
224 503
224 508
224 947
224 441
224 293
224 823
224 954
225 498
225 847
225 991
225 936
225 674
225 183
225 911
225 865
225 873
225 395
225 257
225 362
225 672
225 228
225 56
225 738
226 140
226 200
226 129
226 35
226 494
226 949
226 227
226 102
226 744
226 288
226 512
226 264
226 910
227 226
227 295
228 339
228 936
228 906
228 107
228 626
228 737
228 871
228 578
228 225
228 640
228 840
228 890
228 284
228 853
228 420
228 152
228 913
229 699
229 159
229 419
229 662
229 246
229 622
230 797
230 510
230 61
230 308
230 723
230 738
230 981
231 868
231 602
231 267
231 119
231 145
231 26
231 550
231 150
231 725
231 779
232 645
232 91
232 426
232 299
232 714
232 344
232 936
232 574
232 335
232 24
232 314
232 745
233 843
233 905
233 794
233 325
233 96
233 167
233 347
233 423
233 53
233 502
233 437
233 323
233 894
233 371
233 541
233 78
234 911
234 805
234 509
234 579
234 699
234 966
234 590
234 787
234 801
234 804
234 466
234 792
234 258
234 772
234 145
234 198
234 38
234 430
234 714
234 887
234 244
234 99
234 861
234 716
234 536
235 664
235 48
235 969
235 286
235 430
235 676
235 612
235 186
235 691
235 668
235 36
235 905
235 994
235 673
235 778
235 977
235 288
235 212
236 475
236 157
236 853
236 338
236 656
236 717
236 43
236 88
237 503
237 901
237 915
237 279
237 159
237 292
237 424
237 464
237 247
237 852
237 978
237 261
237 242
238 376
238 76
238 540
238 516
238 757
238 47
238 85
238 126
238 588
238 763
238 897
238 147
238 421
238 245
239 871
239 444
239 164
239 551
239 511
239 481
239 297
239 295
239 244
239 673
239 404
239 903
239 201
239 157
239 324
239 655
239 949
240 903
240 10
240 630
240 920
240 211
241 783
241 264
241 736
241 890
241 59
241 69
241 475
241 665
241 29
241 465
242 637
242 237
242 737
242 611
242 35
242 485
242 495
243 567
243 648
243 195
243 612
243 493
243 102
243 823
243 63
243 869
243 141
243 976
243 703
243 269
243 539
243 821
243 691
243 38
243 644
243 381
243 882
244 55
244 504
244 740
244 878
244 716
244 365
244 185
244 518
244 398
244 586
244 234
244 126
244 239
244 470
244 7
244 314
244 541
244 354
244 861
244 300
244 637
244 303
245 4
245 79
245 341
245 858
245 199
245 238
245 590
245 28
245 280
245 164
245 154
245 33
245 253
246 979
246 295
246 84
246 229
246 422
246 86
246 687
246 129
247 994
247 574
247 532
247 167
247 166
247 860
247 838
247 220
247 63
247 177
247 237
247 819
247 314
247 31
247 954
248 665
248 119
248 755
248 675
248 170
248 182
248 120
248 304
248 392
249 990
249 323
249 495
249 75
249 415
249 591
249 360
249 651
249 345
249 224
249 259
249 983
249 92
250 413
250 501
250 924
250 301
250 474
250 885
250 375
250 447
250 659
250 476
250 618
250 916
250 328
250 639
250 439
250 610
250 765
250 504
250 684
250 817
250 431
250 157
250 617
250 732
250 205
251 925
251 883
251 17
252 385
252 374
252 150
252 714
252 932
252 866
252 284
252 588
252 589
252 139
252 315
252 466
252 314
252 427
252 930
252 46
252 300
252 749
252 891
252 301
252 295
252 121
252 966
252 307
253 58
253 909
253 412
253 245
253 95
253 697
253 461
253 585
253 344
253 28
253 902
253 496
254 414
254 887
254 277
254 897
254 480
254 34
254 882
254 616
254 940
254 791
254 470
254 833
254 526
254 216
255 876
255 401
255 111
255 507
255 997
255 205
255 493
255 179
255 799
255 385
255 696
255 543
255 707
255 601
255 300
255 668
255 184
255 398
255 759
255 916
256 917
256 903
256 978
256 76
256 396
256 400
256 536
256 751
256 822
256 17
257 576
257 171
257 225
257 888
257 327
257 68
257 129
257 905
257 383
257 470
257 266
257 949
257 45
257 122
258 551
258 358
258 899
258 725
258 492
258 894
258 961
258 544
258 234
258 312
258 295
259 284
259 362
259 249
259 631
259 426
259 863
259 164
259 216
259 410
259 42
259 120
259 1000
259 603
259 85
259 456
259 910
259 672
259 583
260 821
260 759
260 687
260 861
260 624
260 535
260 730
260 390
261 772
261 856
261 541
261 813
261 264
261 237
261 695
261 104
261 586
261 943
261 784
261 295
261 751
261 211
261 171
262 796
262 772
262 962
262 995
262 489
262 333
262 220
262 951
262 556
262 310
262 401
262 42
262 14
263 36
263 930
263 858
263 853
263 725
263 89
263 50
263 31
263 902
263 407
263 749
263 900
263 6
264 226
264 432
264 350
264 446
264 826
264 549
264 322
264 408
264 470
264 791
264 776
264 261
264 400
264 953
264 241
265 189
265 549
265 481
265 542
265 516
265 440
265 3
265 691
265 703
265 717
265 636
265 906
265 220
266 257
266 626
266 415
266 308
266 497
266 373
266 177
266 523
266 581
266 120
266 32
266 112
266 627
267 543
267 864
267 711
267 851
267 517
267 820
267 518
267 443
267 231
267 655
267 64
267 595
267 601
267 451
267 43
267 88
268 214
268 316
268 422
268 21
268 163
268 420
268 592
268 16
268 441
268 986
269 7
269 660
269 840
269 243
269 60
269 45
270 436
270 574
270 630
270 816
270 943
270 58
270 129
270 626
270 995
271 500
271 767
271 466
271 352
271 769
271 762
271 840
271 925
271 399
271 566
271 915
272 938
272 145
272 662
272 8
272 927
272 971
272 737
272 915
273 419
273 359
273 602
273 437
273 610
273 160
274 484
274 159
274 158
274 16
274 117
275 210
275 41
275 732
275 521
275 425
275 38
275 302
276 125
276 114
276 628
276 503
276 859
276 886
276 182
276 566
276 921
276 711
276 50
276 724
276 972
276 193
276 20
277 472
277 935
277 442
277 623
277 725
277 112
277 579
277 547
277 141
277 691
277 816
277 604
277 254
277 714
277 278
277 184
277 404
277 29
277 59
277 760
277 300
277 918
278 283
278 484
278 6
278 954
278 277
278 728
278 353
278 193
278 943
278 732
278 223
278 853
279 765
279 525
279 211
279 9
279 373
279 830
279 831
279 920
279 130
279 415
279 651
279 729
279 447
279 68
279 331
279 687
279 237
279 215
279 932
279 583
279 696
279 114
280 654
280 797
280 934
280 245
280 325
280 803
280 82
280 123
280 434
280 946
280 594
280 201
280 866
281 554
281 365
281 403
281 182
281 864
281 980
281 121
281 836
281 62
281 200
281 322
281 944
281 82
281 105
281 352
281 307
281 284
281 289
281 978
282 713
282 826
282 348
282 75
282 556
282 914
282 362
282 736
282 436
282 560
282 578
282 180
282 354
283 522
283 517
283 925
283 787
283 29
283 343
283 278
283 359
283 297
283 171
284 484
284 166
284 281
284 554
284 896
284 548
284 148
284 6
284 125
284 49
284 683
284 515
284 213
284 877
284 252
284 969
284 228
284 957
284 973
284 304
284 259
284 426
284 17
285 417
285 113
285 952
285 675
285 791
285 938
285 878
286 524
286 853
286 973
286 350
286 115
286 670
286 77
286 649
286 145
286 668
286 139
286 418
286 100
286 902
286 776
286 235
287 536
287 452
287 608
287 692
287 121
287 985
287 907
287 515
287 327
287 699
287 188
287 386
287 16
287 85
287 417
287 178
287 807
287 894
287 455
287 880
287 552
288 564
288 753
288 235
288 899
288 892
288 748
288 436
288 374
288 226
288 822
289 281
289 497
289 356
289 632
289 578
289 433
289 107
289 581
289 720
289 741
289 80
289 770
289 344
289 126
289 914
289 841
290 658
290 703
290 217
290 143
290 469
290 168
290 65
291 305
291 431
291 510
291 122
291 220
291 626
292 475
292 718
292 461
292 852
292 865
292 13
292 41
292 129
292 590
292 726
292 323
292 791
292 345
292 151
292 451
292 188
292 237
292 966
292 909
293 477
293 224
293 77
293 409
293 604
293 546
293 743
293 700
293 173
293 126
293 861
293 388
294 883
294 371
294 335
294 559
294 54
294 887
294 980
294 797
294 470
294 16
294 688
294 352
294 591
294 436
294 502
294 637
295 555
295 252
295 999
295 261
295 412
295 570
295 863
295 405
295 55
295 227
295 304
295 258
295 701
295 859
295 538
295 239
295 394
295 441
295 896
295 933
295 36
295 246
296 549
296 155
296 856
296 614
296 883
296 91
296 694
296 804
296 816
296 185
296 337
296 562
296 456
296 329
296 433
296 418
296 2
296 600
296 39
296 743
296 853
296 132
296 592
296 386
296 586
296 393
296 54
296 754
296 673
296 390
296 321
296 92
297 678
297 681
297 283
297 900
297 841
297 621
297 799
297 239
297 546
297 153
297 85
297 918
298 93
298 307
298 943
298 120
299 91
299 782
299 377
299 193
299 207
299 384
299 769
299 862
299 654
299 855
299 173
299 232
299 752
299 871
299 858
299 355
299 841
300 214
300 415
300 553
300 309
300 519
300 255
300 933
300 244
300 117
300 41
300 277
300 664
300 590
300 252
300 681
300 531
301 402
301 394
301 73
301 488
301 794
301 252
301 586
301 953
301 741
301 867
301 250
301 400
301 158
301 840
301 850
302 353
302 792
302 275
302 84
302 80
302 741
302 440
302 707
302 959
302 303
302 354
303 916
303 441
303 867
303 152
303 302
303 825
303 244
303 88
303 136
304 394
304 86
304 94
304 460
304 248
304 63
304 569
304 865
304 284
304 41
304 69
304 474
304 144
304 193
304 396
304 788
304 356
304 295
304 946
304 932
304 4
304 995
304 103
304 106
305 322
305 568
305 291
305 977
305 851
305 733
305 488
305 482
305 813
305 853
305 612
305 529
305 367
305 757
305 694
306 21
306 469
306 103
306 648
306 366
306 791
306 374
306 862
306 403
306 500
307 210
307 835
307 718
307 188
307 989
307 645
307 281
307 298
307 474
307 819
307 252
307 415
307 636
307 714
307 400
307 147
307 759
307 54
307 8
307 728
307 822
307 773
308 902
308 177
308 719
308 889
308 834
308 230
308 109
308 874
308 82
308 852
308 604
308 266
308 162
308 878
308 768
308 858
309 788
309 806
309 413
309 313
309 80
309 178
309 847
309 167
309 436
309 585
309 373
309 300
309 934
309 922
310 509
310 134
310 262
310 955
310 828
310 674
310 408
310 46
310 474
310 399
310 969
310 902
311 445
311 925
311 717
311 168
311 484
312 417
312 258
312 715
312 387
312 638
312 768
312 797
312 142
312 741
312 834
312 6
312 760
312 461
312 928
312 745
313 516
313 984
313 683
313 428
313 309
313 319
313 334
314 232
314 325
314 851
314 454
314 486
314 38
314 550
314 244
314 247
314 252
314 193
314 989
314 796
314 591
314 421
314 424
314 47
315 203
315 894
315 588
315 545
315 45
315 406
315 252
315 810
315 150
315 880
316 879
316 790
316 797
316 694
316 469
316 409
316 348
316 853
316 820
316 938
316 122
316 596
316 658
316 640
316 633
316 651
316 569
316 268
316 95
316 161
316 527
317 415
317 981
317 591
317 727
317 54
317 703
317 668
317 389
317 845
317 546
317 88
317 554
317 503
317 699
317 701
317 652
317 819
318 37
318 566
318 357
318 438
318 754
318 745
318 360
318 818
318 996
318 725
318 426
318 485
318 736
318 930
318 107
319 121
319 520
319 313
319 404
319 638
319 602
319 516
319 321
319 68
319 601
319 797
319 112
319 594
320 720
320 485
320 26
320 222
321 379
321 406
321 976
321 803
321 319
321 844
321 644
321 669
321 296
321 694
322 305
322 664
322 97
322 823
322 421
322 264
322 281
322 766
322 554
323 486
323 498
323 292
323 659
323 947
323 151
323 148
323 233
323 24
323 84
323 330
323 337
323 82
323 483
323 249
323 412
323 562
323 697
324 819
324 600
324 787
324 941
324 973
324 239
324 110
324 530
324 77
324 662
324 399
325 488
325 345
325 11
325 314
325 280
325 233
326 55
326 70
326 361
326 454
326 464
326 872
326 141
326 601
326 495
326 151
326 128
326 82
326 93
326 217
326 401
326 990
326 616
327 495
327 389
327 637
327 529
327 715
327 868
327 926
327 257
327 461
327 593
327 371
327 287
327 758
327 403
328 360
328 431
328 576
328 602
328 142
328 637
328 571
328 405
328 904
328 647
328 537
328 250
328 934
328 529
328 347
328 1
329 163
329 867
329 492
329 349
329 766
329 394
329 787
329 178
329 159
329 669
329 296
330 667
330 331
330 68
330 755
330 933
330 323
331 449
331 478
331 67
331 966
331 826
331 637
331 330
331 751
331 151
331 363
331 551
331 279
331 711
331 201
331 222
331 83
331 367
331 750
331 959
331 512
331 644
331 27
331 532
332 109
332 56
332 649
332 38
332 432
332 971
332 373
332 477
333 633
333 262
333 33
333 736
333 19
333 90
333 12
334 841
334 889
334 861
334 166
334 352
334 10
334 31
334 313
334 864
334 466
334 675
335 787
335 210
335 232
335 970
335 8
335 342
335 195
335 627
335 899
335 397
335 350
335 83
335 575
335 294
335 171
336 131
336 797
336 725
336 82
336 972
336 915
337 323
337 14
337 609
337 734
337 826
337 862
337 199
337 699
337 585
337 86
337 511
337 835
337 195
337 482
337 296
337 965
337 102
337 478
338 808
338 418
338 19
338 354
338 744
338 38
338 611
338 236
338 107
338 420
338 440
338 428
338 896
338 496
338 973
339 840
339 224
339 656
339 228
340 440
340 451
340 883
340 399
341 30
341 817
341 69
341 691
341 245
341 815
341 355
342 52
342 15
342 731
342 855
342 360
342 923
342 719
342 683
342 350
342 363
342 335
342 74
343 113
343 62
343 220
343 367
343 570
343 813
343 35
343 604
343 283
343 968
343 78
343 532
343 485
343 437
343 617
343 533
344 253
344 289
344 766
344 461
344 861
344 445
344 232
344 570
344 905
345 292
345 325
345 52
345 649
345 484
345 437
345 423
345 840
345 759
345 828
345 168
345 105
345 158
345 249
345 448
345 716
345 495
346 381
346 520
346 889
346 559
346 36
346 962
346 855
346 144
346 902
346 421
346 995
347 660
347 960
347 605
347 2
347 328
347 714
347 742
347 195
347 785
347 197
347 561
347 781
347 459
347 454
347 69
347 919
347 646
347 868
347 233
348 470
348 184
348 691
348 23
348 998
348 316
348 14
348 981
348 282
348 646
348 500
349 574
349 375
349 664
349 329
349 123
350 605
350 342
350 55
350 335
350 44
350 606
350 149
350 134
350 646
350 65
350 730
350 353
350 286
350 264
350 948
350 892
351 939
351 119
351 467
351 956
351 662
351 42
351 155
351 866
352 365
352 869
352 853
352 43
352 281
352 424
352 294
352 953
352 99
352 768
352 482
352 371
352 271
352 334
353 803
353 800
353 278
353 666
353 66
353 59
353 873
353 513
353 154
353 838
353 555
353 653
353 350
353 152
353 766
353 10
353 604
353 185
353 584
353 483
353 612
353 362
353 905
353 302
353 600
354 361
354 63
354 244
354 13
354 983
354 302
354 129
354 505
354 282
354 562
354 338
354 965
354 120
354 463
355 79
355 49
355 341
355 709
355 393
355 799
355 201
355 360
355 191
355 855
355 299
355 442
355 659
355 534
355 222
355 740
355 985
355 121
355 578
355 216
356 23
356 907
356 739
356 405
356 90
356 87
356 81
356 869
356 949
356 304
356 620
356 396
356 10
356 841
356 289
356 388
357 722
357 436
357 184
357 660
357 318
357 608
357 668
357 134
357 367
357 412
357 783
358 486
358 109
358 936
358 173
358 887
358 258
358 123
358 649
359 736
359 878
359 853
359 403
359 89
359 884
359 802
359 283
359 371
359 691
359 195
359 757
359 273
360 445
360 573
360 756
360 384
360 47
360 464
360 25
360 725
360 424
360 318
360 328
360 811
360 63
360 363
360 249
360 121
360 342
360 355
361 532
361 810
361 524
361 182
361 144
361 10
361 855
361 354
361 326
361 782
361 737
362 353
362 173
362 60
362 225
362 707
362 873
362 598
362 558
362 113
362 527
362 770
362 959
362 259
362 282
363 360
363 153
363 499
363 27
363 342
363 331
363 460
363 132
363 902
363 699
364 539
364 431
364 394
364 34
364 145
364 925
364 107
365 281
365 683
365 578
365 244
365 896
365 352
365 214
365 458
365 713
365 545
365 786
365 86
365 669
365 594
366 537
366 306
367 305
367 700
367 945
367 357
367 608
367 555
367 929
367 50
367 375
367 343
367 588
367 331
367 432
367 562
367 633
367 129
367 427
367 9
367 101
368 730
368 82
368 545
369 749
369 22
369 600
371 352
371 971
371 43
371 233
371 327
371 693
371 212
371 574
371 197
371 359
371 294
371 79
372 833
372 612
372 44
372 658
373 266
373 906
373 851
373 650
373 901
373 309
373 684
373 89
373 655
373 612
373 584
373 390
373 977
373 332
373 793
373 279
373 201
373 44
373 59
374 538
374 306
374 288
374 795
374 627
374 445
374 676
374 726
374 252
374 788
374 840
375 499
375 31
375 175
375 696
375 349
375 367
375 396
375 61
375 405
375 124
375 814
375 139
375 576
375 807
375 498
375 250
375 432
375 943
375 448
375 615
376 840
376 980
376 868
376 215
376 82
376 720
376 238
376 44
376 524
376 932
376 554
377 121
377 651
377 943
377 24
377 985
377 37
377 946
377 868
377 52
377 70
377 221
377 148
377 560
377 396
377 63
377 26
377 299
378 100
378 703
379 919
379 321
379 770
379 718
379 526
379 524
379 621
380 683
380 68
380 451
380 990
380 530
381 75
381 414
381 798
381 620
381 668
381 637
381 243
381 86
381 687
381 626
381 346
382 402
382 753
382 99
382 701
382 164
382 153
382 130
382 601
382 933
382 748
382 778
383 539
383 544
383 257
383 616
383 792
384 820
384 833
384 173
384 360
384 412
384 441
384 299
384 703
385 16
385 473
385 76
385 640
385 767
385 92
385 252
385 632
385 255
385 502
385 123
385 987
385 983
386 296
386 675
386 287
386 809
386 990
386 956
386 77
386 407
386 56
386 612
387 609
387 65
387 131
387 913
387 312
388 35
388 565
388 621
388 147
388 586
388 222
388 648
388 958
388 293
388 836
388 356
388 590
389 327
389 10
389 617
389 896
389 222
389 158
389 562
389 46
389 493
389 916
389 681
389 317
389 79
390 296
390 539
390 831
390 95
390 260
390 744
390 43
390 440
390 46
390 720
390 643
390 939
390 664
390 94
390 660
390 373
390 497
390 16
390 73
390 424
390 89
391 130
391 105
391 197
392 895
392 577
392 406
392 4
392 248
392 78
392 710
392 633
392 910
392 971
392 535
392 737
392 883
393 901
393 296
393 184
393 612
393 933
393 586
393 355
393 599
394 295
394 635
394 469
394 364
394 403
394 991
394 420
394 148
394 612
394 301
394 329
394 304
395 915
395 722
395 554
395 700
395 225
395 702
395 424
395 848
395 817
395 101
395 93
395 90
395 866
396 377
396 106
396 122
396 625
396 28
396 304
396 256
396 714
396 919
396 375
396 867
396 149
396 356
396 58
396 446
396 61
396 583
396 426
397 938
397 936
397 894
397 50
397 335
397 603
398 730
398 255
398 935
398 683
398 212
398 184
398 990
398 244
398 916
398 35
399 70
399 23
399 310
399 421
399 271
399 324
399 340
399 613
399 570
399 754
399 20
400 942
400 960
400 166
400 307
400 628
400 256
400 301
400 264
400 597
400 918
400 882
400 123
400 50
400 161
401 800
401 583
401 326
401 79
401 663
401 747
401 221
401 262
401 255
401 169
401 813
401 143
402 301
402 562
402 679
402 550
402 183
402 161
402 382
402 745
403 580
403 176
403 306
403 327
403 961
403 281
403 660
403 394
403 19
403 359
403 73
403 807
403 545
403 32
404 217
404 734
404 970
404 794
404 277
404 527
404 988
404 484
404 672
404 805
404 640
404 239
404 319
405 375
405 328
405 19
405 33
405 356
405 458
405 295
406 446
406 67
406 546
406 671
406 108
406 591
406 742
406 460
406 321
406 224
406 392
406 665
406 644
406 658
406 315
406 567
407 483
407 525
407 420
407 419
407 386
407 263
407 852
407 80
407 632
407 631
407 748
407 878
407 459
407 575
407 716
408 915
408 829
408 264
408 775
408 560
408 194
408 221
408 745
408 548
408 475
408 94
408 310
408 448
408 841
409 222
409 293
409 316
409 702
409 599
410 215
410 22
410 590
410 527
410 938
410 259
411 148
411 959
411 887
411 883
412 582
412 384
412 797
412 357
412 323
412 295
412 466
412 871
412 253
413 698
413 250
413 309
413 456
413 567
414 381
414 254
414 704
414 35
415 762
415 697
415 160
415 279
415 690
415 800
415 856
415 536
415 615
415 885
415 712
415 307
415 2
415 552
415 479
415 950
415 7
415 266
415 300
415 249
415 952
415 317
416 30
416 63
416 591
416 679
416 182
416 954
417 782
417 287
417 185
417 832
417 465
417 714
417 922
417 28
417 38
417 713
417 312
417 110
417 285
417 915
418 286
418 697
418 856
418 787
418 154
418 82
418 156
418 338
418 296
418 593
418 211
419 730
419 929
419 229
419 833
419 454
419 407
419 748
419 195
419 966
419 592
419 273
420 268
420 736
420 8
420 971
420 799
420 896
420 647
420 228
420 70
420 809
420 616
420 668
420 148
420 918
420 989
420 924
420 834
420 975
420 407
420 394
420 338
420 832
420 599
421 238
421 346
421 9
421 201
421 314
421 322
421 35
421 903
421 399
421 871
421 583
421 88
422 817
422 268
422 246
422 981
422 883
423 54
423 210
423 602
423 922
423 345
423 160
423 27
423 841
423 843
423 233
424 616
424 360
424 395
424 220
424 314
424 390
424 352
424 237
424 966
424 31
424 7
424 437
425 721
425 18
425 435
425 495
425 816
425 944
425 517
425 551
425 949
425 275
425 595
425 13
425 835
425 616
426 786
426 690
426 396
426 722
426 284
426 182
426 700
426 730
426 622
426 600
426 640
426 793
426 727
426 232
426 318
426 259
426 779
427 367
427 500
427 792
427 448
427 201
427 252
427 916
428 477
428 27
428 816
428 338
428 907
428 896
428 313
428 654
428 497
428 569
428 17
429 762
429 68
429 224
429 169
429 509
429 178
430 922
430 234
430 235
431 800
431 90
431 660
431 489
431 572
431 291
431 677
431 129
431 364
431 777
431 533
431 250
431 169
431 692
431 328
431 738
431 822
432 754
432 375
432 879
432 506
432 332
432 806
432 367
432 781
432 794
432 842
432 587
432 264
432 984
432 38
432 785
432 193
432 681
432 61
433 23
433 604
433 548
433 45
433 296
433 734
433 289
434 280
434 61
434 6
434 736
434 125
434 765
434 551
434 918
434 785
434 49
434 702
434 82
434 34
434 599
435 425
435 466
435 843
436 270
436 357
436 288
436 282
436 557
436 476
436 595
436 811
436 482
436 294
436 590
436 609
436 789
436 791
436 23
436 526
436 972
436 309
436 47
437 233
437 202
437 792
437 343
437 840
437 794
437 935
437 480
437 273
437 50
437 121
437 926
437 873
437 424
437 100
437 345
437 569
437 178
437 8
438 318
438 770
438 122
439 122
439 859
439 210
439 445
439 9
439 250
439 754
440 302
440 93
440 338
440 142
440 340
440 700
440 672
440 481
440 127
440 16
440 611
440 155
440 610
440 390
440 265
441 646
441 51
441 224
441 817
441 159
441 546
441 295
441 30
441 384
441 268
441 511
441 633
441 604
441 303
441 178
441 688
441 916
441 950
441 834
441 841
442 355
442 852
442 542
442 962
442 763
442 446
442 201
442 598
442 703
442 210
442 918
442 26
442 158
442 510
442 277
442 950
442 31
442 973
443 109
443 823
443 267
443 811
443 782
443 894
443 932
443 122
443 106
444 239
444 482
444 986
444 821
444 567
445 817
445 439
445 978
445 69
445 707
445 311
445 907
445 717
445 692
445 161
445 952
445 934
445 730
445 488
445 977
445 360
445 912
445 374
445 344
445 197
445 500
445 658
446 664
446 396
446 82
446 865
446 720
446 693
446 986
446 958
446 100
446 890
446 546
446 460
446 41
446 442
446 264
446 988
446 406
447 955
447 5
447 893
447 770
447 140
447 64
447 705
447 279
447 573
447 250
447 728
447 588
447 20
448 819
448 917
448 530
448 345
448 375
448 160
448 408
448 27
448 29
448 816
448 132
448 76
448 838
448 197
448 570
448 925
448 966
448 427
449 699
449 665
449 331
449 640
449 776
449 214
449 898
450 484
450 872
450 922
450 895
450 95
450 694
450 918
450 773
451 380
451 267
451 340
451 292
451 462
451 213
451 789
451 98
451 848
451 652
451 170
451 807
451 966
451 667
451 681
452 560
452 457
452 693
452 621
452 555
452 957
452 683
452 635
452 287
452 58
452 455
452 832
452 122
453 977
453 903
453 139
453 651
453 489
453 624
453 892
453 880
454 791
454 314
454 326
454 87
454 347
454 788
454 469
454 720
454 419
454 178
454 703
455 197
455 123
455 452
455 500
455 797
455 287
455 671
455 457
455 521
455 16
455 27
455 745
456 640
456 148
456 194
456 838
456 259
456 911
456 803
456 957
456 569
456 150
456 413
456 598
456 296
456 133
457 452
457 903
457 193
457 762
457 145
457 726
457 455
457 634
458 365
458 818
458 884
458 405
458 911
458 602
458 978
458 932
458 142
458 725
458 127
458 155
459 184
459 114
459 778
459 978
459 407
459 505
459 847
459 613
459 570
459 918
459 347
460 446
460 758
460 474
460 787
460 107
460 363
460 406
460 53
460 154
460 42
460 164
460 117
460 7
460 687
460 736
460 36
460 200
460 108
460 994
460 571
460 858
460 304
461 996
461 253
461 137
461 491
461 312
461 735
461 327
461 193
461 82
461 344
461 292
461 732
461 8
461 466
461 954
461 834
462 922
462 451
462 222
462 36
462 788
462 815
462 754
462 822
462 171
463 7
463 126
463 133
463 354
463 924
463 886
463 744
463 44
463 783
463 112
464 146
464 604
464 24
464 360
464 217
464 326
464 169
464 237
464 909
465 581
465 137
465 511
465 476
465 25
465 697
465 167
465 978
465 65
465 241
465 417
466 640
466 34
466 412
466 933
466 827
466 689
466 334
466 461
466 435
466 971
466 977
466 683
466 252
466 134
466 234
466 271
467 7
467 535
467 702
467 17
467 351
468 725
468 736
468 969
468 545
468 641
468 834
469 763
469 454
469 792
469 500
469 290
469 106
469 622
469 114
469 806
469 208
469 394
469 28
469 600
469 177
469 78
469 217
469 87
469 306
469 740
469 13
469 316
469 143
470 969
470 264
470 244
470 495
470 348
470 257
470 165
470 547
470 748
470 499
470 735
470 496
470 254
470 294
470 152
470 214
470 171
471 884
471 729
471 477
471 984
471 952
471 545
471 825
472 277
472 195
472 646
472 129
472 509
472 535
472 734
473 768
473 783
473 385
474 310
474 839
474 701
474 742
474 654
474 304
474 626
474 516
474 920
474 849
474 460
474 691
474 250
474 16
474 138
474 307
474 120
474 703
474 216
475 739
475 560
475 639
475 236
475 891
475 478
475 548
475 408
475 241
475 127
475 480
475 76
475 292
475 533
476 436
476 817
476 609
476 936
476 250
476 569
476 895
476 465
477 209
477 11
477 701
477 577
477 471
477 177
477 997
477 908
477 332
477 293
477 521
477 590
477 428
477 501
477 37
477 878
477 593
477 1
477 533
478 62
478 751
478 921
478 516
478 337
478 331
478 475
478 707
478 825
479 836
479 647
479 928
479 967
479 511
479 415
479 813
479 815
479 875
479 183
479 560
480 475
480 53
480 882
480 921
480 149
480 633
480 254
480 538
480 631
480 916
480 437
480 618
480 918
481 239
481 440
481 133
481 886
481 892
481 954
481 265
481 490
482 709
482 305
482 693
482 962
482 444
482 352
482 337
482 436
482 684
483 879
483 353
483 323
483 952
483 835
483 737
483 133
483 655
483 617
483 574
483 989
483 407
483 97
483 894
483 864
483 45
483 934
483 182
484 175
484 968
484 274
484 1000
484 450
484 16
484 311
484 345
484 278
484 990
484 687
484 935
484 973
484 404
484 284
485 320
485 670
485 952
485 633
485 343
485 831
485 784
485 522
485 318
485 242
485 539
485 959
485 102
485 773
486 358
486 323
486 797
486 314
486 810
486 83
486 861
486 616
486 190
486 205
487 925
487 919
487 755
488 964
488 630
488 210
488 786
488 119
488 305
488 445
488 325
488 23
488 8
488 598
488 100
488 65
488 301
488 60
489 913
489 547
489 795
489 560
489 453
489 854
489 684
489 144
489 647
489 10
489 262
489 431
489 537
489 639
489 496
489 948
489 675
490 979
490 481
490 150
490 840
490 726
490 189
490 203
490 966
491 461
491 77
491 81
491 916
491 110
491 850
492 193
492 258
492 725
492 329
492 54
493 998
493 389
493 24
493 898
493 255
493 704
493 44
493 243
493 554
494 82
494 139
494 762
494 226
494 603
494 748
494 514
495 894
495 792
495 143
495 590
495 345
495 242
495 992
495 327
495 470
495 720
495 922
495 506
495 326
495 123
495 249
495 425
495 647
496 84
496 572
496 489
496 577
496 797
496 70
496 338
496 545
496 253
496 470
496 603
496 106
497 118
497 133
497 500
497 390
497 710
497 511
497 138
497 816
497 23
497 266
497 289
497 428
498 323
498 859
498 225
498 56
498 665
498 375
498 786
498 216
498 758
499 743
499 470
499 375
499 926
499 774
499 691
499 548
499 363
499 933
499 950
499 779
500 189
500 348
500 306
500 763
500 445
500 906
500 539
500 769
500 791
500 497
500 73
500 455
500 469
500 1
500 271
500 427
501 503
501 617
501 477
501 250
501 948
501 566
502 385
502 600
502 765
502 294
502 746
502 195
502 1000
502 933
502 105
502 233
502 88
503 743
503 126
503 597
503 276
503 660
503 82
503 224
503 501
503 237
503 317
504 793
504 595
504 926
504 693
504 244
504 933
504 759
504 754
504 250
505 28
505 987
505 796
505 13
505 631
505 998
505 877
505 576
505 901
505 936
505 949
505 732
505 524
505 459
505 354
506 632
506 495
506 932
506 6
506 432
507 255
507 193
507 666
507 770
507 660
508 632
508 224
509 602
509 883
509 512
509 429
509 580
509 613
509 624
509 472
509 97
509 310
509 234
509 570
509 673
510 155
510 230
510 291
510 442
510 836
510 840
510 697
510 116
510 13
510 624
510 971
510 126
510 618
510 866
511 996
511 337
511 7
511 882
511 818
511 239
511 959
511 700
511 479
511 894
511 441
511 497
511 971
511 730
511 216
511 465
512 226
512 874
512 921
512 331
512 541
512 981
512 509
512 612
512 810
512 864
512 110
512 892
512 88
512 809
513 353
513 788
513 673
513 972
513 90
514 35
514 951
514 635
514 494
514 30
514 644
514 41
515 872
515 776
515 726
515 698
515 287
515 161
515 284
516 319
516 955
516 313
516 42
516 753
516 48
516 238
516 50
516 474
516 478
516 265
516 12
517 138
517 869
517 647
517 56
517 630
517 267
517 100
517 537
517 796
517 283
517 425
518 604
518 267
518 193
518 902
518 244
518 637
518 850
519 300
519 114
519 205
520 346
520 319
521 477
521 690
521 638
521 24
521 275
521 906
521 643
521 823
521 455
521 754
521 908
521 738
522 740
522 130
522 811
522 808
522 163
522 485
522 6
522 283
522 4
523 102
523 266
523 224
523 882
523 695
523 52
524 737
524 937
524 376
524 379
524 694
524 810
524 505
524 714
524 7
524 361
524 286
524 534
524 603
524 925
524 779
525 279
525 407
525 113
526 898
526 672
526 812
526 914
526 379
526 74
526 436
526 841
526 254
526 949
526 698
526 766
526 79
527 410
527 860
527 611
527 171
527 316
527 404
527 562
527 737
527 362
528 152
528 11
528 902
528 749
528 754
528 928
528 843
528 792
529 640
529 214
529 934
529 989
529 305
529 878
529 328
529 763
529 170
529 672
529 89
529 327
530 874
530 159
530 945
530 380
530 68
530 698
530 127
530 911
530 713
530 448
530 786
530 324
530 734
531 300
531 575
531 537
531 173
531 631
531 925
531 978
532 96
532 584
532 331
532 193
532 639
532 948
532 783
532 343
532 41
532 361
532 571
532 247
532 745
533 475
533 477
533 343
533 617
533 431
533 920
533 600
534 567
534 128
534 524
534 162
534 537
534 355
534 193
534 685
534 946
535 892
535 472
535 392
535 963
535 260
535 467
535 98
535 903
535 144
536 234
536 85
536 817
536 256
536 133
536 802
536 140
536 773
536 566
536 55
536 13
536 415
536 287
536 736
536 658
537 151
537 547
537 836
537 328
537 885
537 909
537 644
537 770
537 714
537 517
537 366
537 489
537 797
537 677
537 534
537 195
537 994
537 926
537 175
537 838
537 531
538 743
538 295
538 905
538 4
538 48
538 840
538 576
538 716
538 616
538 25
538 745
538 480
538 374
538 718
538 222
538 123
538 108
538 697
538 598
539 364
539 243
539 485
539 51
539 950
539 175
539 383
539 500
539 794
539 667
539 726
539 683
539 84
539 36
539 143
539 390
539 79
540 959
540 238
540 56
540 626
540 745
541 843
541 896
541 841
541 44
541 244
541 853
541 564
541 844
541 233
541 148
541 726
541 578
541 94
541 797
541 512
541 261
541 935
541 679
541 786
542 668
542 442
542 915
542 265
543 267
543 887
543 624
543 200
543 255
544 894
544 202
544 770
544 383
544 258
544 754
544 809
544 42
544 862
545 575
545 7
545 403
545 471
545 365
545 778
545 88
545 368
545 468
545 179
545 821
545 788
545 141
545 136
545 82
545 769
545 22
545 315
545 496
546 446
546 920
546 557
546 823
546 297
546 293
546 441
546 810
546 927
546 880
546 406
546 317
547 643
547 69
547 470
547 537
547 93
547 788
547 277
547 489
548 176
548 898
548 53
548 408
548 636
548 433
548 122
548 499
548 83
548 112
548 960
548 210
548 475
548 709
548 284
548 927
549 210
549 720
549 741
549 264
549 296
549 14
549 265
549 779
550 178
550 231
550 942
550 710
550 402
550 881
550 868
550 70
550 314
550 73
550 660
550 175
550 621
551 762
551 239
551 331
551 835
551 258
551 434
551 425
551 934
551 212
552 841
552 747
552 160
552 955
552 287
552 415
552 635
552 774
552 986
552 47
552 188
553 65
553 300
553 990
553 709
554 493
554 322
554 376
554 281
554 395
554 148
554 93
554 785
554 45
554 284
554 317
554 862
555 353
555 220
555 367
555 295
555 778
555 182
555 452
556 155
556 746
556 876
556 943
556 938
556 76
556 824
556 769
556 774
556 939
556 984
556 640
556 262
556 119
556 217
556 563
556 282
557 917
557 436
557 546
557 835
557 990
557 597
557 675
557 987
558 48
558 177
558 25
558 145
558 362
559 220
559 672
559 60
559 346
559 294
559 915
559 216
559 32
560 755
560 377
560 124
560 141
560 965
560 282
560 479
560 752
560 992
560 452
560 408
560 475
560 152
560 562
560 489
561 29
561 198
561 787
561 112
561 936
561 81
561 997
561 872
561 570
561 94
561 347
561 971
561 143
561 106
562 725
562 402
562 91
562 389
562 934
562 527
562 185
562 354
562 323
562 560
562 788
562 203
562 367
562 681
562 168
562 167
562 859
562 30
562 574
562 296
562 186
562 212
562 103
563 223
563 943
563 903
563 556
563 143
563 703
563 848
563 92
564 541
564 170
564 823
564 641
564 288
564 136
564 88
565 917
565 720
565 388
565 7
565 585
566 271
566 634
566 501
566 802
566 276
566 318
566 536
567 184
567 614
567 618
567 730
567 210
567 406
567 7
567 123
567 444
567 413
567 823
567 852
567 534
567 243
567 46
568 305
568 578
568 762
568 986
568 926
569 437
569 207
569 11
569 717
569 476
569 853
569 163
569 316
569 428
569 657
569 588
569 456
569 217
569 304
570 87
570 169
570 509
570 448
570 995
570 459
570 399
570 685
570 947
570 668
570 344
570 207
570 343
570 147
570 652
570 295
570 561
571 935
571 628
571 593
571 40
571 206
571 460
571 910
571 532
571 762
571 328
571 34
571 641
571 117
572 643
572 873
572 7
572 431
572 934
572 222
572 496
572 956
572 983
573 840
573 604
573 360
573 7
573 581
573 966
573 447
573 599
574 723
574 562
574 908
574 349
574 152
574 371
574 112
574 270
574 159
574 202
574 70
574 100
574 668
574 232
574 73
574 788
574 591
574 483
574 247
574 949
574 186
574 88
575 780
575 887
575 725
575 603
575 407
575 335
575 824
575 701
575 104
575 545
575 531
576 538
576 769
576 505
576 375
576 328
576 257
576 197
576 815
576 910
576 930
576 953
577 961
577 70
577 602
577 157
577 768
577 477
577 392
577 617
577 834
577 496
577 647
577 766
577 649
578 365
578 541
578 917
578 83
578 568
578 901
578 708
578 23
578 282
578 355
578 922
578 65
578 151
578 608
578 228
578 213
578 753
578 995
578 289
579 234
579 277
579 956
580 403
580 636
580 509
580 953
580 894
580 665
580 666
581 761
581 573
581 717
581 653
581 266
581 76
581 802
581 977
581 598
581 811
581 835
581 953
581 289
581 465
582 207
582 210
582 142
582 902
582 687
582 147
582 412
582 815
582 208
582 822
583 259
583 396
583 792
583 19
583 935
583 927
583 862
583 279
583 421
583 969
583 820
583 45
583 9
583 401
583 740
583 948
583 220
583 12
584 69
584 373
584 700
584 81
584 78
584 353
584 532
585 874
585 218
585 253
585 608
585 886
585 337
585 814
585 565
585 695
585 963
585 943
585 853
585 914
585 309
585 92
586 766
586 956
586 296
586 842
586 261
586 393
586 131
586 301
586 388
586 244
586 668
586 913
586 14
587 830
587 640
587 81
587 89
587 432
588 613
588 367
588 626
588 122
588 569
588 140
588 94
588 447
588 238
588 252
588 315
588 760
588 946
588 778
588 918
589 252
589 151
589 617
589 884
589 591
589 732
589 916
589 858
589 621
589 107
589 825
590 388
590 410
590 647
590 300
590 1
590 924
590 593
590 632
590 187
590 745
590 245
590 662
590 193
590 477
590 183
590 617
590 234
590 292
590 436
590 601
590 840
590 495
590 866
591 294
591 739
591 589
591 574
591 43
591 30
591 679
591 314
591 183
591 416
591 769
591 152
591 249
591 864
591 406
591 317
591 205
592 78
592 296
592 268
592 841
592 419
592 126
592 155
592 899
592 594
593 16
593 477
593 813
593 797
593 418
593 604
593 657
593 327
593 927
593 590
593 688
593 571
594 280
594 700
594 104
594 10
594 592
594 365
594 319
594 16
595 141
595 504
595 267
595 55
595 425
595 986
595 649
595 815
595 436
595 615
595 92
596 640
596 635
596 19
596 316
597 762
597 216
597 503
597 825
597 150
597 656
597 557
597 895
597 878
597 61
597 102
597 862
597 400
598 581
598 987
598 442
598 884
598 456
598 786
598 145
598 729
598 898
598 538
598 127
598 208
598 687
598 362
598 197
598 488
598 995
598 106
599 420
599 705
599 573
599 393
599 195
599 132
599 814
599 409
599 434
599 114
599 677
599 691
600 655
600 469
600 533
600 353
600 147
600 369
600 185
600 898
600 324
600 502
600 296
600 182
600 646
600 426
601 255
601 908
601 382
601 176
601 319
601 863
601 90
601 53
601 267
601 637
601 796
601 51
601 590
601 326
601 704
601 14
601 697
602 273
602 129
602 747
602 577
602 647
602 136
602 956
602 423
602 830
602 991
602 231
602 88
602 104
602 808
602 729
602 328
602 811
602 509
602 458
602 759
602 885
602 909
602 946
602 319
603 496
603 524
603 984
603 62
603 494
603 797
603 397
603 913
603 840
603 575
603 259
603 32
604 518
604 733
604 929
604 293
604 624
604 622
604 941
604 464
604 854
604 812
604 573
604 673
604 308
604 433
604 277
604 441
604 50
604 343
604 94
604 353
604 925
604 658
604 593
605 938
605 213
605 919
605 123
605 350
605 972
605 347
606 687
606 350
607 853
607 203
607 223
607 660
607 32
608 357
608 869
608 715
608 578
608 928
608 765
608 82
608 720
608 585
608 48
608 287
608 367
608 212
608 696
609 476
609 387
609 754
609 436
609 30
609 337
609 98
609 867
609 188
609 880
610 795
610 767
610 713
610 273
610 837
610 440
610 190
610 146
610 868
610 142
610 701
610 250
610 1
611 44
611 440
611 648
611 692
611 55
611 918
611 159
611 527
611 338
611 732
611 31
611 915
611 242
612 649
612 133
612 948
612 372
612 305
612 29
612 974
612 353
612 934
612 922
612 827
612 386
612 394
612 393
612 904
612 65
612 512
612 142
612 651
612 373
612 109
612 782
612 243
612 235
613 66
613 639
613 459
613 744
613 967
613 972
613 399
613 44
613 903
613 588
613 749
613 509
613 953
613 12
614 835
614 985
614 296
614 618
614 567
615 926
615 966
615 919
615 375
615 694
615 595
615 164
615 741
615 179
615 415
615 922
615 776
615 134
615 898
616 486
616 714
616 741
616 383
616 880
616 154
616 326
616 898
616 425
616 640
616 667
616 538
616 81
616 424
616 420
616 254
616 990
616 938
616 47
617 577
617 980
617 830
617 186
617 648
617 589
617 590
617 817
617 343
617 220
617 54
617 250
617 389
617 674
617 877
617 483
617 990
617 501
617 927
617 533
618 614
618 510
618 771
618 189
618 27
618 480
618 806
618 250
618 38
618 216
618 567
619 663
619 58
619 42
619 211
620 126
620 381
620 727
620 145
620 356
620 952
620 864
620 95
621 379
621 550
621 589
621 25
621 718
621 123
621 629
621 388
621 127
621 105
621 297
621 900
621 452
622 223
622 90
622 229
622 604
622 913
622 150
622 31
622 469
622 61
622 426
623 820
623 132
623 811
623 277
623 927
624 260
624 808
624 909
624 87
624 968
624 543
624 838
624 860
624 998
624 453
624 743
624 604
624 867
624 509
624 510
624 54
624 92
625 396
625 785
625 672
625 840
625 80
626 381
626 540
626 661
626 28
626 291
626 96
626 938
626 932
626 270
626 898
626 785
626 869
626 953
626 588
626 266
626 918
626 474
626 121
626 228
626 150
626 908
626 171
626 825
626 17
627 266
627 730
627 814
627 806
627 374
627 754
627 335
628 210
628 276
628 816
628 632
628 94
628 400
628 34
628 571
628 878
628 696
629 621
629 884
629 208
629 151
630 177
630 144
630 12
630 517
630 240
630 270
630 39
630 488
630 815
631 675
631 178
631 873
631 830
631 480
631 859
631 531
631 407
631 643
631 505
631 169
631 755
631 143
631 259
631 773
631 92
632 738
632 628
632 41
632 683
632 806
632 508
632 407
632 385
632 218
632 957
632 635
632 106
632 590
632 144
632 687
632 506
632 918
632 289
633 480
633 333
633 739
633 130
633 441
633 392
633 316
633 367
633 485
633 156
633 702
633 841
634 23
634 457
634 14
634 566
634 981
634 953
635 122
635 596
635 160
635 452
635 552
635 855
635 123
635 644
635 394
635 134
635 632
635 120
635 514
636 109
636 307
636 580
636 714
636 798
636 548
636 68
636 969
636 957
636 265
636 112
637 958
637 753
637 808
637 854
637 942
637 215
637 8
637 518
637 91
637 161
637 244
637 959
637 294
637 961
637 327
637 331
637 381
637 816
637 601
637 328
637 728
637 43
637 242
638 46
638 942
638 695
638 713
638 705
638 743
638 65
638 698
638 838
638 643
638 115
638 34
638 921
638 521
638 312
638 200
638 319
639 11
639 957
639 654
639 94
639 146
639 822
639 489
639 140
639 475
639 250
639 809
639 659
639 613
639 900
639 532
640 762
640 556
640 426
640 914
640 316
640 596
640 587
640 727
640 804
640 667
640 449
640 940
640 93
640 404
640 76
640 41
640 529
640 456
640 87
640 228
640 466
640 385
640 616
640 895
641 74
641 564
641 696
641 78
641 571
641 468
641 129
641 186
641 989
641 156
641 935
641 656
642 117
642 926
642 37
642 883
643 945
643 631
643 572
643 8
643 390
643 547
643 521
643 916
643 54
643 942
643 668
643 638
643 42
643 675
643 758
644 243
644 885
644 206
644 724
644 773
644 514
644 192
644 406
644 331
644 321
644 537
644 652
644 223
644 733
644 635
645 985
645 646
645 232
645 164
645 307
645 928
645 212
645 216
646 645
646 113
646 347
646 129
646 685
646 472
646 891
646 600
646 348
646 441
646 350
647 489
647 761
647 719
647 517
647 159
647 328
647 495
647 31
647 577
647 657
647 602
647 590
647 420
647 479
647 149
647 47
648 823
648 886
648 918
648 617
648 306
648 243
648 611
648 54
648 388
649 654
649 769
649 926
649 332
649 595
649 358
649 577
649 131
649 668
649 345
649 286
649 612
649 789
650 843
650 745
650 714
650 665
650 791
650 926
650 373
650 668
650 44
650 63
651 887
651 316
651 769
651 612
651 279
651 765
651 754
651 453
651 191
651 924
651 987
651 117
651 377
651 720
651 249
651 703
652 644
652 317
652 73
652 769
652 451
652 136
652 570
652 691
652 184
652 973
652 148
652 949
652 882
652 123
653 353
653 581
653 987
653 168
654 917
654 927
654 474
654 649
654 639
654 280
654 815
654 707
654 299
654 45
654 428
655 35
655 122
655 721
655 22
655 799
655 239
655 966
655 991
655 690
655 187
655 207
655 267
655 373
655 483
655 600
655 838
655 823
655 223
655 973
656 641
656 934
656 874
656 147
656 218
656 894
656 2
656 236
656 48
656 339
656 597
656 150
656 858
656 822
657 675
657 951
657 569
657 59
657 593
657 647
658 926
658 931
658 536
658 604
658 406
658 372
658 445
658 672
658 316
658 95
658 290
659 355
659 733
659 639
659 107
659 725
659 806
659 323
659 868
659 250
659 943
659 786
659 694
660 390
660 681
660 813
660 357
660 607
660 503
660 28
660 269
660 403
660 668
660 550
660 507
660 961
660 431
660 920
660 972
660 347
660 995
661 665
661 903
661 35
661 754
661 626
662 750
662 848
662 693
662 158
662 867
662 324
662 669
662 229
662 272
662 590
662 82
662 201
662 704
662 862
662 351
663 619
663 913
663 10
663 780
663 828
663 401
663 786
663 31
664 993
664 881
664 390
664 349
664 300
664 322
664 181
664 446
664 235
664 701
665 198
665 248
665 661
665 449
665 159
665 241
665 133
665 580
665 406
665 498
665 650
665 685
665 704
665 215
666 103
666 507
666 580
666 788
666 753
666 353
666 153
666 925
666 972
666 733
667 976
667 812
667 330
667 616
667 79
667 693
667 451
667 190
667 873
667 640
667 539
667 793
667 807
667 113
668 542
668 40
668 933
668 235
668 725
668 574
668 650
668 804
668 643
668 255
668 357
668 586
668 155
668 381
668 813
668 7
668 420
668 660
668 214
668 570
668 26
668 948
668 169
668 286
668 317
668 649
668 926
669 54
669 365
669 19
669 329
669 157
669 102
669 726
669 321
669 701
669 910
669 113
669 662
669 14
669 883
669 745
669 834
670 60
670 837
670 693
670 742
670 934
670 485
670 286
670 73
670 912
670 672
670 1
671 817
671 455
671 752
671 406
672 983
672 658
672 670
672 625
672 225
672 711
672 108
672 559
672 529
672 816
672 754
672 723
672 259
672 155
672 440
672 37
672 526
672 404
673 770
673 296
673 158
673 711
673 803
673 738
673 202
673 509
673 42
673 235
673 513
673 239
673 852
673 604
673 943
673 27
673 695
674 25
674 225
674 310
674 914
674 617
674 846
675 184
675 248
675 557
675 198
675 643
675 979
675 168
675 64
675 489
675 815
675 85
675 334
675 41
675 657
675 926
675 386
675 631
675 58
675 732
675 285
675 52
675 43
675 779
676 134
676 913
676 235
676 734
676 374
677 891
677 599
677 537
677 962
677 37
677 144
677 56
677 431
677 679
677 209
677 143
677 778
677 61
677 738
678 859
678 98
678 788
678 297
678 180
679 61
679 723
679 835
679 962
679 969
679 402
679 541
679 677
679 416
679 155
679 591
680 816
680 954
681 947
681 810
681 432
681 389
681 965
681 19
681 971
681 300
681 179
681 111
681 55
681 451
681 938
681 660
681 898
681 562
681 297
682 959
682 220
682 29
683 956
683 365
683 466
683 313
683 452
683 380
683 971
683 342
683 902
683 712
683 632
683 920
683 687
683 398
683 539
683 834
683 909
683 143
683 284
683 934
684 59
684 482
684 947
684 373
684 774
684 197
684 489
684 880
684 810
684 250
685 665
685 882
685 744
685 534
685 141
685 868
685 646
685 87
685 570
685 4
686 797
686 733
686 773
686 779
687 996
687 36
687 484
687 763
687 381
687 765
687 246
687 260
687 582
687 460
687 129
687 598
687 732
687 632
687 606
687 956
687 279
687 683
687 46
687 726
687 806
687 217
687 149
688 777
688 706
688 593
688 972
688 294
688 151
688 746
688 441
688 176
688 173
688 145
688 946
688 211
688 983
689 873
689 872
689 861
689 466
689 31
690 830
690 415
690 521
690 726
690 19
690 655
690 426
690 114
690 997
691 837
691 499
691 66
691 243
691 235
691 474
691 700
691 341
691 348
691 880
691 599
691 74
691 652
691 277
691 212
691 359
691 265
692 215
692 287
692 445
692 170
692 58
692 611
692 988
692 431
692 697
693 940
693 200
693 504
693 482
693 670
693 446
693 662
693 667
693 909
693 371
693 452
694 797
694 659
694 450
694 321
694 305
694 965
694 92
694 160
694 144
694 316
694 8
694 524
694 966
694 615
694 296
694 180
695 35
695 673
695 90
695 89
695 523
695 638
695 585
695 988
695 786
695 261
696 628
696 722
696 112
696 81
696 47
696 752
696 279
696 814
696 171
696 156
696 608
696 984
696 375
696 788
696 641
696 255
697 538
697 80
697 601
697 692
697 715
697 720
697 323
697 59
697 830
697 415
697 418
697 510
697 716
697 253
697 465
698 526
698 515
698 186
698 918
698 792
698 938
698 740
698 638
698 413
698 14
698 530
699 317
699 229
699 986
699 152
699 287
699 988
699 449
699 363
699 199
699 874
699 56
699 80
699 28
699 816
699 197
699 234
699 877
699 337
700 293
700 872
700 584
700 893
700 511
700 395
700 440
700 691
700 28
700 367
700 197
700 782
700 426
700 792
700 701
700 594
701 829
701 159
701 182
701 575
701 295
701 191
701 669
701 610
701 317
701 759
701 190
701 664
701 700
701 30
701 474
701 477
701 736
701 382
702 144
702 139
702 987
702 109
702 467
702 118
702 409
702 633
702 395
702 81
702 177
702 108
702 434
703 442
703 20
703 563
703 384
703 734
703 474
703 47
703 991
703 651
703 378
703 454
703 132
703 25
703 749
703 243
703 157
703 317
703 265
703 290
704 665
704 221
704 601
704 414
704 662
704 493
704 210
704 935
704 894
704 918
705 996
705 638
705 447
705 132
705 739
705 733
705 599
706 215
706 159
706 688
707 302
707 478
707 178
707 654
707 37
707 727
707 445
707 362
707 988
707 766
707 255
708 869
708 578
708 197
708 740
708 971
709 975
709 721
709 171
709 548
709 792
709 83
709 998
709 553
709 482
709 872
709 762
709 835
709 713
709 8
709 355
710 497
710 718
710 550
710 392
711 276
711 267
711 331
711 33
711 969
711 672
711 673
712 148
712 415
712 793
712 811
712 683
712 841
713 709
713 365
713 170
713 2
713 805
713 530
713 6
713 417
713 757
713 282
713 70
713 789
713 638
713 926
713 887
713 610
713 934
714 234
714 24
714 277
714 307
714 177
714 650
714 142
714 537
714 252
714 636
714 232
714 946
714 347
714 524
714 417
714 616
714 899
714 396
714 734
715 608
715 948
715 312
715 971
715 4
715 327
715 697
716 199
716 787
716 407
716 890
716 345
716 697
716 234
716 538
716 244
716 126
716 47
716 779
717 208
717 894
717 236
717 983
717 311
717 751
717 789
717 445
717 569
717 581
717 265
718 925
718 949
718 538
718 710
718 379
718 63
718 201
718 292
718 905
718 757
718 307
718 621
719 308
719 726
719 869
719 647
719 744
719 943
719 807
719 342
720 565
720 376
720 608
720 320
720 549
720 203
720 495
720 46
720 651
720 988
720 454
720 76
720 446
720 390
720 697
720 112
720 289
721 109
721 146
721 425
721 709
721 655
721 900
721 862
722 357
722 395
722 23
722 150
722 696
722 426
723 728
723 925
723 230
723 143
723 109
723 574
723 679
723 220
723 207
723 672
723 120
723 983
724 126
724 276
724 644
724 8
724 966
724 143
724 136
724 12
724 773
725 458
725 468
725 360
725 964
725 492
725 336
725 65
725 231
725 318
725 668
725 659
725 258
725 912
725 277
725 562
725 575
725 263
726 687
726 374
726 898
726 669
726 186
726 175
726 541
726 719
726 91
726 776
726 991
726 102
726 796
726 2
726 690
726 729
726 515
726 457
726 56
726 539
726 33
726 292
726 908
726 490
727 873
727 620
727 765
727 426
727 803
727 640
727 707
727 840
727 60
727 317
728 174
728 729
728 447
728 928
728 140
728 871
728 307
728 637
728 723
728 902
728 149
728 278
728 153
729 765
729 471
729 877
729 995
729 279
729 602
729 903
729 32
729 853
729 882
729 726
729 728
729 598
730 350
730 187
730 183
730 445
730 368
730 260
730 41
730 511
730 419
730 63
730 398
730 80
730 934
730 426
730 627
730 567
731 342
731 925
731 866
732 675
732 36
732 102
732 136
732 611
732 278
732 64
732 461
732 250
732 589
732 505
732 275
732 823
732 687
733 686
733 6
733 644
733 666
733 705
733 305
733 604
733 142
733 82
733 659
734 119
734 222
734 959
734 676
734 472
734 530
734 433
734 975
734 193
734 714
734 777
734 337
734 162
734 404
734 911
734 110
734 703
734 978
735 470
735 934
735 864
735 461
735 966
735 783
735 161
736 333
736 874
736 816
736 536
736 468
736 939
736 318
736 460
736 701
736 884
736 420
736 359
736 434
736 155
736 241
736 282
736 205
737 361
737 903
737 49
737 163
737 841
737 130
737 527
737 56
737 392
737 272
737 861
737 483
737 228
737 524
737 242
738 677
738 225
738 7
738 790
738 521
738 431
738 742
738 230
738 632
738 22
738 673
738 832
739 806
739 705
739 50
739 121
739 874
739 475
739 633
739 356
739 591
739 754
739 43
740 877
740 140
740 708
740 91
740 67
740 219
740 355
740 61
740 139
740 583
740 469
740 817
740 244
740 38
740 522
740 698
741 302
741 987
741 301
741 872
741 221
741 791
741 21
741 900
741 312
741 549
741 995
741 65
741 123
741 89
741 615
741 616
741 61
741 289
741 758
742 474
742 670
742 347
742 986
742 119
742 738
742 406
743 296
743 503
743 499
743 624
743 293
743 912
743 61
743 826
743 812
743 872
743 538
743 638
743 797
743 60
743 89
744 719
744 463
744 112
744 913
744 956
744 922
744 827
744 847
744 685
744 109
744 226
744 613
744 338
744 390
745 312
745 67
745 200
745 455
745 232
745 402
745 843
745 532
745 669
745 540
745 650
745 408
745 538
745 590
745 318
745 852
745 920
746 556
746 688
746 502
746 182
747 602
747 401
747 46
747 84
747 973
747 552
747 92
748 941
748 959
748 57
748 419
748 407
748 494
748 960
748 382
748 805
748 869
748 470
748 813
748 922
748 207
748 952
748 288
748 758
749 750
749 369
749 834
749 67
749 263
749 528
749 60
749 898
749 703
749 613
749 56
749 12
749 158
749 252
749 127
749 957
749 197
750 749
750 85
750 331
750 662
751 940
751 256
751 844
751 11
751 261
751 478
751 331
751 139
751 717
751 986
751 900
751 825
752 910
752 870
752 84
752 671
752 112
752 111
752 299
752 948
752 560
752 696
753 578
753 59
753 94
753 45
753 859
753 516
753 208
753 666
753 637
753 382
753 288
754 439
754 661
754 504
754 739
754 197
754 528
754 521
754 462
754 877
754 399
754 296
754 627
754 30
754 609
754 544
754 651
754 318
754 432
754 672
754 156
754 31
754 17
755 631
755 330
755 196
755 487
755 248
755 899
755 951
755 816
755 560
755 886
755 915
756 938
756 360
756 83
756 106
756 32
757 879
757 81
757 957
757 10
757 305
757 718
757 97
757 89
757 359
757 238
757 797
757 105
757 713
758 903
758 66
758 741
758 498
758 59
758 191
758 818
758 643
758 192
758 327
758 905
758 748
758 190
758 460
758 105
759 602
759 307
759 255
759 504
759 958
759 853
759 208
759 345
759 701
759 834
759 938
759 260
760 31
760 805
760 803
760 588
760 312
760 78
760 277
760 145
760 786
760 11
760 902
760 84
760 152
760 32
761 647
761 87
761 121
761 581
761 150
761 763
761 983
762 429
762 551
762 931
762 709
762 271
762 136
762 794
762 457
762 494
762 568
762 640
762 597
762 415
762 571
762 112
763 905
763 105
763 797
763 761
763 911
763 442
763 238
763 687
763 768
763 175
763 529
763 469
763 500
765 279
765 56
765 651
765 729
765 727
765 687
765 935
765 608
765 434
765 502
765 250
765 161
766 707
766 1000
766 526
766 577
766 322
766 586
766 353
766 344
766 329
766 887
767 23
767 123
767 385
767 610
767 117
767 271
768 473
768 94
768 577
768 824
768 352
768 763
768 308
768 9
768 170
768 44
768 905
768 312
769 30
769 591
769 847
769 271
769 500
769 545
769 988
769 576
769 46
769 651
769 649
769 556
769 36
769 652
769 299
769 948
770 438
770 362
770 379
770 132
770 865
770 507
770 81
770 544
770 70
770 447
770 537
770 811
770 673
770 289
771 823
771 618
772 813
772 262
772 261
772 234
772 948
772 17
773 14
773 173
773 724
773 686
773 826
773 450
773 307
773 631
773 485
773 220
773 644
773 536
774 871
774 684
774 499
774 48
774 42
774 552
774 911
774 52
774 556
774 7
775 408
775 852
775 778
775 932
776 939
776 936
776 515
776 286
776 133
776 264
776 449
776 149
776 615
776 726
776 81
776 178
776 59
776 950
776 120
776 822
777 830
777 24
777 220
777 431
777 688
777 782
777 734
778 235
778 107
778 890
778 775
778 18
778 813
778 943
778 78
778 555
778 153
778 382
778 677
778 922
778 588
778 821
778 162
778 984
778 545
778 459
778 92
779 868
779 675
779 686
779 123
779 716
779 426
779 549
779 231
779 499
779 524
779 959
780 663
780 158
780 170
780 575
781 94
781 210
781 432
781 347
781 92
781 810
782 777
782 361
782 28
782 443
782 700
782 612
782 125
782 887
782 417
782 299
782 114
783 735
783 463
783 473
783 873
783 357
783 862
783 56
783 210
783 85
783 47
783 241
783 532
783 19
784 261
784 795
784 485
784 152
784 102
785 625
785 193
785 432
785 796
785 554
785 811
785 434
785 347
785 626
785 117
786 695
786 663
786 530
786 894
786 854
786 365
786 11
786 541
786 498
786 659
786 488
786 598
786 760
786 810
786 117
786 426
787 335
787 460
787 418
787 867
787 86
787 911
787 329
787 234
787 283
787 54
787 324
787 716
787 561
788 678
788 180
788 304
788 696
788 374
788 862
788 513
788 547
788 462
788 574
788 454
788 868
788 562
788 545
788 666
788 309
788 883
788 32
789 436
789 944
789 847
789 451
789 863
789 713
789 717
789 157
789 649
789 216
789 118
789 197
789 834
789 214
789 42
790 884
790 74
790 316
790 150
790 84
790 47
790 738
791 254
791 306
791 948
791 993
791 500
791 436
791 126
791 264
791 817
791 998
791 650
791 127
791 292
791 454
791 741
791 28
791 285
792 165
792 896
792 528
792 383
792 14
792 700
792 437
792 81
792 16
792 990
792 234
792 709
792 25
792 302
792 469
792 583
792 698
792 495
792 427
793 373
793 62
793 844
793 712
793 426
793 504
793 189
793 667
793 935
793 971
793 47
793 211
794 130
794 539
794 35
794 404
794 437
794 762
794 301
794 432
794 834
794 8
794 233
795 374
795 914
795 489
795 971
795 784
795 610
795 883
795 915
796 314
796 132
796 517
796 262
796 505
796 601
796 151
796 726
796 785
796 60
796 89
796 143
796 17
797 893
797 230
797 336
797 294
797 931
797 757
797 541
797 18
797 104
797 537
797 486
797 686
797 743
797 319
797 33
797 412
797 280
797 603
797 496
797 455
797 312
797 316
797 593
797 4
797 763
797 694
798 70
798 381
798 94
798 867
798 636
798 168
799 420
799 887
799 255
799 297
799 655
799 355
800 972
800 959
800 981
800 78
800 415
800 353
800 431
800 401
800 892
800 4
800 956
800 883
800 843
801 159
801 234
801 60
802 48
802 872
802 919
802 81
802 359
802 581
802 566
802 536
803 821
803 353
803 321
803 984
803 456
803 760
803 673
803 727
803 280
803 981
804 640
804 193
804 668
804 222
804 234
804 8
804 296
805 186
805 101
805 234
805 912
805 748
805 713
805 760
805 180
805 404
806 627
806 72
806 902
806 618
806 831
806 687
806 469
806 632
806 739
806 33
806 895
806 432
806 158
806 309
806 659
807 287
807 667
807 451
807 719
807 158
807 850
807 989
807 403
807 28
807 99
807 375
807 143
807 90
808 522
808 338
808 637
808 624
808 602
809 639
809 90
809 149
809 544
809 843
809 872
809 815
809 138
809 127
809 26
809 512
809 420
809 810
809 386
809 87
809 20
810 864
810 546
810 173
810 315
810 809
810 486
810 512
810 786
810 684
810 781
810 361
810 524
810 175
810 681
811 623
811 871
811 770
811 712
811 581
811 785
811 156
811 602
811 443
811 360
811 6
811 931
811 193
811 217
811 436
811 522
811 925
811 916
811 121
811 90
811 862
811 17
812 186
812 667
812 604
812 743
812 912
812 526
812 71
813 772
813 102
813 103
813 479
813 668
813 202
813 55
813 15
813 748
813 305
813 401
813 343
813 660
813 127
813 261
813 971
813 778
813 593
814 980
814 823
814 25
814 375
814 585
814 71
814 696
814 599
814 627
815 341
815 595
815 462
815 654
815 582
815 576
815 980
815 148
815 479
815 157
815 972
815 630
815 99
815 809
815 675
816 628
816 448
816 755
816 49
816 680
816 995
816 277
816 270
816 497
816 637
816 950
816 699
816 428
816 918
816 736
816 672
816 425
816 183
816 296
816 180
817 671
817 476
817 740
817 221
817 341
817 422
817 395
817 47
817 791
817 441
817 617
817 445
817 911
817 834
817 250
817 536
817 995
818 318
818 458
818 511
818 758
819 317
819 247
819 913
819 448
819 324
819 307
820 825
820 623
820 115
820 384
820 583
820 191
820 267
820 60
820 316
820 144
821 803
821 778
821 243
821 128
821 963
821 444
821 969
821 545
821 117
821 260
822 776
822 288
822 873
822 256
822 656
822 462
822 431
822 307
822 582
822 639
823 732
823 648
823 521
823 567
823 443
823 944
823 771
823 50
823 814
823 12
823 965
823 106
823 655
823 224
823 2
823 564
823 322
823 546
823 243
823 180
824 874
824 48
824 23
824 556
824 197
824 768
824 878
824 575
824 138
825 626
825 471
825 751
825 85
825 589
825 478
825 151
825 927
825 968
825 47
825 820
825 597
825 80
825 36
825 222
825 303
825 61
826 282
826 331
826 337
826 82
826 743
826 133
826 264
826 969
826 175
826 33
826 773
827 80
827 612
827 744
827 54
827 466
828 117
828 69
828 345
828 877
828 310
828 894
828 840
828 842
828 663
829 701
829 408
829 217
829 878
830 894
830 18
830 587
830 862
830 202
830 690
830 697
830 777
830 602
830 617
830 279
830 97
830 631
830 4
831 806
831 94
831 485
831 279
831 37
831 842
831 390
831 915
832 452
832 420
832 180
832 738
832 29
832 81
832 417
832 874
833 974
833 384
833 57
833 372
833 889
833 254
833 82
833 7
833 121
833 419
834 95
834 892
834 312
834 840
834 759
834 129
834 577
834 789
834 123
834 794
834 817
834 441
834 683
834 468
834 461
834 92
834 100
834 669
834 101
834 420
834 749
834 164
834 938
834 308
835 929
835 84
835 337
835 187
835 425
835 59
835 614
835 5
835 581
835 551
835 557
835 709
835 48
835 679
835 872
835 483
835 878
835 150
835 307
836 479
836 537
836 946
836 510
836 908
836 281
836 965
836 388
837 691
837 670
837 156
837 610
837 850
838 448
838 655
838 969
838 18
838 54
838 537
838 353
838 638
838 456
838 896
838 882
838 624
838 247
839 474
839 184
839 896
839 948
839 878
840 573
840 339
840 118
840 376
840 269
840 625
840 828
840 301
840 374
840 590
840 603
840 93
840 51
840 271
840 727
840 952
840 911
840 959
840 538
840 345
840 834
840 437
840 510
840 228
840 490
841 423
841 408
841 34
841 441
841 121
841 921
841 289
841 299
841 356
841 124
841 633
841 193
841 712
841 541
841 526
841 297
841 592
841 737
841 552
841 334
842 961
842 931
842 30
842 31
842 170
842 78
842 831
842 828
842 80
842 852
842 586
842 432
843 156
843 861
843 528
843 99
843 800
843 423
843 435
843 650
843 936
843 809
843 541
843 102
843 233
843 745
844 321
844 793
844 541
844 751
844 112
845 941
845 152
845 193
845 990
845 58
845 83
845 317
846 53
846 856
846 994
846 32
846 674
846 158
847 225
847 789
847 769
847 744
847 10
847 110
847 459
847 309
847 862
848 933
848 855
848 451
848 131
848 395
848 178
848 563
848 989
848 662
849 874
849 94
849 36
849 474
850 896
850 837
850 518
850 860
850 38
850 301
850 5
850 491
850 129
850 939
850 807
851 305
851 267
851 373
851 314
851 145
851 892
851 103
852 308
852 885
852 567
852 407
852 673
852 775
852 213
852 908
852 215
852 745
852 842
852 442
852 292
852 237
853 729
853 191
853 228
853 914
853 296
853 759
853 585
853 900
853 305
853 236
853 278
853 286
853 133
853 569
853 541
853 607
853 359
853 352
853 316
853 263
853 981
854 77
854 604
854 998
854 985
854 786
854 489
854 637
854 143
854 90
854 956
855 52
855 89
855 361
855 929
855 900
855 848
855 342
855 969
855 299
855 355
855 346
855 635
856 415
856 56
856 418
856 261
856 920
856 296
856 846
857 173
857 887
857 916
858 589
858 299
858 188
858 997
858 905
858 460
858 656
858 308
858 882
858 907
858 913
858 959
858 263
858 245
859 678
859 439
859 562
859 498
859 753
859 295
859 276
859 29
859 631
859 41
859 175
860 882
860 53
860 9
860 527
860 624
860 247
860 98
860 850
861 486
861 922
861 244
861 293
861 944
861 260
861 234
861 689
861 208
861 344
861 20
861 737
861 843
861 334
862 175
862 138
862 306
862 56
862 721
862 662
862 31
862 847
862 544
862 597
862 811
862 554
862 830
862 337
862 922
862 788
862 910
862 299
862 783
862 583
863 789
863 601
863 295
863 259
863 915
864 483
864 620
864 955
864 334
864 512
864 591
864 97
864 20
864 209
864 735
864 281
864 267
864 94
864 810
864 81
864 871
865 147
865 292
865 446
865 770
865 304
865 225
866 731
866 280
866 395
866 351
866 590
866 510
866 1
866 252
867 396
867 12
867 301
867 609
867 787
867 147
867 798
867 624
867 303
867 978
867 329
867 662
868 550
868 376
868 685
868 659
868 610
868 198
868 231
868 327
868 788
868 347
868 126
868 920
868 377
868 170
868 935
868 14
868 107
868 779
869 719
869 207
869 517
869 103
869 626
869 748
869 708
869 148
869 208
869 608
869 352
869 356
869 243
870 938
870 752
871 299
871 1000
871 14
871 943
871 198
871 421
871 412
871 48
871 864
871 196
871 239
871 774
871 811
871 16
871 228
871 728
872 743
872 802
872 835
872 450
872 689
872 42
872 515
872 953
872 709
872 874
872 1000
872 741
872 700
872 326
872 809
872 195
872 79
872 561
873 43
873 138
873 950
873 667
873 225
873 572
873 689
873 353
873 727
873 362
873 197
873 631
873 925
873 154
873 783
873 822
873 437
874 824
874 739
874 849
874 308
874 699
874 897
874 944
874 963
874 832
874 530
874 585
874 512
874 872
874 133
874 736
874 656
874 88
875 978
875 87
875 136
875 479
875 213
875 98
875 158
875 8
875 972
875 932
876 255
876 556
876 38
877 617
877 164
877 107
877 998
877 284
877 219
877 828
877 699
877 28
877 729
877 505
877 193
877 201
877 740
877 123
877 985
877 754
877 154
877 967
878 191
878 308
878 285
878 839
878 82
878 916
878 628
878 889
878 597
878 407
878 835
878 477
878 824
878 910
878 829
878 16
878 529
878 244
878 217
878 359
878 95
879 483
879 432
879 757
879 316
880 609
880 119
880 315
880 546
880 895
880 910
880 972
880 913
880 287
880 453
880 684
880 177
880 691
880 616
880 47
880 71
881 664
881 101
881 925
881 550
881 966
882 400
882 729
882 153
882 652
882 523
882 219
882 838
882 243
882 480
882 254
882 127
882 685
882 511
882 208
882 985
882 860
882 858
883 46
883 186
883 53
883 795
883 800
883 251
883 411
883 788
883 642
883 340
883 669
883 169
883 422
883 392
883 131
883 509
883 158
883 296
883 294
884 629
884 790
884 471
884 736
884 144
884 205
884 589
884 980
884 945
884 598
884 217
884 359
884 458
885 917
885 886
885 911
885 602
885 22
885 961
885 415
885 852
885 537
885 250
885 644
885 157
886 14
886 648
886 46
886 463
886 755
886 941
886 481
886 276
886 585
886 188
886 97
886 885
886 61
886 20
887 799
887 857
887 130
887 411
887 234
887 181
887 782
887 543
887 358
887 713
887 766
887 651
887 220
887 254
887 575
887 294
888 936
888 257
888 59
888 972
888 89
889 833
889 878
889 308
889 346
889 86
889 136
889 334
890 160
890 446
890 59
890 121
890 228
890 778
890 716
890 241
891 677
891 207
891 475
891 68
891 252
891 36
891 155
891 646
891 936
892 175
892 350
892 972
892 800
892 851
892 12
892 453
892 17
892 952
892 966
892 120
892 481
892 512
892 834
892 150
892 535
892 288
893 447
893 797
893 700
894 115
894 287
894 988
894 511
894 110
894 580
894 483
894 443
894 704
894 397
894 828
894 218
894 233
894 830
894 544
894 315
894 656
894 786
894 717
894 258
894 495
895 450
895 476
895 806
895 17
895 597
895 640
895 392
895 880
896 838
896 295
896 389
896 839
896 338
896 365
896 85
896 420
896 990
896 541
896 87
896 428
896 850
896 284
896 792
897 254
897 936
897 874
897 26
897 220
897 238
897 171
898 681
898 51
898 600
898 449
898 615
898 982
898 726
898 548
898 22
898 29
898 162
898 749
898 158
898 526
898 493
898 616
898 626
898 598
899 714
899 128
899 215
899 900
899 592
899 924
899 919
899 94
899 48
899 755
899 258
899 335
899 288
900 263
900 111
900 721
900 621
900 96
900 751
900 639
900 741
900 853
900 297
900 899
900 855
901 10
901 578
901 373
901 393
901 237
901 505
902 1000
902 207
902 363
902 286
902 728
902 518
902 346
902 528
902 10
902 582
902 979
902 253
902 134
902 310
902 308
902 806
902 683
902 760
902 263
903 212
903 535
903 940
903 240
903 661
903 613
903 457
903 421
903 453
903 239
903 53
903 256
903 729
903 563
903 121
903 737
903 758
904 131
904 612
904 328
905 718
905 768
905 207
905 353
905 235
905 113
905 344
905 538
905 257
905 858
905 763
905 233
905 758
906 83
906 521
906 265
906 966
906 500
906 373
906 998
906 228
906 154
907 919
907 287
907 445
907 356
907 428
907 143
907 858
908 836
908 726
908 914
908 975
908 937
908 131
908 521
908 626
908 574
908 852
908 601
908 104
908 477
908 971
909 602
909 693
909 292
909 683
909 464
909 61
909 45
909 144
909 537
909 624
909 253
910 392
910 669
910 259
910 980
910 207
910 576
910 203
910 90
910 226
910 974
910 862
910 144
910 933
910 994
910 571
910 878
910 752
910 880
910 153
910 983
911 734
911 3
911 787
911 530
911 817
911 980
911 774
911 225
911 6
911 456
911 234
911 458
911 44
911 840
911 885
911 763
912 445
912 812
912 61
912 670
912 805
912 126
912 725
912 44
912 743
912 989
912 58
912 972
912 138
913 603
913 586
913 622
913 858
913 22
913 71
913 819
913 155
913 387
913 228
913 122
913 744
913 663
913 676
913 489
913 880
914 795
914 585
914 932
914 76
914 921
914 153
914 674
914 289
914 640
914 853
914 526
914 908
914 27
914 282
915 417
915 542
915 143
915 271
915 987
915 336
915 755
915 54
915 611
915 272
915 795
915 863
915 559
915 831
915 408
915 395
915 25
915 237
915 122
915 76
916 480
916 398
916 857
916 427
916 2
916 811
916 110
916 491
916 255
916 92
916 210
916 389
916 589
916 162
916 441
916 643
916 250
916 303
916 16
916 99
916 878
916 86
916 954
917 565
917 654
917 256
917 557
917 578
917 197
917 170
917 448
917 885
917 175
918 15
918 648
918 400
918 442
918 611
918 816
918 626
918 459
918 632
918 297
918 998
918 24
918 588
918 704
918 450
918 277
918 480
918 69
918 420
918 434
918 698
919 907
919 802
919 347
919 899
919 396
919 487
919 379
919 167
919 154
919 114
919 36
919 123
919 615
919 930
919 605
920 683
920 868
920 660
920 240
920 745
920 533
920 45
920 41
920 856
920 546
920 22
920 214
920 474
920 954
920 279
921 478
921 276
921 153
921 512
921 480
921 914
921 638
921 841
922 862
922 578
922 417
922 462
922 179
922 943
922 495
922 423
922 748
922 615
922 171
922 430
922 450
922 309
922 612
922 744
922 127
922 861
922 967
922 27
922 778
923 342
924 250
924 651
924 590
924 420
924 899
924 463
925 47
925 731
925 271
925 311
925 811
925 873
925 251
925 524
925 666
925 604
925 531
925 881
925 448
925 364
925 186
925 487
925 29
925 159
925 718
925 283
925 723
926 499
926 650
926 327
926 642
926 675
926 89
926 504
926 713
926 537
926 998
926 965
926 568
926 6
926 668
926 207
926 649
926 16
926 658
926 27
926 615
926 437
927 593
927 654
927 546
927 175
927 272
927 617
927 623
927 548
927 934
927 583
927 825
928 312
928 528
928 209
928 211
928 124
928 645
928 158
928 608
928 224
928 479
928 149
928 728
929 77
929 604
929 855
929 835
929 419
929 367
929 973
930 919
930 974
930 576
930 989
930 60
930 318
930 124
930 10
930 252
930 263
930 981
931 762
931 797
931 811
931 658
931 7
931 842
932 279
932 998
932 775
932 304
932 443
932 875
932 376
932 25
932 252
932 506
932 458
932 46
932 914
932 626
932 983
933 217
933 382
933 330
933 142
933 910
933 499
933 140
933 191
933 504
933 295
933 210
933 393
933 848
933 300
933 668
933 502
933 466
934 572
934 328
934 735
934 309
934 483
934 551
934 927
934 730
934 952
934 683
934 713
934 939
934 612
934 529
934 670
934 197
934 280
934 562
934 656
934 972
934 445
935 641
935 793
935 484
935 207
935 704
935 765
935 541
935 868
935 398
935 277
935 437
935 60
935 571
935 4
935 954
935 583
936 843
936 897
936 358
936 192
936 61
936 888
936 476
936 397
936 505
936 891
936 167
936 225
936 232
936 776
936 228
936 211
936 561
937 222
937 908
937 524
937 58
938 96
938 756
938 272
938 870
938 285
938 681
938 397
938 759
938 208
938 616
938 56
938 834
938 87
938 410
938 166
938 139
938 556
938 85
938 129
938 316
938 626
938 698
938 605
939 126
939 206
939 390
939 165
939 146
939 850
939 776
939 736
939 101
939 556
939 934
939 351
940 903
940 640
940 693
940 254
940 751
940 106
941 845
941 604
941 886
941 748
941 324
941 102
942 167
942 643
942 638
942 400
942 550
942 150
942 637
943 140
943 673
943 261
943 44
943 659
943 278
943 270
943 719
943 49
943 375
943 298
943 922
943 377
943 556
943 563
943 585
943 871
943 778
944 823
944 789
944 104
944 874
944 147
944 425
944 861
944 148
944 281
945 643
945 367
945 530
945 884
946 836
946 714
946 176
946 304
946 588
946 688
946 985
946 280
946 534
946 602
946 41
946 377
946 37
947 323
947 570
947 989
947 681
947 224
947 684
948 772
948 752
948 839
948 715
948 769
948 350
948 145
948 668
948 961
948 985
948 489
948 583
948 501
948 791
948 612
948 532
949 216
949 964
949 652
949 981
949 49
949 526
949 27
949 257
949 25
949 505
949 574
949 239
949 205
949 23
949 226
949 718
949 217
949 356
949 425
949 95
950 133
950 442
950 776
950 499
950 441
950 53
950 539
950 873
950 415
950 816
950 159
950 88
951 980
951 223
951 657
951 262
951 74
951 755
951 149
951 514
952 178
952 620
952 748
952 81
952 415
952 471
952 27
952 56
952 214
952 84
952 485
952 483
952 445
952 44
952 840
952 892
952 285
952 934
952 32
953 87
953 626
953 65
953 970
953 264
953 352
953 580
953 581
953 613
953 576
953 634
953 151
953 872
953 301
953 88
953 17
954 972
954 920
954 224
954 481
954 461
954 247
954 916
954 98
954 935
954 680
954 416
954 208
954 278
955 516
955 210
955 447
955 310
955 30
955 864
955 552
956 854
956 800
956 191
956 579
956 572
956 602
956 683
956 386
956 586
956 744
956 687
956 351
957 636
957 284
957 749
957 77
957 632
957 639
957 456
957 195
957 757
957 33
957 452
958 145
958 170
958 759
958 446
958 388
958 637
959 209
959 331
959 411
959 540
959 485
959 167
959 511
959 682
959 779
959 362
959 858
959 302
959 800
959 748
959 840
959 637
959 110
959 101
959 734
960 126
960 548
960 400
960 748
960 347
960 20
961 577
961 258
961 83
961 885
961 637
961 45
961 59
961 34
961 948
961 842
961 981
961 403
961 92
961 660
962 442
962 482
962 262
962 677
962 679
962 346
963 585
963 874
963 821
963 535
964 488
964 949
964 131
964 725
964 38
965 354
965 197
965 337
965 966
965 836
965 210
965 35
965 560
965 823
965 926
965 681
965 694
966 573
966 448
966 968
966 490
966 84
966 252
966 192
966 419
966 139
966 694
966 424
966 881
966 292
966 735
966 451
966 110
966 724
966 906
966 331
966 177
966 234
966 195
966 10
966 655
966 892
966 615
966 965
967 119
967 922
967 121
967 877
967 479
967 613
967 223
968 484
968 84
968 343
968 94
968 60
968 966
968 624
968 825
969 821
969 855
969 711
969 284
969 310
969 468
969 636
969 826
969 470
969 838
969 126
969 679
969 235
969 583
970 109
970 404
970 335
970 953
971 466
971 89
971 223
971 908
971 332
971 795
971 561
971 272
971 715
971 708
971 793
971 813
971 392
971 511
971 202
971 420
971 683
971 681
971 510
971 371
972 513
972 605
972 666
972 875
972 135
972 26
972 336
972 436
972 660
972 912
972 150
972 888
972 934
972 276
972 800
972 613
972 688
972 815
972 892
972 880
972 954
973 655
973 974
973 338
973 284
973 989
973 929
973 159
973 442
973 103
973 56
973 484
973 64
973 747
973 115
973 109
973 286
973 324
973 213
973 652
974 833
974 612
974 910
974 973
974 930
975 420
975 709
975 908
975 173
975 734
975 32
976 667
976 321
976 23
976 243
977 453
977 982
977 466
977 151
977 445
977 235
977 305
977 373
977 36
977 581
978 256
978 867
978 989
978 126
978 980
978 531
978 734
978 281
978 445
978 177
978 38
978 458
978 875
978 237
978 459
978 92
978 465
979 902
979 675
979 246
979 490
980 294
980 814
980 911
980 376
980 951
980 146
980 617
980 815
980 910
980 281
980 978
980 884
981 961
981 230
981 77
981 348
981 634
981 803
981 422
981 930
981 853
981 949
981 512
981 800
981 317
982 977
982 898
982 1
983 385
983 572
983 986
983 723
983 688
983 249
983 95
983 932
983 910
983 104
983 74
983 115
983 761
983 672
983 717
983 354
983 175
984 1
984 117
984 696
984 556
984 313
984 803
984 432
984 194
984 471
984 778
984 163
984 162
984 11
984 36
984 603
985 164
985 854
985 614
985 355
985 877
985 171
985 994
985 112
985 108
985 186
985 882
985 29
985 377
985 287
985 645
985 948
985 946
986 999
986 742
986 268
986 568
986 991
986 444
986 751
986 552
986 186
986 699
986 595
986 109
986 149
986 214
986 446
986 27
986 983
987 653
987 84
987 117
987 385
987 557
987 108
987 651
987 741
987 598
987 505
987 702
987 915
987 79
988 446
988 707
988 695
988 692
988 182
988 36
988 699
988 769
988 720
988 894
988 404
989 87
989 314
989 641
989 848
989 912
989 947
989 45
989 420
989 529
989 807
989 978
989 483
989 54
989 973
989 307
989 102
989 930
990 16
990 557
990 616
990 617
990 484
990 845
990 896
990 792
990 380
990 553
990 326
990 386
990 249
990 398
991 207
991 225
991 726
991 602
991 394
991 655
991 986
991 703
992 560
992 30
992 495
993 791
993 664
993 151
994 537
994 235
994 910
994 460
994 72
994 985
994 247
994 4
994 14
994 846
995 578
995 346
995 270
995 3
995 598
995 660
995 304
995 817
995 19
995 262
995 729
995 816
995 570
995 741
995 20
996 705
996 461
996 318
996 511
996 687
996 201
997 19
997 172
997 187
997 65
997 690
997 255
997 477
997 9
997 209
997 858
997 561
998 854
998 92
998 906
998 348
998 100
998 877
998 791
998 131
998 505
998 493
998 926
998 709
998 624
998 932
998 918
999 295
999 986
1000 484
1000 872
1000 902
1000 502
1000 871
1000 766
1000 259
