1 82
1 49
1 66
1 13
1 63
1 30
1 35
1 100
2 38
2 33
2 34
2 20
2 22
2 48
2 55
2 76
2 81
2 78
3 100
3 20
3 34
3 9
3 13
3 23
3 24
3 59
3 8
3 25
3 38
3 41
3 70
4 66
4 11
4 63
4 83
4 93
4 31
4 92
4 68
4 5
4 10
4 50
4 82
4 90
4 94
4 67
5 50
5 48
5 4
5 19
5 42
5 63
5 97
5 99
5 100
6 97
6 68
6 69
6 25
6 54
6 61
6 8
6 59
6 64
6 65
6 81
6 89
6 90
7 35
7 34
7 66
7 85
7 89
7 90
7 93
7 22
7 73
7 33
7 43
7 56
7 58
7 72
7 96
7 78
8 69
8 22
8 40
8 3
8 6
8 44
8 63
8 35
8 79
8 84
8 86
9 54
9 15
9 40
9 31
9 42
9 38
9 3
9 81
10 16
10 18
10 63
10 60
10 31
10 34
10 11
10 32
10 4
10 27
10 30
10 51
10 55
10 73
10 76
10 90
11 4
11 10
11 20
11 28
11 30
11 31
11 44
11 47
11 48
11 60
12 79
12 95
12 75
12 55
12 42
12 70
12 36
12 84
12 34
12 39
12 45
12 47
12 63
12 86
12 62
13 68
13 21
13 76
13 85
13 1
13 3
13 38
13 54
13 58
13 100
13 39
14 98
14 56
14 49
14 47
14 99
14 25
14 74
14 95
14 51
14 93
14 35
14 48
14 81
14 28
14 38
14 71
14 73
14 78
14 92
14 87
15 95
15 84
15 37
15 98
15 81
15 82
15 44
15 38
15 9
15 25
15 36
15 39
15 52
15 54
15 76
15 93
15 62
16 42
16 20
16 70
16 69
16 77
16 72
16 93
16 48
16 76
16 38
16 10
16 23
16 26
16 32
16 58
16 96
17 28
17 23
17 94
17 87
17 79
17 21
17 82
17 46
17 45
17 54
17 57
17 88
18 86
18 99
18 100
18 24
18 52
18 70
18 23
18 10
18 19
18 30
18 37
18 41
18 42
18 50
18 57
18 64
18 84
19 41
19 18
19 45
19 94
19 76
19 5
19 98
19 20
19 29
19 30
19 32
19 35
19 36
19 46
19 61
19 67
19 97
20 27
20 22
20 2
20 47
20 11
20 43
20 25
20 50
20 58
20 54
20 73
20 19
20 41
20 81
20 77
20 78
20 3
20 16
20 28
20 38
20 66
20 72
20 82
20 86
20 88
21 82
21 100
21 94
21 13
21 17
21 24
21 40
21 76
22 2
22 40
22 94
22 7
22 8
22 20
22 24
22 36
22 44
22 48
22 55
22 85
22 95
22 67
23 28
23 16
23 3
23 17
23 18
23 38
23 40
23 44
23 48
23 49
23 53
23 72
23 84
23 90
23 92
23 100
24 32
24 21
24 49
24 22
24 3
24 18
24 29
24 41
24 50
24 98
25 28
25 50
25 15
25 72
25 55
25 88
25 3
25 91
25 49
25 83
25 6
25 14
25 20
25 42
25 53
25 58
25 61
25 64
25 69
26 75
26 90
26 74
26 16
26 28
26 97
26 35
26 98
26 66
26 56
26 54
26 65
26 37
26 100
26 30
26 53
26 41
26 45
26 49
26 61
26 73
26 83
27 60
27 10
27 29
27 93
27 35
27 48
27 77
27 47
27 84
27 75
27 36
27 20
27 31
27 32
27 34
27 50
27 52
28 11
28 20
28 31
28 73
28 72
28 84
28 14
28 44
28 50
28 17
28 23
28 25
28 26
28 46
28 63
28 65
28 81
28 88
29 88
29 37
29 91
29 58
29 24
29 30
29 38
29 57
29 31
29 19
29 27
29 36
29 44
29 60
29 85
29 93
30 18
30 43
30 97
30 34
30 52
30 1
30 11
30 19
30 64
30 69
30 88
30 10
30 26
30 29
30 46
30 51
30 63
30 95
30 100
30 78
31 36
31 69
31 56
31 68
31 27
31 92
31 11
31 4
31 10
31 28
31 29
31 70
31 84
31 98
31 9
32 68
32 58
32 75
32 55
32 27
32 94
32 66
32 50
32 19
32 33
32 16
32 10
32 24
32 38
32 60
32 64
32 79
32 86
32 99
33 70
33 86
33 72
33 49
33 60
33 7
33 36
33 2
33 32
33 44
33 84
34 81
34 59
34 12
34 90
34 51
34 27
34 54
34 92
34 79
34 87
34 2
34 3
34 7
34 10
34 30
34 86
35 19
35 66
35 52
35 48
35 51
35 1
35 99
35 80
35 8
35 7
35 14
35 26
35 27
35 38
35 59
35 91
36 68
36 55
36 22
36 47
36 44
36 15
36 19
36 29
36 12
36 27
36 31
36 33
36 40
36 85
36 89
36 93
36 100
37 89
37 49
37 18
37 88
37 87
37 84
37 52
37 51
37 15
37 26
37 29
37 56
37 66
37 68
37 73
37 94
37 95
38 23
38 73
38 35
38 59
38 41
38 3
38 65
38 20
38 32
38 14
38 13
38 80
38 2
38 15
38 16
38 29
38 43
38 70
38 71
38 77
38 90
38 96
38 9
39 64
39 15
39 12
39 85
39 13
39 53
39 84
39 86
40 93
40 92
40 36
40 21
40 23
40 8
40 9
40 22
40 45
40 50
40 55
40 57
40 61
40 77
40 88
40 95
40 100
41 76
41 26
41 68
41 18
41 100
41 24
41 3
41 19
41 20
41 38
41 55
41 62
41 64
41 88
41 67
42 79
42 18
42 46
42 25
42 5
42 57
42 82
42 12
42 16
42 45
42 71
42 9
43 7
43 38
43 75
43 49
43 20
43 30
43 57
43 80
43 81
43 91
43 95
43 100
44 29
44 93
44 95
44 69
44 22
44 33
44 61
44 48
44 11
44 67
44 23
44 78
44 8
44 15
44 28
44 36
44 54
44 58
44 63
44 71
44 81
44 82
44 94
45 94
45 89
45 17
45 81
45 46
45 40
45 26
45 12
45 47
45 79
45 42
45 67
45 19
45 61
45 88
45 96
46 28
46 76
46 30
46 19
46 17
46 42
46 45
46 58
46 59
46 64
46 72
46 88
46 95
46 96
47 82
47 12
47 95
47 11
47 85
47 75
47 63
47 14
47 20
47 27
47 36
47 45
47 49
47 61
47 73
47 99
47 100
48 23
48 2
48 11
48 75
48 22
48 5
48 14
48 16
48 27
48 35
48 44
48 52
48 66
48 97
49 88
49 98
49 47
49 26
49 75
49 23
49 58
49 1
49 14
49 24
49 25
49 33
49 37
49 43
49 50
49 60
49 68
49 76
49 77
49 81
49 82
50 60
50 24
50 18
50 4
50 49
50 40
50 27
50 5
50 20
50 25
50 28
50 32
50 57
50 61
50 69
50 74
50 79
50 95
50 87
51 70
51 30
51 10
51 83
51 14
51 34
51 35
51 37
51 66
51 81
51 100
52 73
52 70
52 27
52 15
52 65
52 48
52 88
52 18
52 30
52 35
52 37
52 66
52 81
52 100
53 23
53 98
53 83
53 25
53 26
53 86
53 93
53 39
54 17
54 82
54 15
54 83
54 68
54 13
54 44
54 77
54 6
54 9
54 20
54 26
54 34
54 57
54 73
54 88
54 95
55 79
55 74
55 22
55 95
55 72
55 10
55 94
55 56
55 41
55 83
55 2
55 40
55 58
55 12
55 25
55 32
55 36
55 63
55 81
55 92
55 96
55 99
56 81
56 63
56 89
56 7
56 82
56 66
56 37
56 14
56 26
56 31
56 55
56 58
56 64
56 94
57 40
57 98
57 75
57 50
57 74
57 70
57 84
57 43
57 68
57 95
57 17
57 54
57 18
57 82
57 29
57 42
57 64
57 79
57 100
57 91
58 56
58 90
58 76
58 46
58 7
58 13
58 25
58 44
58 16
58 100
58 85
58 20
58 29
58 32
58 49
58 55
58 80
58 93
58 98
59 90
59 6
59 87
59 84
59 46
59 75
59 61
59 98
59 35
59 3
59 34
59 38
59 63
59 65
59 66
59 76
59 80
59 93
60 32
60 29
60 83
60 11
60 98
60 79
60 99
60 49
60 10
60 27
60 33
60 50
60 73
60 81
60 82
60 95
61 26
61 25
61 69
61 72
61 86
61 47
61 19
61 50
61 45
61 40
61 99
61 6
61 44
61 59
61 64
61 100
62 81
62 73
62 41
62 92
62 96
62 12
62 76
62 15
63 68
63 30
63 92
63 12
63 100
63 55
63 59
63 88
63 90
63 28
63 5
63 73
63 44
63 66
63 1
63 4
63 8
63 10
63 47
63 56
63 71
63 75
63 84
63 89
63 94
64 57
64 18
64 56
64 41
64 68
64 46
64 61
64 25
64 32
64 6
64 30
64 39
64 79
64 86
65 6
65 28
65 97
65 59
65 26
65 38
65 52
65 84
65 90
65 96
65 98
65 99
66 85
66 99
66 82
66 86
66 89
66 52
66 20
66 37
66 59
66 51
66 48
66 92
66 1
66 4
66 7
66 26
66 32
66 35
66 56
66 63
66 71
66 81
66 93
67 19
67 70
67 22
67 41
67 4
67 44
67 45
67 96
68 37
68 49
68 93
68 76
68 75
68 4
68 6
68 13
68 31
68 32
68 36
68 41
68 54
68 57
68 63
68 64
68 77
68 82
68 88
68 98
68 100
69 74
69 50
69 77
69 25
69 80
69 95
69 97
69 6
69 8
69 16
69 30
69 31
69 44
69 61
69 85
70 76
70 31
70 98
70 3
70 38
70 12
70 16
70 18
70 33
70 51
70 52
70 57
70 71
70 74
70 80
70 90
70 67
71 66
71 90
71 63
71 70
71 44
71 14
71 42
71 88
71 38
72 20
72 23
72 80
72 7
72 46
72 16
72 25
72 28
72 33
72 55
72 61
72 93
72 95
73 54
73 80
73 47
73 76
73 88
73 37
73 26
73 10
73 60
73 14
73 91
73 7
73 20
73 28
73 38
73 52
73 62
73 63
73 90
73 92
73 95
73 100
73 78
74 92
74 84
74 50
74 70
74 14
74 26
74 55
74 57
74 69
74 96
75 76
75 87
75 85
75 82
75 63
75 12
75 26
75 27
75 32
75 43
75 47
75 48
75 49
75 57
75 59
75 68
75 96
75 99
76 10
76 90
76 96
76 15
76 91
76 2
76 49
76 59
76 21
76 13
76 16
76 19
76 41
76 46
76 58
76 68
76 70
76 73
76 75
76 83
76 62
77 80
77 68
77 49
77 38
77 89
77 40
77 98
77 16
77 20
77 27
77 54
77 69
77 81
77 82
78 14
78 30
78 100
78 73
78 7
78 2
78 20
78 44
79 64
79 94
79 32
79 57
79 50
79 8
79 12
79 17
79 34
79 42
79 45
79 55
79 60
79 83
79 92
80 70
80 59
80 84
80 43
80 58
80 35
80 38
80 69
80 72
80 73
80 77
80 81
81 66
81 49
81 51
81 80
81 2
81 55
81 9
81 52
81 60
81 6
81 77
81 43
81 44
81 28
81 14
81 15
81 20
81 34
81 45
81 56
81 62
81 90
81 99
81 100
82 20
82 60
82 44
82 77
82 89
82 68
82 4
82 49
82 1
82 15
82 17
82 21
82 42
82 47
82 54
82 56
82 57
82 66
82 75
82 84
83 26
83 79
83 76
83 4
83 25
83 51
83 53
83 54
83 55
83 60
83 90
83 95
84 18
84 99
84 65
84 82
84 8
84 63
84 23
84 33
84 31
84 39
84 12
84 15
84 27
84 28
84 37
84 57
84 59
84 74
84 80
84 85
84 100
85 97
85 22
85 69
85 84
85 95
85 36
85 29
85 7
85 13
85 47
85 58
85 66
85 75
85 87
85 39
86 32
86 34
86 12
86 39
86 8
86 53
86 20
86 64
86 18
86 33
86 61
86 66
87 85
87 50
87 14
87 17
87 34
87 37
87 59
87 75
88 68
88 54
88 46
88 45
88 20
88 90
88 28
88 99
88 41
88 40
88 98
88 17
88 25
88 29
88 30
88 37
88 49
88 52
88 63
88 71
88 73
89 36
89 63
89 6
89 98
89 7
89 37
89 45
89 56
89 66
89 77
89 82
89 100
90 83
90 81
90 70
90 6
90 23
90 10
90 38
90 4
90 65
90 73
90 7
90 26
90 34
90 58
90 59
90 63
90 71
90 76
90 88
90 100
91 43
91 35
91 57
91 25
91 29
91 73
91 76
91 93
92 93
92 55
92 23
92 14
92 79
92 73
92 98
92 4
92 31
92 34
92 40
92 62
92 63
92 66
92 74
93 66
93 15
93 59
93 100
93 91
93 58
93 36
93 53
93 72
93 29
93 4
93 7
93 14
93 16
93 27
93 40
93 44
93 68
93 92
93 95
94 44
94 56
94 4
94 37
94 63
94 98
94 17
94 19
94 22
94 32
94 45
94 55
94 79
94 21
95 54
95 60
95 22
95 43
95 93
95 37
95 50
95 72
95 73
95 40
95 46
95 83
95 30
95 12
95 14
95 15
95 44
95 47
95 55
95 57
95 69
95 85
96 7
96 67
96 45
96 65
96 16
96 75
96 55
96 74
96 38
96 46
96 62
96 76
97 19
97 5
97 98
97 48
97 6
97 26
97 30
97 65
97 69
97 85
98 58
98 68
98 24
98 65
98 31
98 14
98 15
98 19
98 26
98 49
98 53
98 57
98 59
98 60
98 70
98 77
98 88
98 89
98 92
98 94
98 97
99 75
99 5
99 55
99 81
99 65
99 32
99 47
99 14
99 18
99 35
99 60
99 61
99 66
99 84
99 88
100 5
100 61
100 89
100 90
100 30
100 81
100 57
100 51
100 47
100 52
100 40
100 84
100 36
100 43
100 13
100 68
100 23
100 73
100 1
100 3
100 18
100 21
100 26
100 41
100 58
100 63
100 93
100 78
