1 344
1 260
1 399
1 435
1 588
1 405
1 126
1 133
1 55
1 317
1 369
1 553
1 563
1 571
1 574
2 41
2 54
2 494
2 314
2 579
2 513
2 422
2 24
2 33
2 101
2 118
2 212
2 214
2 249
2 320
2 339
2 353
2 455
2 536
2 544
3 326
3 217
3 596
3 420
3 256
3 242
3 234
3 34
3 48
3 78
3 318
3 379
3 442
3 558
3 569
3 578
4 102
4 127
4 229
4 546
5 390
5 425
5 316
5 207
5 411
5 234
5 53
5 293
5 556
5 576
6 140
6 199
6 26
6 517
6 253
6 403
6 129
6 526
6 42
6 245
6 274
6 439
6 455
7 411
7 120
7 372
7 312
7 61
7 69
7 516
7 496
7 208
7 244
8 439
8 24
8 96
8 121
8 286
8 309
8 420
8 596
9 560
9 112
9 94
9 27
9 384
9 255
9 383
9 158
9 95
9 108
9 268
9 363
9 451
9 499
9 502
9 573
9 593
10 73
10 100
10 153
10 535
10 56
10 127
10 223
10 258
10 286
10 314
10 403
10 454
10 525
11 591
11 239
11 134
11 222
11 455
11 346
11 423
11 461
11 72
11 101
11 154
11 268
11 352
11 428
11 457
12 471
12 337
12 283
12 493
12 404
12 249
12 185
12 536
12 17
12 100
12 163
12 348
12 363
12 368
12 372
13 481
13 206
13 418
13 256
13 514
13 64
13 524
13 235
13 60
13 72
13 81
13 105
13 139
13 205
13 336
13 352
13 463
14 331
14 199
14 595
15 234
15 537
15 568
15 406
15 192
15 211
15 35
15 77
15 54
15 80
15 197
15 310
15 347
15 558
16 566
16 475
16 391
16 162
16 211
16 510
16 158
16 552
16 31
16 145
16 290
16 521
16 586
17 46
17 75
17 12
17 288
17 575
17 42
17 386
17 448
17 114
17 234
17 271
17 433
17 509
18 78
18 297
18 554
18 482
18 342
18 49
18 84
18 91
18 127
18 213
18 582
19 370
19 326
19 417
19 44
19 555
19 24
19 191
19 294
19 110
19 162
19 243
19 415
20 429
20 506
20 321
20 95
20 233
20 566
20 165
20 296
20 150
20 177
20 343
20 378
20 379
20 390
20 555
21 546
21 274
21 516
21 128
21 239
21 179
21 491
21 57
21 43
21 72
21 105
21 301
21 499
21 515
21 562
21 593
22 436
22 116
22 528
22 426
22 460
22 560
22 152
22 309
22 29
22 128
22 315
22 360
22 391
22 427
22 448
23 91
23 106
23 41
23 132
23 197
23 305
23 558
23 573
24 113
24 36
24 8
24 219
24 218
24 110
24 111
24 97
24 2
24 19
24 81
24 175
24 302
24 480
24 481
24 500
25 275
25 322
25 354
25 215
25 167
25 163
25 197
25 199
25 294
25 365
25 540
26 297
26 153
26 93
26 121
26 337
26 579
26 100
26 6
26 48
26 66
26 77
26 102
26 119
26 265
26 413
26 449
26 505
26 549
26 591
27 60
27 428
27 100
27 209
27 9
27 305
27 316
27 325
27 344
27 455
27 594
28 124
28 323
28 598
28 340
28 389
28 199
28 437
28 184
28 143
28 527
29 585
29 398
29 32
29 22
29 582
29 498
29 323
29 245
29 106
29 136
29 343
29 375
29 501
29 600
30 577
30 452
30 344
30 116
30 306
30 553
30 254
30 477
30 84
30 92
30 220
30 318
31 396
31 115
31 45
31 16
31 106
31 368
31 150
31 371
31 378
31 443
31 461
31 512
32 66
32 168
32 497
32 266
32 117
32 131
32 314
32 29
32 192
32 342
32 396
32 450
33 500
33 369
33 61
33 2
33 46
33 538
33 195
33 526
33 97
33 137
33 151
33 187
33 209
33 216
33 274
33 300
34 309
34 516
34 592
34 270
34 3
34 540
34 439
34 88
34 121
34 132
34 150
34 152
34 346
34 426
34 458
34 517
34 568
35 507
35 468
35 38
35 194
35 223
35 575
35 115
35 15
35 215
35 259
35 394
35 574
36 342
36 136
36 144
36 211
36 571
36 116
36 591
36 528
36 24
36 105
36 155
36 331
36 460
37 387
37 317
37 489
37 177
37 580
37 576
37 470
37 353
37 244
37 285
37 344
37 383
37 393
37 404
37 421
38 519
38 383
38 214
38 293
38 414
38 35
38 174
38 359
38 372
38 541
38 558
39 489
39 78
39 195
39 400
39 485
39 114
39 84
39 126
39 157
39 167
39 260
39 262
39 414
39 415
39 454
39 510
39 537
40 481
40 321
40 461
40 560
40 412
40 99
40 74
40 96
40 157
40 240
40 289
40 382
40 428
40 476
40 565
41 381
41 183
41 395
41 206
41 23
41 77
41 126
41 272
41 2
41 60
41 92
41 103
41 341
41 355
41 427
41 463
41 520
41 536
41 576
42 506
42 110
42 553
42 6
42 83
42 200
42 397
42 288
42 17
42 314
42 478
42 561
43 446
43 388
43 21
43 554
43 237
43 195
43 246
43 283
43 58
43 64
43 229
43 345
43 384
43 486
43 574
44 319
44 348
44 150
44 296
44 97
44 19
44 176
44 451
45 550
45 559
45 31
45 95
45 265
45 385
45 514
46 514
46 75
46 435
46 112
46 174
46 101
46 476
46 524
46 17
46 33
46 50
46 51
46 63
46 99
46 158
46 262
46 361
46 445
46 511
46 559
46 577
46 586
47 307
47 480
47 512
47 261
47 206
47 518
47 451
47 344
47 63
47 107
47 212
47 380
47 507
48 3
48 26
48 61
48 230
48 185
48 299
48 423
48 314
48 118
48 151
48 210
48 222
48 239
48 332
48 428
48 542
48 585
49 85
49 217
49 449
49 268
49 18
49 69
49 184
49 193
49 283
49 337
49 349
49 428
49 461
49 519
49 594
49 597
50 92
50 535
50 133
50 109
50 46
50 156
50 129
50 375
50 66
50 89
50 122
50 321
50 560
51 547
51 270
51 516
51 204
51 46
51 220
51 188
51 195
51 74
51 90
51 112
51 155
51 401
51 416
51 491
51 589
52 119
52 468
52 502
52 520
52 318
52 208
52 244
52 576
53 158
53 475
53 332
53 365
53 181
53 5
53 556
53 94
53 146
53 315
53 316
53 317
53 326
53 349
54 61
54 581
54 479
54 15
54 175
54 280
54 287
54 2
54 283
54 314
55 555
55 353
55 442
55 1
55 495
55 151
55 78
55 100
55 148
55 223
55 372
55 377
56 522
56 309
56 204
56 131
56 479
56 80
56 372
56 10
56 59
56 149
56 159
56 337
56 357
57 452
57 253
57 417
57 468
57 323
57 270
57 490
57 154
57 21
57 112
57 185
57 269
57 532
57 565
58 136
58 562
58 43
58 512
58 373
58 194
58 215
58 244
58 336
58 369
58 377
59 490
59 117
59 311
59 56
59 547
59 471
59 350
59 375
59 188
59 273
59 301
59 332
59 383
59 512
59 596
60 13
60 519
60 85
60 41
60 549
60 435
60 574
60 544
60 27
60 83
60 187
60 356
60 376
60 378
60 399
60 481
60 583
60 592
61 263
61 62
61 422
61 114
61 190
61 512
61 556
61 323
61 7
61 33
61 48
61 54
61 109
61 177
61 525
62 328
62 191
62 300
62 514
62 339
62 269
62 461
62 110
62 61
62 285
63 339
63 46
63 47
63 579
63 501
63 329
63 549
63 568
63 361
63 374
63 388
63 399
63 434
63 506
63 514
63 518
63 548
63 560
64 368
64 224
64 96
64 540
64 43
64 119
64 455
64 242
64 13
64 73
64 172
64 182
64 328
64 341
64 352
64 388
64 497
64 591
65 554
65 229
65 210
65 474
65 72
65 133
65 541
65 348
65 441
65 444
65 543
66 436
66 86
66 95
66 458
66 450
66 50
66 26
66 180
66 32
66 104
66 115
66 148
66 170
66 301
66 385
66 463
67 140
67 153
67 357
67 442
67 102
67 149
67 299
67 75
67 424
67 430
67 465
67 568
68 526
68 168
68 391
68 344
68 281
68 382
68 311
68 498
68 186
68 225
68 452
68 475
68 570
68 590
68 599
69 234
69 510
69 369
69 70
69 453
69 495
69 482
69 435
69 7
69 49
69 212
69 214
69 277
69 288
70 484
70 202
70 430
70 578
70 221
70 294
70 507
70 288
70 69
70 103
70 259
70 314
70 385
70 557
70 566
71 166
71 370
71 255
71 176
71 236
71 386
71 312
71 322
71 99
71 358
71 411
71 478
72 283
72 11
72 317
72 434
72 21
72 476
72 374
72 13
72 65
72 350
72 363
72 417
72 462
72 465
72 486
72 491
72 500
72 519
73 474
73 546
73 395
73 281
73 386
73 64
73 347
73 435
73 10
73 176
73 179
73 367
73 390
73 400
73 587
74 239
74 276
74 40
74 465
74 565
74 51
74 598
74 453
74 532
74 572
75 278
75 196
75 88
75 520
75 235
75 429
75 502
75 281
75 17
75 46
75 67
75 90
75 139
75 220
75 401
75 460
75 492
75 530
75 549
76 390
76 338
76 329
76 513
76 358
76 112
76 599
76 442
76 340
76 415
77 474
77 185
77 26
77 495
77 536
77 244
77 590
77 15
77 41
77 183
77 235
77 281
77 384
78 199
78 590
78 55
78 3
78 251
78 243
78 279
78 442
78 18
78 39
78 93
78 112
78 116
78 509
79 242
79 401
79 116
79 205
79 409
79 540
79 597
79 127
79 312
79 313
79 346
79 349
79 417
79 428
79 430
79 438
80 509
80 15
80 461
80 56
80 195
80 295
80 399
80 424
80 474
80 520
80 567
81 194
81 24
81 312
81 288
81 492
81 479
81 404
81 13
81 263
81 577
82 264
82 466
82 516
82 496
82 297
82 102
82 127
82 145
82 156
82 272
82 273
82 445
82 457
82 564
83 465
83 111
83 60
83 152
83 368
83 240
83 349
83 42
83 142
83 216
83 236
83 298
83 399
83 481
83 521
83 528
83 564
84 512
84 39
84 391
84 289
84 30
84 471
84 18
84 97
84 116
84 293
84 300
84 328
84 408
85 165
85 305
85 313
85 487
85 527
85 557
85 455
85 151
85 49
85 60
85 128
85 156
85 389
85 408
85 535
86 337
86 267
86 397
86 548
86 573
86 553
86 375
86 391
86 66
86 168
86 217
86 413
86 483
86 542
87 222
87 104
87 571
87 339
87 97
87 491
87 326
87 241
87 211
87 311
88 99
88 425
88 321
88 34
88 75
88 202
88 248
88 312
89 581
89 226
89 454
89 566
89 571
89 50
89 302
89 281
89 103
89 324
89 412
89 465
89 475
89 573
90 324
90 397
90 516
90 183
90 75
90 252
90 360
90 51
90 237
91 398
91 316
91 361
91 472
91 302
91 443
91 383
91 18
91 23
91 201
91 346
91 423
91 441
92 30
92 41
92 179
92 568
92 282
92 50
92 316
92 375
93 213
93 96
93 197
93 465
93 153
93 574
93 78
93 284
93 26
93 269
93 291
93 298
93 408
93 576
94 501
94 284
94 202
94 488
94 483
94 345
94 413
94 597
94 9
94 53
94 124
94 210
94 295
94 313
94 323
95 359
95 45
95 512
95 503
95 106
95 536
95 9
95 20
95 66
95 161
95 166
95 171
95 427
95 435
96 40
96 212
96 8
96 434
96 206
96 456
96 388
96 426
96 64
96 93
96 215
96 253
96 264
96 270
96 279
96 585
97 33
97 453
97 480
97 84
97 418
97 501
97 261
97 317
97 24
97 44
97 87
97 188
97 373
97 397
98 109
98 110
98 286
98 406
98 363
98 364
98 177
98 207
98 294
98 358
98 359
98 392
98 556
99 583
99 46
99 211
99 71
99 133
99 464
99 260
99 40
99 88
99 139
99 164
99 259
99 278
99 506
100 594
100 55
100 322
100 117
100 291
100 592
100 12
100 127
100 10
100 26
100 27
100 325
100 335
100 482
100 545
101 341
101 108
101 456
101 2
101 11
101 354
101 596
101 406
101 46
101 284
101 511
101 542
102 315
102 26
102 137
102 226
102 456
102 310
102 464
102 490
102 4
102 67
102 82
102 162
102 293
102 342
102 343
102 441
102 498
103 89
103 41
103 377
103 219
103 249
103 70
103 161
103 182
103 242
103 264
103 274
103 292
103 325
103 595
104 181
104 497
104 424
104 126
104 66
104 457
104 87
104 134
104 429
104 435
104 487
104 517
105 493
105 21
105 36
105 217
105 589
105 545
105 13
105 409
105 193
105 307
105 331
105 451
105 555
106 358
106 126
106 29
106 486
106 23
106 31
106 95
106 158
106 209
106 262
106 294
106 428
106 465
106 559
107 449
107 441
107 47
107 304
107 227
107 256
107 428
107 234
107 144
107 158
107 196
107 270
107 402
107 465
108 588
108 498
108 507
108 114
108 411
108 378
108 308
108 9
108 101
108 204
108 249
108 262
108 356
108 424
108 451
108 558
109 480
109 326
109 435
109 385
109 229
109 61
109 373
109 567
109 50
109 98
109 334
109 344
109 553
110 511
110 282
110 420
110 158
110 321
110 19
110 360
110 473
110 24
110 42
110 62
110 98
110 154
110 203
110 260
110 285
110 411
110 417
110 456
110 471
110 529
110 535
110 555
111 520
111 497
111 277
111 300
111 487
111 318
111 24
111 83
111 123
111 378
111 480
112 322
112 595
112 57
112 188
112 51
112 160
112 78
112 337
112 9
112 46
112 76
112 225
112 278
112 282
112 362
112 429
112 468
112 520
112 584
112 588
112 597
113 473
113 286
113 24
113 220
113 551
113 582
114 397
114 17
114 393
114 390
114 264
114 39
114 61
114 108
114 336
114 375
114 577
114 597
115 66
115 148
115 31
115 35
115 452
115 579
116 78
116 346
116 117
116 84
116 207
116 351
116 522
116 391
116 22
116 30
116 36
116 79
116 434
116 587
117 585
117 533
117 399
117 429
117 163
117 244
117 176
117 555
117 32
117 59
117 100
117 116
117 126
117 134
117 148
117 251
117 287
118 166
118 209
118 413
118 440
118 140
118 2
118 540
118 48
118 300
118 327
118 538
118 590
119 414
119 144
119 26
119 139
119 409
119 298
119 212
119 282
119 52
119 64
119 180
119 271
120 457
120 179
120 572
120 186
120 302
120 584
120 7
120 181
120 312
120 347
120 399
121 34
121 141
121 567
121 122
121 402
121 8
121 283
121 178
121 26
121 208
121 488
121 521
121 538
122 572
122 301
122 141
122 417
122 378
122 277
122 50
122 584
122 121
122 291
122 325
122 455
122 460
122 508
123 475
123 111
123 461
123 308
123 332
123 236
123 239
123 450
123 193
123 479
124 315
124 570
124 375
124 221
124 367
124 414
124 94
124 489
124 28
124 355
124 383
124 431
124 439
125 395
125 421
125 586
125 379
125 543
125 223
125 216
125 373
125 181
125 257
125 265
125 368
125 380
125 514
125 588
126 419
126 353
126 273
126 117
126 218
126 324
126 39
126 1
126 41
126 104
126 106
126 383
126 494
126 500
126 508
126 516
126 531
126 534
126 540
127 376
127 206
127 82
127 18
127 318
127 10
127 4
127 464
127 79
127 100
127 153
127 280
127 306
127 313
127 405
127 482
127 568
127 594
127 599
128 22
128 332
128 139
128 132
128 537
128 85
128 408
128 593
128 21
128 155
128 160
128 219
128 220
128 289
128 374
128 425
128 472
129 351
129 172
129 416
129 542
129 487
129 142
129 430
129 471
129 6
129 50
129 232
129 570
130 423
130 154
130 501
130 524
130 366
130 462
130 467
130 499
130 200
130 206
130 219
130 248
130 287
130 319
130 407
130 522
131 304
131 202
131 409
131 477
131 482
131 483
131 371
131 32
131 56
131 267
131 488
131 566
132 512
132 388
132 23
132 595
132 430
132 34
132 161
132 128
132 256
132 322
132 339
132 381
132 403
132 542
133 423
133 503
133 213
133 530
133 245
133 304
133 467
133 1
133 50
133 65
133 99
133 137
133 227
133 239
133 279
133 290
133 351
133 406
133 483
134 358
134 421
134 171
134 413
134 117
134 104
134 556
134 11
134 163
134 207
134 506
135 333
135 536
135 472
135 315
135 395
135 138
135 544
135 432
135 137
135 207
135 359
136 29
136 495
136 300
136 36
136 58
136 306
136 346
136 382
136 384
137 33
137 133
137 309
137 547
137 135
137 187
137 236
137 426
137 102
137 148
137 169
137 170
137 261
137 357
137 418
137 497
137 532
138 528
138 160
138 337
138 587
138 426
138 171
138 135
138 202
138 222
138 355
139 75
139 13
139 278
139 582
139 99
139 553
139 141
139 220
139 119
139 128
139 166
139 207
139 372
139 385
139 455
139 561
140 540
140 152
140 435
140 319
140 238
140 250
140 213
140 487
140 6
140 67
140 118
140 318
140 381
140 400
140 518
141 420
141 462
141 399
141 408
141 425
141 121
141 122
141 139
141 187
141 251
141 344
141 358
141 499
142 259
142 175
142 447
142 194
142 83
142 129
142 161
142 169
142 290
142 422
142 435
142 540
142 550
142 558
143 328
143 174
143 506
143 414
143 28
143 171
143 167
143 373
143 207
143 229
143 300
143 318
143 423
143 491
144 156
144 572
144 107
144 157
144 317
144 363
144 385
144 36
144 119
144 213
144 256
144 514
144 522
144 541
145 453
145 256
145 16
145 559
145 261
145 82
145 385
145 562
145 179
145 203
145 365
145 410
145 546
145 560
145 569
146 561
146 299
146 351
146 328
146 53
146 154
146 424
146 556
146 583
147 577
147 368
147 291
147 582
147 185
147 451
147 158
147 193
147 212
147 219
147 261
148 66
148 442
148 137
148 117
148 484
148 166
148 375
148 55
148 115
148 154
148 176
148 186
148 230
148 250
148 284
148 310
148 326
148 358
149 503
149 350
149 574
149 532
149 276
149 56
149 499
149 577
149 67
149 153
149 296
149 302
149 510
149 523
149 585
150 20
150 247
150 413
150 395
150 541
150 181
150 34
150 31
150 44
150 179
150 221
150 369
150 527
150 587
151 516
151 33
151 508
151 48
151 224
151 346
151 433
151 234
151 55
151 85
151 257
151 526
152 581
152 230
152 34
152 484
152 450
152 416
152 514
152 181
152 22
152 83
152 140
152 328
152 330
152 359
152 361
152 430
152 515
153 162
153 534
153 248
153 165
153 221
153 178
153 127
153 149
153 10
153 26
153 67
153 93
153 205
153 242
153 388
153 466
153 588
154 323
154 307
154 552
154 148
154 11
154 110
154 146
154 598
154 57
154 130
154 162
154 220
154 343
154 476
154 538
154 539
154 596
155 600
155 333
155 128
155 424
155 579
155 318
155 36
155 51
155 195
155 409
156 82
156 293
156 171
156 292
156 399
156 417
156 85
156 363
156 50
156 144
156 247
156 281
156 330
156 339
156 365
156 523
157 476
157 40
157 39
157 276
157 158
157 394
157 144
157 413
157 460
157 523
157 533
157 542
157 556
158 106
158 485
158 46
158 250
158 147
158 305
158 280
158 107
158 9
158 16
158 53
158 110
158 157
158 279
158 510
159 552
159 353
159 242
159 187
159 56
159 295
159 482
159 528
159 258
159 310
159 364
159 368
159 425
159 478
159 537
160 293
160 517
160 556
160 524
160 128
160 112
160 138
160 261
160 301
160 302
160 510
160 539
160 557
160 578
161 213
161 95
161 326
161 142
161 340
161 522
161 103
161 442
161 132
161 174
161 370
161 535
161 544
162 238
162 19
162 564
162 358
162 154
162 184
162 102
162 361
162 16
162 153
162 283
162 450
162 547
162 572
163 25
163 234
163 239
163 515
163 407
163 468
163 12
163 134
163 117
163 348
163 367
164 440
164 447
164 553
164 469
164 291
164 99
164 189
164 304
164 437
165 520
165 197
165 242
165 20
165 85
165 153
165 286
165 419
165 500
165 550
166 318
166 438
166 439
166 139
166 342
166 552
166 416
166 95
166 71
166 118
166 148
166 222
166 424
166 432
166 448
167 39
167 334
167 292
167 489
167 421
167 25
167 143
167 236
167 397
167 431
167 488
167 501
168 358
168 86
168 523
168 541
168 419
168 32
168 68
168 299
168 324
168 509
169 142
169 137
169 375
169 574
169 301
169 557
169 364
169 431
169 379
169 419
169 432
169 506
169 548
170 278
170 275
170 390
170 550
170 137
170 185
170 217
170 66
170 189
170 203
170 482
170 511
170 534
170 549
170 572
171 353
171 330
171 95
171 193
171 251
171 134
171 138
171 143
171 156
171 215
171 370
171 400
171 518
172 476
172 401
172 444
172 388
172 258
172 209
172 64
172 581
172 129
172 199
172 255
172 571
173 294
173 343
173 486
173 195
173 554
173 295
173 228
173 230
173 269
173 410
173 438
173 524
173 528
174 187
174 38
174 161
174 271
174 201
174 255
174 423
174 561
174 46
174 143
174 377
174 425
175 24
175 356
175 251
175 290
175 281
175 54
175 142
175 218
175 285
175 368
176 235
176 425
176 279
176 393
176 373
176 73
176 44
176 148
176 71
176 117
176 218
176 267
176 367
176 369
176 427
176 498
176 528
177 61
177 20
177 37
177 98
177 253
177 324
177 353
177 597
178 287
178 250
178 353
178 549
178 501
178 121
178 153
178 215
178 449
179 303
179 595
179 596
179 339
179 73
179 145
179 150
179 390
179 21
179 92
179 120
179 448
179 477
179 513
180 437
180 329
180 583
180 525
180 352
180 466
180 119
180 366
180 66
180 209
180 264
180 394
180 411
180 498
180 571
181 182
181 264
181 125
181 120
181 450
181 437
181 195
181 53
181 104
181 150
181 152
181 376
181 412
181 424
181 543
181 557
182 192
182 103
182 521
182 64
182 213
182 453
182 476
182 240
182 181
182 348
182 501
183 573
183 77
183 41
183 90
183 241
183 266
183 307
183 327
183 348
183 349
183 392
183 461
184 49
184 28
184 162
184 382
184 498
185 469
185 509
185 199
185 417
185 57
185 12
185 48
185 77
185 147
185 170
185 253
185 278
185 332
185 341
185 367
185 449
185 484
185 497
185 569
185 595
186 348
186 271
186 506
186 319
186 573
186 68
186 148
186 578
186 120
186 278
186 372
186 387
187 386
187 60
187 33
187 241
187 141
187 429
187 453
187 223
187 137
187 159
187 174
187 191
187 268
187 282
187 333
187 457
187 463
187 466
188 288
188 600
188 59
188 405
188 97
188 540
188 51
188 112
188 190
188 226
188 475
188 484
189 277
189 476
189 170
189 514
189 484
189 164
189 583
189 201
189 204
189 280
189 334
189 369
189 381
189 478
189 584
189 599
190 233
190 495
190 414
190 321
190 385
190 362
190 188
190 208
190 61
190 199
190 271
190 273
190 339
190 396
190 562
190 575
191 475
191 368
191 187
191 469
191 19
191 62
191 267
191 295
191 325
191 354
191 386
191 472
192 513
192 579
192 32
192 241
192 595
192 305
192 478
192 259
192 15
192 182
192 495
193 399
193 49
193 123
193 398
193 147
193 255
193 478
193 105
193 171
193 440
193 547
194 561
194 580
194 239
194 58
194 35
194 81
194 142
194 242
194 468
194 552
194 557
194 570
194 582
195 155
195 452
195 80
195 260
195 33
195 39
195 43
195 51
195 173
195 181
195 221
195 250
195 461
195 490
195 532
195 560
196 424
196 202
196 355
196 435
196 107
196 546
196 75
196 212
196 225
196 232
196 366
196 430
196 510
196 519
197 211
197 410
197 593
197 282
197 23
197 15
197 25
197 269
197 93
197 165
197 275
197 332
197 444
197 451
197 470
197 561
198 475
198 297
198 423
198 506
199 172
199 589
199 388
199 25
199 14
199 402
199 190
199 331
199 6
199 28
199 78
199 185
199 210
199 266
199 295
199 340
199 351
199 397
199 433
199 460
199 471
199 499
199 517
200 130
200 368
200 518
200 564
200 332
200 566
200 346
200 384
200 42
200 423
200 458
200 481
201 228
201 469
201 344
201 189
201 353
201 459
201 91
201 254
201 174
201 216
201 257
201 299
201 308
201 342
201 355
201 377
201 458
201 472
201 526
202 261
202 587
202 88
202 138
202 236
202 443
202 265
202 70
202 94
202 131
202 196
202 271
202 332
202 426
202 439
202 519
202 537
203 301
203 402
203 507
203 110
203 145
203 170
203 286
203 508
203 249
203 330
203 417
203 486
203 574
204 320
204 587
204 189
204 108
204 357
204 51
204 56
204 249
204 311
204 397
204 539
204 575
204 599
205 411
205 242
205 472
205 571
205 505
205 352
205 13
205 153
205 79
205 397
205 414
205 546
206 240
206 330
206 323
206 252
206 130
206 13
206 41
206 47
206 96
206 127
206 345
206 561
207 290
207 134
207 139
207 98
207 143
207 576
207 360
207 135
207 5
207 116
207 252
207 295
207 312
207 352
207 355
207 358
207 384
207 452
208 121
208 7
208 289
208 349
208 283
208 52
208 271
208 333
208 190
208 231
208 284
208 421
208 463
209 587
209 421
209 346
209 180
209 106
209 33
209 332
209 300
209 27
209 118
209 172
209 228
209 242
209 313
209 316
209 387
209 572
210 199
210 388
210 274
210 48
210 439
210 229
210 537
210 94
210 65
210 223
210 237
210 335
210 364
210 487
210 545
211 358
211 501
211 463
211 245
211 442
211 87
211 262
211 15
211 16
211 36
211 99
211 197
211 226
211 275
211 330
211 448
211 562
212 196
212 47
212 423
212 69
212 147
212 229
212 2
212 381
212 96
212 119
212 392
212 501
212 513
212 514
212 518
213 343
213 389
213 321
213 381
213 144
213 18
213 379
213 427
213 93
213 133
213 140
213 161
213 182
213 268
213 341
213 362
213 486
213 553
213 556
213 588
214 565
214 537
214 413
214 389
214 2
214 69
214 474
214 505
214 38
214 486
214 566
215 313
215 171
215 35
215 178
215 96
215 58
215 25
215 232
215 440
215 504
215 505
215 513
216 83
216 457
216 454
216 224
216 554
216 467
216 201
216 33
216 125
216 308
216 315
216 331
216 453
216 501
216 600
217 313
217 86
217 376
217 3
217 49
217 105
217 170
217 266
217 271
218 424
218 380
218 175
218 240
218 176
218 484
218 540
218 414
218 24
218 126
218 227
218 281
218 551
219 485
219 291
219 128
219 255
219 372
219 446
219 147
219 130
219 24
219 103
219 261
219 354
219 484
219 503
219 566
220 75
220 113
220 491
220 316
220 154
220 128
220 405
220 30
220 51
220 139
220 317
220 600
221 150
221 498
221 261
221 557
221 195
221 70
221 124
221 153
221 246
221 283
221 300
221 418
221 565
221 568
221 570
222 534
222 550
222 138
222 249
222 354
222 546
222 48
222 166
222 11
222 87
222 226
222 318
222 334
222 398
222 479
222 568
223 571
223 595
223 318
223 10
223 55
223 600
223 479
223 210
223 35
223 125
223 187
223 253
223 394
223 405
224 588
224 339
224 408
224 412
224 259
224 248
224 64
224 151
224 216
224 326
224 394
224 405
224 434
224 439
225 68
225 329
225 552
225 518
225 380
225 466
225 112
225 196
225 312
225 350
226 577
226 267
226 211
226 330
226 278
226 188
226 222
226 89
226 102
226 398
226 562
227 457
227 133
227 248
227 478
227 218
227 317
227 289
227 107
227 314
227 442
227 453
227 563
228 401
228 533
228 309
228 392
228 173
228 235
228 209
228 438
228 201
228 240
228 267
228 269
228 270
228 557
229 143
229 353
229 43
229 320
229 293
229 4
229 287
229 462
229 65
229 109
229 210
229 212
229 587
229 599
230 394
230 173
230 262
230 395
230 148
230 48
230 152
230 365
230 442
230 553
230 573
231 267
231 208
231 406
231 286
231 389
231 402
231 410
231 414
231 433
231 479
231 494
231 546
232 129
232 215
232 352
232 469
232 591
232 196
232 273
232 322
233 474
233 267
233 510
233 507
233 590
233 20
233 190
233 350
233 375
233 389
233 437
233 517
233 552
234 17
234 3
234 5
234 15
234 69
234 107
234 151
234 163
234 437
234 512
234 520
235 539
235 77
235 297
235 551
235 547
235 488
235 13
235 75
235 176
235 228
235 276
235 294
235 411
235 445
235 475
235 549
236 432
236 83
236 480
236 424
236 167
236 344
236 71
236 123
236 137
236 202
236 272
236 324
236 328
236 456
236 490
236 582
237 210
237 270
237 518
237 587
237 90
237 308
237 43
237 249
237 459
237 517
237 565
238 263
238 435
238 580
238 347
238 140
238 162
238 331
238 520
238 538
238 598
239 251
239 444
239 133
239 575
239 48
239 545
239 536
239 11
239 21
239 74
239 123
239 163
239 194
239 248
239 511
240 360
240 40
240 292
240 228
240 396
240 444
240 582
240 569
240 83
240 182
240 206
240 218
240 336
240 390
240 572
241 183
241 348
241 596
241 443
241 530
241 428
241 291
241 87
241 187
241 192
241 292
241 313
241 405
241 539
241 540
242 576
242 103
242 598
242 209
242 194
242 277
242 153
242 266
242 3
242 64
242 79
242 159
242 165
242 205
242 302
242 312
242 419
242 484
242 491
243 19
243 78
243 279
243 356
243 378
243 399
244 58
244 52
244 489
244 306
244 552
244 7
244 305
244 37
244 77
244 117
244 403
244 442
244 490
245 6
245 442
245 575
245 585
245 342
245 427
245 29
245 133
245 211
245 354
245 406
245 480
245 509
245 522
246 221
246 250
246 43
246 500
247 156
247 472
247 331
247 369
247 445
247 491
247 437
247 579
247 150
247 348
247 496
247 507
248 377
248 88
248 261
248 130
248 239
248 322
248 153
248 224
248 227
248 285
248 516
248 521
248 525
249 443
249 2
249 204
249 203
249 237
249 108
249 12
249 103
249 222
249 276
249 336
249 367
249 369
249 425
249 455
249 555
250 148
250 577
250 195
250 140
250 158
250 178
250 246
250 286
250 344
251 482
251 537
251 387
251 510
251 117
251 299
251 141
251 437
251 78
251 171
251 175
251 239
251 290
251 325
251 328
251 504
251 517
251 594
252 464
252 549
252 367
252 451
252 458
252 476
252 296
252 207
252 90
252 206
252 324
252 359
252 397
252 402
253 185
253 573
253 223
253 316
253 96
253 177
253 6
253 57
253 563
253 596
254 335
254 30
254 201
254 414
254 463
254 546
255 305
255 323
255 172
255 347
255 375
255 316
255 410
255 288
255 9
255 71
255 174
255 193
255 219
255 272
255 456
256 446
256 412
256 144
256 333
256 291
256 520
256 302
256 132
256 3
256 13
256 107
256 145
256 269
256 404
256 431
257 201
257 490
257 596
257 451
257 355
257 151
257 477
257 125
257 278
257 284
257 290
257 333
257 378
257 385
258 159
258 10
258 441
258 560
258 354
258 172
258 417
259 330
259 70
259 99
259 35
259 571
259 142
259 192
259 224
260 110
260 39
260 424
260 1
260 99
260 195
260 324
260 449
261 370
261 369
261 219
261 147
261 308
261 160
261 380
261 137
261 47
261 97
261 145
261 202
261 221
261 248
261 331
261 478
261 547
262 277
262 470
262 551
262 39
262 46
262 106
262 108
262 431
262 211
262 230
262 477
262 510
262 533
262 548
262 566
263 272
263 411
263 332
263 81
263 61
263 238
263 418
263 438
263 450
263 461
264 103
264 273
264 481
264 96
264 356
264 520
264 340
264 180
264 82
264 114
264 181
264 299
264 421
264 488
264 515
264 521
264 560
264 592
265 310
265 463
265 357
265 339
265 26
265 125
265 45
265 202
265 412
265 469
265 556
265 583
266 217
266 506
266 199
266 570
266 377
266 446
266 183
266 340
266 32
266 242
266 313
266 508
266 516
267 313
267 466
267 176
267 131
267 228
267 191
267 268
267 378
267 86
267 226
267 231
267 233
267 304
267 318
267 324
267 386
267 387
267 410
268 514
268 213
268 491
268 187
268 9
268 11
268 376
268 325
268 49
268 267
268 323
268 448
268 586
269 57
269 354
269 564
269 228
269 256
269 93
269 305
269 173
269 62
269 197
269 281
269 364
269 410
269 473
270 531
270 228
270 96
270 537
270 451
270 509
270 366
270 107
270 34
270 51
270 57
270 237
270 274
270 304
270 356
270 585
271 202
271 190
271 119
271 518
271 17
271 217
271 598
271 490
271 174
271 186
271 208
271 277
271 339
271 503
271 571
272 255
272 362
272 82
272 281
272 405
272 236
272 537
272 41
272 263
272 315
272 349
272 406
272 562
272 591
273 190
273 82
273 232
273 276
273 59
273 497
273 426
273 543
273 126
273 264
273 351
273 478
273 541
273 563
274 358
274 302
274 103
274 270
274 33
274 482
274 369
274 6
274 21
274 210
274 300
274 596
275 197
275 290
275 554
275 378
275 211
275 359
275 25
275 170
275 321
275 379
275 510
275 512
275 528
276 522
276 394
276 366
276 249
276 235
276 419
276 443
276 315
276 74
276 149
276 157
276 273
276 570
277 549
277 271
277 456
277 69
277 328
277 111
277 122
277 189
277 242
277 262
277 285
277 305
277 482
278 112
278 505
278 257
278 553
278 185
278 99
278 479
278 186
278 75
278 139
278 170
278 226
278 346
278 377
278 507
278 591
279 440
279 158
279 437
279 486
279 96
279 133
279 384
279 243
279 78
279 176
279 551
280 439
280 189
280 523
280 127
280 502
280 539
280 524
280 485
280 54
280 158
280 292
280 315
280 469
280 472
280 515
281 407
281 479
281 269
281 218
281 399
281 156
281 446
281 77
281 68
281 73
281 75
281 89
281 175
281 272
281 519
281 542
282 311
282 112
282 187
282 287
282 507
282 308
282 290
282 92
282 110
282 119
282 197
282 342
282 452
282 495
282 499
282 529
283 221
283 54
283 446
283 333
283 49
283 162
283 12
283 43
283 72
283 121
283 208
283 441
283 573
284 376
284 148
284 101
284 296
284 208
284 377
284 498
284 257
284 93
284 94
284 314
284 353
284 446
284 450
285 62
285 277
285 248
285 175
285 367
285 600
285 37
285 110
285 353
285 390
285 484
285 514
285 527
286 165
286 250
286 10
286 8
286 231
286 98
286 113
286 203
286 408
286 438
286 574
286 585
287 455
287 130
287 525
287 479
287 596
287 400
287 350
287 117
287 54
287 178
287 229
287 282
287 306
287 314
287 328
287 409
287 568
288 400
288 439
288 335
288 69
288 340
288 17
288 42
288 70
288 81
288 188
288 255
288 323
288 342
288 357
288 382
288 536
289 517
289 128
289 40
289 374
289 398
289 368
289 84
289 208
289 227
289 408
289 476
289 513
289 516
289 543
290 16
290 569
290 133
290 142
290 454
290 572
290 251
290 257
290 175
290 207
290 275
290 282
290 344
290 349
290 351
290 401
291 580
291 460
291 356
291 122
291 405
291 393
291 370
291 93
291 100
291 147
291 164
291 219
291 241
291 256
291 328
291 379
291 443
291 565
292 280
292 375
292 103
292 410
292 512
292 335
292 311
292 241
292 156
292 167
292 240
292 464
292 467
293 580
293 323
293 102
293 540
293 419
293 5
293 84
293 304
293 38
293 156
293 160
293 229
293 296
293 354
293 381
293 583
294 385
294 98
294 25
294 106
294 235
294 19
294 70
294 173
294 310
294 490
294 562
294 564
295 494
295 94
295 199
295 191
295 80
295 319
295 470
295 207
295 159
295 173
295 439
295 468
295 527
295 545
295 579
296 388
296 293
296 149
296 20
296 44
296 252
296 284
296 481
297 471
297 198
297 18
297 26
297 82
297 235
297 361
297 465
297 513
297 575
298 409
298 93
298 337
298 536
298 555
298 596
298 83
298 397
298 119
298 352
298 600
299 168
299 264
299 551
299 595
299 529
299 387
299 201
299 571
299 48
299 67
299 146
299 251
299 322
299 343
299 377
299 409
299 424
300 84
300 118
300 435
300 143
300 33
300 221
300 367
300 274
300 62
300 111
300 136
300 209
300 377
300 536
300 549
300 563
300 595
301 160
301 504
301 21
301 445
301 66
301 59
301 589
301 494
301 122
301 169
301 203
301 384
301 392
302 242
302 149
302 160
302 450
302 575
302 576
302 24
302 384
302 89
302 91
302 120
302 256
302 274
303 334
303 565
303 179
303 397
303 439
303 514
303 554
304 343
304 533
304 164
304 559
304 267
304 270
304 541
304 107
304 131
304 133
304 293
304 368
304 437
304 483
305 27
305 438
305 348
305 369
305 23
305 313
305 535
305 277
305 85
305 158
305 192
305 244
305 255
305 269
305 452
305 560
305 572
306 136
306 287
306 463
306 457
306 466
306 563
306 550
306 127
306 30
306 244
306 405
306 522
307 105
307 587
307 341
307 538
307 390
307 314
307 183
307 47
307 154
307 321
307 548
308 201
308 216
308 322
308 584
308 108
308 123
308 237
308 261
308 282
308 441
309 510
309 441
309 535
309 332
309 539
309 513
309 536
309 8
309 22
309 34
309 56
309 137
309 228
309 410
309 476
309 487
310 15
310 483
310 388
310 508
310 294
310 328
310 159
310 148
310 102
310 265
310 577
311 421
311 204
311 87
311 59
311 68
311 282
311 292
311 320
311 472
312 79
312 242
312 88
312 207
312 589
312 120
312 225
312 440
312 7
312 71
312 81
312 389
312 434
312 518
313 94
313 587
313 79
313 127
313 209
313 241
313 506
313 266
313 85
313 215
313 217
313 267
313 305
313 562
314 10
314 70
314 42
314 284
314 497
314 287
314 54
314 227
314 2
314 32
314 48
314 307
314 317
314 319
314 406
314 443
314 482
314 493
314 565
314 589
315 280
315 480
315 22
315 416
315 272
315 216
315 447
315 53
315 102
315 124
315 135
315 276
315 472
315 500
316 27
316 53
316 442
316 209
316 359
316 92
316 5
316 91
316 220
316 253
316 255
316 374
316 382
316 466
317 1
317 500
317 584
317 429
317 53
317 404
317 220
317 314
317 37
317 72
317 97
317 144
317 227
317 348
317 533
318 222
318 516
318 267
318 3
318 140
318 143
318 511
318 30
318 52
318 111
318 127
318 155
318 166
318 223
318 398
318 432
319 314
319 463
319 130
319 458
319 587
319 420
319 44
319 140
319 186
319 295
319 370
319 386
319 469
319 598
320 504
320 311
320 333
320 566
320 551
320 2
320 467
320 340
320 204
320 229
320 321
320 343
320 390
320 392
320 406
320 407
320 470
320 495
321 307
321 275
321 460
321 320
321 515
321 450
321 50
321 345
321 20
321 40
321 88
321 110
321 190
321 213
321 391
321 417
322 595
322 331
322 394
322 132
322 232
322 299
322 588
322 471
322 25
322 71
322 100
322 112
322 248
322 308
322 329
322 347
322 361
322 364
322 545
322 556
322 561
323 541
323 268
323 432
323 94
323 288
323 550
323 28
323 29
323 57
323 61
323 154
323 206
323 255
323 293
323 380
323 441
323 571
324 177
324 260
324 89
324 252
324 236
324 168
324 267
324 543
324 90
324 126
324 402
324 426
325 103
325 100
325 251
325 477
325 122
325 583
325 27
325 191
325 268
325 327
325 534
326 224
326 576
326 583
326 53
326 453
326 148
326 3
326 19
326 87
326 109
326 161
326 404
326 437
326 533
326 551
327 581
327 543
327 568
327 325
327 118
327 433
327 534
327 183
327 391
327 479
328 287
328 291
328 361
328 152
328 251
328 84
328 236
328 64
328 62
328 143
328 146
328 277
328 310
328 347
328 409
328 418
328 487
328 490
328 555
328 591
329 429
329 322
329 63
329 76
329 180
329 225
329 368
329 487
329 506
330 203
330 152
330 156
330 576
330 427
330 211
330 599
330 600
330 171
330 206
330 226
330 259
330 414
331 238
331 105
331 36
331 344
331 410
331 357
331 216
331 261
331 14
331 199
331 247
331 322
331 333
331 458
331 520
332 343
332 48
332 59
332 464
332 202
332 197
332 185
332 508
332 53
332 123
332 128
332 200
332 209
332 263
332 309
332 414
332 450
332 511
332 548
333 490
333 386
333 331
333 348
333 187
333 387
333 257
333 425
333 135
333 155
333 208
333 256
333 283
333 320
333 342
333 471
333 480
333 547
333 548
333 592
334 421
334 583
334 189
334 568
334 109
334 222
334 423
334 432
334 167
334 303
334 352
334 458
334 494
335 210
335 503
335 100
335 428
335 431
335 254
335 288
335 292
336 249
336 509
336 58
336 13
336 240
336 510
336 345
336 114
336 388
336 407
336 410
337 461
337 495
337 500
337 49
337 56
337 12
337 26
337 86
337 112
337 138
337 298
337 528
338 569
338 519
338 76
338 436
338 451
338 497
338 527
339 562
339 132
339 2
339 271
339 190
339 156
339 406
339 400
339 62
339 63
339 87
339 179
339 224
339 265
339 393
339 449
339 505
339 541
339 561
339 572
340 380
340 505
340 378
340 76
340 199
340 28
340 161
340 264
340 266
340 288
340 320
340 442
340 464
340 469
341 353
341 41
341 185
341 589
341 514
341 213
341 396
341 64
341 101
341 307
341 402
341 481
341 505
341 555
341 563
341 598
342 282
342 102
342 288
342 425
342 201
342 333
342 32
342 348
342 18
342 36
342 166
342 245
342 376
342 382
342 499
342 586
343 102
343 299
343 472
343 20
343 29
343 154
343 320
343 470
343 173
343 213
343 304
343 332
343 465
343 580
344 109
344 37
344 141
344 27
344 290
344 250
344 1
344 30
344 47
344 68
344 201
344 236
344 331
344 435
344 464
344 490
345 537
345 571
345 206
345 43
345 94
345 321
345 336
345 379
345 435
345 547
345 579
346 136
346 91
346 34
346 516
346 278
346 79
346 11
346 116
346 151
346 200
346 209
346 357
346 378
346 404
347 120
347 411
347 322
347 15
347 328
347 502
347 534
347 456
347 73
347 238
347 255
347 359
347 475
347 501
347 509
347 541
348 391
348 183
348 317
348 182
348 163
348 507
348 247
348 12
348 44
348 65
348 186
348 241
348 305
348 333
348 342
348 366
348 433
348 504
349 183
349 53
349 79
349 477
349 378
349 272
349 290
349 49
349 83
349 208
349 371
350 387
350 373
350 427
350 440
350 225
350 233
350 589
350 72
350 59
350 149
350 287
350 452
350 549
350 550
351 381
351 199
351 475
351 489
351 568
351 290
351 273
351 133
351 116
351 129
351 146
351 370
351 484
352 207
352 298
352 334
352 64
352 13
352 511
352 11
352 540
352 180
352 205
352 232
352 429
352 435
352 497
353 567
353 285
353 177
353 284
353 2
353 37
353 55
353 126
353 159
353 171
353 178
353 201
353 229
353 341
353 439
353 498
354 388
354 506
354 219
354 245
354 191
354 293
354 25
354 101
354 222
354 258
354 269
354 371
354 433
354 443
354 457
354 524
354 592
355 379
355 138
355 201
355 41
355 124
355 498
355 207
355 196
355 257
355 375
355 527
356 585
356 243
356 270
356 60
356 412
356 108
356 175
356 264
356 291
356 447
356 565
356 574
357 288
357 576
357 531
357 539
357 56
357 346
357 461
357 137
357 67
357 204
357 265
357 331
357 426
357 589
358 207
358 405
358 476
358 141
358 98
358 359
358 71
358 148
358 76
358 106
358 134
358 162
358 168
358 211
358 274
358 386
358 387
358 426
359 347
359 252
359 135
359 152
359 98
359 38
359 95
359 275
359 316
359 358
359 365
359 426
359 493
359 517
359 524
360 22
360 589
360 90
360 110
360 207
360 240
360 430
360 538
360 543
361 152
361 297
361 322
361 63
361 46
361 542
361 91
361 162
361 328
361 423
362 574
362 503
362 400
362 112
362 557
362 213
362 190
362 272
363 438
363 72
363 492
363 12
363 573
363 537
363 9
363 590
363 98
363 144
363 156
363 370
363 450
363 505
363 522
364 322
364 269
364 525
364 210
364 539
364 429
364 573
364 159
364 98
364 169
364 586
364 593
365 25
365 538
365 359
365 230
365 156
365 399
365 556
365 145
365 53
365 492
365 577
365 594
366 463
366 552
366 348
366 196
366 534
366 130
366 180
366 270
366 276
366 546
366 568
367 411
367 176
367 73
367 377
367 185
367 163
367 249
367 567
367 124
367 252
367 285
367 300
367 393
367 416
367 471
367 519
367 521
367 557
368 329
368 12
368 175
368 502
368 395
368 304
368 125
368 159
368 31
368 64
368 83
368 147
368 191
368 200
368 289
368 376
368 435
368 494
368 563
369 474
369 150
369 58
369 416
369 249
369 189
369 1
369 176
369 33
369 69
369 247
369 261
369 274
369 305
369 481
370 363
370 319
370 522
370 171
370 351
370 590
370 161
370 394
370 19
370 71
370 261
370 291
370 469
370 543
371 518
371 507
371 349
371 354
371 31
371 506
371 131
371 445
371 510
371 564
372 470
372 378
372 55
372 139
372 12
372 186
372 451
372 38
372 7
372 56
372 219
372 447
372 488
372 586
373 97
373 58
373 109
373 125
373 143
373 176
373 350
373 438
373 544
374 63
374 397
374 521
374 316
374 128
374 415
374 444
374 405
374 72
374 289
374 384
375 114
375 29
375 233
375 355
375 92
375 50
375 59
375 86
375 124
375 148
375 169
375 255
375 292
375 382
375 431
375 575
376 181
376 410
376 582
376 600
376 525
376 342
376 368
376 60
376 127
376 217
376 268
376 284
376 504
377 58
377 201
377 299
377 174
377 278
377 55
377 300
377 593
377 103
377 248
377 266
377 284
377 367
377 413
377 440
377 470
377 581
378 20
378 346
378 60
378 257
378 586
378 243
378 111
378 31
378 108
378 122
378 267
378 275
378 340
378 349
378 372
378 388
378 411
379 20
379 3
379 291
379 345
379 169
379 275
379 482
379 125
379 213
379 355
379 431
379 462
379 503
379 599
380 565
380 450
380 47
380 125
380 483
380 323
380 505
380 447
380 218
380 225
380 261
380 340
380 440
380 524
380 579
381 189
381 293
381 489
381 132
381 140
381 41
381 212
381 213
381 351
381 404
382 40
382 375
382 136
382 582
382 342
382 316
382 184
382 288
382 68
382 386
382 530
382 576
383 497
383 59
383 126
383 37
383 124
383 9
383 38
383 91
383 431
383 432
384 77
384 301
384 374
384 43
384 520
384 136
384 207
384 422
384 9
384 200
384 279
384 302
384 398
384 412
384 492
385 257
385 139
385 528
385 70
385 66
385 45
385 109
385 144
385 145
385 190
385 294
385 387
385 426
385 504
385 531
385 590
386 382
386 319
386 267
386 401
386 588
386 358
386 530
386 191
386 17
386 71
386 73
386 187
386 333
386 493
387 358
387 209
387 385
387 267
387 186
387 37
387 251
387 299
387 333
387 350
387 524
387 530
387 547
388 64
388 509
388 336
388 395
388 378
388 153
388 400
388 63
388 43
388 96
388 132
388 172
388 199
388 210
388 296
388 310
388 354
388 394
388 454
388 479
389 312
389 231
389 233
389 484
389 85
389 28
389 213
389 214
389 522
390 429
390 20
390 577
390 320
390 462
390 73
390 285
390 240
390 5
390 76
390 114
390 170
390 179
390 307
391 592
391 484
391 321
391 444
391 327
391 580
391 22
391 581
391 16
391 68
391 84
391 86
391 116
391 348
391 449
391 596
392 98
392 405
392 441
392 212
392 320
392 574
392 301
392 183
392 228
393 546
393 590
393 367
393 339
393 558
393 37
393 437
393 114
393 176
393 291
394 35
394 454
394 549
394 418
394 224
394 388
394 223
394 180
394 157
394 230
394 276
394 322
394 370
394 512
395 526
395 41
395 73
395 125
395 135
395 150
395 230
395 368
395 388
396 435
396 550
396 32
396 540
396 463
396 190
396 31
396 240
396 341
396 422
396 523
397 205
397 97
397 167
397 199
397 303
397 204
397 252
397 539
397 42
397 86
397 90
397 114
397 298
397 374
397 400
397 409
397 413
397 421
397 452
397 592
398 318
398 527
398 226
398 222
398 384
398 459
398 552
398 29
398 91
398 193
398 289
398 434
398 575
398 579
399 80
399 519
399 60
399 63
399 413
399 243
399 120
399 83
399 1
399 117
399 141
399 156
399 193
399 281
399 365
399 421
399 525
399 529
400 171
400 444
400 540
400 140
400 510
400 73
400 397
400 536
400 39
400 287
400 288
400 339
400 362
400 388
400 434
400 523
401 75
401 290
401 51
401 79
401 172
401 228
401 386
401 473
401 534
401 544
402 324
402 231
402 501
402 462
402 107
402 252
402 341
402 547
402 121
402 199
402 203
403 449
403 10
403 132
403 494
403 244
403 483
403 491
403 406
403 6
403 412
403 503
403 597
404 422
404 466
404 326
404 37
404 346
404 256
404 381
404 12
404 81
404 317
404 415
404 441
404 457
404 459
404 503
405 241
405 127
405 223
405 306
405 224
405 527
405 594
405 480
405 1
405 188
405 220
405 272
405 291
405 358
405 374
405 392
405 415
406 314
406 272
406 484
406 320
406 245
406 133
406 535
406 471
406 15
406 98
406 101
406 231
406 339
406 403
406 411
406 507
406 526
406 536
406 537
407 130
407 336
407 320
407 579
407 436
407 163
407 281
407 427
407 492
407 533
408 468
408 432
408 286
408 494
408 84
408 85
408 93
408 289
408 128
408 141
408 224
408 412
408 534
408 566
409 328
409 397
409 155
409 588
409 299
409 287
409 79
409 105
409 119
409 131
409 298
409 499
410 484
410 231
410 309
410 269
410 336
410 173
410 145
410 267
410 197
410 255
410 292
410 331
410 376
410 444
411 71
411 378
411 415
411 110
411 180
411 406
411 235
411 501
411 5
411 7
411 108
411 205
411 263
411 347
411 367
411 422
411 512
411 550
412 464
412 384
412 89
412 408
412 181
412 265
412 403
412 447
412 40
412 224
412 256
412 356
412 414
412 490
412 531
412 589
413 569
413 86
413 26
413 377
413 397
413 157
413 482
413 526
413 94
413 118
413 134
413 150
413 214
413 399
414 332
414 254
414 39
414 330
414 422
414 231
414 205
414 412
414 38
414 119
414 124
414 143
414 190
414 218
414 425
414 430
414 451
414 469
414 512
414 521
415 76
415 19
415 505
415 405
415 545
415 39
415 438
415 404
415 374
415 411
415 484
416 51
416 367
416 129
416 152
416 166
416 315
416 369
417 110
417 321
417 72
417 79
417 203
417 437
417 258
417 19
417 57
417 122
417 156
417 185
417 441
418 500
418 328
418 468
418 525
418 492
418 263
418 221
418 137
418 13
418 97
418 394
418 456
418 506
419 242
419 165
419 580
419 169
419 511
419 452
419 563
419 552
419 126
419 168
419 276
419 293
419 430
419 478
419 507
419 513
420 8
420 3
420 110
420 141
420 319
420 470
420 535
420 552
421 399
421 547
421 566
421 397
421 37
421 490
421 264
421 208
421 125
421 134
421 167
421 209
421 311
421 334
421 534
422 142
422 411
422 396
422 588
422 447
422 2
422 61
422 384
422 404
422 414
422 429
423 462
423 361
423 532
423 91
423 200
423 461
423 198
423 143
423 11
423 48
423 130
423 133
423 174
423 212
423 334
423 433
423 477
423 503
424 80
424 504
424 181
424 166
424 67
424 108
424 299
424 146
424 104
424 155
424 196
424 218
424 236
424 260
425 249
425 159
425 510
425 569
425 462
425 128
425 174
425 414
425 5
425 88
425 141
425 176
425 333
425 342
425 433
425 464
426 202
426 357
426 324
426 358
426 359
426 34
426 443
426 385
426 22
426 96
426 137
426 138
426 273
426 558
426 559
427 95
427 176
427 22
427 41
427 407
427 213
427 245
427 330
427 350
428 49
428 570
428 40
428 461
428 11
428 79
428 48
428 106
428 27
428 107
428 241
428 335
428 500
428 508
428 516
428 587
429 104
429 422
429 112
429 352
429 20
429 75
429 117
429 187
429 317
429 329
429 364
429 390
429 509
429 544
429 593
430 152
430 596
430 414
430 196
430 419
430 67
430 360
430 79
430 70
430 129
430 132
430 450
430 575
430 579
431 167
431 379
431 587
431 256
431 375
431 383
431 586
431 124
431 169
431 262
431 335
431 477
431 479
431 535
432 559
432 448
432 479
432 383
432 460
432 169
432 166
432 318
432 135
432 236
432 323
432 334
432 408
432 505
433 231
433 425
433 348
433 199
433 17
433 521
433 423
433 354
433 151
433 327
433 470
434 400
434 116
434 224
434 312
434 598
434 535
434 398
434 63
434 72
434 96
434 447
434 467
434 470
434 519
434 561
435 142
435 352
435 344
435 95
435 535
435 104
435 368
435 345
435 1
435 46
435 60
435 69
435 73
435 109
435 140
435 196
435 238
435 300
435 396
435 530
435 536
436 338
436 22
436 66
436 407
436 447
436 476
436 541
437 234
437 164
437 233
437 490
437 304
437 538
437 556
437 326
437 28
437 180
437 181
437 247
437 251
437 279
437 393
437 417
437 525
437 581
438 79
438 373
438 591
438 286
438 173
438 263
438 166
438 228
438 305
438 363
438 415
438 490
438 525
439 295
439 442
439 124
439 224
439 202
439 303
439 6
439 353
439 8
439 34
439 166
439 210
439 280
439 288
439 456
439 493
439 498
439 529
440 215
440 193
440 531
440 585
440 377
440 481
440 596
440 380
440 118
440 164
440 279
440 312
440 350
440 525
440 552
441 404
441 102
441 417
441 283
441 308
441 65
441 323
441 91
441 107
441 258
441 309
441 392
441 518
442 244
442 340
442 550
442 227
442 230
442 491
442 585
442 3
442 55
442 67
442 76
442 78
442 148
442 161
442 211
442 245
442 316
442 439
442 540
443 314
443 354
443 31
443 505
443 291
443 91
443 202
443 241
443 249
443 276
443 426
443 515
444 65
444 410
444 500
444 197
444 470
444 488
444 550
444 549
444 172
444 239
444 240
444 374
444 391
444 400
444 449
444 495
444 570
445 371
445 560
445 82
445 235
445 46
445 494
445 247
445 301
445 485
446 284
446 43
446 219
446 256
446 266
446 281
446 283
446 465
446 498
447 536
447 506
447 372
447 436
447 434
447 562
447 521
447 356
447 142
447 164
447 315
447 380
447 412
447 422
447 457
447 476
447 513
448 166
448 268
448 22
448 588
448 470
448 179
448 582
448 211
448 17
448 432
448 471
448 482
449 391
449 260
449 339
449 444
449 26
449 185
449 577
449 178
449 49
449 107
449 403
450 284
450 263
450 363
450 32
450 162
450 471
450 332
450 430
450 66
450 123
450 152
450 181
450 302
450 321
450 380
450 453
450 515
450 522
451 44
451 414
451 338
451 197
451 108
451 556
451 105
451 9
451 47
451 147
451 252
451 257
451 270
451 372
451 587
452 282
452 207
452 397
452 115
452 305
452 68
452 350
452 30
452 57
452 195
452 419
452 479
452 547
453 562
453 500
453 216
453 227
453 450
453 69
453 74
453 97
453 145
453 182
453 187
453 326
453 594
454 516
454 523
454 566
454 465
454 10
454 388
454 39
454 476
454 89
454 216
454 290
454 394
454 509
454 555
455 27
455 6
455 496
455 249
455 139
455 2
455 466
455 122
455 11
455 64
455 85
455 287
455 511
455 571
455 590
456 508
456 569
456 255
456 516
456 236
456 439
456 418
456 110
456 96
456 101
456 102
456 277
456 347
456 461
456 564
457 404
457 525
457 82
457 354
457 11
457 485
457 187
457 447
457 104
457 120
457 216
457 227
457 306
457 460
457 493
457 581
458 201
458 34
458 600
458 200
458 548
458 580
458 331
458 334
458 66
458 252
458 319
458 586
459 523
459 461
459 468
459 494
459 512
459 536
459 237
459 404
459 201
459 398
460 199
460 122
460 75
460 457
460 36
460 495
460 157
460 22
460 291
460 321
460 432
460 462
460 484
460 564
461 183
461 263
461 576
461 31
461 592
461 195
461 49
461 456
461 11
461 40
461 62
461 80
461 123
461 337
461 357
461 423
461 428
461 459
462 460
462 524
462 379
462 72
462 569
462 130
462 141
462 229
462 390
462 402
462 423
462 425
462 483
463 254
463 493
463 66
463 13
463 208
463 559
463 41
463 187
463 211
463 265
463 306
463 319
463 366
463 396
463 546
463 593
464 587
464 340
464 344
464 470
464 292
464 425
464 550
464 539
464 99
464 102
464 127
464 252
464 332
464 412
464 488
465 89
465 343
465 106
465 67
465 297
465 72
465 107
465 446
465 74
465 83
465 93
465 454
465 475
465 531
466 316
466 153
466 187
466 82
466 180
466 225
466 267
466 306
466 404
466 455
466 508
466 559
466 594
467 434
467 574
467 493
467 560
467 292
467 575
467 503
467 549
467 130
467 133
467 216
467 320
467 507
467 581
468 112
468 194
468 479
468 295
468 511
468 35
468 52
468 57
468 163
468 408
468 418
468 459
468 485
469 265
469 340
469 319
469 414
469 370
469 280
469 164
469 185
469 191
469 201
469 232
469 496
470 320
470 433
470 496
470 434
470 556
470 197
470 420
470 377
470 37
470 262
470 295
470 343
470 372
470 444
470 448
470 464
470 529
470 538
470 596
471 367
471 448
471 485
471 501
471 544
471 110
471 199
471 333
471 12
471 59
471 84
471 129
471 297
471 322
471 406
471 450
471 493
471 567
471 585
472 201
472 128
472 315
472 280
472 191
472 311
472 91
472 135
472 205
472 247
472 343
472 492
472 577
473 501
473 401
473 586
473 560
473 530
473 599
473 269
473 519
473 110
473 113
473 487
474 80
474 65
474 73
474 77
474 214
474 233
474 369
474 482
475 188
475 347
475 235
475 89
475 68
475 465
475 16
475 53
475 123
475 191
475 198
475 351
475 498
476 40
476 309
476 289
476 447
476 154
476 436
476 46
476 72
476 157
476 172
476 182
476 189
476 252
476 358
476 454
476 592
477 262
477 544
477 579
477 564
477 431
477 423
477 179
477 30
477 131
477 257
477 325
477 349
477 574
477 583
478 273
478 189
478 71
478 419
478 261
478 490
478 159
478 42
478 192
478 193
478 227
478 480
478 502
479 452
479 388
479 222
479 431
479 522
479 231
479 327
479 123
479 54
479 56
479 81
479 223
479 278
479 281
479 287
479 432
479 468
479 511
479 517
479 528
479 530
479 558
479 590
480 24
480 111
480 245
480 333
480 557
480 478
480 568
480 583
480 47
480 97
480 109
480 236
480 315
480 405
481 369
481 60
481 200
481 590
481 341
481 83
481 296
481 24
481 13
481 40
481 264
481 440
481 592
482 170
482 127
482 100
482 314
482 474
482 448
482 277
482 532
482 18
482 69
482 131
482 159
482 251
482 274
482 379
482 413
482 584
483 487
483 462
483 497
483 86
483 523
483 304
483 133
483 582
483 94
483 131
483 310
483 380
483 403
483 504
484 285
484 185
484 460
484 351
484 219
484 242
484 188
484 415
484 70
484 148
484 152
484 189
484 218
484 389
484 391
484 406
484 410
484 578
485 445
485 532
485 468
485 39
485 158
485 219
485 280
485 457
485 471
485 503
485 578
486 72
486 214
486 508
486 213
486 576
486 203
486 537
486 43
486 106
486 173
486 279
487 329
487 473
487 328
487 309
487 539
487 210
487 511
487 104
487 85
487 111
487 129
487 140
487 483
488 529
488 464
488 264
488 121
488 372
488 167
488 568
488 131
488 94
488 235
488 444
488 503
488 577
489 513
489 37
489 39
489 124
489 167
489 244
489 351
489 381
489 529
489 544
489 589
490 195
490 236
490 328
490 438
490 244
490 294
490 412
490 344
490 57
490 59
490 102
490 257
490 271
490 333
490 421
490 437
490 478
490 504
491 143
491 242
491 72
491 51
491 21
491 87
491 220
491 247
491 268
491 403
491 442
491 492
491 516
492 75
492 472
492 516
492 407
492 384
492 491
492 365
492 81
492 363
492 418
493 359
493 532
493 314
493 564
493 439
493 457
493 471
493 386
493 12
493 105
493 463
493 467
493 559
494 231
494 368
494 571
494 334
494 126
494 2
494 295
494 301
494 403
494 408
494 445
494 459
494 505
495 192
495 320
495 444
495 499
495 282
495 513
495 576
495 55
495 69
495 77
495 136
495 190
495 337
495 460
496 247
496 469
496 7
496 82
496 455
496 470
496 559
497 338
497 588
497 64
497 352
497 137
497 185
497 32
497 104
497 111
497 273
497 314
497 383
497 483
497 528
497 579
497 597
498 102
498 184
498 475
498 180
498 439
498 353
498 446
498 176
498 29
498 68
498 108
498 221
498 284
498 355
498 507
499 199
499 282
499 9
499 500
499 141
499 342
499 409
499 21
499 130
499 149
499 495
499 518
499 552
500 24
500 72
500 126
500 535
500 428
500 246
500 315
500 165
500 33
500 317
500 337
500 418
500 444
500 453
500 499
500 540
500 572
501 216
501 577
501 167
501 212
501 29
501 347
501 182
501 63
501 94
501 97
501 130
501 178
501 211
501 402
501 411
501 471
501 473
501 539
502 584
502 478
502 9
502 507
502 52
502 75
502 280
502 347
502 368
502 529
502 551
503 403
503 219
503 488
503 485
503 404
503 271
503 379
503 423
503 95
503 133
503 149
503 335
503 362
503 467
503 531
503 591
504 376
504 483
504 251
504 348
504 385
504 540
504 215
504 490
504 301
504 320
504 424
504 514
504 549
505 26
505 339
505 341
505 569
505 215
505 363
505 432
505 494
505 205
505 214
505 278
505 340
505 380
505 415
505 443
505 589
506 99
506 525
506 329
506 63
506 198
506 169
506 134
506 418
506 20
506 42
506 143
506 186
506 266
506 313
506 354
506 371
506 447
506 569
507 419
507 467
507 406
507 47
507 498
507 247
507 278
507 542
507 35
507 70
507 108
507 203
507 233
507 282
507 348
507 371
507 502
507 516
507 575
508 266
508 126
508 428
508 466
508 122
508 151
508 203
508 310
508 332
508 456
508 486
509 17
509 429
509 531
509 245
509 454
509 347
509 168
509 78
509 80
509 185
509 270
509 336
509 388
509 520
509 568
510 371
510 275
510 149
510 39
510 160
510 262
510 158
510 196
510 16
510 69
510 233
510 251
510 309
510 336
510 400
510 425
510 553
510 600
511 239
511 101
511 170
511 455
511 479
511 332
511 46
511 110
511 318
511 352
511 419
511 468
511 487
511 554
511 561
511 569
512 411
512 31
512 234
512 275
512 394
512 414
512 59
512 528
512 47
512 58
512 61
512 84
512 95
512 132
512 292
512 459
512 526
513 215
513 297
513 521
513 447
513 419
513 212
513 289
513 179
513 2
513 76
513 192
513 309
513 489
513 495
513 592
514 125
514 144
514 285
514 45
514 212
514 303
514 504
514 63
514 13
514 46
514 62
514 152
514 189
514 268
514 341
514 544
514 550
515 443
515 264
515 152
515 530
515 519
515 280
515 450
515 21
515 163
515 321
515 535
515 553
515 569
516 507
516 266
516 491
516 289
516 248
516 126
516 428
516 7
516 21
516 34
516 51
516 82
516 90
516 151
516 318
516 346
516 454
516 456
516 492
516 550
517 251
517 233
517 34
517 479
517 359
517 104
517 237
517 199
517 6
517 160
517 289
517 523
517 525
517 540
518 565
518 499
518 212
518 63
518 441
518 171
518 312
518 140
518 47
518 200
518 225
518 237
518 271
518 371
518 542
518 595
519 72
519 367
519 196
519 49
519 434
519 541
519 281
519 202
519 38
519 60
519 338
519 399
519 473
519 515
519 543
519 579
520 112
520 509
520 331
520 234
520 569
520 41
520 238
520 80
520 52
520 75
520 111
520 165
520 256
520 264
520 384
520 543
521 83
521 414
521 264
521 121
521 16
521 248
521 367
521 182
521 374
521 433
521 447
521 513
521 545
521 552
522 245
522 450
522 363
522 389
522 130
522 144
522 306
522 56
522 116
522 161
522 276
522 370
522 479
522 594
523 551
523 563
523 157
523 149
523 396
523 400
523 517
523 156
523 168
523 280
523 454
523 459
523 483
523 543
523 569
524 359
524 354
524 600
524 580
524 380
524 543
524 173
524 387
524 13
524 46
524 130
524 160
524 280
524 462
525 437
525 440
525 248
525 438
525 61
525 10
525 399
525 517
525 180
525 287
525 364
525 376
525 418
525 457
525 506
526 512
526 151
526 556
526 558
526 406
526 201
526 6
526 33
526 68
526 395
526 413
526 538
526 578
527 285
527 28
527 573
527 355
527 295
527 338
527 600
527 150
527 85
527 398
527 405
527 587
528 173
528 337
528 176
528 579
528 497
528 275
528 83
528 479
528 22
528 36
528 138
528 159
528 385
528 512
528 548
529 282
529 470
529 439
529 110
529 590
529 502
529 489
529 399
529 299
529 488
530 387
530 75
530 580
530 435
530 382
530 479
530 133
530 241
530 386
530 473
530 515
530 555
530 582
531 385
531 503
531 465
531 126
531 412
531 270
531 357
531 440
531 509
531 559
532 598
532 195
532 534
532 549
532 137
532 74
532 57
532 149
532 423
532 482
532 485
532 493
532 581
532 585
533 326
533 262
533 157
533 317
533 407
533 117
533 228
533 304
534 325
534 170
534 421
534 408
534 126
534 401
534 153
534 222
534 327
534 347
534 366
534 532
535 515
535 161
535 420
535 431
535 560
535 567
535 110
535 85
535 10
535 50
535 305
535 309
535 406
535 434
535 435
535 500
535 554
536 435
536 300
536 288
536 551
536 41
536 2
536 406
536 12
536 77
536 95
536 135
536 239
536 298
536 309
536 400
536 447
536 459
537 39
537 159
537 202
537 406
537 15
537 128
537 210
537 214
537 251
537 270
537 272
537 345
537 363
537 486
537 593
538 118
538 526
538 548
538 238
538 121
538 360
538 470
538 154
538 33
538 307
538 365
538 437
538 585
539 204
539 501
539 241
539 154
539 160
539 235
539 280
539 309
539 357
539 364
539 397
539 464
539 487
540 568
540 241
540 517
540 126
540 442
540 500
540 25
540 142
540 34
540 64
540 79
540 118
540 140
540 188
540 218
540 293
540 352
540 396
540 400
540 504
540 589
541 586
541 347
541 273
541 339
541 38
541 144
541 436
541 65
541 150
541 168
541 304
541 323
541 519
542 101
542 48
542 518
542 132
542 281
542 157
542 581
542 86
542 129
542 361
542 507
543 523
543 181
543 519
543 520
543 370
543 289
543 65
543 360
543 125
543 273
543 324
543 327
543 524
544 429
544 489
544 373
544 514
544 2
544 401
544 582
544 161
544 60
544 135
544 471
544 477
544 590
545 322
545 295
545 210
545 100
545 521
545 105
545 239
545 415
546 231
546 205
546 145
546 4
546 463
546 254
546 574
546 366
546 21
546 73
546 196
546 222
546 393
546 571
547 333
547 345
547 387
547 162
547 580
547 261
547 452
547 193
547 51
547 59
547 137
547 235
547 402
547 421
547 548
548 169
548 528
548 307
548 333
548 332
548 63
548 547
548 262
548 86
548 458
548 538
548 591
548 597
549 235
549 75
549 26
549 300
549 504
549 170
549 350
549 576
549 60
549 63
549 178
549 252
549 277
549 394
549 444
549 467
549 532
550 350
550 411
550 514
550 142
550 165
550 571
550 516
550 45
550 170
550 222
550 306
550 323
550 396
550 442
550 444
550 464
550 583
551 502
551 279
551 218
551 113
551 326
551 579
551 235
551 262
551 299
551 320
551 523
551 536
552 583
552 521
552 194
552 575
552 420
552 440
552 499
552 233
552 16
552 154
552 159
552 166
552 225
552 244
552 366
552 398
552 419
553 592
553 510
553 109
553 230
553 515
553 585
553 1
553 213
553 30
553 42
553 86
553 139
553 164
553 278
553 565
554 511
554 303
554 535
554 18
554 43
554 65
554 173
554 216
554 275
555 454
555 530
555 110
555 249
555 20
555 328
555 105
555 341
555 19
555 55
555 117
555 298
555 574
556 322
556 265
556 157
556 98
556 213
556 146
556 5
556 53
556 61
556 134
556 160
556 365
556 437
556 451
556 470
556 526
556 588
557 367
557 181
557 228
557 194
557 577
557 160
557 70
557 85
557 169
557 221
557 362
557 480
558 3
558 479
558 38
558 142
558 108
558 426
558 15
558 23
558 393
558 526
559 426
559 496
559 466
559 493
559 106
559 46
559 583
559 531
559 45
559 145
559 304
559 432
559 463
560 50
560 195
560 264
560 63
560 145
560 305
560 9
560 22
560 40
560 258
560 445
560 467
560 473
560 535
561 42
561 339
561 139
561 322
561 434
561 197
561 511
561 206
561 146
561 174
561 194
562 294
562 226
562 272
562 313
562 577
562 190
562 21
562 211
562 58
562 145
562 339
562 447
562 453
563 273
563 368
563 1
563 227
563 341
563 570
563 300
563 253
563 306
563 419
563 523
563 564
564 460
564 371
564 581
564 563
564 82
564 83
564 294
564 456
564 162
564 200
564 269
564 477
564 493
565 237
565 356
565 57
565 291
565 221
565 314
565 553
565 40
565 74
565 214
565 303
565 380
565 518
566 262
566 131
566 214
566 219
566 408
566 70
566 16
566 20
566 89
566 200
566 320
566 421
566 454
567 80
567 471
567 109
567 121
567 353
567 367
567 535
567 591
568 509
568 221
568 366
568 34
568 127
568 287
568 222
568 67
568 15
568 63
568 92
568 327
568 334
568 351
568 480
568 488
568 540
569 3
569 523
569 597
569 506
569 515
569 145
569 511
569 185
569 240
569 290
569 338
569 413
569 425
569 456
569 462
569 505
569 520
570 580
570 276
570 579
570 221
570 444
570 129
570 68
570 194
570 124
570 266
570 428
570 563
571 172
571 323
571 455
571 1
571 546
571 180
571 271
571 36
571 87
571 89
571 205
571 223
571 259
571 299
571 345
571 494
571 550
571 593
572 209
572 162
572 240
572 500
572 339
572 74
572 170
572 305
572 120
572 122
572 144
572 290
573 9
573 89
573 23
573 230
573 283
573 86
573 183
573 186
573 253
573 363
573 364
573 527
574 43
574 286
574 356
574 477
574 35
574 1
574 203
574 555
574 60
574 93
574 149
574 169
574 362
574 392
574 467
574 546
575 430
575 375
575 297
575 398
575 507
575 190
575 204
575 17
575 35
575 239
575 245
575 302
575 467
575 552
575 583
575 596
576 41
576 52
576 5
576 382
576 93
576 37
576 207
576 242
576 302
576 326
576 330
576 357
576 461
576 486
576 495
576 549
577 472
577 365
577 81
577 488
577 310
577 46
577 114
577 30
577 147
577 149
577 226
577 250
577 390
577 449
577 501
577 557
577 562
578 526
578 160
578 485
578 3
578 484
578 70
578 186
579 295
579 430
579 398
579 115
579 519
579 345
579 380
579 497
579 2
579 26
579 63
579 155
579 192
579 247
579 407
579 477
579 528
579 551
579 570
579 593
580 343
580 37
580 194
580 238
580 291
580 293
580 391
580 419
580 458
580 524
580 530
580 547
580 570
581 467
581 457
581 377
581 437
581 532
581 54
581 89
581 152
581 172
581 327
581 391
581 542
581 564
581 587
582 530
582 236
582 194
582 599
582 113
582 18
582 29
582 139
582 147
582 240
582 376
582 382
582 448
582 483
582 544
583 550
583 477
583 265
583 60
583 293
583 575
583 146
583 99
583 180
583 189
583 325
583 326
583 334
583 480
583 552
583 559
583 598
584 189
584 112
584 482
584 120
584 122
584 308
584 317
584 502
584 599
585 538
585 149
585 48
585 471
585 96
585 532
585 286
585 270
585 29
585 117
585 245
585 356
585 440
585 442
585 553
585 590
586 46
586 372
586 364
586 268
586 458
586 342
586 16
586 597
586 125
586 378
586 431
586 473
586 541
587 229
587 150
587 527
587 428
587 451
587 116
587 581
587 73
587 138
587 202
587 204
587 209
587 237
587 307
587 313
587 319
587 431
587 464
588 125
588 112
588 556
588 153
588 213
588 1
588 108
588 224
588 322
588 386
588 409
588 422
588 448
588 497
589 357
589 489
589 540
589 51
589 314
589 505
589 412
589 105
589 199
589 301
589 312
589 341
589 350
589 360
590 585
590 385
590 68
590 544
590 118
590 479
590 455
590 77
590 78
590 233
590 363
590 370
590 393
590 481
590 529
591 278
591 548
591 567
591 272
591 328
591 64
591 503
591 26
591 11
591 36
591 232
591 438
592 481
592 476
592 333
592 513
592 397
592 264
592 354
592 60
592 34
592 100
592 391
592 461
592 553
593 571
593 463
593 21
593 364
593 537
593 579
593 9
593 429
593 128
593 197
593 377
594 466
594 49
594 251
594 453
594 27
594 127
594 522
594 365
594 100
594 405
595 518
595 185
595 14
595 103
595 300
595 112
595 132
595 179
595 192
595 223
595 299
595 322
596 391
596 274
596 575
596 59
596 154
596 470
596 253
596 8
596 3
596 101
596 179
596 241
596 257
596 287
596 298
596 430
596 440
597 548
597 497
597 112
597 114
597 49
597 177
597 403
597 79
597 94
597 569
597 586
598 583
598 238
598 341
598 319
598 28
598 74
598 154
598 242
598 271
598 434
598 532
599 189
599 379
599 204
599 127
599 584
599 229
599 68
599 76
599 330
599 473
599 582
600 216
600 29
600 220
600 510
600 298
600 155
600 188
600 223
600 285
600 330
600 376
600 458
600 524
600 527
