1 555
1 367
1 259
1 342
1 103
1 450
1 590
1 41
1 46
1 139
1 293
1 340
2 126
2 107
2 335
2 402
2 459
2 13
2 417
2 230
2 65
2 266
2 325
2 345
2 479
2 540
3 59
3 334
3 80
3 187
3 369
3 547
3 409
3 9
3 43
3 67
3 183
3 262
3 270
3 286
3 336
3 364
3 366
3 481
3 530
4 273
4 49
4 59
4 93
4 123
4 193
4 210
4 386
4 417
4 513
5 63
5 344
5 501
5 24
5 27
5 404
5 67
5 175
5 382
5 394
5 431
5 451
5 481
5 510
5 587
6 552
6 70
6 213
6 7
6 429
6 308
6 135
6 54
6 226
6 331
6 523
6 546
7 42
7 264
7 325
7 12
7 96
7 403
7 24
7 233
7 6
7 51
7 137
7 249
7 347
7 402
7 451
7 511
7 517
7 593
8 446
8 365
8 427
8 544
9 197
9 315
9 534
9 108
9 539
9 3
9 270
9 516
9 11
9 226
9 327
9 419
9 447
9 482
10 113
10 496
10 472
10 451
10 19
10 34
10 59
10 222
10 262
10 301
10 309
10 363
10 388
10 535
11 22
11 431
11 349
11 479
11 311
11 440
11 446
11 9
11 12
11 98
11 186
11 247
11 344
11 365
11 376
11 553
12 368
12 11
12 421
12 227
12 106
12 474
12 457
12 597
12 7
12 39
12 41
12 53
12 110
12 188
12 210
12 288
12 347
12 356
12 372
12 379
12 505
13 85
13 546
13 511
13 419
13 113
13 94
13 584
13 172
13 2
13 117
13 122
13 180
13 233
13 322
13 491
13 505
14 20
14 28
14 84
14 90
14 101
14 372
14 497
14 526
14 551
15 159
15 58
15 291
15 502
15 336
15 196
15 427
15 579
15 52
15 154
15 173
15 177
15 431
15 465
15 509
15 587
15 595
16 70
16 382
16 345
16 362
16 248
16 99
16 434
16 371
16 259
16 538
16 544
17 128
17 74
17 595
17 118
17 335
17 152
17 151
17 184
17 97
17 131
17 212
17 216
17 219
17 225
17 251
17 275
17 314
17 597
18 532
18 492
18 120
18 124
18 561
18 50
18 89
18 178
18 236
18 278
18 448
19 220
19 56
19 378
19 10
19 208
19 447
19 368
19 585
19 112
19 200
19 232
19 346
19 433
19 529
20 113
20 223
20 150
20 282
20 337
20 252
20 172
20 214
20 14
20 140
20 343
20 499
21 547
21 171
21 31
21 487
21 41
21 217
21 593
21 434
21 51
21 105
21 144
21 336
21 359
21 389
21 408
21 421
21 456
22 429
22 195
22 271
22 474
22 597
22 433
22 566
22 301
22 11
22 214
22 317
22 448
22 500
22 536
22 574
23 388
23 471
23 64
23 138
23 141
23 199
23 229
23 418
23 550
23 569
24 595
24 79
24 145
24 289
24 421
24 159
24 600
24 160
24 5
24 7
24 32
24 169
24 239
24 287
24 308
24 356
24 372
24 392
24 431
24 454
24 477
24 499
24 569
25 160
25 77
25 495
25 168
25 340
25 79
25 102
25 136
25 204
25 367
25 377
25 440
25 507
25 574
26 595
26 377
26 528
26 370
26 576
26 89
26 263
26 105
26 125
26 163
26 274
26 295
26 375
26 450
26 519
26 542
27 462
27 476
27 284
27 530
27 5
27 315
27 375
27 490
27 561
28 177
28 484
28 165
28 389
28 480
28 532
28 549
28 14
28 73
28 145
28 178
28 402
28 422
28 460
29 177
29 414
29 341
29 219
29 187
29 560
29 592
29 447
29 93
29 115
29 305
29 412
29 479
29 484
29 506
29 514
30 70
30 472
30 459
30 200
30 527
30 263
30 173
30 172
30 50
30 71
30 155
30 240
30 407
30 519
31 198
31 77
31 574
31 280
31 375
31 445
31 21
31 248
31 264
31 546
32 41
32 358
32 499
32 256
32 342
32 45
32 24
32 513
33 555
33 227
33 515
33 302
33 265
33 201
33 305
33 473
33 71
33 123
33 137
33 256
33 327
33 343
33 358
33 475
33 528
34 549
34 131
34 448
34 540
34 10
34 363
34 338
34 247
34 95
34 111
34 195
34 458
34 592
35 298
35 443
35 362
35 480
35 561
35 54
35 299
36 361
36 210
36 282
36 314
36 333
36 296
36 378
36 262
36 41
36 85
36 139
36 217
36 242
36 304
36 306
36 415
36 538
37 311
37 116
37 297
37 444
37 454
37 415
37 515
37 503
37 44
37 108
37 203
37 333
38 474
38 43
38 183
38 111
38 273
38 79
38 89
38 96
38 161
38 213
38 233
38 307
38 426
38 488
38 540
38 593
39 152
39 141
39 248
39 427
39 234
39 12
39 58
39 138
39 150
39 166
39 207
39 570
39 579
40 510
40 440
40 343
40 98
40 550
40 516
40 84
40 321
40 388
40 393
40 456
40 482
41 36
41 132
41 242
41 12
41 420
41 137
41 101
41 304
41 1
41 21
41 32
41 66
41 273
41 427
42 93
42 387
42 129
42 277
42 248
42 160
42 486
42 152
42 7
42 53
42 202
42 282
42 354
42 393
42 433
42 445
42 579
43 424
43 261
43 3
43 470
43 432
43 143
43 521
43 448
43 38
43 103
43 210
43 320
43 351
43 495
43 524
43 528
44 433
44 274
44 166
44 37
44 402
44 332
44 377
44 406
44 465
45 572
45 142
45 32
45 116
45 202
45 268
45 269
45 309
45 434
45 515
45 570
46 277
46 251
46 531
46 544
46 216
46 522
46 1
46 458
46 117
46 262
46 308
46 372
46 386
46 457
46 594
47 442
47 124
47 571
47 308
47 455
47 177
47 168
47 573
47 73
47 169
47 366
47 433
48 180
48 512
48 432
48 336
48 276
48 321
48 186
48 595
48 86
48 117
48 265
48 270
48 352
48 357
48 362
48 465
48 537
49 519
49 496
49 422
49 113
49 479
49 4
49 302
49 403
49 434
49 534
50 437
50 396
50 30
50 448
50 457
50 18
50 375
50 414
50 65
50 120
51 7
51 224
51 247
51 244
51 129
51 76
51 277
51 21
51 67
51 168
51 261
51 324
52 222
52 15
52 286
52 313
52 578
52 116
52 158
52 404
52 502
52 561
53 42
53 481
53 515
53 213
53 12
53 518
53 341
53 496
53 69
53 128
53 143
53 233
54 226
54 106
54 271
54 484
54 164
54 150
54 392
54 6
54 35
54 104
54 247
54 320
54 327
54 553
54 558
55 286
55 86
55 493
55 313
55 191
55 487
55 61
55 127
55 363
55 366
55 484
55 556
55 591
56 519
56 136
56 146
56 347
56 242
56 581
56 182
56 464
56 19
56 63
56 73
56 186
56 225
56 252
56 357
56 365
56 378
56 385
56 541
56 548
57 445
57 169
57 126
57 578
57 487
57 391
57 335
57 368
57 229
57 272
57 475
57 482
57 513
58 39
58 559
58 461
58 193
58 106
58 15
58 62
58 351
58 365
58 404
58 514
58 565
58 574
59 171
59 397
59 10
59 328
59 393
59 587
59 283
59 4
59 3
59 81
59 98
59 205
59 225
59 486
59 600
60 321
60 524
60 402
60 558
60 317
60 501
60 108
60 555
60 72
60 277
60 366
60 472
60 521
60 569
61 227
61 55
61 545
61 118
61 63
61 76
61 271
61 376
61 176
61 196
61 201
61 208
61 290
61 403
61 432
61 506
62 81
62 58
62 121
62 546
62 585
62 288
62 124
62 173
62 158
62 182
62 222
62 535
63 482
63 447
63 347
63 454
63 510
63 277
63 56
63 537
63 5
63 61
63 93
64 554
64 234
64 409
64 156
64 130
64 302
64 23
64 286
64 108
64 343
64 379
64 578
65 271
65 515
65 2
65 123
65 50
65 587
65 465
65 80
65 86
65 113
65 135
65 189
65 315
65 320
65 364
65 542
65 558
66 41
66 584
66 248
66 450
66 265
66 189
66 249
66 135
66 126
66 166
66 240
66 281
66 483
66 504
66 537
67 3
67 478
67 343
67 434
67 5
67 51
67 437
67 450
67 95
67 252
67 319
67 438
67 555
68 123
68 130
68 161
68 546
68 450
68 566
68 218
68 454
68 94
68 108
68 157
68 239
68 290
68 299
68 348
68 364
69 255
69 53
69 266
69 317
69 386
69 596
69 254
69 460
69 176
69 236
69 312
69 458
69 593
70 294
70 287
70 146
70 529
70 257
70 116
70 388
70 466
70 6
70 16
70 30
70 161
70 524
71 449
71 406
71 33
71 499
71 376
71 356
71 394
71 30
71 241
71 348
71 579
71 590
72 242
72 75
72 305
72 593
72 574
72 435
72 60
72 159
72 155
72 162
72 265
72 321
72 444
72 491
73 414
73 152
73 47
73 28
73 394
73 313
73 56
73 458
73 169
73 239
73 328
73 334
73 361
74 197
74 377
74 267
74 421
74 201
74 565
74 531
74 378
74 17
74 132
74 455
75 210
75 287
75 523
75 543
75 484
75 402
75 591
75 202
75 72
75 100
75 118
75 150
75 238
75 323
75 368
75 369
75 430
75 457
76 515
76 382
76 288
76 173
76 238
76 269
76 290
76 481
76 51
76 61
76 81
76 101
76 245
76 385
76 506
76 549
77 579
77 580
77 449
77 521
77 195
77 340
77 531
77 25
77 31
77 139
77 162
77 164
77 327
77 425
78 219
78 467
78 413
78 373
78 559
78 470
78 195
78 113
78 82
78 313
78 439
78 476
78 519
79 177
79 142
79 547
79 38
79 484
79 25
79 381
79 323
79 24
79 181
79 314
79 416
79 464
79 478
79 542
80 339
80 355
80 385
80 3
80 65
80 86
80 99
80 117
80 125
80 172
80 218
80 272
80 437
80 483
80 573
81 598
81 156
81 120
81 76
81 312
81 350
81 109
81 59
81 62
81 91
81 121
81 218
81 301
81 348
81 437
81 463
81 571
82 100
82 78
82 518
82 210
82 515
82 552
82 148
82 209
82 265
82 321
83 217
83 531
83 256
83 461
83 530
83 372
83 564
83 186
83 221
83 222
83 495
83 516
83 572
84 233
84 188
84 158
84 14
84 485
84 40
84 422
84 98
84 146
84 388
85 255
85 361
85 407
85 36
85 319
85 330
85 533
85 430
85 13
85 207
85 349
85 404
85 419
85 538
86 80
86 65
86 561
86 170
86 48
86 271
86 259
86 330
86 55
86 268
86 300
86 322
86 354
86 374
86 391
86 435
87 256
87 340
87 186
87 149
87 312
87 387
87 110
87 424
87 319
87 415
87 456
87 501
88 587
88 387
88 457
88 401
89 503
89 417
89 393
89 595
89 319
89 18
89 38
89 323
89 26
89 95
89 109
89 149
89 291
89 384
89 402
89 491
89 563
89 573
90 564
90 183
90 14
90 447
90 440
90 131
90 539
90 500
90 132
90 133
90 421
90 442
90 595
91 81
91 259
91 357
91 318
91 236
91 417
91 422
91 222
91 125
91 304
91 382
91 461
91 505
91 531
91 594
92 128
92 229
92 167
92 559
92 394
92 146
92 202
92 495
93 580
93 411
93 63
93 4
93 291
93 337
93 101
93 29
93 42
93 133
93 213
93 251
93 400
93 418
93 494
93 511
93 545
93 592
94 454
94 260
94 429
94 312
94 68
94 185
94 192
94 317
94 13
94 207
94 497
94 520
95 89
95 531
95 485
95 393
95 34
95 67
95 192
95 118
95 170
95 292
95 478
95 482
95 530
96 114
96 578
96 316
96 115
96 540
96 38
96 105
96 266
96 7
96 128
96 277
96 293
96 377
96 501
96 528
96 594
97 117
97 578
97 552
97 302
97 342
97 216
97 110
97 17
97 205
97 339
97 481
97 512
97 540
98 546
98 59
98 433
98 84
98 135
98 11
98 575
98 40
98 214
98 291
98 410
98 444
99 392
99 545
99 263
99 333
99 265
99 80
99 523
99 16
99 312
99 383
99 391
99 430
99 516
99 528
99 573
99 578
100 364
100 197
100 504
100 209
100 380
100 258
100 312
100 75
100 82
100 320
100 441
100 524
101 103
101 446
101 503
101 132
101 152
101 76
101 110
101 14
101 41
101 93
101 108
101 124
101 229
101 457
101 548
101 554
102 114
102 202
102 488
102 332
102 25
102 414
102 399
102 530
102 118
102 143
102 155
102 357
102 372
102 381
102 410
102 418
102 521
103 110
103 245
103 137
103 249
103 43
103 451
103 1
103 101
103 109
103 185
103 187
103 241
103 441
103 549
103 558
103 562
104 140
104 234
104 233
104 504
104 54
104 470
104 149
104 150
104 158
104 328
104 408
104 441
105 467
105 26
105 402
105 158
105 21
105 231
105 453
105 336
105 96
105 128
105 429
105 518
106 524
106 338
106 459
106 306
106 12
106 54
106 58
106 140
106 244
106 439
106 461
106 469
106 541
107 545
107 433
107 323
107 556
107 495
107 310
107 366
107 514
107 2
107 135
107 208
107 221
108 37
108 373
108 68
108 391
108 283
108 433
108 101
108 64
108 9
108 60
108 110
108 119
108 407
108 538
108 565
109 497
109 103
109 564
109 145
109 346
109 197
109 89
109 232
109 81
109 112
109 151
109 253
109 391
110 108
110 12
110 273
110 311
110 266
110 138
110 456
110 541
110 87
110 97
110 101
110 103
110 148
110 310
110 344
110 447
110 584
110 599
111 527
111 34
111 333
111 336
111 381
111 450
111 38
111 143
111 162
111 228
111 261
111 349
111 437
111 460
112 225
112 216
112 532
112 242
112 109
112 426
112 165
112 19
112 178
112 466
112 514
112 563
113 447
113 65
113 10
113 13
113 20
113 49
113 78
113 124
113 129
113 310
113 314
113 341
113 347
113 367
113 374
113 386
113 434
113 569
113 571
114 243
114 374
114 275
114 540
114 203
114 96
114 102
114 118
114 128
114 305
114 337
114 353
114 390
114 391
114 419
114 460
114 505
114 535
114 555
114 575
115 29
115 117
115 96
115 156
115 404
115 549
116 590
116 45
116 330
116 264
116 52
116 179
116 482
116 419
116 37
116 70
116 163
116 242
116 516
116 551
117 46
117 583
117 175
117 514
117 48
117 207
117 13
117 80
117 97
117 115
117 149
117 201
117 237
117 482
117 490
117 594
118 75
118 428
118 515
118 218
118 95
118 102
118 265
118 114
118 17
118 61
118 242
118 302
118 348
118 401
118 429
118 454
118 471
118 485
119 574
119 440
119 335
119 220
119 493
119 455
119 108
119 532
119 189
119 396
120 588
120 322
120 445
120 311
120 512
120 50
120 18
120 81
120 162
120 178
120 264
120 316
120 335
120 462
120 503
120 523
121 414
121 177
121 229
121 315
121 233
121 384
121 81
121 226
121 62
121 126
121 139
121 269
121 350
121 361
121 490
121 598
122 416
122 529
122 125
122 334
122 13
122 438
122 130
122 180
122 321
122 405
122 424
123 33
123 498
123 376
123 530
123 282
123 186
123 4
123 247
123 65
123 68
123 269
123 296
123 318
123 370
123 417
123 427
123 506
123 517
124 535
124 113
124 481
124 101
124 277
124 260
124 587
124 192
124 18
124 47
124 62
124 389
124 399
125 91
125 357
125 392
125 26
125 563
125 292
125 80
125 553
125 122
125 426
126 66
126 338
126 131
126 121
126 321
126 150
126 527
126 2
126 57
126 205
126 279
126 376
126 406
126 425
127 368
127 335
127 55
127 331
127 455
127 462
127 461
127 237
127 130
127 160
127 230
127 241
127 257
127 458
127 464
127 470
127 484
127 562
127 598
128 96
128 200
128 215
128 425
128 105
128 114
128 240
128 53
128 17
128 92
128 228
128 354
128 467
128 503
129 209
129 113
129 584
129 249
129 218
129 484
129 138
129 248
129 42
129 51
129 131
130 206
130 549
130 478
130 354
130 359
130 522
130 553
130 127
130 64
130 68
130 122
130 277
130 292
130 314
130 435
131 211
131 444
131 245
131 172
131 146
131 129
131 17
131 34
131 90
131 126
131 258
131 277
131 378
131 446
131 557
132 210
132 198
132 577
132 173
132 494
132 74
132 90
132 41
132 101
132 148
132 209
132 311
132 440
132 454
132 470
133 146
133 502
133 90
133 325
133 443
133 93
133 353
133 332
133 428
133 525
134 380
134 359
134 178
134 374
134 199
134 555
134 177
134 187
134 240
134 372
134 411
134 412
134 587
135 576
135 392
135 65
135 242
135 415
135 147
135 217
135 107
135 6
135 66
135 98
135 220
135 224
135 434
135 487
136 25
136 541
136 220
136 56
136 210
136 305
136 373
136 414
136 425
136 558
136 570
137 323
137 7
137 33
137 357
137 183
137 398
137 446
137 145
137 41
137 103
137 261
137 490
138 39
138 23
138 402
138 432
138 411
138 578
138 110
138 129
138 214
138 247
138 407
138 470
138 481
138 504
138 552
138 593
139 1
139 483
139 121
139 77
139 386
139 157
139 520
139 36
139 164
139 262
139 280
139 301
139 369
139 423
139 524
139 528
140 496
140 20
140 369
140 203
140 489
140 398
140 151
140 106
140 104
140 463
140 515
140 568
141 591
141 576
141 23
141 471
141 418
141 39
141 215
141 361
141 393
141 498
141 566
142 380
142 423
142 222
142 190
142 492
142 45
142 79
142 182
142 387
142 449
142 484
143 53
143 207
143 220
143 111
143 102
143 148
143 221
143 233
143 43
143 149
143 295
143 349
143 464
143 497
143 504
143 529
143 590
144 456
144 430
144 21
144 228
144 389
144 379
144 407
144 358
144 406
144 483
144 518
144 536
145 562
145 526
145 299
145 433
145 522
145 572
145 543
145 28
145 24
145 109
145 137
145 157
145 300
145 334
145 367
145 393
145 444
145 540
146 584
146 199
146 582
146 84
146 92
146 56
146 70
146 131
146 133
146 158
146 202
146 223
146 232
146 279
146 414
146 465
146 486
147 580
147 354
147 261
147 554
147 544
147 349
147 135
147 170
147 191
147 199
147 459
147 557
148 501
148 132
148 82
148 185
148 522
148 110
148 295
148 175
148 143
148 441
148 481
148 488
148 570
148 579
149 143
149 466
149 89
149 104
149 233
149 117
149 290
149 264
149 87
149 171
149 274
149 327
149 334
149 432
150 482
150 75
150 364
150 190
150 104
150 440
150 367
150 39
150 20
150 54
150 126
151 270
151 328
151 109
151 491
151 207
151 594
151 302
151 543
151 17
151 140
151 208
151 299
151 313
151 452
152 242
152 275
152 179
152 432
152 567
152 592
152 490
152 297
152 17
152 39
152 42
152 73
152 101
152 309
152 553
153 418
153 217
153 527
153 206
153 166
153 283
153 263
153 237
153 299
153 320
153 507
153 532
153 537
154 372
154 15
154 556
154 476
154 452
154 491
154 531
154 571
154 155
154 266
154 338
154 503
154 572
155 570
155 30
155 308
155 102
155 72
155 154
155 505
155 400
155 272
155 319
155 397
155 463
156 454
156 576
156 421
156 310
156 329
156 115
156 267
156 551
156 64
156 81
156 235
156 275
156 353
157 361
157 207
157 583
157 68
157 466
157 145
157 139
157 159
157 284
157 356
157 410
157 475
157 509
157 512
158 523
158 146
158 52
158 599
158 62
158 207
158 104
158 474
158 84
158 105
158 477
158 515
159 546
159 451
159 404
159 188
159 157
159 415
159 305
159 350
159 15
159 24
159 72
159 216
159 309
159 411
159 447
159 457
160 187
160 578
160 315
160 369
160 127
160 24
160 25
160 42
160 376
160 414
160 428
160 501
160 561
161 254
161 70
161 415
161 374
161 337
161 270
161 300
161 38
161 68
161 179
161 192
161 321
161 503
161 546
161 567
162 329
162 120
162 291
162 111
162 77
162 72
162 179
162 325
162 257
162 258
162 293
162 323
162 414
162 437
162 589
163 279
163 116
163 357
163 26
163 326
163 443
163 460
163 564
163 228
163 340
163 348
163 439
163 452
163 453
164 77
164 555
164 430
164 593
164 553
164 139
164 54
164 171
164 258
164 369
164 442
164 532
165 589
165 581
165 283
165 28
165 112
165 225
165 370
165 374
165 400
165 428
165 495
165 553
165 570
165 579
166 363
166 268
166 228
166 66
166 215
166 39
166 265
166 251
166 44
166 153
166 179
166 306
166 413
166 447
166 449
166 549
166 559
166 589
167 236
167 423
167 412
167 481
167 223
167 92
167 289
167 305
167 350
167 356
167 482
167 552
167 579
168 51
168 522
168 187
168 548
168 587
168 25
168 47
168 170
168 193
168 360
168 367
168 403
168 444
168 500
168 507
168 529
169 428
169 24
169 73
169 226
169 266
169 293
169 47
169 301
169 57
169 222
169 344
169 358
169 382
169 450
170 336
170 168
170 428
170 496
170 147
170 445
170 366
170 95
170 86
170 241
170 274
170 388
170 532
170 585
171 228
171 358
171 164
171 489
171 149
171 21
171 59
171 360
171 437
171 559
172 485
172 242
172 213
172 363
172 80
172 479
172 305
172 351
172 13
172 20
172 30
172 131
172 282
172 317
172 490
173 554
173 15
173 176
173 208
173 553
173 279
173 30
173 62
173 76
173 132
173 291
173 478
173 542
173 587
174 525
174 209
174 468
174 401
174 412
174 264
174 531
174 474
174 218
174 244
174 273
174 341
174 431
174 453
174 456
174 558
175 557
175 507
175 257
175 5
175 250
175 117
175 148
175 179
175 194
175 206
175 209
175 596
176 557
176 69
176 592
176 465
176 61
176 187
176 208
176 586
176 173
176 215
177 15
177 251
177 28
177 29
177 47
177 79
177 121
177 134
177 315
178 120
178 112
178 384
178 18
178 28
178 134
178 216
178 267
178 389
178 467
178 512
178 575
179 440
179 175
179 503
179 161
179 166
179 217
179 499
179 193
179 116
179 152
179 162
179 182
179 261
179 347
179 430
179 526
179 586
179 600
180 353
180 276
180 563
180 439
180 586
180 13
180 334
180 301
180 48
180 122
180 218
180 268
180 325
181 452
181 79
181 478
181 189
181 301
181 208
181 227
181 184
181 287
181 291
181 342
181 357
181 392
181 396
182 340
182 328
182 265
182 142
182 179
182 281
182 236
182 62
182 56
182 273
183 283
183 3
183 38
183 90
183 137
183 230
183 447
183 471
183 527
183 581
184 181
184 17
184 200
184 220
184 321
184 339
184 419
184 450
184 544
184 556
185 103
185 239
185 388
185 420
185 238
185 94
185 148
185 205
185 339
185 453
185 477
185 552
186 56
186 294
186 595
186 331
186 308
186 519
186 83
186 11
186 48
186 87
186 123
186 201
186 203
186 245
186 316
186 503
187 103
187 134
187 476
187 482
187 444
187 556
187 405
187 529
187 3
187 29
187 160
187 168
187 176
187 370
187 380
187 480
187 583
188 229
188 578
188 395
188 12
188 436
188 492
188 84
188 159
188 197
188 318
188 569
189 388
189 209
189 119
189 396
189 243
189 488
189 65
189 66
189 181
189 249
189 258
189 273
189 274
189 314
189 351
189 384
189 416
189 563
190 219
190 522
190 363
190 462
190 274
190 537
190 569
190 387
190 142
190 150
190 284
190 402
190 405
190 557
191 361
191 147
191 554
191 391
191 55
191 225
191 282
191 445
191 462
191 524
191 574
191 586
192 197
192 278
192 161
192 287
192 245
192 328
192 283
192 500
192 94
192 95
192 124
192 298
192 410
192 442
192 520
193 357
193 574
193 247
193 168
193 218
193 302
193 543
193 4
193 58
193 179
193 408
193 551
193 565
193 571
193 599
194 226
194 175
194 369
194 233
194 200
194 246
194 270
194 271
194 355
194 375
194 409
194 428
194 432
194 438
194 533
194 589
195 371
195 587
195 445
195 34
195 22
195 77
195 78
195 204
195 219
195 521
195 534
195 544
195 552
196 429
196 456
196 371
196 507
196 289
196 61
196 15
196 256
196 404
196 502
197 415
197 501
197 542
197 477
197 466
197 188
197 453
197 344
197 9
197 74
197 100
197 109
197 192
197 219
197 268
197 293
197 301
197 392
197 488
198 431
198 31
198 132
198 347
198 500
199 540
199 434
199 23
199 590
199 467
199 290
199 147
199 358
199 134
199 146
199 283
199 332
199 342
199 406
199 424
199 555
200 440
200 226
200 194
200 526
200 184
200 566
200 514
200 19
200 30
200 128
200 380
200 422
200 493
200 510
201 419
201 117
201 521
201 299
201 186
201 501
201 208
201 61
201 33
201 74
201 327
201 396
201 511
202 92
202 429
202 146
202 42
202 527
202 474
202 45
202 75
202 102
202 324
202 555
203 37
203 355
203 574
203 284
203 447
203 597
203 186
203 546
203 114
203 140
203 334
203 459
203 564
204 472
204 423
204 25
204 569
204 195
204 213
204 222
204 270
204 282
204 339
204 466
204 473
204 550
205 126
205 185
205 59
205 396
205 338
205 209
205 573
205 97
205 259
205 283
205 352
205 385
205 410
205 431
205 439
205 518
205 545
205 565
206 253
206 424
206 175
206 577
206 284
206 130
206 153
206 377
207 365
207 234
207 39
207 94
207 402
207 591
207 447
207 85
207 117
207 143
207 151
207 157
207 158
207 240
207 448
207 510
207 542
207 577
208 302
208 107
208 61
208 330
208 240
208 455
208 151
208 355
208 19
208 173
208 176
208 181
208 201
208 288
208 371
208 514
209 466
209 132
209 175
209 303
209 82
209 451
209 505
209 453
209 100
209 129
209 174
209 189
209 205
209 236
209 241
209 352
209 469
210 136
210 4
210 43
210 527
210 489
210 12
210 361
210 565
210 36
210 75
210 82
210 132
210 280
210 285
210 310
210 330
210 548
210 574
211 458
211 296
211 446
211 435
211 352
211 378
211 247
211 131
211 264
211 307
211 394
211 403
211 406
211 443
211 540
211 576
211 585
212 462
212 380
212 495
212 569
212 317
212 17
212 579
212 433
212 337
212 517
213 93
213 531
213 38
213 593
213 230
213 343
213 204
213 356
213 6
213 53
213 172
213 219
213 235
213 312
213 348
213 490
213 551
213 561
214 414
214 138
214 260
214 98
214 518
214 502
214 254
214 22
214 20
214 247
214 261
214 461
214 482
215 176
215 450
215 141
215 224
215 498
215 389
215 128
215 166
215 278
215 279
215 402
215 463
215 480
215 563
215 564
215 577
215 582
216 178
216 488
216 218
216 585
216 17
216 159
216 574
216 511
216 46
216 97
216 112
216 223
216 328
216 423
216 498
216 534
217 309
217 509
217 36
217 21
217 83
217 135
217 153
217 179
217 425
217 427
217 442
218 180
218 278
218 80
218 174
218 497
218 398
218 81
218 251
218 68
218 118
218 129
218 193
218 216
218 255
218 261
218 290
218 332
218 371
218 389
219 213
219 554
219 197
219 17
219 195
219 568
219 318
219 430
219 29
219 78
219 190
219 311
219 483
219 508
219 519
219 528
220 135
220 184
220 336
220 518
220 372
220 371
220 478
220 264
220 19
220 119
220 136
220 143
220 226
220 281
220 284
220 454
220 480
220 558
220 563
220 595
221 425
221 83
221 474
221 107
221 388
221 143
221 222
221 263
221 266
221 323
222 10
222 204
222 318
222 62
222 169
222 83
222 221
222 392
222 52
222 91
222 142
222 227
222 253
222 263
222 435
222 468
222 535
222 555
223 556
223 397
223 281
223 369
223 146
223 232
223 316
223 216
223 20
223 167
223 358
223 430
223 565
223 591
224 552
224 273
224 135
224 345
224 491
224 514
224 51
224 215
224 336
224 370
224 494
224 529
224 568
224 586
225 165
225 390
225 389
225 191
225 17
225 59
225 56
225 246
225 112
225 557
226 539
226 534
226 6
226 220
226 436
226 9
226 540
226 54
226 121
226 169
226 194
226 200
226 310
226 352
226 376
226 423
226 562
227 274
227 363
227 599
227 222
227 371
227 424
227 401
227 12
227 33
227 61
227 181
227 296
227 421
227 531
227 589
228 494
228 234
228 163
228 271
228 111
228 340
228 554
228 128
228 144
228 166
228 171
228 405
228 429
228 456
228 463
228 496
229 23
229 297
229 569
229 519
229 342
229 57
229 244
229 101
229 92
229 121
229 188
229 242
229 515
230 183
230 261
230 393
230 127
230 394
230 2
230 213
230 251
230 441
230 492
230 586
231 538
231 534
231 293
231 105
231 321
231 347
231 536
231 567
232 411
232 260
232 564
232 146
232 246
232 19
232 109
232 223
232 255
232 283
232 417
233 53
233 38
233 13
233 544
233 419
233 7
233 84
233 104
233 121
233 143
233 149
233 194
233 275
233 425
233 571
234 518
234 39
234 64
234 104
234 207
234 228
234 252
234 279
234 295
234 336
234 418
234 523
234 530
234 566
235 367
235 382
235 213
235 296
235 156
235 280
235 379
235 522
236 69
236 585
236 334
236 209
236 18
236 470
236 91
236 167
236 182
236 251
236 303
236 325
236 362
236 405
237 520
237 492
237 117
237 389
237 519
237 445
237 127
237 153
237 245
237 249
237 281
237 351
237 368
237 399
237 449
238 75
238 579
238 596
238 504
238 76
238 185
238 352
238 537
239 24
239 73
239 275
239 68
239 414
239 594
239 340
239 185
239 411
239 513
240 383
240 30
240 66
240 134
240 417
240 302
240 541
240 207
240 128
240 208
240 316
240 357
240 575
241 450
241 103
241 127
241 71
241 476
241 170
241 209
241 244
241 314
242 118
242 116
242 409
242 36
242 402
242 229
242 449
242 405
242 41
242 56
242 72
242 112
242 135
242 152
242 172
242 309
242 330
242 346
242 368
242 371
242 399
242 426
242 454
242 581
243 397
243 114
243 189
243 251
243 285
243 333
243 459
243 488
243 524
243 589
244 513
244 326
244 174
244 344
244 106
244 241
244 473
244 369
244 51
244 229
244 586
245 237
245 402
245 186
245 357
245 398
245 76
245 103
245 131
245 192
245 304
245 327
245 439
245 563
246 485
246 194
246 225
246 232
246 247
246 359
246 436
246 522
247 214
247 576
247 11
247 246
247 476
247 350
247 54
247 138
247 34
247 51
247 123
247 193
247 211
247 291
247 296
247 441
247 469
247 581
248 351
248 419
248 344
248 573
248 31
248 479
248 16
248 39
248 42
248 66
248 129
248 282
248 433
248 507
248 533
248 591
249 189
249 517
249 7
249 553
249 237
249 321
249 66
249 103
249 129
249 251
249 272
249 384
249 425
249 451
249 459
249 486
249 525
250 375
250 275
250 291
250 175
250 354
250 386
250 423
250 428
250 557
251 374
251 17
251 243
251 236
251 249
251 479
251 230
251 93
251 46
251 166
251 177
251 218
251 303
251 381
251 493
251 585
252 67
252 548
252 440
252 234
252 516
252 56
252 512
252 526
252 20
252 302
252 400
252 465
252 486
252 508
252 520
252 536
253 381
253 451
253 264
253 590
253 222
253 109
253 206
253 332
253 559
254 359
254 69
254 161
254 214
254 298
254 332
254 342
254 387
254 510
254 590
255 389
255 218
255 553
255 430
255 297
255 379
255 232
255 304
255 69
255 85
255 571
256 393
256 313
256 538
256 273
256 458
256 196
256 33
256 568
256 32
256 83
256 87
256 362
256 370
256 454
256 489
256 527
256 543
256 569
257 499
257 162
257 386
257 288
257 480
257 471
257 549
257 127
257 70
257 175
257 358
257 461
258 162
258 407
258 189
258 131
258 164
258 100
258 261
258 266
258 280
258 390
258 398
258 404
258 497
258 560
259 303
259 408
259 277
259 16
259 205
259 1
259 86
259 91
259 278
259 299
259 453
259 454
260 593
260 266
260 513
260 94
260 124
260 214
260 232
260 333
260 438
260 448
260 536
261 51
261 137
261 218
261 111
261 258
261 214
261 179
261 445
261 43
261 147
261 230
261 326
261 428
261 430
261 563
261 591
262 472
262 139
262 3
262 570
262 265
262 475
262 46
262 10
262 36
262 290
262 306
262 346
262 368
263 344
263 427
263 221
263 222
263 26
263 30
263 99
263 153
263 422
264 593
264 266
264 31
264 388
264 211
264 292
264 120
264 466
264 7
264 116
264 149
264 174
264 220
264 253
264 284
264 455
264 587
265 475
265 72
265 376
265 427
265 524
265 48
265 82
265 33
265 66
265 99
265 118
265 166
265 182
265 262
265 271
265 392
266 522
266 221
266 357
266 2
266 258
266 154
266 445
266 537
266 69
266 96
266 110
266 169
266 260
266 264
266 378
266 523
267 355
267 549
267 274
267 291
267 409
267 178
267 576
267 589
267 74
267 156
267 507
267 568
268 482
268 487
268 392
268 45
268 86
268 567
268 180
268 197
268 166
268 411
268 472
268 522
268 541
269 45
269 523
269 121
269 414
269 492
269 429
269 123
269 564
269 76
269 289
269 322
269 560
270 469
270 3
270 194
270 478
270 48
270 204
270 445
270 583
270 9
270 151
270 161
270 457
270 572
271 531
271 265
271 321
271 303
271 412
271 539
271 580
271 194
271 22
271 54
271 61
271 65
271 86
271 228
271 300
271 508
271 559
271 582
272 155
272 80
272 332
272 57
272 370
272 249
272 496
272 304
272 390
273 41
273 174
273 437
273 506
273 189
273 182
273 395
273 522
273 4
273 38
273 110
273 224
273 256
273 357
273 391
273 447
273 518
273 564
273 600
274 170
274 149
274 493
274 189
274 296
274 26
274 584
274 437
274 44
274 190
274 227
274 267
274 315
274 317
274 351
274 424
275 17
275 414
275 461
275 233
275 426
275 156
275 114
275 152
275 239
275 250
275 304
275 310
275 378
275 382
275 477
275 590
276 464
276 580
276 535
276 473
276 421
276 393
276 517
276 452
276 48
276 180
276 437
276 480
277 60
277 571
277 131
277 130
277 96
277 42
277 46
277 51
277 63
277 124
277 259
277 405
277 512
277 549
278 18
278 215
278 433
278 421
278 368
278 352
278 259
278 595
278 192
278 218
278 341
278 492
278 500
278 501
278 510
279 382
279 307
279 215
279 126
279 234
279 464
279 146
279 486
279 163
279 173
279 300
279 509
279 517
280 139
280 290
280 411
280 422
280 210
280 258
280 362
280 571
280 31
280 235
280 319
280 417
280 435
280 472
280 490
280 527
280 559
281 380
281 443
281 220
281 549
281 66
281 237
281 342
281 400
281 182
281 223
281 301
281 390
281 409
281 438
281 539
281 577
282 381
282 291
282 42
282 204
282 172
282 191
282 248
282 20
282 36
282 123
282 380
282 583
282 599
283 398
283 355
283 232
283 205
283 199
283 439
283 59
283 108
283 153
283 165
283 183
283 192
283 394
283 550
284 190
284 345
284 264
284 568
284 390
284 220
284 157
284 500
284 27
284 203
284 206
284 355
284 368
284 407
284 461
284 509
284 550
285 412
285 591
285 340
285 288
285 381
285 210
285 341
285 243
285 385
285 442
285 522
285 597
286 364
286 372
286 3
286 325
286 425
286 52
286 55
286 64
286 359
286 403
287 446
287 484
287 418
287 597
287 548
287 181
287 24
287 386
287 70
287 75
287 192
287 387
287 452
287 473
287 544
287 549
287 559
287 580
288 12
288 309
288 208
288 546
288 313
288 62
288 76
288 257
288 285
288 315
288 335
288 349
288 533
288 544
289 269
289 466
289 539
289 533
289 398
289 167
289 24
289 196
289 309
289 341
289 457
289 487
290 262
290 414
290 570
290 68
290 61
290 218
290 398
290 388
290 76
290 149
290 199
290 280
290 408
290 454
291 367
291 89
291 247
291 173
291 181
291 98
291 416
291 573
291 15
291 93
291 162
291 250
291 267
291 282
291 428
291 435
291 447
291 594
292 505
292 561
292 382
292 130
292 568
292 489
292 486
292 95
292 125
292 264
292 346
292 510
293 382
293 362
293 197
293 96
293 162
293 525
293 1
293 479
293 169
293 231
293 399
293 410
293 448
293 508
293 566
294 428
294 535
294 534
294 454
294 348
294 70
294 186
294 386
294 420
294 469
294 570
295 143
295 480
295 334
295 541
295 487
295 26
295 234
295 494
295 148
295 377
295 476
296 227
296 123
296 247
296 36
296 211
296 235
296 274
296 418
296 453
296 541
296 572
297 319
297 322
297 37
297 152
297 229
297 255
297 335
298 565
298 192
298 589
298 472
298 552
298 254
298 385
298 465
298 35
298 313
298 350
298 509
298 513
298 516
298 548
299 360
299 501
299 366
299 68
299 151
299 259
299 392
299 153
299 35
299 145
299 201
299 518
299 592
300 271
300 473
300 492
300 460
300 145
300 86
300 279
300 494
300 161
301 81
301 413
301 548
301 139
301 197
301 10
301 281
301 478
301 22
301 169
301 180
301 181
302 118
302 49
302 252
302 554
302 404
302 351
302 445
302 563
302 33
302 64
302 97
302 151
302 193
302 208
302 240
302 342
302 400
302 424
302 502
302 535
302 564
303 236
303 251
303 209
303 259
303 271
303 426
303 574
303 593
304 514
304 351
304 272
304 245
304 36
304 275
304 91
304 41
304 255
304 381
304 493
304 511
305 378
305 136
305 466
305 428
305 375
305 114
305 29
305 167
305 33
305 72
305 159
305 172
305 333
305 544
306 562
306 166
306 371
306 569
306 36
306 548
306 451
306 262
306 106
306 521
306 552
307 594
307 38
307 211
307 497
307 503
307 483
307 447
307 279
307 449
307 463
307 527
307 546
307 586
308 337
308 561
308 46
308 24
308 6
308 47
308 155
308 186
308 324
308 421
308 459
308 473
308 522
308 583
309 289
309 242
309 152
309 45
309 380
309 10
309 159
309 537
309 217
309 288
309 514
310 399
310 431
310 113
310 110
310 210
310 466
310 226
310 275
310 107
310 156
310 365
310 398
310 422
310 548
311 219
311 381
311 132
311 11
311 37
311 110
311 120
311 350
311 413
311 423
311 432
311 440
311 582
312 69
312 526
312 520
312 320
312 338
312 99
312 592
312 213
312 81
312 87
312 94
312 100
312 336
312 482
313 362
313 315
313 403
313 322
313 78
313 151
313 325
313 298
313 52
313 55
313 73
313 256
313 288
313 556
314 130
314 241
314 113
314 189
314 17
314 465
314 79
314 557
314 36
314 337
314 370
314 448
314 517
315 274
315 316
315 27
315 288
315 177
315 367
315 65
315 507
315 9
315 121
315 160
315 313
315 323
316 186
316 120
316 442
316 240
316 429
316 586
316 96
316 223
316 315
317 427
317 448
317 481
317 22
317 339
317 172
317 274
317 446
317 60
317 69
317 94
317 212
317 333
317 397
317 585
318 324
318 188
318 123
318 328
318 447
318 454
318 526
318 516
318 91
318 219
318 222
318 501
318 510
319 155
319 485
319 440
319 87
319 67
319 280
319 85
319 89
319 297
319 340
319 378
319 441
319 494
319 598
320 65
320 388
320 43
320 100
320 153
320 54
320 499
320 463
320 312
320 384
320 461
320 504
321 82
321 231
321 72
321 553
321 122
321 184
321 40
321 161
321 48
321 60
321 126
321 249
321 271
321 384
321 498
321 585
322 345
322 269
322 592
322 13
322 483
322 598
322 415
322 86
322 120
322 297
322 313
322 359
322 470
322 521
322 574
323 221
323 414
323 357
323 75
323 162
323 315
323 79
323 89
323 107
323 137
323 473
323 591
323 592
323 597
324 382
324 202
324 308
324 51
324 385
324 518
324 564
324 485
324 318
324 363
324 384
324 465
325 180
325 345
325 530
325 486
325 236
325 531
325 2
325 360
325 7
325 133
325 162
325 286
325 313
326 432
326 261
326 328
326 546
326 409
326 438
326 163
326 244
326 388
326 426
327 33
327 9
327 77
327 149
327 201
327 54
327 480
327 245
327 492
328 375
328 104
328 581
328 495
328 73
328 216
328 490
328 392
328 59
328 151
328 182
328 192
328 318
328 326
328 381
328 386
328 449
328 560
329 421
329 513
329 156
329 162
329 423
329 424
329 468
330 242
330 365
330 486
330 359
330 210
330 416
330 565
330 547
330 85
330 86
330 116
330 208
330 379
330 456
331 411
331 569
331 516
331 491
331 573
331 6
331 565
331 556
331 127
331 186
331 352
331 361
331 500
331 542
331 570
331 596
332 553
332 199
332 44
332 253
332 133
332 545
332 254
332 218
332 102
332 272
332 440
332 455
333 305
333 37
333 317
333 401
333 260
333 409
333 243
333 416
333 36
333 99
333 111
333 431
334 149
334 420
334 484
334 550
334 145
334 203
334 562
334 73
334 3
334 122
334 180
334 236
334 295
334 372
334 376
334 488
335 342
335 120
335 395
335 288
335 297
335 2
335 17
335 57
335 119
335 127
335 470
335 556
336 312
336 490
336 224
336 576
336 3
336 21
336 493
336 234
336 15
336 48
336 105
336 111
336 170
336 220
336 371
337 212
337 459
337 544
337 314
337 114
337 20
337 93
337 161
337 308
337 402
337 434
337 562
337 568
338 154
338 501
338 34
338 106
338 126
338 205
338 312
338 440
338 525
338 577
339 340
339 466
339 185
339 204
339 97
339 490
339 376
339 184
339 80
339 317
339 346
340 1
340 375
340 421
340 163
340 319
340 25
340 77
340 87
340 182
340 228
340 239
340 285
340 339
341 278
341 389
341 575
341 364
341 113
341 174
341 347
341 289
341 29
341 53
341 285
341 378
341 410
341 545
342 181
342 199
342 571
342 400
342 344
342 302
342 254
342 375
342 1
342 32
342 97
342 229
342 281
342 335
342 378
342 379
342 464
342 476
342 499
342 528
343 572
343 478
343 529
343 20
343 439
343 33
343 64
343 428
343 40
343 67
343 213
343 346
343 418
343 450
343 512
344 540
344 169
344 110
344 429
344 390
344 11
344 5
344 197
344 244
344 248
344 263
344 342
344 364
345 401
345 571
345 377
345 2
345 16
345 224
345 284
345 322
345 325
345 444
345 467
345 524
345 531
345 572
346 292
346 339
346 242
346 19
346 262
346 343
346 109
346 440
346 480
346 488
346 501
346 547
346 560
347 390
347 113
347 7
347 179
347 525
347 198
347 12
347 231
347 56
347 63
347 341
347 405
347 479
347 506
347 575
347 596
348 68
348 163
348 118
348 213
348 512
348 386
348 71
348 81
348 294
348 382
348 463
348 499
348 500
348 534
348 549
349 549
349 469
349 111
349 143
349 85
349 497
349 288
349 470
349 11
349 147
349 359
349 427
349 442
349 471
350 311
350 572
350 375
350 167
350 394
350 121
350 398
350 298
350 81
350 159
350 247
351 579
351 407
351 58
351 534
351 189
351 43
351 274
351 237
351 172
351 248
351 302
351 304
351 415
351 483
351 502
352 365
352 238
352 331
352 209
352 450
352 205
352 48
352 226
352 211
352 278
352 388
352 543
352 569
353 537
353 156
353 440
353 556
353 114
353 133
353 180
353 479
353 519
353 560
354 488
354 42
354 534
354 250
354 128
354 86
354 130
354 147
354 517
354 540
355 493
355 525
355 284
355 194
355 527
355 580
355 457
355 80
355 203
355 208
355 267
355 283
355 450
355 558
356 473
356 376
356 157
356 12
356 167
356 24
356 71
356 213
356 467
356 559
357 56
357 240
357 48
357 102
357 273
357 391
357 571
357 181
357 91
357 125
357 137
357 163
357 193
357 245
357 266
357 323
358 455
358 33
358 257
358 223
358 144
358 522
358 169
358 427
358 32
358 171
358 199
358 449
358 553
358 600
359 322
359 411
359 21
359 286
359 349
359 246
359 130
359 134
359 254
359 330
359 517
359 593
360 171
360 168
360 299
360 325
360 483
360 538
361 382
361 121
361 331
361 141
361 73
361 551
361 36
361 85
361 157
361 191
361 210
361 363
361 366
361 406
361 430
361 478
361 565
362 542
362 48
362 590
362 236
362 256
362 414
362 16
362 35
362 280
362 293
362 313
362 435
363 588
363 55
363 361
363 481
363 10
363 401
363 474
363 324
363 34
363 166
363 172
363 190
363 227
363 458
363 566
364 422
364 3
364 434
364 344
364 403
364 409
364 65
364 68
364 100
364 150
364 286
364 341
364 530
365 310
365 8
365 11
365 58
365 545
365 398
365 56
365 600
365 207
365 330
365 352
365 390
366 3
366 361
366 47
366 55
366 60
366 107
366 170
366 299
366 370
366 472
366 583
367 113
367 168
367 384
367 145
367 25
367 373
367 416
367 577
367 1
367 150
367 235
367 291
367 315
367 415
367 484
367 507
367 554
367 572
368 237
368 534
368 75
368 242
368 262
368 477
368 284
368 512
368 12
368 19
368 57
368 127
368 278
368 515
368 583
369 463
369 487
369 542
369 75
369 587
369 164
369 593
369 139
369 3
369 140
369 160
369 194
369 223
369 244
369 445
369 471
369 497
369 507
370 314
370 165
370 366
370 123
370 187
370 256
370 375
370 224
370 26
370 272
370 374
370 399
370 432
371 218
371 208
371 242
371 336
371 471
371 495
371 16
371 195
371 196
371 220
371 227
371 306
371 393
371 457
371 458
371 498
372 334
372 392
372 14
372 12
372 24
372 102
372 46
372 134
372 83
372 154
372 220
372 286
372 385
372 417
372 559
373 136
373 78
373 108
373 367
373 411
373 525
373 530
374 559
374 165
374 113
374 438
374 547
374 370
374 445
374 86
374 114
374 134
374 161
374 251
375 27
375 194
375 26
375 424
375 583
375 31
375 50
375 250
375 305
375 328
375 340
375 342
375 350
375 370
375 477
375 493
375 534
375 573
376 226
376 126
376 160
376 486
376 584
376 334
376 11
376 563
376 61
376 71
376 123
376 265
376 339
376 356
376 418
376 524
377 96
377 402
377 295
377 487
377 206
377 517
377 25
377 44
377 26
377 74
377 345
377 425
377 597
378 341
378 131
378 56
378 275
378 410
378 266
378 342
378 319
378 19
378 36
378 74
378 211
378 305
378 422
378 434
378 468
379 471
379 330
379 342
379 64
379 430
379 235
379 12
379 144
379 255
379 480
380 397
380 427
380 594
380 187
380 579
380 282
380 200
380 458
380 100
380 134
380 142
380 212
380 281
380 309
380 419
380 492
380 564
380 581
381 304
381 591
381 251
381 102
381 328
381 79
381 111
381 253
381 282
381 285
381 311
381 406
382 5
382 398
382 464
382 169
382 275
382 91
382 348
382 478
382 16
382 76
382 235
382 279
382 292
382 293
382 324
382 361
382 455
382 547
383 483
383 599
383 439
383 99
383 536
383 240
383 481
383 592
384 389
384 320
384 89
384 249
384 324
384 189
384 321
384 561
384 121
384 178
384 367
384 455
384 476
385 205
385 285
385 76
385 372
385 468
385 56
385 80
385 298
385 324
386 328
386 250
386 585
386 4
386 294
386 113
386 46
386 442
386 69
386 139
386 257
386 287
386 348
386 403
386 535
386 588
387 254
387 142
387 457
387 287
387 577
387 42
387 87
387 88
387 190
387 397
387 411
387 414
387 519
387 547
387 556
388 408
388 10
388 326
388 352
388 170
388 40
388 395
388 84
388 23
388 70
388 185
388 189
388 221
388 264
388 290
388 320
388 440
388 457
388 478
388 557
388 583
389 21
389 124
389 422
389 218
389 178
389 28
389 144
389 215
389 225
389 237
389 255
389 341
389 384
389 487
390 281
390 501
390 114
390 272
390 258
390 365
390 574
390 569
390 225
390 284
390 344
390 347
390 479
391 560
391 404
391 273
391 109
391 86
391 114
391 99
391 563
391 57
391 108
391 191
391 357
391 498
392 468
392 181
392 573
392 433
392 197
392 265
392 462
392 24
392 54
392 99
392 125
392 135
392 222
392 268
392 299
392 328
392 372
392 405
392 448
393 371
393 421
393 145
393 141
393 530
393 42
393 40
393 59
393 89
393 95
393 230
393 256
393 276
393 409
394 283
394 401
394 582
394 399
394 211
394 567
394 514
394 5
394 71
394 73
394 92
394 230
394 350
394 568
395 446
395 188
395 273
395 335
395 388
395 546
395 553
395 577
396 434
396 535
396 201
396 181
396 556
396 119
396 50
396 189
396 205
396 398
396 451
396 499
397 317
397 387
397 488
397 473
397 155
397 537
397 514
397 510
397 59
397 223
397 243
397 380
397 500
397 536
397 557
397 593
398 310
398 527
398 258
398 396
398 515
398 530
398 568
398 137
398 140
398 218
398 245
398 283
398 289
398 290
398 350
398 365
398 382
398 539
399 370
399 503
399 242
399 449
399 124
399 237
399 480
399 293
399 102
399 310
399 394
399 409
399 526
400 503
400 93
400 429
400 252
400 457
400 302
400 165
400 453
400 155
400 281
400 342
400 433
400 464
401 118
401 457
401 88
401 174
401 227
401 333
401 345
401 363
401 394
401 424
401 486
402 433
402 337
402 28
402 215
402 7
402 190
402 563
402 89
402 2
402 44
402 60
402 75
402 105
402 138
402 207
402 242
402 245
402 377
402 504
403 554
403 61
403 168
403 211
403 49
403 417
403 286
403 386
403 7
403 313
403 364
404 258
404 196
404 58
404 115
404 85
404 52
404 594
404 5
404 159
404 302
404 391
404 493
404 511
404 592
404 596
405 277
405 553
405 347
405 122
405 228
405 190
405 236
405 392
405 187
405 242
405 469
405 480
406 361
406 44
406 199
406 211
406 144
406 560
406 126
406 381
406 71
406 488
407 30
407 563
407 108
407 138
407 284
407 85
407 144
407 258
407 351
407 470
407 599
408 490
408 290
408 467
408 104
408 492
408 193
408 456
408 21
408 259
408 388
408 472
408 483
408 562
409 399
409 594
409 281
409 194
409 534
409 393
409 3
409 64
409 242
409 267
409 326
409 333
409 364
409 473
409 590
410 341
410 441
410 205
410 98
410 157
410 293
410 192
410 102
410 378
410 411
410 588
411 373
411 159
411 134
411 268
411 593
411 410
411 239
411 387
411 93
411 138
411 232
411 280
411 331
411 359
411 520
411 543
412 567
412 516
412 29
412 505
412 452
412 134
412 502
412 526
412 167
412 174
412 271
412 285
412 512
412 533
412 556
413 311
413 166
413 535
413 544
413 440
413 578
413 566
413 463
413 78
413 301
413 523
413 534
413 539
414 136
414 521
414 146
414 556
414 160
414 162
414 387
414 421
414 29
414 50
414 73
414 102
414 121
414 214
414 239
414 269
414 275
414 290
414 323
414 362
414 529
414 585
415 36
415 447
415 448
415 367
415 435
415 351
415 458
415 87
415 37
415 135
415 159
415 161
415 197
415 322
415 423
416 189
416 79
416 122
416 291
416 330
416 333
416 367
416 439
416 505
417 372
417 232
417 580
417 280
417 461
417 4
417 123
417 2
417 89
417 91
417 240
417 403
417 475
417 511
417 540
417 592
418 23
418 376
418 505
418 296
418 93
418 102
418 234
418 343
418 141
418 153
418 287
419 380
419 463
419 9
419 184
419 85
419 114
419 547
419 530
419 13
419 116
419 201
419 233
419 248
419 462
419 536
420 294
420 41
420 185
420 334
420 514
421 558
421 308
421 21
421 440
421 585
421 557
421 90
421 227
421 12
421 24
421 74
421 156
421 276
421 278
421 329
421 340
421 393
421 414
421 467
422 28
422 200
422 263
422 310
422 378
422 49
422 84
422 91
422 280
422 364
422 389
423 431
423 250
423 311
423 216
423 139
423 226
423 415
423 329
423 142
423 167
423 204
423 498
424 199
424 546
424 122
424 302
424 274
424 401
424 329
424 452
424 43
424 87
424 206
424 227
424 375
424 550
425 217
425 249
425 377
425 77
425 584
425 233
425 136
425 126
425 128
425 221
425 286
425 516
425 525
425 588
426 303
426 38
426 242
426 492
426 547
426 326
426 478
426 125
426 112
426 275
426 445
426 450
426 549
427 41
427 349
427 217
427 123
427 8
427 15
427 39
427 263
427 265
427 317
427 358
427 380
428 261
428 160
428 291
428 133
428 194
428 568
428 250
428 165
428 118
428 169
428 170
428 294
428 305
428 343
428 529
429 228
429 105
429 118
429 478
429 6
429 22
429 94
429 196
429 202
429 269
429 316
429 344
429 400
429 594
430 223
430 75
430 99
430 361
430 478
430 179
430 261
430 522
430 85
430 144
430 164
430 219
430 255
430 379
430 475
430 479
430 513
430 515
431 5
431 174
431 570
431 462
431 205
431 333
431 24
431 15
431 11
431 198
431 310
431 423
431 498
431 505
431 572
431 581
432 61
432 499
432 585
432 311
432 149
432 370
432 194
432 541
432 43
432 48
432 138
432 152
432 326
432 452
432 561
432 586
433 596
433 557
433 248
433 19
433 474
433 42
433 400
433 47
433 22
433 44
433 98
433 107
433 108
433 145
433 212
433 278
433 392
433 402
433 462
433 599
434 378
434 49
434 435
434 337
434 582
434 113
434 45
434 135
434 16
434 21
434 67
434 199
434 364
434 396
435 291
435 529
435 86
435 130
435 280
435 567
435 222
435 362
435 72
435 211
435 415
435 434
435 467
435 483
435 526
435 582
435 584
435 587
436 246
436 188
436 226
436 589
437 445
437 558
437 111
437 171
437 276
437 80
437 81
437 162
437 50
437 67
437 273
437 274
437 516
438 194
438 260
438 571
438 281
438 573
438 67
438 122
438 326
438 374
438 458
438 594
439 106
439 492
439 245
439 163
439 78
439 416
439 550
439 205
439 180
439 283
439 343
439 383
440 332
440 132
440 338
440 311
440 497
440 25
440 346
440 388
440 11
440 40
440 90
440 119
440 150
440 179
440 200
440 252
440 319
440 353
440 413
440 421
440 519
441 148
441 103
441 319
441 104
441 547
441 230
441 247
441 100
441 410
441 455
441 533
441 596
442 164
442 217
442 192
442 349
442 554
442 599
442 90
442 285
442 47
442 316
442 386
442 448
442 518
443 458
443 492
443 488
443 211
443 481
443 35
443 133
443 163
443 281
443 452
443 552
444 168
444 528
444 145
444 345
444 72
444 467
444 592
444 98
444 37
444 131
444 187
444 579
445 369
445 426
445 42
445 546
445 553
445 191
445 31
445 57
445 120
445 170
445 195
445 237
445 261
445 266
445 270
445 302
445 374
445 437
445 547
446 131
446 8
446 11
446 101
446 137
446 211
446 287
446 317
446 395
447 514
447 110
447 159
447 273
447 291
447 183
447 9
447 166
447 19
447 29
447 63
447 90
447 113
447 203
447 207
447 307
447 318
447 415
447 526
447 538
447 584
448 18
448 207
448 22
448 392
448 442
448 314
448 293
448 260
448 34
448 43
448 50
448 317
448 415
448 450
448 470
448 505
448 558
449 166
449 501
449 307
449 142
449 237
449 557
449 328
449 358
449 71
449 77
449 242
449 399
449 582
449 589
450 169
450 184
450 26
450 355
450 343
450 426
450 448
450 458
450 1
450 66
450 67
450 68
450 111
450 215
450 241
450 352
450 547
450 591
451 493
451 249
451 5
451 535
451 473
451 551
451 7
451 396
451 10
451 103
451 159
451 209
451 253
451 306
451 504
451 530
452 287
452 500
452 443
452 163
452 432
452 496
452 151
452 154
452 181
452 276
452 412
452 424
452 541
452 548
452 562
453 259
453 185
453 163
453 174
453 296
453 105
453 197
453 209
453 400
453 545
454 259
454 220
454 118
454 132
454 242
454 256
454 290
454 24
454 37
454 63
454 68
454 94
454 156
454 294
454 318
455 264
455 332
455 382
455 384
455 457
455 441
455 542
455 74
455 47
455 119
455 127
455 208
455 358
455 518
455 544
455 548
455 592
456 330
456 228
456 21
456 40
456 87
456 527
456 174
456 550
456 110
456 144
456 196
456 408
457 101
457 46
457 289
457 270
457 371
457 75
457 388
457 159
457 12
457 50
457 88
457 355
457 387
457 400
457 401
457 455
457 463
458 371
458 69
458 495
458 363
458 34
458 127
458 438
458 464
458 46
458 73
458 211
458 256
458 380
458 415
458 443
458 450
458 472
458 529
459 308
459 494
459 243
459 249
459 578
459 529
459 147
459 203
459 2
459 30
459 106
459 337
459 471
459 531
460 114
460 564
460 28
460 588
460 527
460 111
460 486
460 69
460 163
460 300
461 106
461 91
461 214
461 257
461 536
461 284
461 320
461 539
461 58
461 83
461 127
461 275
461 417
461 476
461 477
462 191
462 120
462 433
462 419
462 593
462 27
462 127
462 190
462 212
462 392
462 431
462 565
462 576
463 228
463 457
463 155
463 140
463 307
463 215
463 348
463 81
463 320
463 369
463 413
463 419
463 493
464 79
464 508
464 127
464 143
464 342
464 545
464 500
464 400
464 56
464 276
464 279
464 382
464 458
464 485
465 48
465 44
465 472
465 503
465 146
465 324
465 252
465 15
465 65
465 176
465 298
465 314
465 576
466 112
466 204
466 521
466 70
466 149
466 157
466 197
466 209
466 264
466 289
466 305
466 310
466 339
466 478
466 499
466 513
467 356
467 345
467 584
467 128
467 567
467 435
467 178
467 421
467 78
467 105
467 199
467 408
467 444
467 585
467 590
468 222
468 488
468 378
468 329
468 540
468 174
468 385
468 392
468 593
469 294
469 209
469 488
469 106
469 405
469 247
469 270
469 349
469 527
470 448
470 599
470 138
470 335
470 127
470 407
470 322
470 132
470 43
470 78
470 104
470 236
470 349
470 479
471 183
471 369
471 118
471 572
471 349
471 459
471 535
471 541
471 23
471 141
471 257
471 371
471 379
472 458
472 280
472 60
472 268
472 366
472 408
472 10
472 30
472 204
472 262
472 298
472 465
472 496
472 506
473 308
473 323
473 500
473 287
473 491
473 557
473 409
473 204
473 33
473 244
473 276
473 300
473 356
473 397
473 451
473 499
473 543
474 534
474 12
474 22
474 38
474 158
474 174
474 202
474 221
474 363
474 433
474 523
475 583
475 417
475 57
475 33
475 430
475 157
475 262
475 265
476 384
476 593
476 342
476 78
476 295
476 461
476 27
476 154
476 187
476 241
476 247
476 546
477 461
477 185
477 24
477 275
477 375
477 158
477 514
477 197
477 368
477 519
478 466
478 388
478 95
478 173
478 361
478 528
478 79
478 502
478 67
478 130
478 181
478 220
478 270
478 301
478 343
478 382
478 426
478 429
478 430
479 430
479 347
479 353
479 29
479 544
479 390
479 470
479 2
479 11
479 49
479 172
479 248
479 251
479 293
480 276
480 346
480 220
480 379
480 486
480 187
480 405
480 215
480 28
480 35
480 257
480 295
480 327
480 399
480 494
480 504
480 518
481 138
481 569
481 5
481 487
481 383
481 3
481 97
481 148
481 53
481 76
481 124
481 167
481 317
481 363
481 443
481 506
481 583
482 167
482 95
482 117
482 57
482 214
482 9
482 40
482 312
482 63
482 116
482 150
482 187
482 268
483 360
483 66
483 351
483 219
483 144
483 80
483 435
483 408
483 139
483 307
483 322
483 383
483 499
484 142
484 543
484 29
484 488
484 127
484 367
484 508
484 55
484 28
484 54
484 75
484 79
484 129
484 287
484 334
485 502
485 118
485 464
485 84
485 95
485 172
485 246
485 319
485 324
485 564
486 249
486 146
486 59
486 543
486 493
486 252
486 512
486 401
486 42
486 279
486 292
486 325
486 330
486 376
486 460
486 480
486 561
487 562
487 289
487 589
487 389
487 583
487 494
487 526
487 135
487 21
487 55
487 57
487 268
487 295
487 369
487 377
487 481
488 243
488 197
488 38
488 530
488 346
488 148
488 334
488 406
488 102
488 189
488 216
488 354
488 397
488 443
488 468
488 469
488 484
488 571
489 256
489 140
489 171
489 210
489 292
489 495
489 532
489 594
490 121
490 537
490 27
490 172
490 117
490 213
490 137
490 280
490 152
490 328
490 336
490 339
490 408
490 520
490 575
491 89
491 72
491 13
491 529
491 151
491 154
491 224
491 331
491 473
492 592
492 569
492 327
492 578
492 380
492 278
492 230
492 18
492 142
492 188
492 237
492 269
492 300
492 408
492 426
492 439
492 443
492 503
493 463
493 375
493 304
493 251
493 592
493 510
493 200
493 404
493 55
493 119
493 274
493 336
493 355
493 451
493 486
493 497
494 319
494 224
494 480
494 514
494 93
494 132
494 228
494 295
494 300
494 459
494 487
494 535
494 545
494 575
494 587
495 165
495 538
495 43
495 579
495 92
495 489
495 83
495 25
495 107
495 212
495 328
495 371
495 458
495 555
496 472
496 228
496 10
496 49
496 53
496 140
496 170
496 272
496 452
496 554
497 258
497 493
497 143
497 94
497 369
497 14
497 109
497 218
497 307
497 349
497 440
497 546
498 555
498 431
498 321
498 141
498 391
498 371
498 216
498 423
498 123
498 215
498 527
498 562
499 20
499 348
499 483
499 396
499 24
499 473
499 466
499 342
499 32
499 71
499 179
499 257
499 320
499 432
499 532
500 168
500 348
500 331
500 578
500 22
500 397
500 278
500 198
500 90
500 192
500 284
500 452
500 464
500 473
501 87
501 318
501 278
501 96
501 346
501 572
501 160
501 5
501 60
501 148
501 197
501 201
501 299
501 338
501 390
501 449
501 527
502 302
502 351
502 196
502 52
502 15
502 133
502 214
502 412
502 478
502 485
503 492
503 186
503 555
503 597
503 128
503 154
503 161
503 120
503 37
503 89
503 101
503 179
503 307
503 399
503 400
503 465
504 138
504 143
504 320
504 66
504 451
504 514
504 402
504 480
504 100
504 104
504 238
505 114
505 431
505 12
505 416
505 572
505 91
505 448
505 13
505 155
505 209
505 292
505 412
505 418
506 347
506 481
506 123
506 472
506 61
506 29
506 76
506 524
506 273
506 586
507 248
507 536
507 168
507 153
507 25
507 369
507 367
507 267
507 175
507 196
507 315
508 271
508 293
508 219
508 557
508 252
508 464
508 484
508 514
509 298
509 279
509 550
509 513
509 552
509 284
509 157
509 15
509 217
509 541
509 547
509 574
510 587
510 318
510 207
510 200
510 5
510 278
510 254
510 292
510 40
510 63
510 397
510 493
510 556
511 575
511 201
511 7
511 404
511 417
511 93
511 304
511 13
511 216
511 539
511 595
512 412
512 157
512 554
512 97
512 178
512 277
512 545
512 343
512 48
512 120
512 252
512 348
512 368
512 486
512 597
513 298
513 239
513 466
513 430
513 32
513 520
513 4
513 57
513 244
513 260
513 329
513 509
513 573
514 555
514 420
514 508
514 112
514 309
514 208
514 58
514 29
514 107
514 117
514 200
514 224
514 304
514 394
514 397
514 447
514 477
514 494
514 504
515 591
515 229
515 158
515 140
515 368
515 516
515 45
515 430
515 33
515 37
515 53
515 65
515 76
515 82
515 118
515 398
516 425
516 298
516 552
516 99
516 116
516 83
516 437
516 9
516 40
516 252
516 318
516 331
516 412
516 515
516 577
517 212
517 314
517 279
517 359
517 354
517 7
517 123
517 566
517 249
517 276
517 377
518 105
518 480
518 299
518 455
518 144
518 442
518 205
518 273
518 53
518 82
518 214
518 220
518 234
518 324
519 219
519 353
519 477
519 440
519 78
519 26
519 387
519 30
519 49
519 56
519 186
519 229
519 237
519 540
519 543
520 585
520 192
520 94
520 490
520 252
520 545
520 411
520 557
520 139
520 237
520 312
520 513
520 550
521 102
521 60
521 306
521 322
521 195
521 590
521 532
521 43
521 77
521 201
521 414
521 466
521 555
522 268
522 581
522 285
522 308
522 235
522 569
522 246
522 46
522 130
522 145
522 148
522 168
522 190
522 266
522 273
522 358
522 430
523 542
523 234
523 413
523 120
523 6
523 266
523 474
523 554
523 75
523 99
523 158
523 269
524 376
524 100
524 243
524 70
524 191
524 43
524 345
524 139
524 60
524 106
524 265
524 506
524 564
525 338
525 249
525 594
525 425
525 133
525 529
525 537
525 373
525 174
525 293
525 347
525 355
525 579
526 447
526 435
526 14
526 596
526 179
526 399
526 145
526 200
526 252
526 312
526 318
526 412
526 487
526 599
527 570
527 501
527 307
527 280
527 183
527 498
527 469
527 256
527 30
527 111
527 126
527 153
527 202
527 210
527 355
527 398
527 456
527 460
527 578
528 99
528 33
528 139
528 219
528 556
528 96
528 43
528 342
528 26
528 444
528 478
528 551
528 576
529 414
529 224
529 458
529 580
529 428
529 143
529 19
529 168
529 70
529 122
529 187
529 343
529 435
529 459
529 491
529 525
529 542
529 546
529 596
530 451
530 234
530 373
530 95
530 3
530 364
530 27
530 83
530 102
530 123
530 325
530 393
530 398
530 419
530 488
531 345
531 459
531 227
531 564
531 91
531 46
531 74
531 77
531 83
531 95
531 154
531 174
531 213
531 271
531 325
531 532
532 499
532 531
532 153
532 170
532 489
532 558
532 164
532 18
532 28
532 112
532 119
532 521
532 590
533 288
533 194
533 248
533 412
533 441
533 85
533 289
533 595
534 49
534 413
534 195
534 216
534 348
534 375
534 9
534 226
534 231
534 294
534 351
534 354
534 368
534 409
534 474
534 565
535 114
535 591
535 62
535 10
535 222
535 302
535 494
535 386
535 124
535 276
535 294
535 396
535 413
535 451
535 471
536 397
536 260
536 22
536 144
536 419
536 252
536 231
536 383
536 461
536 507
536 551
537 66
537 48
537 153
537 238
537 63
537 190
537 266
537 309
537 353
537 397
537 490
537 525
538 447
538 550
538 581
538 360
538 108
538 16
538 36
538 85
538 231
538 256
538 495
538 563
538 571
539 413
539 511
539 544
539 398
539 281
539 9
539 90
539 226
539 271
539 289
539 461
539 541
539 599
540 38
540 2
540 519
540 417
540 97
540 354
540 211
540 145
540 34
540 96
540 114
540 199
540 226
540 344
540 468
540 547
541 268
541 452
541 296
541 539
541 106
541 56
541 509
541 110
541 136
541 240
541 295
541 432
541 471
541 591
542 587
542 65
542 207
542 529
542 26
542 79
542 173
542 331
542 197
542 362
542 369
542 455
542 523
542 600
543 473
543 519
543 579
543 568
543 411
543 352
543 256
543 551
543 75
543 145
543 151
543 193
543 484
543 486
543 560
544 16
544 8
544 287
544 184
544 288
544 305
544 195
544 455
544 46
544 147
544 233
544 337
544 413
544 479
544 539
544 578
545 341
545 205
545 453
545 494
545 93
545 61
545 99
545 107
545 332
545 365
545 464
545 512
545 520
546 307
546 161
546 31
546 6
546 497
546 529
546 476
546 395
546 13
546 62
546 68
546 98
546 159
546 203
546 288
546 326
546 424
546 445
547 509
547 450
547 445
547 572
547 382
547 346
547 387
547 540
547 3
547 21
547 79
547 330
547 374
547 419
547 426
547 441
548 310
548 101
548 452
548 56
548 568
548 210
548 298
548 455
548 168
548 252
548 287
548 301
548 306
548 588
549 277
549 426
549 166
549 103
549 115
549 76
549 348
549 287
549 28
549 34
549 130
549 257
549 267
549 281
549 349
549 588
550 284
550 283
550 204
550 557
550 424
550 23
550 520
550 40
550 334
550 439
550 456
550 509
550 538
551 116
551 193
551 213
551 14
551 536
551 528
551 156
551 361
551 451
551 543
552 571
552 596
552 185
552 195
552 306
552 167
552 138
552 443
552 6
552 82
552 97
552 224
552 298
552 509
552 516
553 556
553 11
553 165
553 571
553 395
553 358
553 152
553 54
553 125
553 130
553 164
553 173
553 249
553 255
553 321
553 332
553 405
553 445
554 367
554 496
554 101
554 64
554 147
554 173
554 191
554 219
554 228
554 302
554 403
554 442
554 512
554 523
554 555
555 114
555 67
555 222
555 495
555 521
555 554
555 202
555 199
555 1
555 33
555 60
555 134
555 164
555 498
555 503
555 514
556 313
556 55
556 387
556 412
556 510
556 184
556 335
556 107
556 154
556 187
556 223
556 331
556 353
556 396
556 414
556 528
556 553
556 566
556 598
557 131
557 397
557 250
557 190
557 147
557 225
557 388
557 175
557 176
557 314
557 421
557 433
557 449
557 473
557 508
557 520
557 550
558 65
558 103
558 355
558 54
558 136
558 174
558 448
558 220
558 60
558 421
558 437
558 532
558 587
559 171
559 356
559 372
559 166
559 271
559 253
559 287
559 280
559 58
559 78
559 92
559 374
559 577
560 353
560 328
560 543
560 269
560 346
560 258
560 29
560 391
560 406
561 486
561 587
561 432
561 52
561 160
561 27
561 213
561 562
561 18
561 35
561 86
561 292
561 308
561 384
562 127
562 498
562 337
562 574
562 103
562 226
562 452
562 408
562 145
562 306
562 334
562 487
562 561
563 89
563 189
563 215
563 538
563 112
563 245
563 261
563 220
563 125
563 180
563 302
563 376
563 391
563 402
563 407
563 564
564 273
564 485
564 380
564 215
564 203
564 524
564 302
564 563
564 83
564 90
564 109
564 163
564 232
564 269
564 324
564 460
564 531
564 576
564 585
565 534
565 58
565 193
565 205
565 223
565 462
565 108
565 361
565 74
565 210
565 298
565 330
565 331
566 293
566 572
566 556
566 234
566 363
566 141
566 22
566 68
566 200
566 413
566 517
566 568
567 231
567 161
567 152
567 268
567 394
567 412
567 435
567 467
568 566
568 592
568 224
568 595
568 337
568 394
568 267
568 140
568 219
568 256
568 284
568 292
568 398
568 428
568 543
568 548
569 23
569 188
569 60
569 352
569 256
569 579
569 24
569 113
569 190
569 204
569 212
569 229
569 306
569 331
569 390
569 481
569 492
569 522
570 136
570 39
570 331
570 148
570 294
570 165
570 577
570 45
570 155
570 262
570 290
570 431
570 527
570 596
571 233
571 113
571 81
571 488
571 193
571 538
571 255
571 47
571 154
571 277
571 280
571 342
571 345
571 357
571 438
571 552
571 553
572 591
572 296
572 270
572 367
572 345
572 431
572 83
572 154
572 45
572 145
572 343
572 350
572 471
572 501
572 505
572 547
572 566
572 597
573 80
573 375
573 89
573 99
573 513
573 47
573 205
573 248
573 291
573 331
573 392
573 438
574 191
574 22
574 25
574 322
574 509
574 210
574 58
574 303
574 31
574 72
574 119
574 193
574 203
574 216
574 390
574 562
575 178
575 347
575 494
575 240
575 114
575 490
575 579
575 98
575 341
575 511
576 465
576 462
576 564
576 211
576 528
576 26
576 135
576 141
576 156
576 247
576 267
576 336
577 516
577 395
577 559
577 281
577 215
577 207
577 338
577 132
577 206
577 367
577 387
577 570
578 544
578 583
578 64
578 527
578 99
578 52
578 57
578 96
578 97
578 138
578 160
578 188
578 413
578 459
578 492
578 500
579 444
579 71
579 165
579 167
579 525
579 148
579 42
579 39
579 15
579 77
579 212
579 238
579 351
579 380
579 495
579 543
579 569
579 575
580 287
580 77
580 93
580 147
580 271
580 276
580 355
580 417
580 529
581 247
581 380
581 431
581 183
581 242
581 56
581 165
581 328
581 522
581 538
582 311
582 215
582 271
582 435
582 449
582 595
582 146
582 394
582 434
583 187
583 366
583 481
583 368
583 388
583 282
583 308
583 117
583 157
583 270
583 375
583 475
583 487
583 578
584 447
584 110
584 435
584 13
584 66
584 129
584 146
584 274
584 376
584 425
584 467
585 211
585 414
585 317
585 170
585 251
585 321
585 467
585 564
585 19
585 62
585 216
585 236
585 386
585 421
585 432
585 520
586 307
586 179
586 244
586 506
586 230
586 432
586 224
586 191
586 176
586 180
586 316
587 173
587 5
587 134
587 494
587 264
587 558
587 435
587 15
587 59
587 65
587 88
587 124
587 168
587 195
587 369
587 510
587 542
587 561
588 410
588 386
588 548
588 425
588 549
588 120
588 363
588 460
589 227
589 436
589 162
589 166
589 449
589 243
589 194
589 165
589 267
589 298
589 487
589 596
590 275
590 467
590 71
590 532
590 143
590 254
590 409
590 1
590 116
590 199
590 253
590 362
590 521
590 591
591 55
591 450
591 590
591 541
591 323
591 261
591 248
591 223
591 75
591 141
591 207
591 285
591 381
591 515
591 535
591 572
592 404
592 383
592 323
592 34
592 93
592 299
592 417
592 455
592 29
592 152
592 176
592 312
592 322
592 444
592 492
592 493
592 568
593 303
593 69
593 138
593 359
593 468
593 7
593 38
593 397
593 21
593 72
593 164
593 213
593 260
593 264
593 369
593 411
593 462
593 476
594 46
594 438
594 291
594 96
594 91
594 429
594 489
594 117
594 151
594 239
594 307
594 380
594 404
594 409
594 525
595 533
595 15
595 90
595 220
595 511
595 17
595 24
595 26
595 48
595 89
595 186
595 278
595 568
595 582
596 175
596 347
596 331
596 529
596 404
596 570
596 589
596 441
596 69
596 238
596 433
596 526
596 552
597 598
597 17
597 323
597 377
597 572
597 512
597 285
597 12
597 22
597 203
597 287
597 503
598 319
598 556
598 127
598 121
598 81
598 322
598 597
599 539
599 407
599 282
599 110
599 193
599 433
599 526
599 158
599 227
599 383
599 442
599 470
600 542
600 59
600 179
600 358
600 273
600 24
600 365
