1 363
1 564
1 482
1 46
1 93
1 581
1 490
1 59
1 376
1 291
1 198
1 326
1 389
1 2
1 19
1 66
1 127
1 181
1 497
1 546
1 587
2 139
2 355
2 303
2 68
2 85
2 586
2 180
2 530
2 490
2 87
2 93
2 421
2 1
2 41
2 90
2 148
2 230
2 269
2 322
2 409
2 467
2 481
2 483
2 574
3 104
3 404
3 280
3 375
3 120
3 144
3 369
3 107
3 116
3 301
3 325
3 365
3 413
3 458
3 464
3 582
4 239
4 20
4 57
4 60
4 306
4 322
4 413
4 459
4 508
5 24
5 85
5 554
5 566
5 357
5 274
5 94
5 176
5 179
5 363
5 402
5 454
5 483
5 531
5 570
6 163
6 420
6 335
6 42
6 64
6 126
6 203
6 518
6 352
6 378
6 50
6 35
6 68
6 118
6 193
6 232
6 290
6 304
6 386
6 411
6 493
6 566
7 572
7 446
7 84
7 403
7 295
7 570
7 238
7 187
7 340
7 496
7 262
7 362
7 81
7 47
7 105
7 119
7 135
7 203
7 260
7 337
7 358
7 415
7 543
7 553
7 563
8 61
8 26
8 66
8 98
8 272
8 332
9 332
9 172
9 424
9 167
9 169
9 357
9 265
9 131
9 27
9 571
9 243
9 515
9 543
9 563
10 555
10 392
10 116
10 182
10 74
10 93
10 209
10 309
10 512
10 542
11 308
11 399
11 273
11 529
11 323
11 566
11 12
11 511
11 354
11 88
11 366
11 41
11 185
11 214
11 242
11 405
11 434
11 488
12 28
12 509
12 532
12 567
12 131
12 486
12 356
12 530
12 69
12 233
12 11
12 41
12 46
12 64
12 123
12 174
12 182
12 213
12 269
12 275
12 290
12 376
12 443
12 470
12 483
12 538
12 595
13 274
13 573
13 17
13 580
13 368
13 90
13 140
13 557
13 204
13 55
13 108
13 193
13 232
13 233
13 309
13 422
13 438
13 525
14 482
14 117
14 120
14 337
14 440
14 497
14 537
14 542
14 570
15 429
15 593
15 180
15 411
15 448
15 151
15 378
15 110
15 44
15 20
15 189
15 293
15 309
15 320
15 323
15 380
15 547
16 428
16 233
16 60
16 169
16 498
16 443
16 83
16 380
16 59
16 86
16 187
16 266
16 348
16 356
16 398
16 434
16 525
16 533
16 571
16 574
17 559
17 255
17 297
17 369
17 337
17 163
17 193
17 89
17 275
17 494
17 13
17 34
17 51
17 306
17 324
17 328
17 463
18 519
18 434
18 355
18 223
18 396
18 130
18 447
18 547
18 563
19 56
19 400
19 81
19 294
19 496
19 174
19 97
19 117
19 345
19 428
19 358
19 536
19 1
19 551
19 50
19 122
19 357
19 390
19 397
19 535
19 540
20 213
20 237
20 182
20 504
20 4
20 568
20 444
20 448
20 15
20 32
20 38
20 150
20 214
20 254
20 293
20 347
20 371
20 441
20 472
20 509
20 538
20 583
21 170
21 542
21 568
21 565
21 78
21 573
21 269
21 194
21 213
21 274
21 563
21 43
21 50
21 94
21 327
21 393
21 513
21 556
21 586
21 590
22 464
22 187
22 57
22 453
22 123
22 534
22 319
22 467
22 432
22 176
22 125
22 25
22 590
22 171
22 150
22 223
22 256
22 423
22 519
22 528
23 381
23 600
23 37
23 63
23 96
23 223
23 252
23 356
23 448
23 505
24 42
24 575
24 438
24 175
24 86
24 233
24 79
24 422
24 5
24 71
24 129
24 144
24 310
24 336
24 476
25 350
25 420
25 156
25 487
25 259
25 22
25 65
25 204
25 208
25 261
25 415
25 498
25 518
25 558
26 45
26 8
26 418
26 565
26 108
26 59
26 407
26 488
26 550
27 365
27 309
27 356
27 549
27 9
27 132
27 288
27 490
27 561
28 466
28 529
28 308
28 495
28 509
28 539
28 280
28 468
28 415
28 277
28 180
28 12
28 143
28 186
28 213
28 275
28 293
28 330
28 376
28 377
28 427
28 517
29 433
29 340
29 467
29 332
29 275
29 215
29 558
29 538
29 286
29 541
29 380
29 141
29 107
29 178
29 199
29 220
29 341
29 544
30 218
30 518
30 163
30 287
30 505
30 414
30 323
30 487
30 244
30 203
30 120
30 46
30 158
30 274
30 370
30 399
30 448
30 450
30 470
30 478
30 514
31 386
31 404
31 300
31 209
31 379
31 470
31 60
31 105
31 127
31 151
31 166
31 170
31 196
31 214
31 252
31 267
31 378
31 445
31 455
31 483
31 492
31 576
32 463
32 327
32 230
32 20
32 380
32 68
32 105
32 63
32 72
32 96
32 203
32 213
32 237
32 261
32 262
32 288
32 335
32 437
32 442
32 495
32 552
32 592
32 599
33 118
33 428
33 590
33 235
33 367
33 91
33 482
33 137
33 385
33 268
33 277
33 125
33 191
33 203
33 228
33 249
33 299
33 530
33 564
34 587
34 79
34 472
34 222
34 263
34 326
34 121
34 17
34 107
34 453
34 195
34 337
34 398
34 204
34 99
34 421
34 364
34 67
34 309
34 330
34 346
34 347
34 438
34 572
35 113
35 241
35 6
35 595
35 382
35 535
35 469
35 69
35 102
35 118
35 455
36 359
36 187
36 486
36 161
36 542
36 182
36 381
36 200
36 255
36 96
36 163
36 324
36 371
36 403
36 538
36 543
37 97
37 150
37 80
37 134
37 99
37 457
37 143
37 445
37 433
37 248
37 535
37 537
37 23
37 553
37 406
37 59
37 70
37 90
37 121
37 140
37 212
37 240
37 328
37 380
37 412
37 455
37 515
38 20
38 262
38 456
38 66
38 103
38 172
38 173
38 208
38 218
38 317
38 328
38 418
38 520
38 570
39 337
39 282
39 429
39 493
39 423
39 532
39 177
39 180
39 336
39 427
39 444
39 540
39 548
39 573
40 596
40 286
40 458
40 540
40 382
40 431
40 109
40 168
40 211
40 290
40 331
40 332
40 336
40 363
40 462
40 503
40 528
40 559
40 563
40 572
40 598
41 316
41 11
41 114
41 501
41 84
41 145
41 2
41 517
41 572
41 12
41 124
41 47
41 179
41 269
41 406
42 265
42 68
42 323
42 487
42 513
42 92
42 417
42 442
42 318
42 201
42 95
42 6
42 24
42 111
42 383
42 441
42 478
42 505
42 514
42 518
42 529
42 560
43 434
43 469
43 118
43 517
43 495
43 202
43 80
43 235
43 21
43 187
43 111
43 101
43 105
43 119
43 197
43 314
43 415
43 448
43 550
43 591
44 365
44 343
44 545
44 471
44 344
44 15
44 47
44 123
44 219
44 322
44 445
44 560
44 585
45 50
45 450
45 26
45 56
45 81
45 317
45 424
45 439
45 483
45 498
45 505
45 585
46 74
46 12
46 121
46 573
46 138
46 124
46 288
46 99
46 120
46 191
46 221
46 93
46 423
46 336
46 544
46 30
46 402
46 396
46 577
46 285
46 1
46 51
46 54
46 66
46 141
46 263
46 378
46 390
46 394
46 430
46 458
46 509
47 596
47 41
47 115
47 416
47 482
47 44
47 106
47 7
47 296
47 237
47 330
47 179
47 213
47 502
47 73
47 317
47 414
47 464
47 514
47 568
48 567
48 180
48 273
48 257
48 335
48 337
48 262
48 390
48 68
48 267
48 474
48 533
48 85
48 72
48 83
48 97
48 399
48 411
48 421
48 426
48 430
48 457
48 500
48 540
49 247
49 435
49 92
49 50
49 552
49 458
49 118
49 134
49 174
49 262
49 265
49 543
49 574
50 275
50 408
50 70
50 19
50 276
50 149
50 199
50 21
50 312
50 159
50 106
50 297
50 265
50 6
50 45
50 49
50 60
50 96
50 126
50 381
50 421
50 426
50 505
51 17
51 212
51 46
51 581
51 284
51 514
51 186
51 335
51 526
51 55
51 95
51 455
51 515
51 264
51 559
51 528
51 296
51 110
51 116
51 200
51 218
51 286
51 504
51 523
51 568
51 573
51 594
51 595
52 453
52 353
52 270
52 386
52 548
52 78
52 247
52 322
52 411
52 507
52 559
53 75
53 520
53 115
53 591
53 176
53 471
53 55
53 329
53 102
53 552
53 378
53 64
53 586
53 515
53 91
53 218
53 223
53 381
53 404
53 435
53 454
53 490
53 568
53 592
54 172
54 559
54 560
54 46
54 312
54 563
54 393
54 132
54 299
54 425
54 574
54 596
55 394
55 238
55 580
55 316
55 395
55 13
55 51
55 53
55 284
55 364
55 479
55 526
56 567
56 449
56 125
56 241
56 148
56 388
56 358
56 45
56 497
56 19
56 86
56 93
56 104
56 130
56 162
56 164
56 237
56 255
56 435
56 484
57 569
57 275
57 96
57 116
57 515
57 155
57 577
57 4
57 22
57 81
57 111
57 120
57 142
57 223
57 284
57 415
57 419
57 480
57 484
57 506
57 516
58 238
58 130
58 99
58 73
58 403
58 122
58 134
58 305
58 333
58 382
58 392
58 469
58 488
58 510
59 37
59 137
59 286
59 366
59 479
59 74
59 299
59 406
59 146
59 1
59 16
59 26
59 177
59 282
59 341
59 440
59 445
59 561
59 570
59 578
59 596
60 444
60 516
60 472
60 126
60 457
60 98
60 4
60 50
60 280
60 415
60 297
60 31
60 209
60 96
60 138
60 530
60 240
60 241
60 16
60 281
60 305
60 341
60 456
60 523
60 549
61 572
61 458
61 407
61 322
61 530
61 391
61 288
61 222
61 453
61 8
61 183
61 187
61 431
61 490
61 535
62 76
62 270
62 241
62 428
62 342
62 359
62 401
62 462
62 528
62 363
62 80
62 133
62 159
62 169
62 210
62 248
62 265
62 307
62 319
62 430
62 483
62 498
63 446
63 323
63 138
63 535
63 23
63 32
63 177
63 493
63 121
63 139
63 210
63 218
63 245
63 339
63 400
63 404
63 405
63 482
63 593
64 535
64 12
64 111
64 579
64 459
64 556
64 561
64 595
64 383
64 318
64 458
64 230
64 89
64 193
64 181
64 6
64 53
64 117
64 121
64 223
64 295
64 300
64 324
64 480
64 525
64 568
64 587
64 599
65 499
65 566
65 25
65 459
65 156
65 134
65 297
65 153
65 96
65 165
65 170
65 238
65 264
65 318
65 447
65 451
66 46
66 8
66 486
66 69
66 136
66 217
66 174
66 289
66 1
66 276
66 38
66 280
66 378
66 471
67 350
67 34
67 296
67 364
67 414
67 234
67 289
67 549
67 536
67 120
67 496
67 90
67 318
67 376
67 117
67 186
67 285
67 353
67 378
67 572
68 370
68 6
68 78
68 235
68 75
68 313
68 524
68 576
68 2
68 32
68 42
68 48
68 483
68 549
69 135
69 427
69 544
69 500
69 35
69 409
69 312
69 497
69 553
69 268
69 339
69 12
69 66
69 77
69 187
69 193
69 202
69 218
69 282
69 392
69 513
69 517
70 262
70 37
70 405
70 347
70 174
70 159
70 307
70 230
70 513
70 88
70 87
70 297
70 278
70 50
70 112
70 240
70 302
70 321
70 454
70 527
71 555
71 384
71 587
71 24
71 550
71 239
71 381
71 346
71 286
71 404
71 113
71 290
71 299
71 412
71 511
71 514
71 588
72 79
72 173
72 312
72 573
72 32
72 150
72 48
72 491
72 211
72 124
72 251
72 482
72 518
73 204
73 302
73 255
73 466
73 233
73 299
73 323
73 47
73 583
73 58
73 107
73 120
73 293
73 294
73 437
73 438
73 505
73 552
73 562
73 594
74 255
74 329
74 10
74 420
74 172
74 462
74 251
74 442
74 458
74 46
74 59
74 80
74 93
74 193
74 376
74 406
74 417
74 447
74 456
74 519
75 151
75 211
75 594
75 441
75 577
75 363
75 132
75 181
75 53
75 68
75 154
75 205
75 219
75 225
75 247
75 353
75 369
75 419
75 478
75 487
76 378
76 469
76 98
76 257
76 192
76 206
76 112
76 520
76 62
76 102
76 139
76 199
76 246
76 273
76 331
76 350
76 487
76 578
77 551
77 388
77 567
77 332
77 100
77 487
77 69
77 149
77 318
77 365
77 548
77 575
78 528
78 194
78 414
78 277
78 52
78 537
78 219
78 339
78 81
78 598
78 148
78 396
78 21
78 68
78 107
78 110
78 124
78 157
78 160
78 172
78 218
78 222
78 334
78 402
78 445
78 453
78 479
78 553
79 500
79 580
79 350
79 303
79 379
79 413
79 544
79 395
79 489
79 330
79 545
79 24
79 34
79 72
79 114
79 201
79 276
79 472
79 484
79 520
79 570
79 581
80 62
80 365
80 74
80 37
80 43
80 265
80 299
80 434
80 460
80 556
81 108
81 57
81 289
81 90
81 582
81 129
81 297
81 473
81 434
81 194
81 45
81 589
81 7
81 19
81 78
81 153
81 154
81 172
81 174
81 242
81 267
81 279
81 321
81 386
81 418
82 191
82 360
82 234
82 140
82 587
82 302
82 316
82 345
82 382
82 409
82 490
82 557
82 565
83 210
83 498
83 48
83 511
83 451
83 548
83 299
83 16
83 88
83 93
83 169
83 314
83 439
83 458
83 476
83 512
83 566
84 279
84 401
84 299
84 251
84 443
84 451
84 247
84 7
84 41
84 110
84 129
84 130
84 239
84 258
84 259
84 524
84 527
84 528
84 558
84 569
85 474
85 457
85 116
85 231
85 221
85 93
85 525
85 325
85 434
85 233
85 147
85 119
85 262
85 2
85 5
85 48
85 161
85 358
85 504
86 167
86 481
86 271
86 329
86 473
86 16
86 466
86 56
86 243
86 24
86 298
86 348
86 476
86 513
86 517
86 539
86 567
87 293
87 193
87 515
87 575
87 457
87 97
87 539
87 186
87 220
87 484
87 458
87 204
87 2
87 70
87 95
87 255
87 372
87 419
87 481
87 516
88 189
88 137
88 83
88 11
88 70
88 128
88 205
88 251
88 320
88 327
88 410
88 517
88 563
88 579
89 482
89 277
89 273
89 446
89 438
89 376
89 163
89 130
89 497
89 460
89 589
89 17
89 64
89 127
89 176
89 190
89 252
89 287
89 322
89 467
89 486
89 593
90 263
90 256
90 309
90 345
90 461
90 295
90 266
90 528
90 2
90 366
90 37
90 13
90 67
90 81
90 155
90 219
90 306
90 333
90 368
90 391
90 457
90 459
90 506
90 519
90 599
91 111
91 360
91 224
91 53
91 439
91 230
91 294
91 546
91 415
91 180
91 33
91 199
91 407
91 435
91 518
92 178
92 270
92 454
92 410
92 156
92 42
92 49
92 201
92 346
92 463
92 559
93 74
93 56
93 354
93 83
93 145
93 258
93 293
93 10
93 138
93 415
93 380
93 280
93 198
93 564
93 445
93 551
93 181
93 500
93 508
93 193
93 1
93 2
93 46
93 85
93 190
93 191
93 209
93 271
93 290
93 372
93 480
94 495
94 582
94 513
94 290
94 112
94 387
94 227
94 21
94 427
94 5
94 231
94 277
94 121
94 127
94 141
94 211
94 224
94 247
94 313
94 357
94 408
94 426
94 557
95 225
95 179
95 87
95 387
95 299
95 575
95 156
95 42
95 51
95 149
95 158
95 212
95 227
95 276
95 374
95 385
95 450
95 541
96 210
96 190
96 389
96 50
96 23
96 270
96 65
96 578
96 32
96 257
96 255
96 136
96 36
96 57
96 60
96 162
96 276
96 287
96 369
96 400
96 552
97 183
97 432
97 395
97 368
97 48
97 554
97 336
97 584
97 308
97 429
97 437
97 556
97 19
97 37
97 87
97 150
97 187
97 190
97 193
97 212
97 477
98 8
98 107
98 258
98 362
98 189
98 594
98 180
98 60
98 76
98 221
98 344
98 409
98 437
99 103
99 222
99 317
99 269
99 170
99 563
99 294
99 34
99 37
99 46
99 58
99 111
99 244
99 307
99 313
99 428
99 452
99 568
99 574
99 581
100 362
100 330
100 151
100 518
100 118
100 132
100 241
100 168
100 77
100 142
100 155
100 176
100 186
100 264
100 265
100 305
100 402
100 451
100 476
100 511
100 541
100 577
100 585
101 122
101 237
101 384
101 282
101 429
101 43
101 326
101 279
101 320
101 217
101 108
101 226
101 269
101 411
101 423
101 428
102 135
102 146
102 300
102 207
102 76
102 396
102 469
102 560
102 121
102 458
102 35
102 484
102 405
102 53
102 122
102 143
102 162
102 291
102 318
102 357
102 439
102 468
102 515
102 521
103 479
103 386
103 338
103 215
103 519
103 564
103 38
103 99
103 123
103 138
103 161
103 248
103 364
103 396
103 467
104 323
104 586
104 56
104 350
104 525
104 357
104 3
104 127
104 228
104 229
104 239
104 268
104 293
104 318
104 372
104 376
104 575
105 456
105 119
105 573
105 43
105 468
105 31
105 600
105 377
105 7
105 32
105 144
105 174
105 187
105 278
105 424
105 442
105 469
105 535
105 545
105 569
106 176
106 160
106 428
106 307
106 47
106 50
106 153
106 193
106 264
106 331
106 337
106 346
106 413
106 464
107 502
107 29
107 227
107 73
107 134
107 507
107 531
107 3
107 78
107 515
107 34
107 98
107 289
107 341
107 421
107 566
108 399
108 101
108 329
108 13
108 176
108 506
108 231
108 385
108 256
108 319
108 465
108 26
108 81
108 180
108 309
108 363
108 414
108 432
109 40
109 418
109 127
109 422
109 509
109 337
109 390
109 461
109 331
109 536
109 429
109 347
110 78
110 402
110 137
110 331
110 366
110 485
110 162
110 84
110 51
110 120
110 275
110 15
110 133
110 151
110 182
110 190
110 273
110 371
110 414
110 504
110 580
111 99
111 357
111 42
111 472
111 426
111 57
111 43
111 64
111 91
111 114
111 118
111 141
111 208
111 212
111 229
111 279
111 404
111 408
111 459
111 510
112 233
112 242
112 279
112 495
112 386
112 281
112 148
112 218
112 70
112 164
112 531
112 352
112 337
112 575
112 76
112 94
112 214
112 264
112 431
112 456
112 471
112 502
113 579
113 71
113 35
113 266
113 316
113 325
113 346
113 380
113 425
113 565
114 111
114 79
114 562
114 192
114 503
114 41
114 116
114 166
114 232
114 262
114 301
114 342
114 353
114 504
114 552
115 589
115 290
115 47
115 53
115 244
115 257
115 280
115 301
115 382
115 405
115 432
115 467
115 571
115 590
115 591
116 575
116 303
116 114
116 3
116 193
116 502
116 599
116 51
116 386
116 10
116 57
116 85
116 147
116 166
116 304
116 493
116 495
116 516
116 540
117 469
117 508
117 326
117 599
117 581
117 125
117 14
117 222
117 518
117 67
117 64
117 19
117 127
117 291
118 35
118 335
118 111
118 591
118 192
118 245
118 49
118 6
118 344
118 527
118 511
118 373
118 33
118 43
118 100
118 123
118 375
118 391
118 425
118 431
118 442
118 513
119 394
119 299
119 286
119 122
119 230
119 7
119 452
119 459
119 138
119 590
119 272
119 461
119 43
119 85
119 105
119 162
119 173
119 179
119 371
119 591
120 73
120 567
120 538
120 203
120 14
120 57
120 3
120 30
120 46
120 67
120 110
120 212
120 301
120 416
120 433
120 447
120 461
120 487
121 63
121 444
121 133
121 205
121 204
121 64
121 592
121 390
121 94
121 558
121 212
121 169
121 378
121 221
121 37
121 573
121 505
121 34
121 46
121 102
121 261
121 274
121 300
121 406
121 471
121 502
121 519
121 596
122 439
122 480
122 226
122 327
122 19
122 161
122 509
122 261
122 556
122 224
122 466
122 394
122 503
122 213
122 324
122 405
122 102
122 209
122 58
122 483
122 101
122 119
122 146
122 153
122 178
122 381
122 407
122 525
122 532
123 126
123 567
123 189
123 441
123 103
123 118
123 509
123 334
123 390
123 44
123 517
123 366
123 418
123 545
123 12
123 22
123 195
123 227
123 252
123 349
123 411
123 483
124 546
124 483
124 252
124 136
124 78
124 408
124 457
124 72
124 474
124 267
124 41
124 46
124 189
124 217
124 417
124 459
124 570
125 567
125 292
125 410
125 33
125 585
125 594
125 339
125 424
125 260
125 284
125 517
125 22
125 56
125 117
125 241
125 251
125 313
125 482
125 488
125 564
125 577
126 220
126 395
126 343
126 243
126 268
126 301
126 50
126 6
126 60
126 123
126 127
126 244
126 311
126 352
126 374
127 94
127 440
127 228
127 178
127 382
127 566
127 391
127 586
127 542
127 89
127 173
127 252
127 126
127 206
127 1
127 117
127 570
127 104
127 31
127 109
127 135
127 149
127 205
127 259
127 268
127 281
127 442
127 483
127 500
127 585
128 369
128 450
128 573
128 381
128 174
128 286
128 446
128 88
128 461
128 165
128 530
128 270
128 347
128 403
128 418
129 389
129 229
129 585
129 24
129 580
129 514
129 372
129 84
129 142
129 81
129 140
129 150
129 257
129 328
129 499
129 513
129 542
129 598
130 497
130 18
130 330
130 56
130 503
130 409
130 506
130 342
130 84
130 376
130 58
130 89
130 156
130 247
130 486
130 533
130 546
130 548
131 244
131 416
131 187
131 196
131 503
131 362
131 254
131 9
131 12
131 149
131 155
131 179
131 216
131 481
131 486
131 511
132 426
132 27
132 527
132 54
132 587
132 560
132 331
132 75
132 100
132 260
132 261
132 291
132 396
132 420
132 440
132 484
132 528
133 110
133 578
133 571
133 192
133 428
133 62
133 251
133 121
133 186
133 210
133 220
133 268
133 295
133 306
133 382
133 444
133 481
134 415
134 366
134 315
134 188
134 219
134 58
134 49
134 37
134 65
134 107
134 212
134 237
134 349
134 418
134 464
134 571
135 495
135 330
135 152
135 449
135 7
135 585
135 503
135 127
135 211
135 181
135 587
135 468
135 145
135 69
135 102
135 143
135 157
135 324
135 414
135 423
135 456
135 467
135 498
135 586
136 367
136 445
136 245
136 66
136 96
136 124
136 298
136 321
136 389
136 393
136 434
136 435
137 571
137 310
137 581
137 296
137 436
137 253
137 357
137 213
137 404
137 33
137 59
137 88
137 110
137 262
137 334
137 375
137 450
137 526
137 539
137 549
137 586
138 395
138 296
138 103
138 495
138 359
138 508
138 46
138 60
138 63
138 93
138 119
138 261
138 347
138 369
138 372
138 535
138 558
139 223
139 222
139 416
139 265
139 419
139 76
139 63
139 387
139 579
139 2
139 141
139 208
139 277
139 366
139 380
139 478
139 479
140 37
140 129
140 483
140 590
140 500
140 383
140 568
140 304
140 288
140 13
140 82
140 153
140 262
140 263
140 326
140 350
140 354
140 375
140 384
140 440
140 447
140 562
141 111
141 94
141 533
141 139
141 46
141 29
141 394
141 418
141 454
142 412
142 547
142 57
142 278
142 100
142 129
142 156
142 176
142 197
142 327
142 372
142 458
142 471
142 537
142 553
143 598
143 102
143 135
143 28
143 421
143 241
143 274
143 419
143 508
143 383
143 37
143 190
143 297
143 348
143 351
143 403
143 413
143 425
143 444
143 472
143 484
144 178
144 24
144 105
144 318
144 407
144 437
144 486
144 3
144 155
144 181
144 330
144 352
144 389
144 398
144 478
144 499
144 513
145 289
145 268
145 396
145 177
145 157
145 477
145 150
145 257
145 390
145 422
145 216
145 41
145 93
145 135
145 186
145 275
145 279
145 301
145 313
145 341
145 349
145 404
145 551
145 564
145 570
146 122
146 590
146 339
146 166
146 527
146 59
146 102
146 182
146 189
146 219
146 284
146 336
146 372
146 469
146 482
146 556
147 600
147 116
147 331
147 266
147 280
147 345
147 85
147 166
147 305
147 314
147 411
147 448
147 510
147 513
148 185
148 481
148 544
148 245
148 2
148 161
148 232
148 330
148 56
148 78
148 112
148 152
148 247
148 290
148 315
149 208
149 586
149 276
149 127
149 158
149 310
149 497
149 95
149 206
149 77
149 131
149 50
149 186
149 188
149 190
149 210
149 268
149 325
149 465
149 498
149 570
150 506
150 172
150 22
150 485
150 129
150 97
150 431
150 20
150 480
150 37
150 72
150 145
150 158
150 199
150 230
150 464
150 487
150 541
151 31
151 432
151 388
151 302
151 502
151 110
151 198
151 577
151 285
151 15
151 75
151 100
151 208
151 344
151 376
151 461
151 535
151 587
152 364
152 554
152 268
152 539
152 164
152 148
152 475
152 193
152 135
152 264
152 295
152 341
152 347
152 493
152 558
153 106
153 353
153 303
153 215
153 400
153 140
153 528
153 516
153 230
153 541
153 177
153 488
153 122
153 81
153 65
153 202
153 211
153 357
153 370
153 433
153 455
153 549
153 574
154 571
154 75
154 553
154 513
154 205
154 273
154 195
154 555
154 278
154 485
154 81
154 403
154 334
154 165
154 306
154 370
154 383
154 412
154 579
155 131
155 335
155 163
155 144
155 310
155 588
155 340
155 100
155 90
155 382
155 57
155 271
155 339
155 495
156 507
156 450
156 552
156 501
156 196
156 130
156 414
156 142
156 25
156 65
156 92
156 95
156 173
156 256
156 365
156 377
156 452
156 454
156 465
156 528
157 178
157 360
157 78
157 559
157 359
157 135
157 145
157 320
157 342
157 358
157 408
157 418
157 431
157 483
158 596
158 150
158 316
158 95
158 30
158 447
158 444
158 256
158 298
158 149
158 196
158 207
158 223
158 262
158 273
158 310
158 340
158 391
158 438
158 454
158 457
158 459
158 553
159 368
159 471
159 548
159 334
159 383
159 240
159 312
159 62
159 180
159 593
159 50
159 70
159 216
159 296
159 309
159 339
159 402
159 430
159 591
159 596
160 581
160 294
160 78
160 326
160 278
160 106
160 285
160 503
160 506
161 302
161 207
161 416
161 85
161 417
161 252
161 103
161 185
161 163
161 552
161 36
161 122
161 148
161 240
161 258
161 278
161 290
161 495
161 513
161 553
161 561
161 589
162 176
162 250
162 505
162 348
162 469
162 481
162 479
162 102
162 449
162 56
162 96
162 119
162 110
162 170
162 182
162 256
162 353
162 473
162 563
163 287
163 298
163 176
163 36
163 589
163 369
163 204
163 531
163 244
163 212
163 482
163 6
163 17
163 30
163 89
163 155
163 161
163 265
163 273
163 290
163 325
163 355
163 410
163 439
163 459
163 499
163 501
163 553
163 574
164 56
164 393
164 538
164 218
164 336
164 563
164 112
164 152
164 437
164 453
165 210
165 154
165 65
165 128
165 318
165 321
165 326
165 330
165 481
165 509
166 329
166 147
166 116
166 351
166 584
166 114
166 31
166 488
166 187
166 146
166 231
166 299
166 311
167 234
167 591
167 404
167 504
167 257
167 9
167 86
167 175
167 192
167 239
167 266
167 299
167 425
167 461
167 464
167 482
167 483
167 529
167 549
168 447
168 40
168 542
168 169
168 181
168 100
168 287
168 382
168 480
168 498
169 83
169 267
169 355
169 321
169 272
169 288
169 349
169 62
169 9
169 16
169 121
169 168
169 315
169 545
170 65
170 338
170 214
170 497
170 31
170 398
170 162
170 177
170 21
170 99
170 228
170 401
171 363
171 568
171 208
171 387
171 535
171 22
171 180
171 192
171 324
171 374
171 414
171 552
172 81
172 590
172 478
172 339
172 489
172 38
172 205
172 78
172 484
172 9
172 54
172 74
172 150
172 413
172 424
172 432
172 496
172 595
173 156
173 119
173 181
173 38
173 453
173 386
173 72
173 127
173 252
173 266
173 279
173 348
173 404
173 487
173 525
173 541
173 594
173 597
174 105
174 81
174 232
174 348
174 530
174 49
174 462
174 12
174 521
174 216
174 246
174 19
174 66
174 70
174 128
174 203
174 433
174 458
174 490
174 596
175 495
175 322
175 396
175 167
175 565
175 24
175 211
175 270
175 280
175 386
175 511
175 522
176 142
176 193
176 508
176 509
176 100
176 5
176 89
176 555
176 408
176 373
176 568
176 22
176 53
176 106
176 108
176 162
176 163
176 182
176 219
176 340
176 341
176 534
177 39
177 59
177 63
177 145
177 153
177 170
177 235
177 339
177 342
177 358
177 454
177 565
177 584
178 371
178 476
178 417
178 29
178 122
178 92
178 127
178 144
178 157
178 204
178 459
178 555
179 119
179 285
179 579
179 396
179 208
179 131
179 41
179 5
179 246
179 218
179 47
179 95
179 237
179 431
179 511
179 518
179 569
180 405
180 39
180 171
180 307
180 600
180 408
180 525
180 299
180 108
180 2
180 15
180 28
180 48
180 91
180 98
180 159
180 192
180 369
180 534
181 144
181 489
181 584
181 493
181 385
181 556
181 1
181 64
181 75
181 93
181 135
181 168
181 173
181 201
181 236
181 300
181 362
181 455
181 469
181 494
182 12
182 251
182 551
182 162
182 361
182 344
182 451
182 343
182 146
182 192
182 176
182 206
182 569
182 295
182 110
182 320
182 189
182 193
182 10
182 20
182 36
182 220
182 222
182 386
182 439
182 444
182 505
183 431
183 61
183 97
183 255
183 263
183 264
183 293
183 432
183 443
183 520
183 521
183 582
184 455
184 224
184 309
184 376
184 432
184 473
185 210
185 462
185 11
185 394
185 592
185 148
185 161
185 257
185 428
186 266
186 393
186 145
186 28
186 268
186 484
186 491
186 258
186 100
186 149
186 67
186 439
186 448
186 522
186 133
186 51
186 87
186 239
186 387
186 411
186 452
186 520
186 600
187 61
187 549
187 488
187 69
187 105
187 16
187 97
187 552
187 253
187 423
187 312
187 205
187 7
187 22
187 36
187 43
187 131
187 166
187 224
187 262
187 295
187 407
187 428
187 566
188 149
188 292
188 365
188 546
188 287
188 403
188 134
188 294
188 352
188 394
188 414
189 15
189 146
189 474
189 124
189 535
189 551
189 490
189 88
189 98
189 123
189 182
189 321
189 372
189 379
189 513
189 593
190 89
190 143
190 514
190 371
190 527
190 557
190 110
190 97
190 212
190 457
190 273
190 149
190 93
190 96
190 459
190 524
190 564
191 33
191 93
191 548
191 399
191 46
191 82
191 305
191 377
191 553
191 594
192 328
192 415
192 437
192 167
192 268
192 511
192 171
192 180
192 76
192 114
192 118
192 133
192 182
192 225
192 238
192 253
192 435
192 476
192 529
193 314
193 6
193 13
193 363
193 595
193 69
193 280
193 528
193 378
193 106
193 401
193 97
193 74
193 17
193 64
193 87
193 93
193 116
193 152
193 176
193 182
193 197
193 200
193 413
193 456
193 517
193 547
194 546
194 228
194 287
194 433
194 21
194 78
194 81
194 271
194 371
194 504
195 370
195 330
195 123
195 351
195 34
195 154
195 277
195 310
195 430
195 467
195 529
195 545
196 436
196 402
196 532
196 369
196 158
196 31
196 131
196 156
196 213
196 258
196 341
196 354
196 444
196 451
196 467
196 515
196 575
196 582
196 596
197 302
197 467
197 226
197 43
197 281
197 531
197 193
197 533
197 357
197 489
197 142
197 240
197 273
197 391
197 515
197 588
198 581
198 1
198 93
198 151
198 276
198 339
198 368
198 374
198 393
198 465
199 481
199 91
199 588
199 552
199 375
199 436
199 231
199 226
199 29
199 511
199 495
199 264
199 356
199 274
199 598
199 150
199 76
199 50
199 350
199 498
199 564
199 591
200 193
200 291
200 453
200 527
200 587
200 51
200 590
200 334
200 505
200 476
200 251
200 536
200 483
200 255
200 36
200 282
200 299
200 314
200 315
200 335
200 336
200 359
200 462
200 472
200 480
200 542
200 547
201 417
201 387
201 260
201 92
201 368
201 466
201 514
201 79
201 181
201 292
201 309
201 235
201 523
201 519
201 42
201 220
201 247
201 253
201 282
201 325
201 332
201 375
201 486
201 569
202 348
202 476
202 339
202 571
202 446
202 69
202 153
202 43
202 403
202 453
203 489
203 7
203 227
203 33
203 529
203 432
203 32
203 174
203 535
203 210
203 6
203 30
203 120
203 302
203 358
203 467
203 519
204 25
204 521
204 510
204 480
204 178
204 13
204 34
204 73
204 87
204 121
204 163
204 361
204 365
204 415
204 434
204 564
205 127
205 365
205 88
205 410
205 75
205 423
205 215
205 528
205 401
205 121
205 154
205 172
205 187
205 321
205 367
205 446
205 518
206 275
206 329
206 293
206 307
206 590
206 76
206 127
206 149
206 182
206 360
206 384
206 405
206 517
206 532
206 572
207 314
207 528
207 466
207 490
207 263
207 334
207 429
207 158
207 102
207 161
207 331
207 359
207 583
208 275
208 282
208 235
208 38
208 25
208 111
208 139
208 577
208 334
208 288
208 441
208 230
208 520
208 151
208 149
208 171
208 179
208 228
208 349
208 400
208 410
208 467
208 551
208 596
209 402
209 238
209 351
209 218
209 93
209 10
209 328
209 505
209 299
209 582
209 31
209 60
209 122
209 242
209 264
209 313
209 565
210 305
210 506
210 249
210 533
210 62
210 63
210 149
210 402
210 339
210 460
210 133
210 455
210 289
210 83
210 96
210 165
210 185
210 203
210 312
210 386
210 396
210 413
211 175
211 94
211 222
211 398
211 153
211 40
211 443
211 72
211 75
211 135
211 228
211 424
211 432
211 506
211 565
212 111
212 429
212 97
212 95
212 404
212 559
212 249
212 120
212 37
212 217
212 134
212 51
212 121
212 163
212 190
212 462
212 528
213 282
213 32
213 12
213 356
213 215
213 396
213 196
213 28
213 20
213 21
213 47
213 122
213 137
213 240
213 299
213 403
213 532
214 112
214 492
214 592
214 11
214 440
214 20
214 346
214 362
214 469
214 31
214 170
214 334
214 392
214 402
214 585
215 308
215 467
215 319
215 463
215 226
215 536
215 29
215 103
215 153
215 205
215 213
215 304
215 334
215 372
215 400
215 493
215 527
216 395
216 573
216 551
216 159
216 481
216 131
216 578
216 309
216 145
216 174
216 394
216 465
217 381
217 362
217 124
217 66
217 101
217 212
217 304
217 310
217 436
217 492
218 53
218 219
218 570
218 78
218 589
218 69
218 469
218 566
218 414
218 63
218 38
218 51
218 372
218 263
218 302
218 30
218 112
218 164
218 179
218 209
218 227
218 362
218 379
218 445
218 461
218 521
218 536
219 176
219 90
219 403
219 404
219 44
219 257
219 75
219 419
219 411
219 442
219 279
219 596
219 146
219 357
219 472
219 78
219 134
219 218
219 226
219 285
219 316
219 398
219 449
219 575
220 201
220 445
220 182
220 29
220 133
220 311
220 554
220 236
220 87
220 126
220 314
220 328
220 461
220 466
220 507
220 512
221 534
221 412
221 541
221 284
221 98
221 46
221 85
221 121
221 327
221 343
221 405
221 477
221 479
221 514
221 576
221 587
222 294
222 507
222 332
222 78
222 244
222 182
222 309
222 381
222 451
222 428
222 34
222 61
222 99
222 117
222 139
222 211
222 356
222 364
222 434
222 493
223 454
223 391
223 158
223 348
223 57
223 397
223 53
223 297
223 303
223 455
223 22
223 318
223 64
223 23
223 18
223 139
223 289
223 392
223 400
223 486
223 563
223 586
224 378
224 187
224 393
224 184
224 94
224 420
224 91
224 122
224 240
224 256
224 292
224 341
224 351
224 434
225 75
225 535
225 243
225 372
225 192
225 565
225 320
225 287
225 383
225 360
225 272
225 95
225 226
225 253
225 415
225 425
225 505
226 317
226 225
226 101
226 365
226 444
226 287
226 219
226 122
226 197
226 199
226 215
226 234
226 352
226 355
227 123
227 572
227 458
227 95
227 392
227 218
227 334
227 94
227 107
227 203
227 284
227 412
227 457
227 515
227 542
228 284
228 211
228 545
228 470
228 104
228 208
228 170
228 417
228 33
228 127
228 194
228 294
228 339
228 355
228 386
228 451
228 461
228 494
228 587
229 378
229 104
229 530
229 405
229 245
229 111
229 289
229 355
229 129
229 249
229 265
229 361
229 433
229 564
229 568
230 347
230 150
230 2
230 549
230 548
230 32
230 64
230 70
230 91
230 119
230 153
230 208
230 251
230 292
230 379
230 421
230 456
230 457
230 458
230 459
230 471
230 501
230 509
230 514
230 524
231 166
231 364
231 348
231 85
231 94
231 108
231 199
231 344
231 388
231 425
231 522
231 554
231 569
232 6
232 235
232 558
232 114
232 519
232 13
232 148
232 174
232 322
232 340
232 423
232 465
232 514
232 518
232 564
233 463
233 13
233 482
233 387
233 422
233 12
233 16
233 24
233 73
233 85
233 112
233 330
233 382
233 496
233 528
233 599
234 226
234 67
234 82
234 167
234 270
234 321
234 363
234 370
234 410
234 441
234 463
234 553
235 395
235 523
235 280
235 177
235 547
235 570
235 33
235 43
235 68
235 201
235 208
235 232
235 249
235 283
235 387
235 410
235 447
235 480
236 341
236 459
236 314
236 388
236 343
236 181
236 220
236 262
236 302
236 374
236 424
236 441
236 442
236 481
237 56
237 545
237 179
237 465
237 32
237 134
237 20
237 47
237 101
237 341
237 431
237 480
237 527
237 541
238 398
238 65
238 192
238 357
238 7
238 55
238 58
238 209
238 350
238 430
238 440
238 500
238 512
238 514
238 546
238 551
239 104
239 411
239 592
239 84
239 186
239 167
239 522
239 4
239 71
239 261
239 266
239 271
239 363
239 531
239 582
240 197
240 213
240 349
240 599
240 224
240 409
240 37
240 428
240 400
240 365
240 70
240 161
240 60
240 159
240 297
240 342
240 348
240 478
240 503
240 549
240 565
240 593
241 547
241 313
241 463
241 295
241 469
241 125
241 284
241 35
241 56
241 60
241 62
241 100
241 143
241 255
241 290
241 291
241 321
241 514
241 559
242 364
242 81
242 504
242 11
242 591
242 209
242 403
242 257
242 112
242 390
242 425
242 450
242 462
242 475
242 498
242 505
243 283
243 9
243 86
243 126
243 225
243 332
243 376
243 394
243 440
244 245
244 417
244 434
244 99
244 301
244 115
244 249
244 559
244 533
244 126
244 30
244 131
244 163
244 222
244 268
244 305
244 355
244 426
245 511
245 63
245 442
245 302
245 408
245 594
245 118
245 136
245 148
245 229
245 244
245 291
245 518
245 570
245 592
246 442
246 76
246 174
246 179
246 351
246 435
246 553
247 148
247 270
247 410
247 130
247 276
247 201
247 530
247 477
247 52
247 600
247 348
247 75
247 447
247 94
247 49
247 84
247 305
247 341
247 396
247 413
247 559
247 581
248 404
248 62
248 290
248 376
248 348
248 103
248 37
248 309
248 312
248 331
248 394
249 229
249 593
249 33
249 559
249 235
249 335
249 210
249 212
249 244
249 289
249 343
249 561
250 338
250 516
250 301
250 162
250 257
250 318
250 390
250 464
250 565
251 542
251 88
251 308
251 564
251 545
251 483
251 366
251 379
251 72
251 328
251 287
251 352
251 384
251 230
251 125
251 74
251 84
251 133
251 182
251 200
251 291
251 331
251 335
251 342
251 357
251 382
251 383
251 392
251 438
252 508
252 123
252 524
252 23
252 346
252 325
252 173
252 31
252 89
252 579
252 124
252 127
252 161
252 267
252 488
252 583
252 589
253 376
253 192
253 420
253 201
253 581
253 225
253 137
253 187
253 284
253 342
254 20
254 131
254 268
254 324
254 497
254 576
255 511
255 183
255 438
255 591
255 87
255 241
255 56
255 410
255 17
255 36
255 73
255 74
255 96
255 200
255 276
255 281
255 480
255 563
255 579
255 590
256 349
256 551
256 156
256 507
256 162
256 22
256 468
256 224
256 310
256 590
256 90
256 108
256 158
256 267
256 396
256 410
256 425
256 448
256 509
256 552
257 488
257 115
257 391
257 129
257 394
257 185
257 291
257 510
257 250
257 592
257 48
257 76
257 96
257 145
257 167
257 219
257 242
257 269
257 349
257 433
257 473
257 529
257 544
257 552
258 161
258 84
258 196
258 593
258 569
258 93
258 98
258 186
258 269
258 337
258 419
258 488
259 360
259 314
259 127
259 546
259 84
259 25
259 324
259 365
259 397
259 421
259 510
259 534
260 571
260 132
260 7
260 125
260 201
260 285
260 295
260 367
260 418
260 454
260 546
261 359
261 121
261 25
261 132
261 32
261 545
261 239
261 138
261 122
261 302
261 428
261 448
261 482
261 495
261 538
261 585
262 32
262 137
262 236
262 158
262 114
262 187
262 381
262 266
262 395
262 521
262 453
262 140
262 49
262 308
262 7
262 38
262 48
262 70
262 85
262 273
262 329
262 404
262 480
262 544
263 183
263 140
263 46
263 567
263 34
263 90
263 207
263 218
263 314
263 324
263 353
263 466
264 344
264 362
264 346
264 477
264 183
264 367
264 112
264 209
264 100
264 152
264 331
264 318
264 106
264 65
264 51
264 199
264 349
264 407
264 504
264 574
264 583
264 589
265 62
265 229
265 163
265 565
265 49
265 100
265 80
265 9
265 42
265 50
265 139
265 533
265 557
265 589
266 113
266 360
266 16
266 239
266 173
266 482
266 465
266 461
266 167
266 418
266 90
266 147
266 186
266 262
266 291
266 314
266 369
266 377
266 572
266 573
266 600
267 31
267 583
267 322
267 81
267 252
267 328
267 300
267 256
267 48
267 124
267 169
267 306
267 320
267 473
267 530
268 512
268 289
268 466
268 415
268 530
268 244
268 149
268 133
268 254
268 104
268 127
268 33
268 69
268 126
268 145
268 152
268 186
268 192
268 345
268 474
268 597
269 12
269 526
269 258
269 101
269 257
269 41
269 280
269 518
269 436
269 2
269 422
269 21
269 99
269 279
269 470
269 524
269 585
270 175
270 234
270 309
270 411
270 445
270 128
270 328
270 342
270 52
270 62
270 92
270 96
270 247
270 428
270 478
270 529
271 554
271 155
271 291
271 309
271 194
271 239
271 496
271 409
271 93
271 86
272 519
272 534
272 559
272 8
272 391
272 348
272 420
272 119
272 169
272 225
272 298
272 431
272 439
272 509
272 520
273 197
273 262
273 301
273 110
273 294
273 340
273 455
273 158
273 76
273 163
273 11
273 48
273 89
273 154
273 190
273 321
273 370
273 390
273 491
274 391
274 310
274 546
274 462
274 121
274 527
274 530
274 436
274 30
274 5
274 13
274 21
274 143
274 199
274 377
274 479
275 12
275 477
275 28
275 300
275 348
275 145
275 17
275 29
275 50
275 57
275 110
275 206
275 208
275 292
275 370
275 382
275 437
275 449
275 510
275 522
275 575
276 79
276 198
276 96
276 487
276 396
276 503
276 255
276 478
276 528
276 95
276 50
276 66
276 149
276 247
276 326
276 341
276 384
276 471
276 548
276 549
277 440
277 419
277 139
277 474
277 195
277 28
277 33
277 78
277 89
277 94
277 391
277 434
277 468
277 470
277 585
278 597
278 508
278 406
278 439
278 412
278 344
278 392
278 391
278 499
278 449
278 161
278 105
278 70
278 142
278 154
278 160
278 422
278 432
278 458
278 459
279 583
279 173
279 396
279 289
279 145
279 363
279 111
279 269
279 474
279 318
279 81
279 84
279 101
279 112
279 219
279 307
279 443
279 452
279 585
279 586
280 175
280 555
280 115
280 315
280 346
280 330
280 365
280 66
280 3
280 28
280 60
280 93
280 147
280 193
280 235
280 269
280 292
280 419
280 440
280 458
280 478
280 490
280 524
280 535
281 342
281 127
281 597
281 317
281 285
281 374
281 60
281 255
281 499
281 444
281 404
281 112
281 197
281 359
282 200
282 520
282 503
282 441
282 59
282 69
282 201
282 39
282 101
282 208
282 213
282 298
282 424
282 443
282 452
282 486
282 564
283 499
283 410
283 340
283 507
283 297
283 235
283 243
283 367
283 388
284 253
284 327
284 353
284 146
284 57
284 446
284 55
284 227
284 51
284 125
284 221
284 228
284 241
284 322
284 346
284 349
284 482
284 546
284 550
285 557
285 219
285 160
285 536
285 67
285 321
285 388
285 260
285 520
285 426
285 46
285 151
285 179
285 281
285 377
285 428
285 523
286 51
286 527
286 388
286 382
286 597
286 29
286 40
286 59
286 71
286 119
286 128
286 291
286 425
286 439
286 536
287 168
287 425
287 549
287 576
287 537
287 575
287 574
287 331
287 96
287 320
287 89
287 497
287 535
287 288
287 30
287 163
287 188
287 194
287 225
287 226
287 251
287 467
288 467
288 27
288 493
288 32
288 481
288 46
288 61
288 140
288 169
288 208
288 287
288 479
288 546
289 107
289 525
289 223
289 249
289 306
289 412
289 66
289 67
289 81
289 145
289 210
289 229
289 268
289 279
289 414
289 528
289 557
289 565
290 93
290 161
290 560
290 148
290 241
290 163
290 71
290 12
290 6
290 474
290 420
290 40
290 94
290 115
290 248
290 331
290 365
290 388
290 520
290 564
290 594
291 495
291 117
291 132
291 570
291 266
291 241
291 251
291 485
291 377
291 436
291 286
291 102
291 245
291 360
291 1
291 200
291 257
291 271
291 382
291 385
291 523
291 544
291 562
292 363
292 455
292 275
292 280
292 378
292 447
292 533
292 230
292 587
292 404
292 224
292 558
292 125
292 188
292 201
292 318
292 402
292 457
293 481
293 20
293 183
293 15
293 73
293 449
293 28
293 366
293 490
293 104
293 87
293 93
293 206
293 423
294 228
294 407
294 73
294 188
294 413
294 19
294 91
294 99
294 160
294 222
294 273
294 352
294 380
294 584
295 152
295 415
295 537
295 402
295 260
295 64
295 133
295 357
295 547
295 187
295 316
295 7
295 90
295 182
295 241
295 413
295 444
296 348
296 159
296 495
296 47
296 51
296 67
296 137
296 138
296 298
296 314
296 332
296 364
296 415
296 487
296 547
296 562
297 240
297 143
297 17
297 50
297 60
297 65
297 70
297 81
297 223
297 283
297 323
297 347
297 467
297 561
298 272
298 296
298 431
298 464
298 461
298 428
298 282
298 528
298 136
298 86
298 482
298 158
298 163
298 303
298 377
299 80
299 33
299 556
299 361
299 200
299 166
299 515
299 71
299 213
299 54
299 167
299 59
299 73
299 83
299 84
299 95
299 119
299 180
299 209
299 339
299 340
299 457
299 493
299 547
300 443
300 390
300 564
300 64
300 304
300 539
300 181
300 597
300 121
300 573
300 31
300 102
300 267
300 275
300 471
300 559
301 114
301 115
301 451
301 409
301 544
301 3
301 526
301 120
301 145
301 126
301 244
301 250
301 273
301 322
301 343
301 365
301 456
301 569
302 203
302 316
302 545
302 325
302 236
302 330
302 555
302 261
302 70
302 342
302 73
302 82
302 151
302 161
302 197
302 218
302 245
303 545
303 298
303 2
303 79
303 116
303 153
303 223
303 405
303 455
303 486
303 572
304 6
304 215
304 467
304 490
304 318
304 116
304 217
304 140
304 300
304 518
304 539
305 100
305 247
305 191
305 369
305 60
305 147
305 58
305 455
305 462
305 390
305 244
305 210
305 310
305 362
305 384
305 417
305 463
305 548
306 154
306 435
306 531
306 370
306 389
306 4
306 17
306 90
306 581
306 464
306 523
306 598
306 133
306 327
306 267
306 289
306 450
306 573
307 344
307 62
307 279
307 563
307 403
307 359
307 99
307 70
307 106
307 180
307 206
307 331
307 370
307 423
307 500
308 449
308 468
308 543
308 414
308 11
308 28
308 97
308 215
308 251
308 262
308 319
308 321
308 483
308 492
309 34
309 108
309 355
309 159
309 10
309 447
309 439
309 430
309 436
309 184
309 13
309 15
309 248
309 573
309 372
309 27
309 90
309 201
309 216
309 222
309 270
309 271
309 343
309 535
309 555
310 24
310 472
310 158
310 358
310 305
310 393
310 217
310 534
310 580
310 334
310 469
310 195
310 137
310 149
310 155
310 256
310 274
310 398
310 441
310 471
310 568
311 583
311 126
311 166
311 220
311 421
311 582
312 560
312 335
312 210
312 334
312 464
312 487
312 428
312 248
312 50
312 54
312 69
312 72
312 159
312 187
312 313
312 486
312 562
312 597
313 312
313 99
313 356
313 125
313 145
313 94
313 209
313 535
313 68
313 241
313 315
313 343
313 441
313 542
313 568
313 570
314 83
314 538
314 43
314 263
314 407
314 220
314 446
314 296
314 266
314 568
314 200
314 147
314 193
314 207
314 236
314 259
314 315
314 322
314 392
314 409
314 441
314 490
314 514
315 314
315 148
315 313
315 200
315 461
315 470
315 538
315 169
315 336
315 566
315 328
315 134
315 280
315 320
315 423
315 498
315 509
315 575
315 596
315 598
316 219
316 512
316 502
316 113
316 82
316 398
316 41
316 55
316 158
316 295
316 302
316 385
316 439
316 460
316 552
316 565
317 47
317 350
317 38
317 490
317 495
317 45
317 343
317 460
317 99
317 226
317 281
317 405
317 428
317 528
318 165
318 292
318 104
318 250
318 406
318 102
318 599
318 329
318 65
318 77
318 42
318 64
318 67
318 144
318 223
318 264
318 279
318 304
318 480
318 530
319 383
319 308
319 444
319 62
319 531
319 360
319 22
319 108
319 215
319 327
319 388
319 492
319 513
319 528
319 590
319 592
320 315
320 418
320 340
320 581
320 15
320 157
320 88
320 267
320 101
320 182
320 225
320 287
320 364
320 384
320 507
320 508
321 165
321 241
321 399
321 189
321 234
321 574
321 329
321 81
321 308
321 136
321 205
321 70
321 423
321 530
321 348
321 273
321 404
321 338
321 169
321 285
321 322
321 451
321 487
321 516
321 534
321 555
321 589
322 2
322 478
322 44
322 4
322 52
322 301
322 314
322 232
322 284
322 89
322 321
322 61
322 175
322 267
322 346
322 383
322 547
322 558
322 576
323 481
323 362
323 297
323 516
323 15
323 326
323 11
323 30
323 42
323 63
323 73
323 104
323 470
324 346
324 254
324 17
324 171
324 480
324 259
324 36
324 409
324 380
324 135
324 443
324 565
324 64
324 263
324 122
324 331
324 437
325 535
325 481
325 3
325 113
325 507
325 201
325 149
325 422
325 163
325 85
325 252
325 302
325 327
326 332
326 165
326 276
326 363
326 140
326 572
326 1
326 34
326 101
326 117
326 160
326 323
326 330
327 142
327 325
327 352
327 319
327 88
327 221
327 21
327 572
327 32
327 122
327 284
327 306
327 402
327 439
327 533
328 37
328 129
328 539
328 518
328 38
328 462
328 220
328 343
328 17
328 517
328 459
328 192
328 209
328 251
328 267
328 270
328 315
328 364
329 262
329 495
329 53
329 74
329 86
329 108
329 166
329 206
329 318
329 321
329 343
329 479
329 505
329 526
329 547
329 568
330 165
330 144
330 437
330 381
330 564
330 233
330 28
330 326
330 543
330 34
330 541
330 47
330 79
330 100
330 130
330 135
330 148
330 195
330 280
330 302
330 402
330 406
330 588
331 76
331 40
331 248
331 106
331 251
331 307
331 290
331 324
331 580
331 207
331 109
331 110
331 132
331 147
331 264
331 287
331 351
331 388
331 418
331 432
331 441
331 562
332 40
332 201
332 296
332 460
332 530
332 243
332 569
332 451
332 8
332 416
332 9
332 29
332 77
332 222
332 326
333 571
333 462
333 58
333 90
333 437
333 453
333 412
333 371
333 583
333 419
333 365
333 508
333 552
334 78
334 137
334 505
334 600
334 214
334 364
334 215
334 558
334 123
334 154
334 159
334 200
334 207
334 208
334 227
334 310
334 312
334 338
334 384
334 413
334 418
334 433
334 435
335 32
335 251
335 494
335 379
335 200
335 6
335 48
335 51
335 118
335 155
335 249
335 312
335 385
335 473
335 540
335 548
335 560
336 420
336 380
336 40
336 200
336 146
336 338
336 490
336 388
336 24
336 39
336 481
336 552
336 464
336 538
336 46
336 97
336 164
336 315
336 345
336 372
336 467
336 565
337 258
337 529
337 106
337 7
337 14
337 17
337 34
337 39
337 48
337 109
337 112
337 411
337 412
337 428
337 451
337 477
338 550
338 334
338 103
338 170
338 250
338 321
338 336
338 367
338 384
338 479
339 155
339 198
339 556
339 63
339 367
339 228
339 177
339 159
339 569
339 299
339 340
339 69
339 78
339 125
339 146
339 172
339 202
339 210
339 454
339 491
339 509
339 587
340 299
340 176
340 158
340 354
340 232
340 7
340 29
340 155
340 273
340 283
340 320
340 339
340 363
340 378
340 425
340 430
340 434
341 247
341 145
341 391
341 196
341 152
341 60
341 398
341 224
341 237
341 107
341 29
341 360
341 276
341 176
341 405
341 59
341 421
341 537
341 236
342 363
342 240
342 177
342 478
342 596
342 114
342 400
342 592
342 253
342 157
342 456
342 483
342 251
342 62
342 130
342 270
342 281
342 302
342 347
342 348
342 377
342 413
342 448
342 528
343 594
343 249
343 372
343 221
343 452
343 309
343 313
343 329
343 478
343 301
343 44
343 126
343 182
343 236
343 317
343 328
343 344
343 369
344 98
344 488
344 518
344 343
344 151
344 231
344 44
344 118
344 182
344 264
344 278
344 307
344 392
344 449
344 463
344 492
344 497
344 535
344 543
345 82
345 386
345 336
345 268
345 19
345 90
345 147
345 352
345 451
345 479
345 509
345 526
345 583
345 594
346 106
346 113
346 284
346 322
346 92
346 34
346 71
346 214
346 252
346 264
346 280
346 324
346 498
346 587
347 342
347 152
347 34
347 349
347 109
347 428
347 297
347 392
347 565
347 128
347 425
347 138
347 20
347 396
347 70
347 230
347 376
347 457
347 560
348 382
348 173
348 16
348 143
348 240
348 492
348 86
348 477
348 342
348 454
348 162
348 174
348 202
348 223
348 231
348 247
348 248
348 272
348 275
348 296
348 321
348 405
348 431
348 473
348 475
348 523
348 527
349 539
349 264
349 361
349 145
349 208
349 489
349 571
349 123
349 134
349 468
349 501
349 284
349 257
349 169
349 240
349 256
349 347
349 367
349 380
349 400
350 384
350 238
350 76
350 199
350 525
350 140
350 392
350 466
350 25
350 67
350 79
350 104
350 317
350 352
350 493
351 562
351 506
351 224
351 143
351 331
351 539
351 505
351 382
351 246
351 166
351 195
351 209
351 387
351 397
351 500
351 560
352 188
352 345
352 226
352 294
352 371
352 350
352 144
352 126
352 6
352 112
352 251
352 327
352 356
352 397
352 424
353 162
353 75
353 263
353 114
353 67
353 52
353 153
353 284
353 370
353 414
353 468
353 536
354 425
354 196
354 559
354 140
354 423
354 396
354 11
354 93
354 340
354 467
354 518
355 226
355 520
355 163
355 244
355 424
355 438
355 228
355 2
355 18
355 169
355 229
355 309
355 430
355 471
355 495
355 512
355 578
355 582
356 572
356 535
356 222
356 352
356 16
356 23
356 12
356 27
356 199
356 213
356 313
356 522
356 563
356 594
357 251
357 571
357 480
357 573
357 547
357 102
357 19
357 153
357 432
357 417
357 94
357 446
357 5
357 9
357 104
357 111
357 137
357 197
357 219
357 238
357 295
357 358
357 388
358 473
358 203
358 600
358 357
358 157
358 177
358 7
358 85
358 19
358 56
358 310
358 361
358 370
358 406
358 459
358 536
358 546
358 558
359 569
359 281
359 207
359 554
359 200
359 600
359 36
359 62
359 138
359 157
359 261
359 307
359 419
359 442
360 549
360 206
360 82
360 91
360 157
360 225
360 259
360 266
360 291
360 319
360 341
360 368
360 407
360 437
360 458
360 469
360 542
361 381
361 588
361 229
361 204
361 541
361 358
361 182
361 299
361 349
361 371
361 377
361 546
361 574
362 305
362 181
362 218
362 399
362 459
362 428
362 7
362 98
362 100
362 131
362 214
362 217
362 264
362 323
362 563
362 597
363 529
363 239
363 544
363 340
363 5
363 234
363 108
363 553
363 532
363 580
363 564
363 575
363 40
363 1
363 62
363 75
363 171
363 193
363 279
363 292
363 326
363 342
363 455
363 572
363 574
363 578
363 593
363 599
364 408
364 320
364 480
364 55
364 328
364 222
364 103
364 296
364 34
364 67
364 152
364 231
364 242
364 334
364 464
364 523
364 577
365 259
365 156
365 505
365 392
365 566
365 290
365 204
365 77
365 494
365 301
365 577
365 585
365 333
365 3
365 27
365 44
365 80
365 188
365 205
365 226
365 240
365 280
365 394
365 563
366 139
366 538
366 405
366 451
366 549
366 11
366 59
366 90
366 110
366 123
366 134
366 251
366 293
366 506
366 572
367 338
367 380
367 205
367 260
367 283
367 442
367 349
367 385
367 556
367 388
367 487
367 33
367 136
367 264
367 339
367 478
367 532
367 536
367 593
368 546
368 475
368 388
368 427
368 360
368 198
368 466
368 90
368 13
368 97
368 159
368 201
368 481
368 486
368 555
369 463
369 96
369 557
369 75
369 138
369 266
369 343
369 516
369 180
369 3
369 17
369 128
369 163
369 196
369 305
369 501
369 538
370 275
370 358
370 307
370 154
370 566
370 503
370 234
370 273
370 404
370 353
370 587
370 153
370 475
370 30
370 68
370 195
370 306
370 450
370 477
370 543
371 110
371 36
371 361
371 194
371 119
371 20
371 178
371 190
371 333
371 352
371 413
371 456
371 518
372 93
372 138
372 142
372 189
372 215
372 498
372 104
372 87
372 146
372 336
372 129
372 218
372 225
372 309
372 343
372 382
372 424
372 447
372 456
372 594
373 412
373 118
373 176
374 526
374 126
374 198
374 389
374 422
374 466
374 171
374 236
374 95
374 475
374 281
374 413
374 507
374 514
375 507
375 118
375 140
375 137
375 201
375 3
375 199
375 517
375 574
376 243
376 184
376 74
376 104
376 347
376 28
376 12
376 151
376 471
376 1
376 67
376 89
376 130
376 248
376 253
376 378
376 408
376 486
377 298
377 266
377 438
377 156
377 191
377 274
377 28
377 361
377 425
377 426
377 517
377 342
377 285
377 105
377 291
377 388
377 427
377 516
378 31
378 376
378 67
378 448
378 340
378 46
378 66
378 585
378 497
378 6
378 15
378 53
378 76
378 121
378 193
378 224
378 229
378 292
378 439
378 461
378 516
378 592
379 457
379 436
379 230
379 189
379 492
379 218
379 480
379 31
379 79
379 251
379 335
379 546
379 571
379 574
380 480
380 113
380 294
380 464
380 349
380 37
380 15
380 139
380 16
380 29
380 32
380 93
380 324
380 336
380 367
380 414
380 431
380 554
380 556
381 431
381 122
381 513
381 50
381 53
381 23
381 36
381 71
381 128
381 217
381 222
381 262
381 330
381 361
381 418
381 465
382 251
382 115
382 291
382 275
382 168
382 82
382 484
382 58
382 133
382 533
382 233
382 372
382 35
382 40
382 127
382 155
382 286
382 348
382 351
382 439
382 490
382 513
382 520
382 530
383 154
383 251
383 566
383 42
383 322
383 64
383 140
383 143
383 159
383 225
383 319
383 464
383 486
383 487
383 501
383 521
383 544
383 579
384 435
384 593
384 276
384 206
384 338
384 403
384 140
384 320
384 535
384 305
384 334
384 71
384 101
384 251
384 350
384 390
384 501
385 95
385 291
385 588
385 316
385 335
385 575
385 33
385 108
385 181
385 367
385 396
385 443
385 470
385 536
386 549
386 182
386 210
386 228
386 581
386 582
386 6
386 81
386 175
386 31
386 52
386 103
386 112
386 116
386 173
386 345
386 484
386 538
386 600
387 186
387 235
387 351
387 461
387 522
387 94
387 95
387 139
387 171
387 201
387 233
387 441
387 505
388 231
388 331
388 319
388 283
388 377
388 510
388 435
388 290
388 357
388 462
388 56
388 77
388 151
388 236
388 285
388 286
388 336
388 367
388 368
388 418
388 475
388 538
389 144
389 509
389 136
389 543
389 575
389 1
389 96
389 129
389 306
389 374
389 511
390 450
390 471
390 397
390 242
390 46
390 273
390 250
390 19
390 384
390 458
390 48
390 109
390 121
390 123
390 145
390 300
390 305
390 478
390 559
391 488
391 277
391 118
391 442
391 564
391 197
391 90
391 578
391 158
391 61
391 127
391 223
391 257
391 272
391 274
391 278
391 341
391 411
391 504
392 251
392 344
392 514
392 214
392 584
392 314
392 69
392 223
392 58
392 10
392 227
392 278
392 347
392 350
392 365
392 399
392 415
392 417
392 549
392 550
393 546
393 558
393 21
393 136
393 474
393 519
393 198
393 54
393 164
393 186
393 224
393 310
393 475
393 531
393 570
394 243
394 46
394 449
394 534
394 216
394 426
394 468
394 365
394 491
394 569
394 248
394 188
394 141
394 586
394 55
394 119
394 122
394 185
394 257
394 410
395 585
395 55
395 79
395 97
395 126
395 138
395 216
395 235
395 262
396 385
396 132
396 103
396 247
396 210
396 256
396 18
396 46
396 78
396 102
396 145
396 175
396 179
396 213
396 276
396 279
396 347
396 354
396 406
396 442
396 500
396 521
397 352
397 259
397 526
397 400
397 406
397 531
397 19
397 351
397 481
397 592
397 223
397 390
397 433
397 464
397 500
397 536
398 457
398 219
398 486
398 597
398 310
398 144
398 16
398 34
398 170
398 211
398 238
398 316
398 341
398 513
398 527
399 403
399 550
399 48
399 525
399 30
399 392
399 467
399 509
399 11
399 108
399 191
399 321
399 362
399 532
399 567
400 223
400 63
400 453
400 441
400 454
400 349
400 208
400 215
400 595
400 96
400 19
400 153
400 240
400 342
400 397
400 403
400 465
400 511
400 591
401 170
401 519
401 446
401 62
401 84
401 193
401 205
401 410
401 544
402 5
402 100
402 78
402 327
402 214
402 330
402 507
402 504
402 574
402 460
402 292
402 159
402 46
402 110
402 196
402 209
402 210
402 295
402 432
402 520
403 213
403 36
403 202
403 400
403 513
403 143
403 434
403 128
403 558
403 7
403 58
403 154
403 188
403 219
403 242
403 307
403 384
403 399
403 456
403 517
404 145
404 587
404 53
404 111
404 262
404 173
404 63
404 3
404 31
404 71
404 137
404 167
404 212
404 219
404 248
404 281
404 292
404 321
404 370
404 543
404 554
404 561
405 206
405 63
405 303
405 348
405 11
405 593
405 317
405 115
405 221
405 555
405 547
405 70
405 102
405 122
405 180
405 229
405 341
405 366
405 423
405 516
406 396
406 582
406 121
406 74
406 358
406 41
406 438
406 330
406 37
406 59
406 278
406 318
406 397
406 483
406 503
407 91
407 122
407 360
407 187
407 264
407 26
407 61
407 144
407 294
407 314
407 466
407 527
407 561
408 94
408 449
408 527
408 452
408 551
408 376
408 111
408 157
408 50
408 124
408 176
408 180
408 245
408 364
408 435
408 482
408 489
408 524
409 314
409 98
409 436
409 2
409 591
409 82
409 69
409 130
409 240
409 271
409 301
409 324
409 550
410 458
410 163
410 510
410 234
410 88
410 208
410 485
410 256
410 235
410 394
410 401
410 92
410 125
410 205
410 247
410 255
410 283
410 445
411 391
411 337
411 531
411 548
411 52
411 590
411 123
411 186
411 147
411 101
411 6
411 573
411 48
411 447
411 494
411 15
411 219
411 239
411 270
411 416
411 442
411 462
411 517
412 454
412 583
412 154
412 451
412 337
412 520
412 71
412 227
412 37
412 142
412 221
412 278
412 289
412 333
412 373
412 456
412 467
413 374
413 106
413 172
413 193
413 143
413 3
413 371
413 435
413 450
413 210
413 295
413 247
413 558
413 583
413 4
413 334
413 342
413 420
413 590
413 79
413 294
413 430
413 465
413 498
413 589
414 135
414 108
414 110
414 188
414 289
414 380
414 47
414 353
414 171
414 429
414 30
414 67
414 78
414 156
414 218
414 308
415 578
415 7
415 225
415 204
415 594
415 25
415 509
415 392
415 57
415 296
415 43
415 571
415 543
415 28
415 60
415 91
415 93
415 134
415 192
415 268
415 295
415 465
415 557
416 411
416 120
416 47
416 131
416 139
416 161
416 332
416 444
416 471
416 577
417 574
417 305
417 74
417 124
417 523
417 392
417 590
417 42
417 161
417 178
417 201
417 228
417 244
417 357
417 435
417 571
418 594
418 334
418 388
418 534
418 260
418 459
418 578
418 157
418 141
418 381
418 331
418 134
418 81
418 128
418 38
418 26
418 109
418 123
418 266
418 320
418 460
418 517
418 539
419 547
419 75
419 280
419 57
419 87
419 258
419 464
419 359
419 139
419 143
419 219
419 277
419 333
419 562
420 132
420 6
420 25
420 74
420 224
420 253
420 272
420 290
420 336
420 413
420 503
420 513
420 544
420 564
420 585
421 510
421 50
421 107
421 259
421 48
421 311
421 230
421 543
421 2
421 34
421 143
421 341
421 487
421 512
421 547
421 592
422 446
422 278
422 13
422 518
422 595
422 24
422 109
422 145
422 233
422 269
422 325
422 374
422 593
423 22
423 307
423 315
423 462
423 293
423 135
423 513
423 405
423 101
423 507
423 232
423 39
423 46
423 187
423 205
423 321
423 354
423 449
423 452
423 488
423 503
423 514
423 563
423 592
424 282
424 211
424 105
424 172
424 372
424 352
424 572
424 45
424 236
424 9
424 125
424 355
424 454
424 457
424 529
424 539
424 543
424 577
424 583
425 225
425 113
425 167
425 286
425 143
425 54
425 340
425 231
425 242
425 256
425 516
425 527
425 118
425 287
425 347
425 354
425 377
425 442
425 497
425 512
426 538
426 501
426 244
426 48
426 539
426 544
426 582
426 487
426 50
426 94
426 111
426 132
426 285
426 377
426 394
426 483
427 591
427 28
427 377
427 39
427 549
427 69
427 94
427 368
427 428
427 498
427 537
427 542
427 593
428 285
428 529
428 261
428 99
428 270
428 187
428 317
428 427
428 101
428 589
428 488
428 185
428 337
428 16
428 19
428 33
428 62
428 106
428 133
428 222
428 240
428 298
428 312
428 347
428 362
428 448
429 590
429 532
429 529
429 547
429 15
429 39
429 97
429 101
429 109
429 207
429 212
429 414
429 562
430 46
430 159
430 507
430 486
430 477
430 340
430 238
430 48
430 195
430 436
430 413
430 355
430 62
430 309
430 449
431 61
431 118
431 157
431 272
431 380
431 112
431 237
431 348
431 586
431 179
431 40
431 150
431 183
431 298
431 381
431 433
431 460
431 568
432 440
432 402
432 183
432 184
432 533
432 172
432 115
432 108
432 331
432 278
432 211
432 22
432 97
432 151
432 203
432 357
433 334
433 397
433 229
433 431
433 174
433 153
433 120
433 257
433 29
433 37
433 194
434 80
434 204
434 16
434 558
434 11
434 277
434 222
434 224
434 340
434 136
434 18
434 43
434 81
434 85
434 244
434 403
434 481
434 533
435 417
435 510
435 136
435 334
435 523
435 192
435 53
435 436
435 408
435 246
435 465
435 56
435 450
435 91
435 49
435 306
435 384
435 388
435 413
435 525
435 546
435 573
435 574
435 576
436 217
436 137
436 196
436 199
436 269
436 274
436 291
436 309
436 379
436 409
436 430
436 435
436 467
436 472
437 275
437 164
437 446
437 324
437 98
437 476
437 73
437 32
437 360
437 528
437 97
437 144
437 192
437 330
437 333
437 495
437 552
438 34
438 158
438 73
438 489
438 251
438 13
438 24
438 89
438 255
438 355
438 377
438 406
438 506
438 555
439 378
439 163
439 272
439 83
439 45
439 327
439 182
439 382
439 102
439 522
439 286
439 316
439 91
439 122
439 186
439 278
439 309
439 457
439 510
440 479
440 59
440 472
440 280
440 238
440 140
440 14
440 243
440 132
440 127
440 214
440 277
440 432
440 485
441 579
441 20
441 387
441 234
441 42
441 236
441 577
441 310
441 331
441 314
441 313
441 75
441 123
441 208
441 282
441 400
441 464
441 494
441 513
441 534
442 411
442 359
442 396
442 32
442 236
442 529
442 425
442 118
442 127
442 105
442 42
442 74
442 219
442 245
442 246
442 367
442 391
442 517
443 385
443 282
443 183
443 279
443 12
443 16
443 84
443 211
443 300
443 324
443 558
444 416
444 526
444 143
444 196
444 582
444 295
444 39
444 182
444 133
444 20
444 60
444 121
444 158
444 226
444 281
444 319
444 498
444 599
445 410
445 59
445 218
445 31
445 78
445 44
445 37
445 93
445 136
445 220
445 270
445 564
445 579
445 597
446 205
446 7
446 63
446 89
446 128
446 202
446 284
446 314
446 357
446 401
446 422
446 437
446 531
447 511
447 120
447 140
447 65
447 235
447 372
447 74
447 582
447 18
447 510
447 535
447 158
447 168
447 247
447 292
447 309
447 411
447 530
448 503
448 256
448 23
448 30
448 261
448 428
448 342
448 577
448 550
448 561
448 147
448 465
448 43
448 15
448 20
448 186
448 378
448 508
448 510
449 430
449 423
449 219
449 468
449 275
449 539
449 587
449 344
449 56
449 135
449 162
449 278
449 293
449 308
449 394
449 408
449 525
449 529
449 547
449 593
449 599
450 95
450 242
450 481
450 474
450 137
450 306
450 370
450 30
450 523
450 586
450 45
450 128
450 156
450 390
450 413
450 435
450 557
451 228
451 65
451 483
451 100
451 321
451 453
451 585
451 337
451 345
451 196
451 83
451 84
451 182
451 222
451 301
451 332
451 366
451 412
452 279
452 282
452 423
452 534
452 99
452 156
452 186
452 119
452 343
452 408
452 494
453 592
453 78
453 164
453 202
453 573
453 22
453 34
453 52
453 61
453 173
453 200
453 262
453 333
453 400
453 451
453 520
453 527
453 590
454 53
454 566
454 70
454 339
454 5
454 156
454 260
454 141
454 177
454 424
454 158
454 526
454 92
454 223
454 348
454 400
454 412
454 471
454 484
454 551
455 482
455 153
455 35
455 474
455 37
455 303
455 577
455 181
455 578
455 363
455 509
455 524
455 31
455 475
455 51
455 184
455 210
455 223
455 273
455 292
455 305
455 457
455 522
455 526
455 548
456 193
456 557
456 403
456 112
456 491
456 60
456 230
456 586
456 371
456 498
456 412
456 135
456 74
456 578
456 470
456 478
456 372
456 301
456 38
456 105
456 342
457 90
457 158
457 424
457 600
457 439
457 347
457 227
457 455
457 299
457 48
457 546
457 292
457 230
457 523
457 37
457 60
457 85
457 87
457 124
457 190
457 379
457 398
458 83
458 3
458 360
458 46
458 278
458 142
458 280
458 567
458 174
458 230
458 40
458 49
458 61
458 64
458 74
458 87
458 102
458 227
458 390
458 410
459 547
459 358
459 589
459 4
459 111
459 544
459 158
459 178
459 190
459 124
459 230
459 90
459 278
459 163
459 64
459 65
459 119
459 236
459 328
459 362
459 418
459 486
459 488
459 552
460 500
460 418
460 431
460 316
460 80
460 554
460 542
460 89
460 210
460 317
460 332
460 402
460 478
460 597
461 228
461 167
461 378
461 218
461 220
461 151
461 120
461 534
461 90
461 109
461 119
461 128
461 266
461 298
461 315
461 387
461 527
462 212
462 242
462 200
462 411
462 40
462 62
462 74
462 174
462 185
462 274
462 305
462 328
462 333
462 388
462 423
463 542
463 17
463 344
463 92
463 305
463 569
463 234
463 575
463 32
463 215
463 233
463 241
463 369
463 468
463 513
463 517
463 519
463 555
464 250
464 47
464 441
464 383
464 106
464 397
464 150
464 483
464 167
464 556
464 134
464 364
464 3
464 22
464 298
464 306
464 312
464 336
464 380
464 419
464 518
464 579
465 149
465 198
465 381
465 413
465 216
465 232
465 156
465 415
465 400
465 562
465 558
465 108
465 237
465 266
465 435
465 448
465 498
465 572
466 220
466 407
466 263
466 28
466 73
466 86
466 122
466 201
466 207
466 268
466 350
466 368
466 374
466 593
466 600
467 195
467 297
467 208
467 89
467 412
467 336
467 488
467 436
467 287
467 135
467 196
467 203
467 115
467 566
467 354
467 2
467 103
467 22
467 29
467 197
467 215
467 288
467 304
467 399
467 470
467 503
468 463
468 102
468 353
468 277
468 527
468 28
468 105
468 135
468 256
468 308
468 349
468 394
468 449
468 502
468 515
469 575
469 360
469 181
469 105
469 146
469 58
469 35
469 43
469 76
469 102
469 117
469 162
469 214
469 218
469 241
469 310
469 520
469 584
470 467
470 12
470 30
470 385
470 277
470 546
470 269
470 323
470 31
470 228
470 315
470 456
470 506
470 552
470 572
471 355
471 142
471 546
471 300
471 230
471 112
471 454
471 310
471 276
471 66
471 121
471 416
471 584
471 479
471 44
471 53
471 159
471 376
471 390
472 20
472 436
472 594
472 143
472 79
472 200
472 34
472 60
472 111
472 219
472 310
472 440
472 480
472 569
473 335
473 162
473 184
473 561
473 515
473 257
473 579
473 348
473 490
473 267
473 81
473 86
473 358
473 540
473 549
474 268
474 48
474 85
474 124
474 189
474 277
474 279
474 290
474 393
474 450
474 455
475 393
475 517
475 242
475 388
475 348
475 486
475 152
475 368
475 370
475 374
475 455
475 547
475 560
475 566
476 83
476 100
476 24
476 533
476 192
476 86
476 178
476 200
476 202
476 437
477 337
477 514
477 97
477 594
477 370
477 221
477 498
477 145
477 247
477 264
477 275
477 348
477 430
478 42
478 240
478 75
478 390
478 139
478 30
478 460
478 270
478 367
478 280
478 144
478 172
478 276
478 322
478 342
478 343
478 456
478 502
478 549
479 486
479 504
479 78
479 338
479 288
479 345
479 221
479 55
479 274
479 139
479 329
479 59
479 103
479 162
479 440
479 471
479 543
480 57
480 237
480 262
480 93
480 168
480 235
480 472
480 490
480 255
480 318
480 64
480 200
480 122
480 150
480 204
480 324
480 357
480 364
480 379
480 380
480 529
480 540
481 513
481 131
481 87
481 236
481 165
481 368
481 498
481 2
481 546
481 133
481 434
481 86
481 148
481 162
481 199
481 216
481 288
481 293
481 323
481 325
481 336
481 397
481 450
481 529
481 564
482 261
482 284
482 63
482 125
482 408
482 146
482 167
482 72
482 1
482 14
482 33
482 47
482 89
482 163
482 233
482 266
482 298
482 455
482 556
482 570
483 68
483 157
483 31
483 406
483 62
483 167
483 123
483 426
483 12
483 5
483 45
483 127
483 308
483 2
483 122
483 124
483 140
483 200
483 251
483 342
483 451
483 464
483 556
483 574
484 454
484 132
484 79
484 57
484 581
484 143
484 491
484 386
484 56
484 87
484 102
484 172
484 186
484 382
485 577
485 571
485 440
485 110
485 150
485 154
485 291
485 410
485 543
485 592
486 89
486 282
486 312
486 368
486 223
486 131
486 459
486 383
486 562
486 376
486 303
486 201
486 130
486 12
486 36
486 66
486 144
486 398
486 430
486 475
486 479
486 499
486 571
487 501
487 321
487 525
487 120
487 173
487 421
487 515
487 75
487 150
487 76
487 383
487 296
487 25
487 30
487 42
487 77
487 276
487 312
487 367
487 426
487 537
487 544
487 587
488 252
488 26
488 510
488 11
488 423
488 258
488 58
488 125
488 459
488 153
488 166
488 187
488 257
488 344
488 391
488 428
488 467
488 507
489 408
489 79
489 172
489 181
489 197
489 203
489 349
489 438
489 562
489 569
490 82
490 53
490 27
490 314
490 61
490 536
490 583
490 280
490 174
490 382
490 1
490 2
490 189
490 207
490 293
490 304
490 317
490 336
490 473
490 480
490 559
491 584
491 339
491 569
491 273
491 72
491 186
491 394
491 456
491 484
491 499
492 319
492 308
492 509
492 217
492 31
492 344
492 577
492 214
492 348
492 379
492 526
492 583
492 589
493 222
493 6
493 560
493 116
493 215
493 299
493 599
493 152
493 350
493 39
493 63
493 181
493 288
494 441
494 181
494 452
494 569
494 228
494 17
494 335
494 365
494 411
495 437
495 155
495 261
495 161
495 116
495 355
495 32
495 28
495 43
495 94
495 112
495 135
495 138
495 175
495 199
495 291
495 296
495 317
495 329
495 522
496 233
496 172
496 7
496 19
496 67
496 271
497 425
497 1
497 554
497 254
497 344
497 14
497 56
497 69
497 89
497 130
497 149
497 170
497 287
497 378
497 505
497 517
497 585
497 591
498 444
498 199
498 25
498 346
498 530
498 315
498 242
498 62
498 465
498 168
498 569
498 427
498 149
498 521
498 413
498 45
498 135
498 16
498 83
498 372
498 456
498 477
498 481
498 499
498 507
498 550
499 491
499 583
499 163
499 486
499 567
499 498
499 129
499 144
499 65
499 278
499 281
499 283
500 397
500 396
500 526
500 307
500 127
500 48
500 238
500 558
500 351
500 69
500 79
500 93
500 140
500 460
500 515
500 586
501 384
501 542
501 383
501 163
501 596
501 369
501 230
501 41
501 156
501 349
501 426
501 487
502 468
502 478
502 121
502 112
502 47
502 107
502 116
502 151
502 316
502 507
502 523
502 551
502 556
503 594
503 579
503 420
503 534
503 40
503 423
503 160
503 240
503 406
503 518
503 467
503 114
503 122
503 130
503 131
503 135
503 276
503 282
503 370
503 448
503 592
504 110
504 194
504 51
504 85
504 391
504 264
504 114
504 506
504 20
504 167
504 242
504 402
504 479
504 595
505 50
505 45
505 242
505 329
505 23
505 549
505 387
505 182
505 73
505 225
505 42
505 566
505 497
505 30
505 121
505 162
505 200
505 209
505 334
505 351
505 365
505 588
506 57
506 90
506 530
506 211
506 160
506 548
506 578
506 438
506 470
506 366
506 108
506 130
506 150
506 210
506 351
506 504
506 552
507 488
507 220
507 320
507 502
507 534
507 52
507 374
507 562
507 498
507 107
507 156
507 222
507 256
507 283
507 325
507 375
507 402
507 423
507 430
508 333
508 586
508 448
508 4
508 320
508 93
508 117
508 138
508 143
508 176
508 252
508 278
509 345
509 165
509 272
509 256
509 315
509 230
509 20
509 339
509 46
509 12
509 28
509 109
509 122
509 123
509 176
509 389
509 399
509 415
509 455
509 492
509 531
510 448
510 111
510 147
510 439
510 275
510 538
510 58
510 259
510 204
510 257
510 388
510 410
510 421
510 435
510 447
510 488
510 513
510 524
510 525
511 179
511 131
511 400
511 175
511 389
511 100
511 71
511 11
511 83
511 118
511 192
511 199
511 245
511 255
511 447
511 535
511 558
511 591
512 425
512 220
512 83
512 10
512 568
512 238
512 421
512 355
512 268
512 316
512 513
513 512
513 144
513 522
513 129
513 463
513 86
513 147
513 510
513 189
513 161
513 572
513 441
513 319
513 398
513 420
513 21
513 382
513 118
513 69
513 42
513 70
513 94
513 154
513 381
513 403
513 423
513 481
514 230
514 47
514 232
514 241
514 71
514 423
514 30
514 238
514 314
514 374
514 221
514 42
514 51
514 129
514 190
514 201
514 392
514 477
515 468
515 227
515 102
515 554
515 196
515 500
515 37
515 197
515 586
515 9
515 51
515 53
515 57
515 87
515 107
515 299
515 473
515 487
516 378
516 87
516 321
516 405
516 377
516 116
516 57
516 60
516 153
516 250
516 323
516 369
516 425
517 375
517 193
517 497
517 206
517 411
517 28
517 69
517 403
517 86
517 88
517 418
517 540
517 442
517 463
517 41
517 43
517 123
517 125
517 328
517 377
517 475
518 371
518 304
518 205
518 91
518 179
518 464
518 541
518 25
518 354
518 245
518 72
518 42
518 232
518 6
518 30
518 100
518 117
518 269
518 328
518 344
518 422
518 503
518 548
518 572
519 598
519 74
519 203
519 121
519 463
519 22
519 546
519 90
519 18
519 103
519 201
519 232
519 272
519 393
519 401
520 272
520 38
520 186
520 290
520 183
520 583
520 402
520 469
520 534
520 382
520 453
520 79
520 53
520 76
520 208
520 282
520 285
520 355
520 412
520 598
521 183
521 102
521 565
521 574
521 218
521 396
521 383
521 174
521 204
521 262
521 498
521 577
522 175
522 275
522 539
522 356
522 231
522 455
522 495
522 186
522 239
522 387
522 439
522 513
523 51
523 60
523 364
523 531
523 285
523 348
523 502
523 291
523 558
523 201
523 235
523 306
523 417
523 435
523 450
523 457
523 590
524 84
524 556
524 558
524 408
524 280
524 510
524 190
524 230
524 269
524 68
524 252
524 455
524 555
525 173
525 122
525 64
525 531
525 435
525 449
525 510
525 13
525 16
525 85
525 104
525 180
525 289
525 350
525 399
525 487
526 345
526 137
526 455
526 329
526 492
526 55
526 51
526 269
526 301
526 374
526 397
526 444
526 454
526 500
526 540
526 557
527 407
527 531
527 453
527 70
527 237
527 84
527 348
527 398
527 529
527 215
527 461
527 118
527 132
527 146
527 190
527 200
527 274
527 286
527 408
527 425
527 468
527 558
528 156
528 586
528 40
528 84
528 212
528 289
528 132
528 319
528 317
528 342
528 22
528 233
528 540
528 51
528 62
528 78
528 90
528 153
528 193
528 205
528 207
528 276
528 298
528 437
529 42
529 257
529 270
529 195
529 424
529 192
529 167
529 480
529 481
529 449
529 11
529 28
529 203
529 337
529 363
529 428
529 429
529 442
529 527
529 568
530 33
530 267
530 447
530 382
530 567
530 318
530 2
530 12
530 60
530 61
530 128
530 174
530 229
530 247
530 268
530 274
530 321
530 332
530 498
530 506
530 543
530 579
531 509
531 446
531 393
531 5
531 239
531 107
531 112
531 163
531 197
531 306
531 319
531 397
531 411
531 523
531 525
531 527
531 541
531 564
532 206
532 122
532 564
532 367
532 592
532 213
532 399
532 12
532 39
532 196
532 363
532 429
533 265
533 130
533 16
533 434
533 327
533 48
533 141
533 197
533 210
533 244
533 292
533 382
533 432
533 476
534 180
534 571
534 176
534 321
534 259
534 441
534 22
534 221
534 272
534 310
534 394
534 418
534 452
534 461
534 503
534 507
534 520
534 548
535 151
535 344
535 138
535 105
535 511
535 309
535 280
535 19
535 550
535 61
535 35
535 37
535 63
535 64
535 171
535 189
535 203
535 225
535 287
535 313
535 325
535 356
535 384
535 447
535 586
536 353
536 367
536 286
536 358
536 397
536 385
536 218
536 19
536 67
536 109
536 200
536 215
536 285
536 490
537 142
537 427
537 487
537 14
537 37
537 78
537 287
537 295
537 341
537 541
538 12
538 20
538 369
538 386
538 388
538 36
538 572
538 261
538 29
538 120
538 164
538 314
538 315
538 336
538 366
538 426
538 510
538 550
539 304
539 137
539 424
539 86
539 418
539 28
539 87
539 152
539 300
539 328
539 349
539 351
539 426
539 449
539 522
539 569
540 587
540 473
540 480
540 19
540 335
540 116
540 48
540 39
540 526
540 40
540 517
540 528
540 549
540 581
541 150
541 173
541 237
541 537
541 100
541 531
541 95
541 29
541 153
541 221
541 330
541 361
541 518
542 313
542 129
542 14
542 227
542 427
542 200
542 360
542 10
542 21
542 36
542 127
542 168
542 251
542 460
542 463
542 501
542 544
542 585
543 9
543 424
543 404
543 7
543 530
543 49
543 36
543 479
543 592
543 344
543 370
543 485
543 308
543 330
543 389
543 415
543 421
543 547
544 383
544 29
544 487
544 558
544 401
544 291
544 542
544 262
544 420
544 257
544 589
544 46
544 69
544 79
544 148
544 301
544 363
544 426
544 459
545 575
545 105
545 597
545 195
545 169
545 44
545 79
545 123
545 228
545 237
545 251
545 261
545 302
545 303
545 579
546 379
546 435
546 361
546 130
546 238
546 260
546 1
546 284
546 288
546 564
546 358
546 91
546 124
546 188
546 194
546 259
546 274
546 368
546 393
546 457
546 470
546 471
546 481
546 519
547 18
547 299
547 559
547 475
547 193
547 449
547 543
547 200
547 15
547 296
547 421
547 329
547 322
547 142
547 235
547 241
547 295
547 357
547 405
547 419
547 429
547 459
547 575
548 77
548 305
548 534
548 455
548 518
548 276
548 335
548 130
548 39
548 52
548 83
548 159
548 191
548 230
548 411
548 506
549 478
549 392
549 240
549 68
549 540
549 473
549 276
549 153
549 137
549 167
549 60
549 27
549 67
549 187
549 230
549 287
549 360
549 366
549 386
549 427
549 505
550 498
550 284
550 26
550 538
550 409
550 43
550 392
550 71
550 338
550 399
550 448
550 535
550 555
551 454
551 208
551 502
551 145
551 238
551 567
551 19
551 77
551 93
551 182
551 189
551 216
551 256
551 408
551 553
552 32
552 114
552 73
552 316
552 470
552 506
552 459
552 333
552 171
552 256
552 257
552 437
552 96
552 49
552 53
552 156
552 161
552 187
552 199
552 336
552 597
553 191
553 142
553 246
553 163
553 234
553 158
553 582
553 161
553 78
553 551
553 7
553 37
553 69
553 154
553 363
554 380
554 231
554 404
554 5
554 97
554 152
554 220
554 271
554 359
554 460
554 497
554 515
555 438
555 178
555 321
555 368
555 463
555 558
555 524
555 309
555 563
555 550
555 10
555 71
555 154
555 176
555 280
555 302
555 405
555 592
556 482
556 483
556 21
556 502
556 80
556 146
556 380
556 64
556 97
556 122
556 181
556 299
556 339
556 367
556 464
556 524
556 568
556 570
557 289
557 265
557 82
557 526
557 450
557 415
557 94
557 13
557 190
557 285
557 369
557 456
557 595
558 358
558 511
558 138
558 443
558 152
558 25
558 322
558 527
558 84
558 29
558 121
558 232
558 292
558 334
558 393
558 403
558 413
558 434
558 465
558 500
558 523
558 524
558 544
558 555
558 564
559 40
559 247
559 490
559 241
559 300
559 390
559 92
559 52
559 17
559 51
559 54
559 157
559 212
559 244
559 249
559 272
559 354
559 547
559 590
560 351
560 335
560 42
560 44
560 347
560 475
560 54
560 102
560 132
560 290
560 312
560 493
561 297
561 407
561 27
561 592
561 404
561 59
561 161
561 588
561 249
561 64
561 448
561 473
562 296
562 312
562 419
562 73
562 291
562 489
562 140
562 331
562 429
562 114
562 351
562 465
562 486
562 507
562 578
563 356
563 223
563 18
563 9
563 7
563 40
563 255
563 362
563 365
563 88
563 423
563 162
563 21
563 54
563 99
563 164
563 307
563 555
563 588
564 571
564 481
564 445
564 531
564 33
564 596
564 558
564 190
564 204
564 145
564 229
564 420
564 125
564 282
564 232
564 290
564 577
564 199
564 1
564 93
564 103
564 251
564 300
564 330
564 363
564 391
564 532
564 546
565 211
565 82
565 316
565 113
565 336
565 177
565 250
565 209
565 240
565 289
565 21
565 26
565 175
565 225
565 265
565 324
565 347
565 521
565 593
565 600
566 586
566 83
566 107
566 187
566 475
566 6
566 5
566 11
566 65
566 127
566 218
566 315
566 365
566 370
566 383
566 454
566 467
566 505
567 86
567 399
567 12
567 48
567 56
567 77
567 120
567 123
567 125
567 263
567 458
567 499
567 530
567 551
568 99
568 47
568 529
568 431
568 329
568 51
568 313
568 64
568 229
568 556
568 310
568 53
568 592
568 20
568 21
568 140
568 171
568 176
568 314
568 512
569 472
569 105
569 179
569 301
569 84
569 231
569 201
569 489
569 539
569 57
569 182
569 258
569 332
569 339
569 359
569 394
569 463
569 491
569 494
569 498
569 574
570 556
570 38
570 5
570 149
570 245
570 393
570 124
570 59
570 79
570 313
570 145
570 14
570 482
570 7
570 127
570 218
570 235
570 291
571 379
571 115
571 486
571 417
571 134
571 576
571 16
571 9
571 133
571 137
571 154
571 202
571 260
571 333
571 349
571 357
571 415
571 485
571 534
571 564
572 40
572 518
572 465
572 363
572 206
572 266
572 67
572 366
572 303
572 470
572 34
572 7
572 41
572 61
572 227
572 326
572 327
572 356
572 424
572 513
572 538
573 266
573 435
573 39
573 51
573 306
573 13
573 21
573 46
573 72
573 105
573 121
573 128
573 216
573 300
573 309
573 357
573 411
573 453
574 163
574 483
574 435
574 375
574 361
574 153
574 16
574 379
574 54
574 49
574 264
574 363
574 99
574 569
574 2
574 287
574 321
574 402
574 417
574 521
575 275
575 104
575 315
575 196
575 547
575 77
575 219
575 24
575 87
575 95
575 112
575 116
575 287
575 363
575 385
575 389
575 463
575 469
575 545
576 435
576 31
576 322
576 221
576 254
576 68
576 287
576 571
576 581
577 416
577 364
577 125
577 424
577 521
577 590
577 100
577 46
577 57
577 75
577 151
577 208
577 365
577 441
577 448
577 455
577 485
577 492
577 564
577 587
578 76
578 562
578 59
578 355
578 363
578 96
578 133
578 216
578 391
578 415
578 418
578 455
578 456
578 506
579 464
579 530
579 545
579 154
579 383
579 255
579 88
579 445
579 64
579 113
579 139
579 179
579 252
579 441
579 473
579 503
580 110
580 13
580 55
580 79
580 129
580 310
580 331
580 363
581 247
581 576
581 99
581 540
581 79
581 1
581 51
581 117
581 137
581 160
581 198
581 253
581 306
581 320
581 386
581 484
582 183
582 311
582 3
582 355
582 196
582 239
582 81
582 94
582 209
582 386
582 406
582 426
582 444
582 447
582 553
583 252
583 20
583 345
583 264
583 492
583 424
583 207
583 73
583 267
583 279
583 311
583 333
583 412
583 413
583 490
583 499
583 520
584 469
584 177
584 294
584 97
584 166
584 181
584 392
584 471
584 491
585 277
585 261
585 497
585 44
585 269
585 214
585 420
585 127
585 279
585 100
585 45
585 542
585 125
585 129
585 135
585 365
585 378
585 395
585 451
585 594
586 500
586 595
586 137
586 535
586 279
586 135
586 593
586 223
586 21
586 2
586 53
586 104
586 127
586 149
586 394
586 431
586 450
586 456
586 508
586 515
586 528
586 566
587 151
587 221
587 487
587 577
587 1
587 339
587 64
587 228
587 346
587 34
587 71
587 82
587 132
587 135
587 200
587 292
587 370
587 404
587 449
587 540
588 71
588 330
588 505
588 197
588 563
588 155
588 199
588 361
588 385
588 561
589 492
589 252
589 161
589 321
589 413
589 264
589 265
589 81
589 89
589 115
589 163
589 218
589 428
589 459
589 544
590 115
590 523
590 453
590 559
590 319
590 21
590 255
590 22
590 33
590 119
590 140
590 146
590 172
590 200
590 206
590 256
590 411
590 413
590 417
590 429
590 577
591 159
591 400
591 497
591 119
591 199
591 43
591 115
591 511
591 53
591 118
591 167
591 242
591 255
591 409
591 427
592 245
592 555
592 32
592 423
592 378
592 319
592 503
592 485
592 53
592 421
592 121
592 185
592 214
592 239
592 257
592 342
592 397
592 453
592 532
592 543
592 561
592 568
593 63
593 367
593 449
593 363
593 565
593 89
593 240
593 466
593 422
593 427
593 189
593 15
593 159
593 249
593 258
593 384
593 405
593 586
594 191
594 345
594 290
594 372
594 585
594 173
594 51
594 73
594 356
594 75
594 98
594 125
594 245
594 343
594 415
594 418
594 472
594 477
594 503
595 172
595 504
595 51
595 12
595 557
595 35
595 64
595 193
595 400
595 422
595 586
596 54
596 315
596 196
596 208
596 159
596 174
596 59
596 121
596 40
596 47
596 158
596 219
596 342
596 501
596 564
597 268
597 312
597 445
597 460
597 362
597 173
597 552
597 278
597 281
597 286
597 300
597 398
597 545
598 40
598 129
598 520
598 315
598 78
598 143
598 199
598 306
598 519
599 233
599 444
599 90
599 32
599 363
599 449
599 64
599 116
599 117
599 240
599 318
599 493
600 386
600 266
600 186
600 466
600 565
600 23
600 105
600 147
600 180
600 247
600 334
600 358
600 359
600 457
