1 263
1 416
1 388
1 275
1 490
1 496
1 332
1 419
1 462
1 492
1 90
1 437
1 264
1 341
1 51
1 53
1 57
1 173
1 220
1 448
2 312
2 106
2 360
2 109
2 12
2 153
2 254
2 240
2 574
2 207
2 125
2 235
2 34
2 84
2 127
2 305
2 347
2 425
2 518
2 543
3 552
3 393
3 111
3 416
3 76
3 190
3 212
3 33
3 90
3 94
3 117
3 199
3 214
3 222
3 223
3 276
3 334
3 418
3 563
3 569
3 578
4 160
4 91
4 157
4 260
4 267
4 300
4 378
4 435
4 593
5 469
5 518
5 583
5 198
5 496
5 328
5 33
5 47
5 208
5 221
5 270
5 368
5 406
5 430
5 454
5 457
5 486
5 519
6 47
6 583
6 244
6 562
6 127
6 119
6 151
6 102
6 164
6 356
6 306
6 27
6 67
6 72
6 74
6 79
6 85
6 199
6 235
6 253
6 324
6 490
6 569
7 331
7 9
7 164
7 100
7 569
7 230
7 337
7 486
7 144
7 271
7 92
7 552
7 301
7 44
7 123
7 132
7 148
7 182
7 186
7 287
7 410
7 593
8 532
8 24
8 30
8 51
8 60
8 131
8 203
8 215
8 251
8 336
8 345
8 382
8 386
8 413
8 428
8 513
8 594
9 514
9 438
9 106
9 468
9 483
9 563
9 63
9 442
9 34
9 550
9 133
9 414
9 7
9 26
9 65
9 161
9 405
9 413
9 568
10 16
10 448
10 37
10 426
10 69
10 77
10 130
10 330
10 428
10 439
10 495
10 555
10 579
11 553
11 214
11 295
11 193
11 13
11 45
11 563
11 410
11 168
11 328
11 403
11 73
11 118
11 221
11 310
11 506
11 514
12 157
12 328
12 184
12 187
12 97
12 193
12 255
12 235
12 477
12 126
12 2
12 138
12 160
12 179
12 287
12 402
12 467
12 543
12 557
12 589
13 301
13 199
13 544
13 39
13 87
13 513
13 398
13 540
13 377
13 11
13 101
13 105
13 256
13 403
13 498
13 547
13 575
14 393
14 81
14 152
14 213
14 216
14 233
14 293
14 417
15 573
15 337
15 449
15 111
15 167
15 129
15 59
15 360
15 563
15 91
15 127
15 204
15 214
15 268
15 292
15 322
15 392
15 400
15 464
16 89
16 442
16 433
16 117
16 219
16 385
16 467
16 370
16 438
16 10
16 208
16 244
16 402
16 458
16 552
17 516
17 325
17 458
17 377
17 29
17 355
17 535
17 169
17 105
17 376
17 56
17 57
17 62
17 110
17 135
17 154
17 181
17 262
17 278
17 279
17 394
18 497
18 299
18 82
18 41
18 30
18 23
18 54
18 117
18 193
18 273
18 277
18 288
18 564
18 567
19 352
19 184
19 425
19 515
19 327
19 553
19 275
19 301
19 228
19 57
19 467
19 133
19 589
19 240
19 112
19 121
19 222
19 355
19 437
19 493
19 531
20 298
20 342
20 26
20 520
20 487
20 453
20 580
20 433
20 484
20 36
20 77
20 291
20 299
20 305
20 351
20 418
20 428
20 482
20 590
21 62
21 188
21 78
21 470
21 65
21 285
21 555
21 388
21 191
21 299
21 199
21 116
21 177
21 292
21 413
21 425
21 535
22 484
22 276
22 260
22 93
22 144
22 452
22 113
22 40
22 49
22 218
22 124
22 372
22 483
22 53
22 60
22 66
22 121
22 199
22 240
22 270
22 347
22 459
22 477
22 518
23 554
23 18
23 90
23 93
23 110
23 121
23 293
23 295
23 471
23 508
23 524
24 97
24 563
24 447
24 241
24 205
24 228
24 8
24 87
24 37
24 69
24 86
24 285
24 343
24 411
24 425
24 436
24 452
25 165
25 567
25 553
25 206
25 394
25 42
25 93
25 133
25 256
25 281
25 396
25 429
25 527
26 144
26 9
26 158
26 420
26 413
26 266
26 372
26 20
26 35
26 86
26 134
26 201
26 219
26 249
26 319
26 455
26 516
27 251
27 64
27 550
27 6
27 270
27 336
27 397
27 500
27 574
28 135
28 437
28 442
28 39
28 561
28 76
28 324
28 54
28 140
28 298
28 520
28 47
28 126
28 181
28 204
28 262
28 281
28 359
28 398
28 472
28 482
29 128
29 540
29 188
29 546
29 37
29 174
29 220
29 221
29 245
29 461
29 125
29 467
29 17
29 64
29 186
29 264
29 266
29 284
29 349
29 418
29 452
29 532
29 541
30 235
30 317
30 546
30 587
30 8
30 178
30 522
30 236
30 393
30 427
30 164
30 18
30 47
30 61
30 69
30 112
30 300
30 370
30 534
31 398
31 489
31 488
31 157
31 520
31 222
31 54
31 59
31 73
31 150
31 156
31 299
31 302
31 345
31 377
31 456
31 480
31 538
31 572
32 72
32 214
32 591
32 501
32 56
32 344
32 199
32 33
32 231
32 267
32 463
33 284
33 181
33 5
33 32
33 468
33 466
33 321
33 596
33 3
33 487
33 250
33 42
33 53
33 78
33 130
33 225
33 263
33 328
33 459
33 505
33 518
33 535
33 542
33 564
34 75
34 424
34 62
34 268
34 152
34 81
34 69
34 159
34 441
34 505
34 511
34 431
34 597
34 2
34 172
34 599
34 323
34 9
34 117
34 148
34 187
34 190
34 437
34 468
34 541
34 542
34 572
35 344
35 26
35 279
35 293
35 203
35 413
35 83
35 41
35 54
35 150
35 231
35 292
35 308
35 468
35 548
35 553
36 64
36 202
36 20
36 372
36 196
36 447
36 438
36 541
36 166
36 433
36 39
36 200
36 274
36 278
36 521
36 552
36 553
37 127
37 465
37 255
37 550
37 366
37 455
37 325
37 435
37 91
37 495
37 53
37 535
37 387
37 24
37 244
37 10
37 29
37 251
37 362
37 557
38 122
38 149
38 332
38 130
38 138
38 208
38 304
39 514
39 393
39 310
39 183
39 36
39 573
39 13
39 28
39 176
39 427
39 428
39 430
40 364
40 490
40 401
40 209
40 57
40 151
40 22
40 51
40 93
40 197
40 375
40 407
40 528
40 543
40 547
40 593
41 240
41 196
41 96
41 236
41 168
41 109
41 35
41 406
41 260
41 183
41 163
41 18
41 214
41 242
41 283
41 299
41 305
41 308
41 426
41 463
41 506
42 218
42 182
42 265
42 206
42 598
42 452
42 226
42 33
42 544
42 25
42 590
42 85
42 122
42 235
42 391
42 541
42 547
42 555
43 97
43 581
43 265
43 94
43 373
43 165
43 465
43 79
43 122
43 320
43 423
43 54
43 307
43 370
43 425
43 458
43 467
43 488
43 494
43 536
43 598
44 291
44 290
44 152
44 7
44 541
44 109
44 114
44 162
44 170
44 185
44 201
44 250
44 305
44 364
45 515
45 579
45 11
45 48
45 102
45 265
45 306
45 324
45 327
45 333
45 465
45 483
45 583
45 597
46 164
46 578
46 210
46 387
46 138
46 290
46 424
46 523
46 176
46 106
46 577
46 472
46 589
46 160
46 180
46 371
46 399
46 221
46 384
46 446
46 85
46 184
46 233
46 324
46 363
46 400
46 413
46 439
46 506
46 514
46 519
46 520
46 529
46 563
47 289
47 28
47 292
47 5
47 238
47 307
47 30
47 329
47 558
47 88
47 447
47 301
47 417
47 369
47 6
47 53
47 70
47 125
47 325
47 480
47 565
48 460
48 311
48 569
48 211
48 479
48 45
48 575
48 139
48 134
48 125
48 377
48 593
48 400
48 61
48 100
48 141
48 166
48 263
48 339
48 341
48 342
48 502
48 506
49 575
49 206
49 94
49 471
49 79
49 322
49 22
49 59
49 131
49 149
49 153
49 225
49 240
49 396
49 562
50 167
50 203
50 462
50 190
50 551
50 458
50 180
50 356
50 287
50 329
50 211
50 227
50 561
50 108
50 121
50 312
50 426
50 463
50 487
50 500
51 434
51 377
51 203
51 194
51 580
51 40
51 562
51 134
51 280
51 1
51 8
51 270
51 388
51 584
51 69
51 387
51 408
51 163
51 225
51 238
51 397
51 417
51 419
51 467
51 484
51 493
51 533
52 352
52 365
52 425
52 461
52 427
52 82
52 291
52 318
52 336
52 348
52 386
52 396
52 414
52 536
52 544
53 444
53 185
53 307
53 133
53 470
53 90
53 143
53 33
53 47
53 390
53 482
53 294
53 516
53 1
53 22
53 37
53 63
53 77
53 102
53 126
53 212
53 218
53 328
53 336
53 392
53 409
53 455
53 488
53 520
54 43
54 31
54 79
54 150
54 35
54 18
54 314
54 28
54 96
54 107
54 122
54 123
54 158
54 251
54 295
54 323
54 442
54 451
54 458
54 478
55 457
55 410
55 144
55 257
55 211
55 321
55 126
55 127
55 169
55 171
55 215
55 471
56 17
56 541
56 116
56 516
56 396
56 226
56 145
56 122
56 259
56 32
56 99
56 221
56 318
56 584
56 593
57 470
57 17
57 534
57 369
57 465
57 1
57 198
57 306
57 19
57 40
57 70
57 102
57 174
57 201
57 203
57 300
57 344
57 399
58 567
58 549
58 62
58 283
58 529
58 69
58 76
58 111
58 125
58 304
58 325
58 437
58 516
58 518
58 523
58 570
58 588
59 549
59 365
59 49
59 31
59 479
59 119
59 333
59 182
59 145
59 15
59 90
59 127
59 151
59 247
59 322
59 562
59 568
60 466
60 242
60 546
60 580
60 384
60 544
60 115
60 239
60 413
60 513
60 22
60 8
60 426
60 136
60 146
60 95
60 397
60 142
60 109
60 174
60 182
60 202
60 225
60 234
60 331
60 341
60 550
61 537
61 254
61 484
61 531
61 582
61 30
61 255
61 48
61 122
61 81
61 108
61 140
61 276
61 290
61 312
61 319
61 402
61 433
61 457
61 461
61 462
62 409
62 215
62 473
62 455
62 401
62 17
62 562
62 237
62 369
62 391
62 21
62 34
62 58
62 124
62 173
62 256
62 283
62 513
62 568
63 418
63 156
63 213
63 77
63 320
63 129
63 252
63 53
63 9
63 87
63 108
63 112
63 251
63 314
63 415
63 425
64 196
64 156
64 83
64 146
64 484
64 255
64 296
64 157
64 303
64 180
64 29
64 570
64 206
64 190
64 110
64 27
64 36
64 104
64 112
64 267
64 273
64 351
64 397
64 432
64 472
64 477
65 327
65 9
65 390
65 536
65 142
65 280
65 124
65 489
65 21
65 228
65 322
65 369
65 427
65 475
65 560
65 585
66 196
66 96
66 463
66 368
66 166
66 100
66 231
66 564
66 486
66 22
66 190
66 248
66 280
66 351
66 394
66 431
66 435
66 459
66 506
67 428
67 178
67 328
67 534
67 332
67 437
67 226
67 337
67 6
67 107
67 142
67 287
67 537
67 425
67 262
67 305
67 380
67 407
67 456
67 536
67 585
68 251
68 74
68 83
68 122
68 261
68 549
68 420
68 452
68 94
68 112
68 257
68 306
68 309
68 507
69 526
69 288
69 335
69 30
69 24
69 494
69 215
69 58
69 10
69 150
69 419
69 34
69 51
69 85
69 127
69 196
69 208
69 229
69 252
69 264
69 412
69 455
69 456
70 47
70 361
70 526
70 486
70 496
70 424
70 426
70 575
70 342
70 242
70 57
70 272
70 419
70 147
70 159
70 215
70 228
70 309
70 357
71 87
71 541
71 464
71 106
71 200
71 551
71 374
71 271
71 478
71 427
71 140
71 380
71 381
71 565
72 75
72 6
72 496
72 175
72 306
72 563
72 452
72 575
72 462
72 32
72 76
72 121
72 148
72 190
72 230
72 265
72 310
72 331
72 354
72 368
72 426
72 438
72 526
72 568
73 420
73 11
73 268
73 31
73 229
73 312
73 530
73 414
73 438
73 365
73 473
74 375
74 272
74 415
74 554
74 244
74 107
74 559
74 6
74 457
74 68
74 83
74 218
74 219
74 313
74 493
74 599
75 304
75 322
75 323
75 588
75 408
75 282
75 128
75 250
75 34
75 72
75 402
75 552
75 560
76 232
76 464
76 557
76 58
76 72
76 155
76 523
76 541
76 3
76 28
76 240
76 281
76 312
76 423
76 441
76 493
76 540
76 543
76 580
76 582
77 533
77 10
77 173
77 484
77 20
77 240
77 53
77 63
77 233
77 281
77 370
77 437
77 498
77 563
78 282
78 191
78 534
78 475
78 89
78 446
78 117
78 276
78 563
78 33
78 246
78 287
78 21
78 135
78 149
78 153
78 158
78 264
78 552
78 559
78 595
79 353
79 280
79 404
79 519
79 86
79 219
79 216
79 6
79 90
79 212
79 83
79 43
79 49
79 54
79 139
79 182
79 209
79 403
79 514
80 150
80 300
80 525
80 175
80 245
80 302
80 454
80 475
80 483
81 253
81 61
81 387
81 295
81 89
81 485
81 150
81 153
81 564
81 14
81 262
81 558
81 34
81 108
81 117
81 145
81 273
81 317
81 341
81 361
81 413
81 437
82 583
82 305
82 119
82 52
82 156
82 599
82 18
82 84
82 181
82 359
82 385
82 434
82 456
83 517
83 215
83 105
83 260
83 232
83 74
83 180
83 35
83 64
83 68
83 79
83 219
83 241
83 532
84 82
84 148
84 100
84 107
84 125
84 141
84 2
84 106
84 235
84 265
84 331
84 410
84 418
84 423
84 438
84 457
84 459
84 491
84 517
84 546
84 573
84 593
85 135
85 197
85 69
85 432
85 273
85 185
85 437
85 46
85 438
85 42
85 6
85 214
85 402
85 203
85 247
85 382
85 424
85 449
85 465
85 496
85 549
86 423
86 24
86 428
86 357
86 589
86 26
86 110
86 375
86 464
86 79
86 242
86 261
86 412
86 414
86 552
86 564
86 592
87 207
87 261
87 277
87 519
87 313
87 63
87 316
87 385
87 437
87 524
87 359
87 166
87 13
87 24
87 71
87 102
87 244
87 353
87 531
87 539
88 131
88 227
88 213
88 47
88 110
88 218
88 333
88 364
88 394
88 418
88 564
88 572
88 575
89 263
89 225
89 175
89 413
89 191
89 486
89 565
89 234
89 306
89 557
89 111
89 16
89 78
89 81
89 122
89 291
89 318
89 329
89 364
89 377
89 384
89 435
89 473
89 504
90 306
90 163
90 59
90 197
90 3
90 169
90 433
90 572
90 23
90 116
90 102
90 1
90 53
90 79
90 112
90 176
90 345
90 398
90 467
90 494
91 546
91 262
91 15
91 307
91 505
91 273
91 359
91 4
91 292
91 342
91 37
91 112
91 143
91 162
91 186
91 205
91 291
91 430
91 454
91 456
91 524
91 542
91 559
91 586
91 587
92 341
92 247
92 586
92 394
92 127
92 7
92 197
92 204
92 284
92 300
92 393
92 450
92 521
93 267
93 410
93 451
93 252
93 542
93 208
93 25
93 263
93 148
93 507
93 168
93 23
93 465
93 321
93 565
93 243
93 269
93 40
93 477
93 231
93 22
93 118
93 186
93 241
93 315
93 392
93 402
93 532
94 156
94 401
94 476
94 167
94 163
94 68
94 3
94 500
94 514
94 349
94 420
94 460
94 43
94 49
94 314
94 351
95 456
95 172
95 105
95 530
95 235
95 392
95 225
95 60
95 103
95 214
95 247
95 291
95 340
96 341
96 587
96 160
96 485
96 54
96 373
96 379
96 165
96 246
96 183
96 446
96 520
96 41
96 66
96 107
96 171
96 203
96 301
96 447
96 467
97 254
97 450
97 440
97 389
97 235
97 449
97 481
97 153
97 278
97 359
97 487
97 561
97 12
97 24
97 43
97 98
97 108
97 124
97 132
97 149
97 200
97 259
97 298
97 555
98 195
98 97
98 600
98 386
98 373
98 151
98 381
98 103
98 106
98 122
98 125
98 186
98 200
98 203
98 285
98 419
98 525
99 540
99 56
99 144
99 284
99 415
99 218
99 419
99 101
99 109
99 176
99 349
99 372
99 390
99 481
99 547
100 294
100 457
100 121
100 48
100 473
100 114
100 471
100 493
100 7
100 66
100 84
100 352
100 544
101 13
101 388
101 123
101 355
101 387
101 179
101 476
101 560
101 325
101 99
101 104
101 119
101 139
101 186
101 440
101 467
101 519
101 545
102 433
102 468
102 453
102 57
102 45
102 411
102 478
102 336
102 87
102 53
102 556
102 184
102 286
102 6
102 90
102 169
102 181
102 227
102 299
102 442
102 504
102 521
102 526
102 528
102 543
102 569
103 151
103 133
103 98
103 95
103 592
103 367
103 211
103 225
103 240
103 375
103 382
103 398
103 439
103 453
103 461
103 483
104 534
104 154
104 64
104 317
104 373
104 101
104 129
104 223
104 272
104 279
104 286
104 344
104 547
105 500
105 217
105 13
105 260
105 227
105 565
105 496
105 135
105 136
105 17
105 83
105 95
105 108
105 169
105 201
105 229
105 257
105 415
105 423
105 424
105 448
105 507
105 533
106 98
106 84
106 407
106 239
106 2
106 9
106 46
106 71
106 292
106 453
106 594
107 96
107 413
107 171
107 595
107 251
107 470
107 518
107 128
107 54
107 504
107 67
107 74
107 84
107 219
107 300
107 379
107 513
107 549
107 574
107 589
108 541
108 258
108 449
108 81
108 50
108 139
108 63
108 61
108 97
108 128
108 105
108 199
108 290
108 469
108 488
108 543
109 399
109 44
109 515
109 263
109 113
109 467
109 99
109 553
109 60
109 384
109 222
109 2
109 41
109 161
109 486
109 503
110 23
110 317
110 258
110 88
110 400
110 382
110 17
110 397
110 198
110 350
110 146
110 64
110 86
110 226
110 285
110 418
111 58
111 557
111 307
111 127
111 230
111 436
111 3
111 15
111 89
111 188
111 212
111 218
111 268
111 292
111 324
111 354
111 381
111 431
111 525
111 549
111 552
111 572
112 600
112 30
112 64
112 384
112 585
112 133
112 68
112 90
112 584
112 543
112 91
112 19
112 63
112 542
112 195
112 255
112 350
112 369
112 514
113 540
113 323
113 22
113 109
113 127
113 172
113 358
113 402
113 445
114 598
114 592
114 344
114 44
114 313
114 100
114 152
114 189
114 207
114 264
114 269
114 281
114 284
114 318
114 401
114 449
114 525
115 179
115 304
115 60
115 227
115 237
115 385
115 548
116 330
116 479
116 424
116 482
116 129
116 331
116 21
116 267
116 500
116 56
116 90
116 302
116 386
116 549
116 551
116 588
116 592
117 3
117 34
117 177
117 553
117 18
117 421
117 584
117 542
117 309
117 303
117 81
117 16
117 78
117 166
117 191
117 220
117 313
117 348
117 417
117 444
117 531
117 546
117 592
117 597
118 548
118 413
118 11
118 152
118 93
118 204
118 595
118 505
118 359
118 446
118 418
118 426
118 253
118 261
118 309
118 316
118 324
118 438
118 443
118 543
118 579
119 101
119 219
119 357
119 382
119 275
119 387
119 302
119 299
119 181
119 142
119 386
119 460
119 293
119 6
119 59
119 82
119 238
119 321
119 414
119 430
120 445
120 244
120 211
120 592
120 503
120 277
120 415
120 517
120 576
120 584
121 255
121 152
121 23
121 265
121 166
121 19
121 240
121 295
121 354
121 22
121 72
121 572
121 50
121 434
121 320
121 557
121 219
121 100
121 123
121 153
121 192
121 289
121 411
121 419
121 509
121 581
122 355
122 98
122 250
122 168
122 54
122 244
122 284
122 434
122 218
122 89
122 405
122 597
122 42
122 149
122 185
122 425
122 173
122 457
122 453
122 167
122 38
122 43
122 56
122 61
122 68
122 264
122 420
122 517
123 212
123 234
123 267
123 7
123 133
123 303
123 54
123 292
123 121
123 274
123 348
123 332
123 150
123 434
123 173
123 101
123 154
123 268
123 347
123 391
123 399
123 424
123 428
123 441
123 492
124 341
124 326
124 97
124 388
124 350
124 543
124 369
124 157
124 62
124 289
124 22
124 65
124 152
124 201
124 209
124 214
124 266
124 392
124 421
124 587
125 320
125 427
125 337
125 58
125 375
125 388
125 98
125 433
125 414
125 136
125 47
125 2
125 29
125 48
125 84
125 249
125 276
125 309
125 341
125 451
125 486
126 53
126 376
126 55
126 340
126 28
126 578
126 156
126 12
126 214
126 219
126 259
126 266
126 311
126 366
126 413
126 435
126 536
126 586
127 69
127 113
127 153
127 15
127 590
127 469
127 378
127 336
127 536
127 534
127 55
127 2
127 325
127 559
127 344
127 471
127 526
127 428
127 59
127 6
127 37
127 92
127 111
127 147
127 264
127 349
127 411
127 414
127 441
127 444
127 482
127 490
127 499
128 306
128 356
128 383
128 176
128 367
128 369
128 572
128 554
128 245
128 279
128 342
128 29
128 75
128 107
128 108
128 152
128 215
128 222
128 247
128 391
128 447
129 483
129 255
129 300
129 593
129 311
129 133
129 328
129 104
129 360
129 15
129 63
129 116
129 193
129 413
129 455
129 486
130 528
130 458
130 157
130 425
130 10
130 371
130 33
130 554
130 165
130 547
130 38
130 210
130 227
130 247
130 256
130 367
130 465
130 546
131 285
131 374
131 488
131 294
131 49
131 8
131 574
131 88
131 140
131 283
131 340
131 469
131 596
131 600
132 97
132 227
132 258
132 7
132 320
132 253
132 397
132 187
132 194
132 430
132 440
132 442
132 448
132 502
132 550
132 564
132 573
132 578
132 581
133 340
133 568
133 343
133 312
133 557
133 25
133 252
133 9
133 19
133 53
133 103
133 112
133 123
133 129
133 137
133 182
133 189
133 209
133 269
133 307
133 358
133 459
134 150
134 26
134 345
134 452
134 272
134 274
134 538
134 48
134 51
134 153
134 227
134 278
134 408
135 426
135 17
135 78
135 475
135 195
135 363
135 235
135 388
135 300
135 328
135 141
135 518
135 472
135 28
135 85
135 105
135 247
135 252
135 362
135 419
135 422
135 435
135 479
136 174
136 433
136 253
136 60
136 105
136 125
136 562
137 239
137 292
137 308
137 469
137 555
137 133
137 567
137 150
137 483
137 212
137 411
137 464
137 471
137 479
137 492
137 577
138 573
138 599
138 496
138 339
138 12
138 423
138 38
138 46
138 162
138 211
138 280
138 439
138 456
139 497
139 101
139 531
139 79
139 484
139 346
139 523
139 417
139 196
139 48
139 108
139 178
139 247
139 282
139 310
139 315
139 344
139 553
140 362
140 400
140 131
140 596
140 61
140 71
140 305
140 229
140 477
140 28
140 161
140 170
140 405
140 490
140 538
141 361
141 535
141 198
141 418
141 48
141 84
141 135
141 197
141 200
141 382
141 499
141 524
141 538
142 422
142 479
142 351
142 172
142 356
142 60
142 65
142 67
142 119
142 232
142 278
142 292
142 439
142 447
142 480
142 484
143 179
143 525
143 270
143 531
143 91
143 217
143 478
143 458
143 510
143 268
143 53
143 159
143 271
143 305
143 341
143 365
143 388
143 431
143 498
143 515
143 535
143 544
143 594
144 308
144 326
144 274
144 201
144 150
144 276
144 436
144 7
144 22
144 26
144 55
144 99
144 219
144 280
144 284
144 368
144 432
145 308
145 81
145 489
145 149
145 496
145 596
145 529
145 327
145 160
145 343
145 563
145 56
145 59
145 309
145 315
145 367
145 414
145 461
145 505
145 509
145 549
146 392
146 237
146 258
146 279
146 338
146 60
146 64
146 110
146 167
146 186
146 239
146 438
146 529
147 127
147 70
147 454
147 150
147 424
147 334
147 385
147 428
148 560
148 444
148 72
148 7
148 34
148 347
148 396
148 322
148 84
148 93
148 275
148 302
148 365
148 562
148 564
148 575
148 583
149 97
149 222
149 558
149 554
149 414
149 49
149 301
149 500
149 343
149 78
149 527
149 38
149 122
149 145
149 209
149 394
149 477
150 246
150 442
150 35
150 31
150 185
150 362
150 457
150 298
150 560
150 54
150 69
150 80
150 81
150 123
150 134
150 137
150 144
150 147
150 258
150 313
150 343
150 391
150 450
150 507
150 525
150 552
151 59
151 287
151 444
151 189
151 515
151 270
151 158
151 305
151 370
151 6
151 40
151 98
151 103
151 289
151 290
151 317
151 320
151 342
151 369
151 499
152 506
152 280
152 301
152 114
152 355
152 124
152 14
152 128
152 34
152 44
152 118
152 121
152 240
152 248
152 347
152 443
152 508
153 49
153 78
153 379
153 420
153 121
153 505
153 460
153 180
153 193
153 589
153 538
153 362
153 134
153 506
153 2
153 81
153 97
153 127
153 319
153 320
153 324
153 371
153 454
153 563
154 396
154 573
154 534
154 17
154 313
154 123
154 538
154 449
154 156
154 523
154 375
154 466
154 351
154 104
154 179
154 192
154 224
154 258
154 328
154 392
154 401
154 451
154 454
155 523
155 287
155 264
155 425
155 285
155 502
155 228
155 548
155 460
155 364
155 76
155 259
155 269
155 273
155 527
155 585
156 430
156 289
156 510
156 350
156 331
156 539
156 31
156 332
156 63
156 64
156 82
156 94
156 126
156 154
156 279
156 359
156 410
156 498
156 507
156 571
156 593
157 502
157 557
157 4
157 356
157 186
157 428
157 12
157 31
157 64
157 124
157 130
157 248
157 314
157 406
157 419
157 515
158 233
158 560
158 231
158 562
158 356
158 434
158 78
158 310
158 54
158 26
158 151
158 198
158 229
158 240
158 268
158 270
158 282
158 321
158 390
158 433
158 458
158 471
158 517
158 519
158 547
159 457
159 70
159 178
159 180
159 277
159 182
159 171
159 143
159 594
159 544
159 34
159 289
159 503
159 533
159 549
159 554
160 437
160 530
160 176
160 592
160 12
160 4
160 46
160 96
160 145
160 223
160 271
160 296
160 397
160 447
160 479
161 350
161 9
161 184
161 374
161 140
161 273
161 109
161 424
161 415
161 551
161 272
161 283
161 295
161 302
161 407
161 491
161 581
162 499
162 91
162 243
162 280
162 221
162 529
162 44
162 357
162 324
162 216
162 239
162 138
162 186
162 364
162 368
162 480
163 177
163 334
163 572
163 313
163 510
163 457
163 460
163 379
163 51
163 467
163 500
163 41
163 90
163 94
163 224
163 225
163 275
163 367
163 527
163 548
163 586
164 282
164 377
164 270
164 557
164 587
164 351
164 6
164 7
164 30
164 46
164 255
164 415
164 418
164 425
164 449
164 503
164 553
165 319
165 218
165 477
165 25
165 43
165 96
165 130
165 223
165 390
165 434
165 456
165 562
166 48
166 303
166 176
166 265
166 117
166 424
166 505
166 321
166 305
166 36
166 66
166 87
166 121
166 327
166 334
166 405
166 445
166 447
166 457
166 547
166 563
166 566
167 582
167 215
167 146
167 484
167 254
167 15
167 50
167 94
167 122
167 179
167 262
167 392
167 414
167 425
167 441
167 523
168 367
168 205
168 280
168 455
168 199
168 11
168 41
168 93
168 122
168 251
168 393
168 424
169 410
169 196
169 468
169 426
169 105
169 102
169 55
169 461
169 17
169 90
169 202
169 207
169 244
169 385
169 504
169 540
170 233
170 272
170 44
170 384
170 140
170 471
170 236
170 198
170 200
170 228
170 367
170 413
170 496
170 549
170 557
170 583
170 600
171 96
171 55
171 246
171 539
171 218
171 107
171 159
171 210
171 523
171 559
172 400
172 462
172 384
172 113
172 596
172 304
172 192
172 593
172 204
172 34
172 95
172 142
172 273
172 318
172 388
172 426
172 457
172 482
172 486
172 492
172 559
173 1
173 62
173 597
173 379
173 407
173 573
173 77
173 122
173 123
173 187
173 262
173 274
173 321
173 357
173 368
173 386
173 464
173 472
173 563
174 482
174 198
174 175
174 60
174 209
174 310
174 57
174 208
174 465
174 472
174 379
174 29
174 136
174 216
174 332
174 423
174 557
175 390
175 275
175 382
175 569
175 80
175 72
175 89
175 174
175 351
175 356
176 465
176 90
176 332
176 205
176 39
176 310
176 436
176 417
176 306
176 570
176 99
176 46
176 128
176 160
176 166
176 276
176 352
176 364
176 447
177 401
177 21
177 117
177 163
177 218
177 313
177 339
177 435
177 498
178 377
178 362
178 139
178 326
178 505
178 30
178 67
178 159
178 230
178 278
178 324
178 367
178 380
178 440
178 449
179 167
179 182
179 496
179 352
179 407
179 380
179 12
179 276
179 385
179 154
179 101
179 115
179 143
179 187
179 287
179 298
179 303
179 321
179 355
179 408
179 466
179 471
179 476
179 495
179 595
180 205
180 464
180 278
180 564
180 495
180 510
180 589
180 298
180 342
180 46
180 50
180 64
180 83
180 153
180 159
180 201
180 210
180 225
180 229
180 244
180 271
180 416
180 440
181 17
181 82
181 28
181 357
181 195
181 102
181 560
181 33
181 119
181 189
181 228
181 317
181 418
182 560
182 79
182 7
182 402
182 422
182 213
182 381
182 490
182 239
182 199
182 528
182 552
182 344
182 204
182 571
182 133
182 60
182 483
182 42
182 59
182 159
182 179
182 248
182 331
182 357
182 390
182 441
182 442
182 465
182 509
182 546
183 208
183 266
183 39
183 41
183 96
183 212
183 264
183 361
183 472
183 500
183 585
184 46
184 12
184 19
184 102
184 161
184 279
184 421
184 494
184 546
184 565
185 593
185 255
185 205
185 318
185 44
185 53
185 85
185 122
185 150
185 192
185 249
185 435
185 452
185 480
185 503
185 547
186 162
186 282
186 258
186 146
186 7
186 101
186 596
186 29
186 303
186 93
186 98
186 91
186 466
186 494
186 227
186 157
186 332
186 344
186 356
186 371
186 396
186 464
186 540
186 571
187 286
187 179
187 173
187 132
187 256
187 34
187 246
187 352
187 387
187 317
187 552
187 215
187 12
187 334
187 423
187 484
187 498
187 546
187 575
187 592
188 303
188 404
188 111
188 277
188 295
188 335
188 21
188 29
188 197
188 272
188 458
188 495
188 500
189 181
189 538
189 133
189 403
189 318
189 114
189 407
189 151
189 209
189 349
190 452
190 362
190 529
190 432
190 72
190 66
190 289
190 208
190 333
190 473
190 192
190 34
190 467
190 3
190 50
190 64
190 253
190 379
190 421
190 428
191 327
191 465
191 117
191 385
191 21
191 78
191 89
191 193
191 219
191 223
191 240
191 423
192 121
192 185
192 535
192 154
192 405
192 485
192 263
192 337
192 172
192 190
192 265
192 268
192 329
192 331
192 388
192 488
192 504
192 512
192 578
193 530
193 18
193 574
193 389
193 129
193 509
193 528
193 191
193 521
193 479
193 595
193 236
193 480
193 11
193 12
193 153
193 211
193 230
193 315
193 316
193 318
193 328
193 459
193 473
194 398
194 469
194 132
194 254
194 51
194 276
194 291
194 483
194 498
194 529
194 570
195 234
195 258
195 228
195 112
195 98
195 135
195 181
195 197
195 205
195 281
195 296
195 352
195 484
195 509
196 387
196 236
196 69
196 289
196 237
196 546
196 36
196 41
196 64
196 66
196 139
196 169
196 228
196 231
196 232
196 275
196 479
196 482
196 513
196 572
197 218
197 322
197 92
197 268
197 380
197 188
197 401
197 40
197 195
197 503
197 141
197 85
197 90
197 247
197 324
197 348
197 386
197 478
197 515
197 540
198 158
198 5
198 57
198 110
198 141
198 170
198 174
198 249
198 277
198 358
198 370
198 375
198 411
198 456
199 522
199 246
199 433
199 22
199 344
199 489
199 230
199 317
199 6
199 108
199 417
199 277
199 467
199 217
199 3
199 455
199 451
199 13
199 21
199 32
199 168
199 182
199 223
199 282
199 334
199 523
200 97
200 502
200 546
200 36
200 98
200 552
200 564
200 141
200 275
200 533
200 559
200 170
200 341
200 478
200 71
200 363
200 378
200 408
200 433
200 525
201 495
201 343
201 223
201 464
201 221
201 44
201 383
201 105
201 57
201 26
201 561
201 501
201 180
201 124
201 144
201 261
201 325
201 369
201 394
201 411
201 439
201 454
201 511
201 573
202 169
202 570
202 327
202 398
202 225
202 563
202 60
202 36
202 210
202 257
202 337
202 432
202 513
202 552
202 558
202 586
202 588
203 403
203 376
203 8
203 98
203 96
203 466
203 85
203 276
203 57
203 501
203 35
203 50
203 51
203 222
203 245
203 333
203 409
203 494
204 496
204 92
204 15
204 28
204 519
204 118
204 172
204 182
204 361
204 427
204 455
204 574
205 488
205 333
205 247
205 91
205 265
205 517
205 195
205 217
205 232
205 24
205 168
205 176
205 180
205 185
205 288
205 289
205 506
205 530
206 284
206 589
206 452
206 423
206 470
206 25
206 42
206 49
206 64
206 285
206 346
206 450
206 451
206 578
207 529
207 564
207 510
207 487
207 355
207 114
207 169
207 553
207 2
207 87
207 240
207 350
207 372
207 426
207 427
207 483
208 384
208 427
208 69
208 485
208 574
208 16
208 344
208 396
208 553
208 265
208 390
208 463
208 38
208 5
208 93
208 174
208 183
208 190
208 306
208 399
208 403
208 460
208 540
209 79
209 265
209 226
209 149
209 278
209 133
209 542
209 124
209 189
209 280
209 40
209 174
209 285
209 356
209 439
209 573
209 585
210 425
210 180
210 558
210 488
210 565
210 130
210 394
210 202
210 270
210 440
210 212
210 250
210 171
210 46
210 247
210 336
210 437
210 438
210 443
210 451
210 515
210 521
210 568
211 103
211 540
211 559
211 393
211 193
211 138
211 414
211 48
211 50
211 55
211 120
211 402
211 478
211 505
211 555
211 560
212 397
212 312
212 588
212 431
212 323
212 384
212 111
212 53
212 467
212 183
212 137
212 3
212 79
212 123
212 210
212 256
212 268
212 510
212 544
213 299
213 488
213 535
213 450
213 14
213 377
213 265
213 325
213 63
213 88
213 182
213 284
213 293
213 315
213 371
213 386
213 561
213 579
214 95
214 15
214 489
214 345
214 41
214 223
214 482
214 124
214 3
214 126
214 11
214 32
214 85
214 301
214 341
214 423
214 435
214 473
215 588
215 70
215 128
215 55
215 8
215 339
215 62
215 69
215 83
215 167
215 187
215 226
215 317
215 514
215 563
215 578
215 592
216 174
216 14
216 542
216 553
216 402
216 338
216 352
216 507
216 79
216 162
216 271
216 334
216 466
216 544
217 360
217 293
217 506
217 105
217 143
217 199
217 205
217 261
217 307
217 409
217 586
217 592
218 220
218 464
218 53
218 88
218 111
218 400
218 568
218 420
218 453
218 467
218 443
218 74
218 315
218 225
218 177
218 22
218 42
218 99
218 122
218 165
218 171
218 197
218 226
218 249
218 330
218 335
218 387
218 502
218 520
218 562
219 107
219 406
219 254
219 298
219 26
219 74
219 83
219 266
219 538
219 577
219 144
219 191
219 126
219 334
219 336
219 16
219 79
219 119
219 121
219 226
219 295
219 372
219 471
219 478
220 600
220 489
220 592
220 384
220 420
220 117
220 1
220 307
220 29
220 218
220 336
220 380
220 455
220 508
220 593
221 56
221 5
221 352
221 515
221 11
221 29
221 46
221 162
221 201
221 240
221 291
221 319
221 326
222 521
222 3
222 236
222 449
222 203
222 505
222 19
222 128
222 491
222 549
222 31
222 109
222 149
222 230
222 561
223 3
223 104
223 160
223 199
223 429
223 336
223 165
223 526
223 420
223 504
223 281
223 575
223 332
223 191
223 201
223 214
223 224
223 301
223 321
223 481
223 537
224 594
224 163
224 319
224 348
224 154
224 223
224 327
224 328
224 415
224 428
224 465
224 491
225 302
225 163
225 232
225 49
225 471
225 51
225 60
225 396
225 103
225 180
225 33
225 89
225 95
225 202
225 218
225 487
225 505
225 514
225 517
226 110
226 582
226 218
226 215
226 235
226 448
226 219
226 42
226 56
226 67
226 209
226 292
226 357
226 410
226 518
226 545
226 596
227 229
227 130
227 134
227 288
227 250
227 102
227 115
227 50
227 88
227 105
227 132
227 186
227 280
227 287
227 337
227 510
227 572
228 438
228 196
228 170
228 181
228 65
228 259
228 513
228 70
228 326
228 19
228 24
228 155
228 195
228 275
228 365
228 412
228 483
228 511
228 545
228 596
229 236
229 488
229 69
229 158
229 180
229 295
229 594
229 105
229 73
229 140
229 227
229 300
229 353
229 367
229 531
229 535
230 72
230 193
230 222
230 178
230 563
230 7
230 111
230 199
230 358
230 377
230 478
230 520
230 569
231 32
231 196
231 35
231 66
231 93
231 158
231 239
231 283
231 591
232 543
232 476
232 426
232 196
232 142
232 465
232 76
232 83
232 205
232 225
232 257
232 297
232 306
232 323
232 512
232 525
233 14
233 46
233 540
233 77
233 398
233 158
233 170
233 347
233 534
233 556
234 60
234 89
234 123
234 195
234 274
234 367
234 374
234 383
234 385
234 394
234 463
234 476
234 477
234 487
234 544
234 548
235 562
235 84
235 374
235 576
235 6
235 42
235 2
235 12
235 30
235 95
235 97
235 135
235 226
235 260
235 263
235 341
235 430
235 511
236 412
236 299
236 450
236 430
236 329
236 516
236 30
236 41
236 170
236 193
236 196
236 222
236 229
236 306
236 359
236 537
237 115
237 319
237 271
237 372
237 262
237 421
237 62
237 146
237 196
237 242
237 313
237 340
237 408
237 464
237 480
238 539
238 51
238 119
238 588
238 47
238 253
238 336
238 341
238 450
239 352
239 146
239 231
239 261
239 570
239 428
239 457
239 60
239 106
239 137
239 162
239 182
239 424
239 488
240 76
240 158
240 207
240 409
240 103
240 152
240 49
240 536
240 191
240 221
240 22
240 546
240 2
240 19
240 41
240 77
240 121
240 370
240 425
240 509
240 520
240 581
241 513
241 83
241 470
241 293
241 553
241 517
241 93
241 24
241 309
241 383
241 442
241 468
241 498
241 518
242 592
242 41
242 363
242 434
242 307
242 237
242 86
242 278
242 60
242 70
242 349
242 416
242 426
242 513
243 440
243 93
243 162
243 271
243 361
243 448
243 465
243 474
244 370
244 476
244 541
244 87
244 16
244 169
244 180
244 494
244 540
244 577
244 6
244 37
244 74
244 120
244 122
244 261
244 343
244 356
244 499
244 579
245 203
245 372
245 80
245 447
245 271
245 440
245 29
245 128
245 370
245 542
245 596
246 322
246 572
246 78
246 96
246 150
246 171
246 187
246 199
246 370
246 443
247 396
247 437
247 135
247 436
247 139
247 210
247 128
247 59
247 85
247 197
247 390
247 95
247 419
247 130
247 92
247 205
247 375
247 397
247 400
247 429
247 557
247 577
247 585
248 152
248 157
248 182
248 66
248 401
248 501
248 418
248 486
248 522
249 198
249 218
249 26
249 356
249 125
249 185
249 251
249 286
249 314
249 384
249 455
249 591
250 282
250 44
250 528
250 33
250 75
250 122
250 210
250 227
250 314
250 484
250 550
250 568
250 582
251 252
251 8
251 525
251 598
251 249
251 564
251 54
251 37
251 497
251 168
251 63
251 281
251 427
251 334
251 261
251 27
251 68
251 107
251 256
251 306
251 435
251 512
251 561
251 571
251 574
251 577
251 594
252 405
252 286
252 378
252 135
252 546
252 505
252 506
252 560
252 69
252 578
252 63
252 93
252 133
252 251
252 341
252 470
252 479
252 570
252 585
253 190
253 441
253 6
253 118
253 593
253 238
253 81
253 132
253 136
253 290
253 296
253 323
253 444
253 483
253 555
253 558
253 559
253 587
254 559
254 2
254 61
254 97
254 167
254 194
254 219
254 364
254 382
254 441
254 511
254 544
254 576
255 540
255 301
255 468
255 513
255 453
255 281
255 164
255 112
255 12
255 37
255 61
255 64
255 121
255 129
255 185
255 347
255 495
255 524
255 569
256 212
256 13
256 130
256 251
256 563
256 348
256 25
256 389
256 513
256 62
256 187
256 268
256 278
256 297
256 314
256 342
256 455
256 482
256 547
256 597
257 500
257 68
257 202
257 232
257 482
257 105
257 398
257 599
257 563
257 442
257 55
257 374
257 559
258 308
258 316
258 154
258 150
258 284
258 108
258 110
258 132
258 146
258 186
258 195
258 317
258 337
258 376
258 456
258 513
259 265
259 155
259 126
259 97
259 375
259 56
259 228
259 336
259 354
259 459
259 462
260 235
260 4
260 572
260 22
260 41
260 83
260 105
260 266
260 294
260 358
260 363
260 490
260 509
260 510
261 201
261 244
261 339
261 118
261 521
261 217
261 86
261 400
261 68
261 87
261 239
261 251
261 349
261 374
261 384
261 389
261 481
261 528
262 515
262 67
262 318
262 306
262 167
262 387
262 500
262 476
262 509
262 173
262 28
262 380
262 17
262 531
262 81
262 91
262 237
262 342
262 343
262 346
262 435
262 442
262 447
262 517
262 528
262 555
262 558
263 33
263 48
263 411
263 235
263 1
263 89
263 93
263 109
263 192
263 291
263 470
263 498
264 367
264 268
264 183
264 291
264 69
264 122
264 318
264 78
264 114
264 127
264 328
264 276
264 559
264 29
264 1
264 155
264 275
264 568
264 569
264 570
265 337
265 546
265 45
265 84
265 453
265 192
265 72
265 42
265 43
265 121
265 166
265 205
265 208
265 209
265 213
265 259
265 287
265 328
266 505
266 271
266 29
266 124
266 332
266 391
266 260
266 126
266 329
266 472
266 26
266 183
266 219
266 345
266 347
266 564
266 570
266 593
267 431
267 32
267 4
267 64
267 362
267 581
267 501
267 337
267 93
267 116
267 123
267 306
267 371
267 461
267 480
267 483
268 212
268 438
268 256
268 435
268 123
268 584
268 158
268 192
268 111
268 370
268 15
268 34
268 73
268 143
268 197
268 264
268 327
268 380
268 500
268 527
268 543
268 553
268 576
268 579
269 491
269 155
269 294
269 420
269 522
269 302
269 114
269 344
269 133
269 542
269 458
269 93
269 322
269 506
269 597
270 337
270 22
270 27
270 158
270 350
270 509
270 368
270 5
270 51
270 143
270 151
270 164
270 210
270 306
270 312
270 389
270 463
270 549
271 143
271 584
271 180
271 160
271 398
271 335
271 216
271 531
271 243
271 7
271 71
271 237
271 245
271 266
271 431
271 487
271 498
272 161
272 586
272 104
272 544
272 573
272 368
272 188
272 70
272 74
272 134
272 170
273 287
273 64
273 18
273 554
273 172
273 81
273 576
273 155
273 537
273 454
273 85
273 91
273 161
273 298
273 456
273 584
274 324
274 484
274 578
274 279
274 173
274 303
274 36
274 531
274 234
274 123
274 134
274 144
274 451
274 520
274 569
274 582
275 326
275 228
275 148
275 196
275 163
275 264
275 1
275 19
275 119
275 175
275 200
275 330
275 429
275 498
275 503
275 535
276 61
276 194
276 551
276 497
276 3
276 298
276 125
276 176
276 410
276 278
276 22
276 78
276 144
276 179
276 203
276 264
276 316
276 348
276 377
276 490
276 528
277 18
277 287
277 316
277 298
277 198
277 87
277 120
277 159
277 188
277 199
277 315
277 330
277 459
277 526
278 525
278 402
278 299
278 256
278 134
278 36
278 17
278 178
278 380
278 503
278 400
278 142
278 97
278 180
278 209
278 242
278 276
278 315
278 343
278 365
278 469
278 475
279 413
279 104
279 473
279 510
279 156
279 302
279 453
279 184
279 339
279 17
279 308
279 35
279 128
279 146
279 274
279 301
279 361
279 384
279 482
279 556
280 144
280 281
280 227
280 138
280 321
280 574
280 66
280 381
280 51
280 65
280 79
280 152
280 162
280 168
280 209
280 350
280 352
280 393
280 543
280 544
280 590
281 521
281 77
281 583
281 195
281 548
281 28
281 25
281 376
281 76
281 114
281 481
281 223
281 251
281 255
281 280
281 288
281 321
281 379
281 471
282 526
282 139
282 559
282 199
282 550
282 568
282 158
282 75
282 78
282 164
282 186
282 250
282 415
283 161
283 231
283 445
283 131
283 41
283 62
283 58
283 331
283 339
283 390
283 442
283 522
284 92
284 144
284 344
284 213
284 29
284 114
284 384
284 557
284 33
284 99
284 122
284 206
284 258
284 299
284 421
284 441
284 481
284 497
284 558
284 589
285 527
285 206
285 209
285 98
285 454
285 550
285 110
285 556
285 24
285 582
285 21
285 131
285 155
285 374
285 411
286 104
286 567
286 249
286 457
286 471
286 102
286 187
286 252
286 362
286 415
287 7
287 545
287 494
287 179
287 227
287 338
287 265
287 12
287 582
287 433
287 512
287 436
287 350
287 296
287 50
287 67
287 78
287 151
287 155
287 273
287 277
287 389
287 468
287 561
287 570
288 457
288 281
288 205
288 18
288 444
288 69
288 227
288 324
288 325
288 415
288 472
288 525
288 554
289 205
289 597
289 121
289 151
289 159
289 591
289 47
289 124
289 156
289 190
289 196
289 378
289 410
289 505
289 574
290 108
290 545
290 524
290 568
290 518
290 253
290 378
290 326
290 61
290 393
290 151
290 387
290 44
290 46
290 398
290 399
290 462
291 375
291 95
291 412
291 221
291 303
291 52
291 20
291 89
291 263
291 529
291 194
291 591
291 91
291 421
291 44
291 264
291 388
291 413
292 106
292 15
292 21
292 543
292 142
292 340
292 226
292 35
292 304
292 554
292 111
292 459
292 47
292 91
292 123
292 137
292 300
292 378
292 402
292 418
292 421
292 518
292 558
292 591
293 213
293 513
293 379
293 23
293 600
293 14
293 351
293 487
293 521
293 471
293 35
293 119
293 217
293 241
293 405
293 570
294 571
294 260
294 525
294 437
294 462
294 53
294 100
294 131
294 269
294 486
294 527
294 534
294 583
295 306
295 23
295 334
295 219
295 349
295 54
295 547
295 461
295 435
295 596
295 161
295 11
295 81
295 121
295 188
295 229
295 342
295 491
295 568
296 195
296 160
296 253
296 64
296 287
296 372
296 378
296 510
296 553
296 564
297 256
297 232
297 332
297 413
297 447
297 467
298 387
298 179
298 447
298 539
298 97
298 524
298 555
298 306
298 348
298 336
298 273
298 20
298 28
298 150
298 180
298 219
298 276
298 277
298 320
298 381
298 384
299 20
299 473
299 41
299 479
299 102
299 478
299 284
299 418
299 509
299 334
299 31
299 18
299 21
299 119
299 213
299 236
299 278
299 405
299 467
299 548
300 30
300 57
300 305
300 306
300 4
300 107
300 229
300 292
300 92
300 442
300 80
300 129
300 135
300 336
300 501
301 214
301 96
301 416
301 592
301 443
301 223
301 279
301 511
301 489
301 7
301 13
301 19
301 47
301 149
301 152
301 255
301 309
301 322
301 324
301 415
301 418
301 427
301 507
301 518
301 553
301 561
302 530
302 433
302 161
302 31
302 116
302 585
302 148
302 80
302 504
302 511
302 119
302 225
302 269
302 279
302 327
302 331
302 365
302 402
302 413
302 595
303 378
303 179
303 64
303 117
303 123
303 166
303 186
303 188
303 274
303 291
303 304
303 338
303 384
303 434
304 58
304 303
304 443
304 431
304 38
304 353
304 476
304 75
304 115
304 172
304 292
304 347
304 424
304 454
304 471
304 510
304 513
305 321
305 20
305 540
305 357
305 44
305 143
305 348
305 41
305 405
305 2
305 67
305 82
305 140
305 151
305 166
305 300
305 382
305 400
305 488
305 512
305 530
305 558
305 600
306 68
306 232
306 506
306 550
306 267
306 45
306 208
306 270
306 447
306 370
306 473
306 251
306 551
306 236
306 322
306 6
306 57
306 72
306 89
306 90
306 128
306 176
306 262
306 295
306 298
306 300
306 355
306 357
306 441
306 500
306 520
307 217
307 451
307 133
307 456
307 374
307 578
307 43
307 47
307 53
307 91
307 111
307 220
307 242
307 322
307 587
308 35
308 350
308 41
308 326
308 137
308 144
308 145
308 258
308 279
308 351
308 369
308 377
308 400
308 455
308 503
308 570
309 585
309 485
309 343
309 68
309 481
309 241
309 384
309 145
309 70
309 301
309 390
309 382
309 434
309 125
309 118
309 117
309 325
309 332
309 393
309 471
310 512
310 139
310 347
310 525
310 72
310 378
310 337
310 11
310 345
310 577
310 484
310 430
310 39
310 158
310 174
310 176
310 359
310 367
310 486
310 519
310 575
311 540
311 555
311 126
311 48
311 129
311 464
311 503
312 569
312 351
312 50
312 270
312 61
312 442
312 76
312 328
312 2
312 73
312 133
312 212
312 433
312 520
312 572
313 548
313 150
313 74
313 431
313 496
313 117
313 177
313 237
313 87
313 114
313 154
313 163
313 483
313 538
314 504
314 544
314 256
314 249
314 63
314 577
314 250
314 157
314 320
314 385
314 596
314 94
314 54
314 330
314 351
314 405
314 497
314 505
315 145
315 139
315 213
315 336
315 93
315 277
315 193
315 357
315 506
315 501
315 278
315 218
315 507
315 550
315 568
316 367
316 118
316 193
316 528
316 276
316 577
316 87
316 258
316 277
316 341
316 364
316 400
316 453
316 585
317 568
317 448
317 258
317 181
317 81
317 151
317 215
317 570
317 30
317 104
317 110
317 187
317 199
317 425
317 513
317 527
317 572
318 89
318 339
318 56
318 599
318 52
318 562
318 114
318 456
318 172
318 193
318 185
318 189
318 262
318 264
318 347
318 351
318 376
318 490
318 514
318 549
319 487
319 61
319 26
319 153
319 547
319 221
319 165
319 224
319 237
319 373
319 396
319 540
319 562
319 564
319 572
319 587
319 599
320 151
320 298
320 396
320 439
320 561
320 485
320 153
320 453
320 43
320 63
320 121
320 125
320 132
320 314
320 327
320 349
320 583
321 512
321 484
321 479
321 589
321 173
321 541
321 223
321 593
321 557
321 158
321 281
321 536
321 179
321 432
321 338
321 119
321 339
321 468
321 33
321 55
321 93
321 166
321 280
321 305
321 370
321 394
321 431
321 532
321 538
321 542
322 301
322 377
322 332
322 65
322 441
322 436
322 15
322 551
322 269
322 59
322 307
322 49
322 75
322 148
322 197
322 246
322 306
322 381
322 405
322 426
322 594
323 408
323 54
323 441
323 253
323 232
323 471
323 34
323 75
323 113
323 212
323 430
323 582
324 153
324 45
324 590
324 301
324 46
324 288
324 6
324 178
324 450
324 118
324 197
324 352
324 440
324 111
324 28
324 162
324 274
324 357
324 368
324 406
324 487
324 517
324 526
325 486
325 596
325 288
325 58
325 545
325 309
325 47
325 465
325 201
325 17
325 37
325 101
325 127
325 213
325 335
325 513
325 560
325 593
326 330
326 221
326 429
326 547
326 411
326 364
326 124
326 144
326 178
326 228
326 275
326 290
326 308
326 340
326 372
326 383
326 423
326 463
326 517
327 460
327 166
327 549
327 268
327 320
327 224
327 302
327 45
327 19
327 65
327 145
327 191
327 202
327 332
327 417
327 441
327 498
327 521
328 53
328 265
328 154
328 523
328 417
328 33
328 193
328 224
328 380
328 344
328 545
328 5
328 11
328 12
328 67
328 129
328 135
328 264
328 312
328 394
329 89
329 192
329 47
329 50
329 236
329 266
329 350
329 374
329 433
329 490
329 543
330 512
330 564
330 275
330 277
330 366
330 400
330 417
330 411
330 218
330 10
330 314
330 116
330 326
330 342
331 446
331 192
331 539
331 72
331 182
331 359
331 84
331 283
331 302
331 60
331 7
331 116
331 156
331 392
331 417
331 475
331 556
331 571
332 327
332 516
332 174
332 368
332 422
332 309
332 553
332 366
332 297
332 186
332 1
332 38
332 67
332 123
332 156
332 176
332 223
332 266
332 322
332 533
333 442
333 552
333 45
333 446
333 490
333 203
333 486
333 431
333 88
333 500
333 59
333 190
333 205
333 339
333 445
333 448
333 513
333 527
334 199
334 216
334 187
334 465
334 561
334 452
334 3
334 166
334 147
334 163
334 219
334 251
334 295
334 299
334 559
334 591
335 383
335 460
335 325
335 218
335 476
335 69
335 188
335 271
335 406
335 410
335 411
336 27
336 493
336 238
336 53
336 485
336 300
336 8
336 584
336 52
336 259
336 220
336 592
336 492
336 210
336 102
336 127
336 219
336 223
336 298
336 315
336 372
336 387
336 391
336 397
336 483
336 517
336 529
337 570
337 202
337 488
337 227
337 258
337 7
337 15
337 67
337 125
337 192
337 265
337 267
337 270
337 310
337 350
337 375
337 394
337 432
337 451
337 514
337 564
337 574
337 590
338 303
338 428
338 146
338 216
338 287
338 321
338 398
338 447
339 584
339 494
339 499
339 48
339 508
339 512
339 177
339 424
339 333
339 441
339 283
339 138
339 215
339 261
339 279
339 318
339 321
339 453
339 470
339 487
339 493
339 555
340 539
340 326
340 237
340 131
340 95
340 126
340 133
340 292
340 370
340 503
340 564
340 586
341 438
341 457
341 316
341 60
341 385
341 506
341 252
341 422
341 235
341 81
341 125
341 238
341 48
341 538
341 214
341 143
341 553
341 473
341 1
341 92
341 96
341 124
341 200
341 402
341 442
341 556
341 593
342 262
342 478
342 355
342 256
342 48
342 330
342 385
342 151
342 429
342 518
342 446
342 295
342 393
342 20
342 70
342 91
342 128
342 180
342 501
343 244
343 371
343 493
343 391
343 150
343 278
343 346
343 591
343 262
343 24
343 133
343 145
343 149
343 201
343 309
343 355
343 553
344 569
344 57
344 468
344 104
344 139
344 186
344 32
344 35
344 114
344 127
344 182
344 199
344 208
344 269
344 284
344 328
344 450
344 481
344 551
344 570
345 266
345 8
345 31
345 90
345 134
345 214
345 310
345 348
345 362
345 363
345 585
345 591
346 567
346 422
346 487
346 206
346 365
346 262
346 139
346 343
346 377
346 405
347 416
347 304
347 2
347 152
347 508
347 255
347 521
347 233
347 363
347 318
347 22
347 266
347 123
347 597
347 148
347 310
347 365
347 387
347 426
347 449
347 470
347 511
348 413
348 555
348 345
348 117
348 387
348 197
348 276
348 52
348 520
348 417
348 123
348 224
348 256
348 298
348 305
349 242
349 384
349 29
349 189
349 459
349 431
349 261
349 598
349 127
349 549
349 320
349 99
349 404
349 94
349 295
349 451
350 280
350 502
350 112
350 337
350 499
350 419
350 329
350 207
350 110
350 124
350 156
350 161
350 270
350 287
350 308
350 490
350 565
351 475
351 318
351 94
351 175
351 314
351 64
351 308
351 20
351 66
351 142
351 154
351 164
351 293
351 312
351 365
351 431
351 470
351 492
351 561
352 497
352 421
352 355
352 176
352 280
352 565
352 100
352 195
352 19
352 52
352 179
352 187
352 216
352 221
352 239
352 324
352 415
352 456
353 87
353 414
353 547
353 229
353 389
353 79
353 304
353 419
353 454
353 532
354 530
354 259
354 72
354 111
354 558
354 514
354 121
354 376
354 483
354 513
354 516
354 520
354 555
354 566
355 343
355 179
355 19
355 306
355 545
355 445
355 560
355 17
355 101
355 122
355 152
355 207
355 342
355 352
355 528
356 409
356 244
356 175
356 209
356 186
356 600
356 6
356 50
356 128
356 142
356 157
356 158
356 249
356 404
356 421
356 460
356 530
356 544
357 324
357 551
357 173
357 226
357 491
357 306
357 444
357 182
357 363
357 387
357 70
357 565
357 86
357 119
357 162
357 181
357 305
357 315
357 406
357 448
357 537
358 113
358 260
358 467
358 133
358 555
358 458
358 198
358 230
358 391
358 444
358 505
358 520
358 547
359 28
359 310
359 236
359 82
359 156
359 479
359 87
359 91
359 97
359 118
359 331
359 378
359 465
359 481
359 527
359 540
360 574
360 385
360 2
360 15
360 129
360 217
360 365
360 390
360 418
360 508
361 204
361 243
361 81
361 477
361 183
361 279
361 70
361 141
361 392
361 447
362 376
362 345
362 135
362 286
362 428
362 37
362 140
362 150
362 153
362 178
362 190
362 267
362 380
362 536
363 260
363 529
363 200
363 566
363 437
363 398
363 466
363 527
363 46
363 345
363 560
363 367
363 465
363 135
363 242
363 347
363 357
363 388
363 462
363 478
363 505
364 316
364 89
364 162
364 176
364 254
364 88
364 44
364 595
364 40
364 155
364 326
364 395
364 476
364 553
365 143
365 351
365 228
365 489
365 148
365 578
365 544
365 73
365 360
365 302
365 278
365 347
365 458
365 522
365 52
365 59
365 346
365 425
365 428
365 476
365 546
365 596
366 126
366 588
366 369
366 449
366 525
366 37
366 330
366 332
366 390
366 440
366 441
366 500
367 390
367 310
367 145
367 234
367 170
367 163
367 130
367 229
367 178
367 527
367 423
367 103
367 128
367 168
367 264
367 316
367 363
367 380
367 456
367 483
367 524
367 564
368 144
368 5
368 173
368 450
368 483
368 72
368 162
368 324
368 66
368 270
368 272
368 332
368 369
368 370
368 480
369 406
369 368
369 112
369 404
369 201
369 65
369 374
369 151
369 308
369 47
369 57
369 62
369 124
369 128
369 366
369 386
369 507
370 30
370 537
370 423
370 198
370 340
370 402
370 43
370 368
370 245
370 77
370 321
370 246
370 479
370 240
370 16
370 151
370 244
370 268
370 306
370 467
370 477
370 514
371 186
371 153
371 465
371 267
371 213
371 509
371 46
371 130
371 343
371 449
372 296
372 515
372 336
372 326
372 207
372 403
372 549
372 219
372 99
372 483
372 22
372 26
372 36
372 237
372 245
372 414
372 422
372 435
373 319
373 43
373 96
373 98
373 104
373 377
373 428
373 456
373 469
373 521
374 441
374 329
374 234
374 470
374 380
374 261
374 257
374 285
374 547
374 515
374 71
374 131
374 161
374 235
374 307
374 369
374 477
374 490
375 247
375 198
375 103
375 40
375 337
375 74
375 86
375 125
375 154
375 259
375 291
375 393
375 454
375 541
376 400
376 431
376 354
376 318
376 384
376 553
376 258
376 426
376 399
376 17
376 126
376 203
376 281
376 362
376 503
376 590
377 373
377 230
377 31
377 585
377 346
377 528
377 89
377 308
377 387
377 512
377 276
377 594
377 437
377 13
377 17
377 48
377 51
377 164
377 178
377 213
377 322
377 405
378 4
378 547
378 359
378 292
378 403
378 296
378 402
378 289
378 200
378 127
378 252
378 290
378 303
378 310
378 429
378 442
378 487
379 460
379 455
379 190
379 281
379 107
379 499
379 381
379 96
379 153
379 163
379 173
379 174
379 293
379 439
379 479
379 547
380 268
380 433
380 367
380 178
380 71
380 67
380 220
380 362
380 179
380 197
380 262
380 278
380 328
380 374
380 454
380 528
380 549
380 571
380 599
381 111
381 446
381 322
381 298
381 71
381 98
381 182
381 280
381 379
381 404
381 538
381 551
381 564
381 589
382 103
382 594
382 305
382 141
382 423
382 456
382 254
382 85
382 535
382 8
382 425
382 454
382 110
382 119
382 175
382 309
382 385
382 433
382 494
382 558
382 571
383 241
383 326
383 443
383 234
383 530
383 128
383 201
383 335
383 400
383 526
384 412
384 541
384 261
384 298
384 279
384 578
384 89
384 554
384 249
384 493
384 303
384 46
384 60
384 109
384 112
384 170
384 172
384 208
384 212
384 220
384 284
384 309
384 349
384 376
384 410
384 556
384 590
385 234
385 82
385 115
385 169
385 147
385 382
385 16
385 87
385 179
385 191
385 314
385 341
385 342
385 360
385 405
385 407
385 418
385 431
385 493
385 565
385 592
386 52
386 392
386 369
386 213
386 197
386 116
386 8
386 173
386 413
386 98
386 119
386 425
386 457
386 538
386 550
387 394
387 336
387 347
387 218
387 543
387 37
387 46
387 51
387 81
387 101
387 119
387 187
387 196
387 262
387 290
387 298
387 348
387 357
387 377
387 461
387 556
387 561
388 363
388 192
388 143
388 530
388 172
388 594
388 472
388 446
388 291
388 389
388 1
388 21
388 51
388 101
388 124
388 125
388 135
388 459
388 552
389 270
389 261
389 287
389 420
389 588
389 97
389 193
389 256
389 353
389 388
389 400
389 457
389 526
390 158
390 165
390 397
390 443
390 283
390 366
390 534
390 360
390 182
390 99
390 53
390 65
390 175
390 208
390 247
390 309
390 367
390 475
391 336
391 465
391 42
391 128
391 493
391 358
391 476
391 150
391 123
391 62
391 266
391 343
391 397
392 15
392 331
392 53
392 154
392 167
392 93
392 361
392 124
392 518
392 95
392 146
392 386
392 440
392 457
392 483
393 92
393 449
393 408
393 309
393 375
393 280
393 168
393 3
393 14
393 30
393 39
393 211
393 290
393 342
393 497
393 502
394 201
394 321
394 536
394 479
394 523
394 337
394 328
394 66
394 452
394 517
394 88
394 149
394 234
394 17
394 25
394 92
394 210
394 387
394 419
395 364
395 412
395 542
396 52
396 49
396 441
396 319
396 186
396 25
396 56
396 148
396 154
396 208
396 225
396 247
396 320
396 418
396 439
396 458
396 459
396 461
396 552
396 595
397 51
397 247
397 391
397 336
397 27
397 474
397 64
397 160
397 542
397 399
397 60
397 110
397 132
397 212
397 390
397 460
397 504
397 532
397 560
398 548
398 103
398 338
398 90
398 28
398 562
398 290
398 13
398 31
398 194
398 202
398 233
398 257
398 271
398 363
398 431
398 482
399 442
399 445
399 208
399 290
399 123
399 420
399 495
399 57
399 46
399 109
399 376
399 397
399 401
399 458
399 480
400 305
400 564
400 46
400 316
400 383
400 389
400 479
400 247
400 15
400 308
400 48
400 110
400 140
400 172
400 218
400 261
400 278
400 330
400 376
400 518
400 549
401 154
401 114
401 399
401 40
401 62
401 94
401 177
401 197
401 248
401 459
401 535
402 93
402 113
402 433
402 292
402 12
402 16
402 61
402 302
402 456
402 75
402 211
402 341
402 85
402 182
402 216
402 278
402 370
402 378
402 435
402 448
402 565
403 555
403 581
403 79
403 547
403 474
403 557
403 208
403 13
403 504
403 11
403 189
403 203
403 372
403 378
403 447
403 449
404 436
404 430
404 356
404 559
404 469
404 381
404 468
404 79
404 188
404 349
404 369
404 444
404 455
404 465
405 346
405 502
405 166
405 9
405 314
405 299
405 385
405 293
405 140
405 377
405 322
405 122
405 192
405 252
405 305
405 485
405 504
405 508
405 512
406 549
406 324
406 494
406 335
406 458
406 5
406 157
406 357
406 41
406 219
406 369
406 488
407 40
407 67
407 161
407 469
407 385
407 106
407 173
407 179
407 189
407 486
407 574
407 598
408 134
408 237
408 200
408 464
408 572
408 495
408 179
408 417
408 51
408 75
408 323
408 393
408 439
408 597
409 593
409 421
409 203
409 458
409 217
409 53
409 62
409 240
409 356
409 546
410 226
410 573
410 289
410 529
410 7
410 156
410 84
410 384
410 572
410 335
410 508
410 11
410 55
410 93
410 169
410 276
410 461
410 527
411 419
411 121
411 198
411 24
411 510
411 127
411 137
411 526
411 285
411 201
411 456
411 335
411 536
411 463
411 413
411 102
411 263
411 326
411 330
411 506
411 517
411 523
411 558
412 86
412 554
412 566
412 228
412 593
412 395
412 69
412 548
412 461
412 236
412 291
412 384
412 413
412 417
412 455
413 129
413 291
413 126
413 461
413 523
413 9
413 297
413 302
413 521
413 412
413 432
413 46
413 569
413 81
413 592
413 170
413 21
413 470
413 8
413 26
413 35
413 60
413 89
413 107
413 118
413 279
413 348
413 386
413 411
413 450
413 479
413 534
413 561
414 372
414 145
414 587
414 127
414 52
414 119
414 590
414 483
414 86
414 167
414 9
414 73
414 125
414 149
414 211
414 353
414 432
414 544
414 565
415 459
415 549
415 282
415 105
415 224
415 164
415 288
415 301
415 286
415 63
415 430
415 120
415 352
415 74
415 99
415 161
415 489
415 590
416 242
416 180
416 1
416 3
416 301
416 347
416 499
416 547
417 327
417 331
417 51
417 436
417 14
417 412
417 117
417 47
417 139
417 176
417 199
417 328
417 330
417 348
417 408
417 533
417 577
418 396
418 20
418 84
418 3
418 360
418 181
418 301
418 110
418 519
418 385
418 292
418 164
418 248
418 29
418 88
418 63
418 118
418 141
418 299
418 512
418 594
419 525
419 121
419 157
419 98
419 394
419 51
419 353
419 135
419 1
419 69
419 70
419 99
419 247
419 350
419 411
419 444
419 458
420 122
420 26
420 68
420 73
420 94
420 153
420 218
420 220
420 223
420 269
420 389
420 399
420 469
420 486
420 492
420 493
420 507
420 593
421 513
421 124
421 184
421 190
421 575
421 356
421 284
421 292
421 117
421 237
421 291
421 352
421 409
421 519
422 501
422 597
422 135
422 441
422 372
422 142
422 182
422 332
422 341
422 346
422 431
422 486
422 499
422 524
423 586
423 526
423 174
423 187
423 105
423 76
423 191
423 214
423 326
423 84
423 599
423 43
423 86
423 138
423 206
423 367
423 370
423 382
423 425
423 467
424 123
424 168
424 239
424 105
424 304
424 447
424 85
424 519
424 477
424 34
424 46
424 70
424 116
424 147
424 161
424 166
424 339
425 317
425 2
425 43
425 461
425 365
425 164
425 24
425 386
425 240
425 167
425 21
425 423
425 63
425 19
425 52
425 67
425 122
425 130
425 155
425 210
425 382
425 432
426 574
426 550
426 50
426 72
426 172
426 322
426 347
426 207
426 41
426 242
426 10
426 60
426 70
426 118
426 135
426 169
426 232
426 376
426 430
426 517
426 518
427 65
427 301
427 39
427 204
427 207
427 30
427 52
427 71
427 125
427 208
427 251
427 522
427 548
428 190
428 373
428 20
428 448
428 8
428 10
428 434
428 531
428 147
428 224
428 123
428 39
428 365
428 67
428 86
428 127
428 157
428 239
428 338
428 362
428 465
428 473
428 539
429 378
429 275
429 247
429 25
429 223
429 326
429 342
429 445
429 464
429 512
429 515
430 39
430 528
430 492
430 235
430 132
430 553
430 119
430 538
430 484
430 91
430 323
430 426
430 5
430 156
430 236
430 310
430 404
430 415
430 446
431 398
431 422
431 321
431 385
431 143
431 351
431 111
431 66
431 271
431 454
431 34
431 212
431 267
431 304
431 313
431 333
431 349
431 376
431 568
432 523
432 144
432 414
432 64
432 202
432 337
432 514
432 589
432 584
432 448
432 425
432 85
432 190
432 321
432 413
432 435
432 467
432 528
432 583
433 382
433 200
433 494
433 61
433 312
433 537
433 329
433 158
433 16
433 20
433 36
433 90
433 102
433 125
433 136
433 199
433 287
433 302
433 380
433 402
434 303
434 523
434 503
434 165
434 551
434 82
434 568
434 560
434 439
434 484
434 51
434 121
434 122
434 123
434 158
434 242
434 309
434 428
434 448
434 464
434 473
434 579
435 89
435 214
435 251
435 66
435 402
435 504
435 135
435 4
435 432
435 372
435 126
435 177
435 262
435 185
435 37
435 268
435 295
435 529
435 574
436 24
436 111
436 144
436 176
436 247
436 287
436 322
436 404
436 417
436 465
436 487
436 558
436 574
437 77
437 210
437 466
437 464
437 34
437 19
437 81
437 460
437 585
437 58
437 1
437 28
437 67
437 85
437 87
437 160
437 247
437 294
437 363
437 377
437 477
437 478
437 563
437 564
438 459
438 146
438 72
438 118
438 210
438 84
438 9
438 16
438 36
438 73
438 85
438 228
438 268
438 341
438 451
438 456
438 476
438 487
438 495
438 541
438 556
438 563
439 103
439 201
439 46
439 396
439 575
439 408
439 142
439 209
439 10
439 138
439 456
439 379
439 320
439 434
439 550
439 585
440 132
440 101
440 178
440 476
440 366
440 563
440 180
440 502
440 392
440 97
440 210
440 243
440 245
440 324
440 449
440 486
440 515
440 574
441 366
441 254
441 306
441 167
441 182
441 545
441 127
441 76
441 284
441 327
441 123
441 34
441 253
441 322
441 323
441 339
441 374
441 396
441 422
441 493
441 525
441 537
442 262
442 182
442 454
442 54
442 132
442 341
442 102
442 283
442 241
442 378
442 9
442 16
442 28
442 150
442 257
442 300
442 312
442 333
442 399
442 448
442 464
442 529
442 553
442 583
443 246
443 118
443 571
443 152
443 210
443 218
443 301
443 304
443 383
443 390
443 501
443 567
443 576
444 404
444 553
444 543
444 358
444 127
444 419
444 117
444 253
444 530
444 53
444 148
444 151
444 288
444 357
444 513
444 529
444 570
444 577
445 465
445 523
445 333
445 429
445 166
445 113
445 120
445 283
445 355
445 399
445 457
445 459
445 472
445 505
445 546
445 590
446 430
446 46
446 78
446 96
446 118
446 331
446 333
446 342
446 381
446 388
446 509
446 569
447 176
447 262
447 128
447 166
447 403
447 361
447 142
447 338
447 297
447 96
447 160
447 24
447 36
447 47
447 245
447 298
447 306
447 424
448 132
448 536
448 402
448 1
448 243
448 563
448 490
448 442
448 105
448 469
448 357
448 434
448 333
448 10
448 226
448 317
448 428
448 432
448 455
448 524
448 530
449 178
449 371
449 164
449 403
449 440
449 347
449 85
449 114
449 15
449 97
449 108
449 154
449 222
449 366
449 393
449 452
449 467
449 517
449 546
449 570
450 344
450 238
450 557
450 206
450 549
450 413
450 92
450 150
450 592
450 568
450 97
450 213
450 236
450 324
450 368
450 478
450 542
451 533
451 54
451 349
451 438
451 274
451 125
451 154
451 210
451 337
451 206
451 93
451 199
451 307
451 575
452 576
452 589
452 575
452 24
452 29
452 185
452 449
452 22
452 42
452 68
452 72
452 134
452 190
452 206
452 334
452 394
452 456
452 467
452 551
453 106
453 316
453 339
453 103
453 515
453 20
453 102
453 122
453 218
453 255
453 265
453 279
453 320
453 550
454 353
454 201
454 153
454 375
454 5
454 304
454 91
454 154
454 380
454 80
454 579
454 568
454 147
454 273
454 285
454 382
454 431
454 442
454 465
454 529
454 577
455 412
455 26
455 256
455 129
455 582
455 249
455 448
455 404
455 220
455 308
455 566
455 53
455 204
455 69
455 37
455 62
455 168
455 199
455 379
456 352
456 31
456 138
456 452
456 537
456 198
456 67
456 373
456 438
456 82
456 258
456 69
456 515
456 273
456 165
456 560
456 91
456 367
456 95
456 307
456 318
456 382
456 402
456 411
456 439
456 463
456 473
456 495
456 554
457 497
457 469
457 445
457 473
457 493
457 166
457 5
457 542
457 389
457 392
457 172
457 61
457 84
457 386
457 55
457 74
457 100
457 122
457 150
457 159
457 163
457 239
457 286
457 288
457 341
457 589
458 494
458 419
458 158
458 399
458 54
458 16
458 546
458 396
458 43
458 188
458 17
458 50
458 130
458 143
458 269
458 358
458 365
458 406
458 409
459 534
459 84
459 259
459 277
459 401
459 33
459 445
459 66
459 193
459 396
459 133
459 388
459 22
459 512
459 292
459 349
459 415
459 438
459 516
460 208
460 507
460 397
460 356
460 468
460 590
460 462
460 48
460 94
460 119
460 153
460 155
460 163
460 327
460 335
460 379
460 437
460 551
461 396
461 267
461 387
461 410
461 103
461 61
461 145
461 593
461 29
461 52
461 169
461 295
461 412
461 413
461 425
461 485
461 571
461 573
461 574
462 61
462 477
462 363
462 259
462 290
462 1
462 50
462 72
462 172
462 294
462 460
463 467
463 50
463 456
463 41
463 234
463 270
463 32
463 326
463 66
463 208
463 411
463 536
463 566
464 186
464 429
464 434
464 503
464 173
464 15
464 586
464 311
464 576
464 442
464 137
464 237
464 547
464 71
464 76
464 86
464 180
464 201
464 218
464 408
464 437
464 490
464 587
465 454
465 359
465 182
465 130
465 224
465 428
465 404
465 243
465 45
465 85
465 436
465 37
465 43
465 57
465 93
465 174
465 176
465 191
465 232
465 325
465 334
465 363
465 371
465 391
465 445
465 528
465 581
466 216
466 539
466 179
466 33
466 60
466 154
466 186
466 203
466 363
466 437
466 507
467 370
467 299
467 51
467 487
467 96
467 101
467 423
467 432
467 297
467 90
467 449
467 12
467 532
467 578
467 43
467 452
467 557
467 16
467 19
467 29
467 109
467 163
467 190
467 199
467 212
467 218
467 358
467 463
468 287
468 241
468 34
468 542
468 35
468 9
468 33
468 102
468 169
468 255
468 321
468 344
468 404
468 460
469 131
469 278
469 532
469 420
469 108
469 373
469 5
469 127
469 137
469 194
469 404
469 407
469 448
469 457
469 485
469 589
470 252
470 512
470 263
470 339
470 351
470 347
470 498
470 551
470 21
470 53
470 57
470 107
470 206
470 241
470 374
470 413
470 479
470 574
471 23
471 304
471 579
471 520
471 309
471 55
471 137
471 593
471 219
471 539
471 179
471 158
471 281
471 551
471 49
471 100
471 127
471 170
471 225
471 286
471 293
471 323
471 586
472 64
472 28
472 173
472 183
472 445
472 288
472 46
472 135
472 174
472 266
472 388
472 479
472 503
473 89
473 214
473 193
473 547
473 428
473 533
473 456
473 73
473 522
473 434
473 62
473 100
473 190
473 279
473 299
473 306
473 341
473 457
473 499
473 539
473 577
473 597
474 243
474 397
474 403
474 574
475 390
475 80
475 278
475 331
475 534
475 65
475 78
475 135
475 351
475 513
475 586
476 179
476 364
476 438
476 484
476 365
476 234
476 94
476 101
476 232
476 244
476 262
476 304
476 335
476 391
476 440
477 374
477 370
477 437
477 149
477 234
477 22
477 64
477 12
477 93
477 140
477 165
477 361
477 424
477 462
477 528
477 529
478 54
478 197
478 211
478 450
478 219
478 437
478 230
478 597
478 363
478 564
478 596
478 71
478 102
478 143
478 200
478 299
478 342
479 379
479 160
479 413
479 472
479 592
479 470
479 196
479 137
479 252
479 135
479 503
479 48
479 59
479 116
479 142
479 193
479 299
479 321
479 359
479 370
479 394
479 400
479 506
479 509
479 518
480 509
480 142
480 185
480 498
480 267
480 399
480 483
480 368
480 31
480 237
480 162
480 47
480 193
480 497
481 344
481 530
481 533
481 359
481 487
481 223
481 544
481 284
481 566
481 261
481 99
481 97
481 281
481 309
481 527
481 535
482 20
482 196
482 398
482 127
482 172
482 279
482 28
482 256
482 53
482 116
482 174
482 214
482 257
482 486
482 513
482 561
482 564
483 194
483 267
483 45
483 80
483 392
483 313
483 336
483 103
483 207
483 367
483 253
483 583
483 228
483 354
483 9
483 22
483 129
483 137
483 182
483 368
483 372
483 414
483 480
483 564
484 497
484 508
484 187
484 501
484 195
484 142
484 51
484 594
484 250
484 20
484 22
484 61
484 64
484 77
484 139
484 167
484 274
484 310
484 321
484 430
484 434
484 476
484 487
484 540
485 405
485 461
485 469
485 81
485 96
485 192
485 208
485 309
485 320
485 336
485 535
485 565
486 407
486 440
486 129
486 248
486 109
486 420
486 5
486 294
486 422
486 125
486 310
486 172
486 482
486 7
486 66
486 70
486 89
486 325
486 333
487 515
487 234
487 271
487 516
487 484
487 339
487 438
487 378
487 50
487 324
487 225
487 436
487 20
487 33
487 97
487 207
487 293
487 319
487 346
487 467
487 481
487 488
487 587
488 43
488 305
488 239
488 494
488 108
488 406
488 53
488 487
488 192
488 31
488 131
488 205
488 210
488 213
488 229
488 337
488 495
488 600
489 415
489 31
489 65
489 145
489 199
489 214
489 220
489 301
489 365
489 513
490 329
490 6
490 260
490 318
490 140
490 276
490 464
490 127
490 374
490 350
490 1
490 40
490 182
490 333
490 448
491 224
491 161
491 295
491 84
491 222
491 269
491 357
491 498
492 568
492 123
492 172
492 565
492 420
492 137
492 351
492 1
492 336
492 430
492 501
492 505
492 523
492 530
492 566
493 339
493 51
493 441
493 76
493 589
493 74
493 385
493 420
493 19
493 100
493 336
493 343
493 384
493 391
493 457
493 574
494 43
494 203
494 90
494 184
494 382
494 69
494 186
494 244
494 287
494 339
494 406
494 433
494 458
494 488
494 522
494 551
495 255
495 438
495 179
495 188
495 456
495 10
495 488
495 37
495 180
495 201
495 399
495 408
495 538
496 170
496 85
496 1
496 5
496 70
496 72
496 105
496 138
496 145
496 179
496 204
496 313
497 284
497 498
497 314
497 480
497 568
497 393
497 18
497 139
497 251
497 276
497 352
497 457
497 484
497 504
497 528
497 585
498 275
498 156
498 77
498 517
498 187
498 143
498 263
498 558
498 13
498 491
498 177
498 271
498 327
498 241
498 548
498 522
498 194
498 470
498 480
498 497
499 528
499 244
499 473
499 127
499 141
499 151
499 416
499 422
499 162
499 339
499 350
499 379
499 599
500 560
500 188
500 366
500 306
500 183
500 27
500 268
500 50
500 575
500 94
500 105
500 116
500 149
500 163
500 257
500 262
500 333
500 519
500 523
500 597
501 560
501 342
501 443
501 300
501 492
501 564
501 523
501 32
501 201
501 203
501 248
501 267
501 315
501 422
501 484
501 548
502 393
502 48
502 218
502 132
502 155
502 157
502 200
502 350
502 405
502 440
503 275
503 159
503 592
503 164
503 376
503 311
503 340
503 472
503 308
503 185
503 109
503 120
503 197
503 278
503 434
503 464
503 479
504 497
504 405
504 192
504 541
504 102
504 89
504 397
504 169
504 107
504 223
504 302
504 314
504 403
504 435
505 358
505 560
505 33
505 211
505 445
505 225
505 289
505 145
505 594
505 314
505 578
505 363
505 492
505 34
505 91
505 118
505 153
505 166
505 178
505 222
505 252
505 266
506 205
506 41
506 588
506 479
506 269
506 46
506 11
506 48
506 66
506 411
506 152
506 153
506 217
506 252
506 306
506 315
506 341
506 563
506 592
507 105
507 68
507 156
507 420
507 150
507 301
507 315
507 466
507 369
507 93
507 216
507 460
507 546
507 588
507 598
508 360
508 405
508 152
508 23
508 220
508 339
508 347
508 410
508 484
509 182
509 195
509 240
509 568
509 145
509 260
509 446
509 479
509 121
509 193
509 262
509 270
509 299
509 371
509 480
510 227
510 212
510 260
510 590
510 537
510 571
510 296
510 304
510 143
510 156
510 163
510 180
510 207
510 279
510 411
510 543
511 235
511 547
511 228
511 201
511 523
511 254
511 347
511 34
511 301
511 302
511 539
512 418
512 251
512 565
512 192
512 405
512 232
512 429
512 305
512 287
512 310
512 321
512 330
512 339
512 377
512 459
512 470
512 522
513 325
513 196
513 107
513 444
513 565
513 242
513 489
513 202
513 304
513 519
513 571
513 258
513 354
513 8
513 317
513 333
513 482
513 475
513 62
513 13
513 60
513 228
513 241
513 255
513 256
513 293
513 421
513 517
514 599
514 112
514 225
514 11
514 46
514 318
514 530
514 337
514 550
514 215
514 79
514 370
514 9
514 39
514 94
514 354
514 432
515 569
515 548
515 157
515 143
515 210
515 583
515 429
515 440
515 197
515 19
515 45
515 109
515 151
515 221
515 262
515 372
515 374
515 453
515 456
515 487
516 571
516 459
516 531
516 58
516 580
516 26
516 354
516 17
516 53
516 56
516 236
516 332
516 487
516 599
517 326
517 225
517 122
517 120
517 158
517 449
517 411
517 324
517 262
517 336
517 426
517 513
517 553
517 84
517 83
517 205
517 241
517 394
517 498
518 544
518 400
518 241
518 226
518 551
518 58
518 479
518 33
518 426
518 301
518 22
518 2
518 292
518 5
518 107
518 135
518 290
518 342
518 392
518 531
518 548
519 500
519 158
519 310
519 101
519 590
519 421
519 5
519 46
519 79
519 87
519 204
519 418
519 424
519 513
519 588
520 240
520 597
520 306
520 358
520 354
520 312
520 53
520 230
520 274
520 46
520 596
520 218
520 20
520 28
520 31
520 96
520 348
520 471
521 554
521 102
521 327
521 92
521 36
521 210
521 373
521 193
521 222
521 261
521 281
521 293
521 347
521 413
522 283
522 512
522 599
522 569
522 494
522 248
522 427
522 30
522 199
522 269
522 365
522 473
522 498
523 171
523 58
523 555
523 551
523 492
523 167
523 199
523 411
523 500
523 46
523 76
523 139
523 154
523 155
523 328
523 394
523 413
523 432
523 434
523 445
523 501
523 511
523 568
523 591
524 23
524 422
524 141
524 255
524 448
524 367
524 91
524 586
524 546
524 87
524 290
524 298
525 576
525 150
525 288
525 114
525 232
525 111
525 441
525 200
525 98
525 80
525 143
525 251
525 278
525 294
525 310
525 366
525 419
525 527
525 579
525 596
526 383
526 324
526 72
526 277
526 389
526 102
526 69
526 70
526 127
526 223
526 282
526 411
526 423
527 525
527 359
527 333
527 294
527 481
527 317
527 410
527 25
527 268
527 155
527 163
527 149
527 285
527 363
527 367
527 587
528 432
528 261
528 380
528 102
528 477
528 262
528 541
528 497
528 580
528 465
528 355
528 40
528 276
528 130
528 182
528 193
528 250
528 316
528 377
528 430
528 499
529 435
529 336
529 442
529 444
529 454
529 146
529 477
529 194
529 538
529 46
529 58
529 145
529 162
529 190
529 207
529 291
529 363
529 410
529 541
529 592
530 356
530 492
530 305
530 205
530 589
530 448
530 73
530 95
530 160
530 193
530 302
530 354
530 383
530 388
530 444
530 481
530 514
531 229
531 87
531 518
531 117
531 19
531 61
531 139
531 143
531 262
531 271
531 274
531 428
531 516
531 568
532 29
532 534
532 93
532 321
532 397
532 353
532 83
532 8
532 467
532 469
532 552
532 591
532 596
532 599
533 417
533 51
533 105
533 159
533 332
533 77
533 200
533 451
533 473
533 481
534 549
534 30
534 585
534 294
534 413
534 233
534 57
534 67
534 78
534 104
534 127
534 154
534 390
534 459
534 475
534 532
534 545
534 599
535 143
535 401
535 586
535 485
535 275
535 481
535 33
535 21
535 577
535 229
535 17
535 37
535 141
535 192
535 213
535 382
536 126
536 586
536 362
536 67
536 463
536 43
536 52
536 65
536 127
536 240
536 321
536 394
536 411
536 448
537 357
537 441
537 236
537 223
537 61
537 67
537 273
537 370
537 433
537 456
537 510
538 381
538 140
538 313
538 495
538 321
538 386
538 141
538 31
538 134
538 153
538 154
538 189
538 219
538 341
538 430
538 529
538 540
538 594
539 511
539 595
539 473
539 428
539 87
539 156
539 171
539 238
539 298
539 331
539 340
539 466
539 471
539 587
540 76
540 169
540 359
540 538
540 484
540 208
540 186
540 319
540 197
540 13
540 29
540 99
540 113
540 211
540 233
540 244
540 255
540 305
540 311
540 544
541 42
541 438
541 551
541 34
541 529
541 375
541 29
541 36
541 44
541 56
541 71
541 76
541 108
541 244
541 321
541 384
541 504
541 528
542 395
542 33
542 91
542 585
542 321
542 34
542 450
542 245
542 93
542 112
542 117
542 209
542 216
542 269
542 397
542 457
542 468
542 545
543 102
543 40
543 554
543 76
543 12
543 510
543 268
543 118
543 2
543 329
543 280
543 108
543 112
543 124
543 232
543 292
543 387
543 444
543 555
544 212
544 280
544 356
544 234
544 216
544 143
544 254
544 52
544 414
544 100
544 540
544 13
544 42
544 60
544 159
544 272
544 314
544 365
544 481
544 518
544 589
545 228
545 534
545 542
545 226
545 101
545 287
545 290
545 325
545 328
545 355
545 441
545 560
545 564
546 84
546 182
546 445
546 365
546 507
546 187
546 117
546 130
546 449
546 184
546 409
546 29
546 30
546 60
546 91
546 196
546 200
546 240
546 252
546 265
546 458
546 524
546 568
547 166
547 158
547 256
547 13
547 99
547 185
547 379
547 42
547 583
547 40
547 104
547 416
547 358
547 130
547 295
547 319
547 326
547 353
547 374
547 378
547 403
547 464
547 473
547 511
548 115
548 551
548 299
548 427
548 234
548 501
548 163
548 35
548 518
548 118
548 155
548 281
548 313
548 398
548 412
548 498
548 515
549 159
549 145
549 400
549 85
549 170
549 116
549 107
549 270
549 111
549 318
549 380
549 58
549 59
549 68
549 222
549 327
549 349
549 372
549 406
549 415
549 450
549 534
550 315
550 386
550 132
550 250
550 439
550 453
550 60
550 9
550 27
550 37
550 282
550 285
550 306
550 426
550 514
550 563
551 116
551 494
551 381
551 344
551 452
551 460
551 50
551 71
551 161
551 276
551 306
551 322
551 357
551 434
551 470
551 471
551 518
551 523
551 541
551 548
551 555
551 574
551 595
552 78
552 36
552 75
552 86
552 202
552 111
552 532
552 150
552 388
552 600
552 16
552 396
552 596
552 3
552 7
552 182
552 187
552 200
552 333
553 442
553 268
553 364
553 301
553 343
553 35
553 164
553 296
553 139
553 36
553 563
553 11
553 19
553 25
553 109
553 117
553 207
553 208
553 216
553 241
553 332
553 341
553 376
553 430
553 444
553 517
554 288
554 159
554 456
554 23
554 74
554 128
554 130
554 149
554 273
554 292
554 384
554 412
554 521
554 543
555 42
555 543
555 339
555 10
555 551
555 97
555 211
555 262
555 354
555 253
555 21
555 137
555 298
555 311
555 348
555 358
555 403
555 523
556 438
556 384
556 387
556 331
556 233
556 341
556 279
556 102
556 285
556 566
557 170
557 37
557 12
557 571
557 581
557 174
557 247
557 76
557 89
557 111
557 121
557 133
557 157
557 164
557 284
557 321
557 403
557 450
557 467
557 562
558 253
558 262
558 305
558 202
558 411
558 436
558 292
558 284
558 382
558 47
558 81
558 149
558 210
558 354
558 498
559 78
559 253
559 172
559 91
559 582
559 257
559 334
559 171
559 74
559 127
559 200
559 211
559 254
559 264
559 282
559 404
559 598
560 325
560 65
560 545
560 397
560 211
560 75
560 101
560 148
560 150
560 158
560 181
560 182
560 252
560 355
560 363
560 434
560 456
560 500
560 501
560 505
560 585
561 213
561 351
561 413
561 387
561 287
561 222
561 301
561 251
561 482
561 28
561 50
561 97
561 201
561 320
561 334
562 148
562 566
562 49
562 165
562 59
562 136
562 319
562 557
562 218
562 6
562 51
562 62
562 158
562 235
562 318
562 398
563 550
563 3
563 46
563 166
563 77
563 153
563 437
563 215
563 572
563 438
563 506
563 173
563 9
563 11
563 15
563 24
563 72
563 78
563 145
563 202
563 230
563 256
563 257
563 440
563 448
563 553
563 582
564 568
564 340
564 367
564 132
564 483
564 482
564 88
564 18
564 86
564 33
564 319
564 266
564 437
564 148
564 337
564 545
564 381
564 296
564 66
564 81
564 180
564 200
564 207
564 251
564 330
564 400
564 478
564 501
565 485
565 599
565 414
565 47
565 385
565 402
565 184
565 71
565 350
565 577
565 89
565 93
565 105
565 210
565 352
565 357
565 492
565 512
565 513
566 492
566 575
566 556
566 354
566 463
566 166
566 363
566 412
566 455
566 481
566 562
566 576
567 18
567 443
567 25
567 58
567 137
567 286
567 346
568 62
568 315
568 431
568 295
568 72
568 59
568 523
568 250
568 210
568 546
568 264
568 9
568 531
568 133
568 218
568 282
568 290
568 317
568 434
568 450
568 454
568 492
568 497
568 509
568 564
568 594
569 230
569 255
569 6
569 446
569 3
569 102
569 264
569 274
569 595
569 7
569 48
569 175
569 312
569 344
569 413
569 515
569 522
570 444
570 266
570 581
570 449
570 252
570 264
570 293
570 582
570 308
570 194
570 287
570 344
570 58
570 64
570 176
570 202
570 239
570 317
570 337
570 600
571 331
571 156
571 380
571 186
571 461
571 382
571 251
571 182
571 294
571 443
571 510
571 513
571 516
571 557
572 319
572 317
572 31
572 227
572 591
572 111
572 34
572 312
572 596
572 196
572 88
572 90
572 121
572 128
572 163
572 246
572 260
572 408
572 410
572 563
572 592
573 461
573 84
573 201
573 209
573 132
573 15
573 39
573 138
573 154
573 173
573 272
573 410
574 204
574 440
574 470
574 551
574 474
574 107
574 436
574 289
574 461
574 435
574 337
574 27
574 493
574 251
574 407
574 2
574 131
574 193
574 208
574 280
574 360
574 426
575 148
575 595
575 88
575 187
575 13
575 310
575 451
575 48
575 49
575 70
575 72
575 223
575 421
575 439
575 452
575 500
575 566
576 443
576 268
576 254
576 120
576 566
576 235
576 273
576 452
576 464
576 525
577 247
577 137
577 454
577 251
577 417
577 473
577 444
577 46
577 219
577 244
577 310
577 314
577 316
577 535
577 565
578 206
578 3
578 132
578 192
578 215
578 46
578 126
578 252
578 274
578 307
578 365
578 384
578 467
578 505
579 599
579 434
579 10
579 118
579 525
579 268
579 244
579 213
579 45
579 454
579 471
580 76
580 20
580 51
580 60
580 516
580 528
580 582
581 161
581 121
581 240
581 465
581 132
581 43
581 267
581 403
581 557
581 570
582 76
582 580
582 323
582 274
582 563
582 250
582 61
582 167
582 226
582 285
582 287
582 455
582 559
582 570
583 45
583 148
583 294
583 442
583 320
583 170
583 432
583 5
583 6
583 82
583 281
583 483
583 515
583 547
583 591
584 56
584 120
584 273
584 51
584 112
584 117
584 268
584 271
584 336
584 339
584 432
584 596
585 345
585 497
585 209
585 65
585 67
585 560
585 155
585 183
585 316
585 252
585 439
585 247
585 112
585 302
585 309
585 377
585 437
585 534
585 542
586 126
586 340
586 475
586 217
586 202
586 588
586 163
586 471
586 91
586 92
586 272
586 423
586 464
586 524
586 535
586 536
587 253
587 527
587 487
587 464
587 319
587 307
587 91
587 539
587 124
587 30
587 96
587 164
587 414
588 507
588 58
588 116
588 202
588 519
588 75
588 212
588 215
588 238
588 366
588 389
588 506
588 586
589 457
589 12
589 381
589 284
589 544
589 469
589 107
589 19
589 46
589 86
589 153
589 180
589 206
589 321
589 432
589 452
589 493
589 530
590 415
590 20
590 384
590 280
590 337
590 445
590 376
590 42
590 127
590 324
590 414
590 460
590 510
590 519
591 334
591 583
591 345
591 523
591 231
591 292
591 532
591 249
591 32
591 289
591 291
591 343
591 572
592 385
592 572
592 529
592 116
592 215
592 217
592 187
592 506
592 117
592 86
592 103
592 114
592 120
592 160
592 220
592 242
592 301
592 336
592 413
592 450
592 479
592 503
593 341
593 56
593 420
593 40
593 4
593 325
593 266
593 7
593 156
593 220
593 84
593 48
593 129
593 172
593 185
593 253
593 321
593 409
593 412
593 461
593 471
594 106
594 251
594 322
594 8
594 538
594 568
594 418
594 599
594 143
594 159
594 224
594 229
594 377
594 382
594 388
594 484
594 505
595 551
595 179
595 78
595 396
595 302
595 107
595 118
595 193
595 364
595 539
595 569
595 575
596 365
596 226
596 525
596 584
596 532
596 228
596 245
596 131
596 33
596 140
596 145
596 172
596 186
596 295
596 314
596 325
596 478
596 520
596 552
596 572
597 500
597 45
597 269
597 473
597 256
597 117
597 408
597 34
597 122
597 173
597 289
597 347
597 422
597 478
597 520
598 559
598 507
598 43
598 407
598 42
598 114
598 251
598 349
599 516
599 534
599 319
599 74
599 380
599 532
599 499
599 34
599 82
599 138
599 257
599 318
599 423
599 514
599 522
599 565
599 579
599 594
600 170
600 305
600 570
600 488
600 131
600 98
600 112
600 220
600 293
600 356
600 552
