1 406
1 119
1 321
1 156
1 234
1 123
1 327
1 431
1 223
1 132
1 244
1 344
1 218
1 561
1 44
1 71
1 158
1 322
1 341
1 390
1 427
1 449
1 542
2 133
2 39
2 554
2 429
2 405
2 390
2 262
2 344
2 381
2 285
2 93
2 139
2 112
2 219
2 460
2 499
2 515
2 551
3 408
3 351
3 195
3 395
3 267
3 570
3 585
3 18
3 89
3 167
3 428
3 436
3 488
3 560
4 76
4 11
4 85
4 123
4 141
4 181
4 213
4 222
4 447
4 483
4 570
4 585
5 236
5 560
5 463
5 572
5 521
5 415
5 8
5 22
5 86
5 90
5 93
5 171
5 423
5 447
5 520
5 528
5 565
6 42
6 83
6 370
6 209
6 96
6 41
6 284
6 131
6 191
6 557
6 376
6 15
6 65
6 94
6 97
6 116
6 232
6 260
6 347
6 454
6 485
6 545
6 555
6 586
7 96
7 481
7 546
7 470
7 119
7 137
7 506
7 368
7 449
7 562
7 330
7 337
7 527
7 193
8 5
8 60
8 106
8 154
8 196
8 262
8 290
8 291
8 548
8 568
9 128
9 523
9 114
9 129
9 476
9 384
9 467
9 526
9 481
9 375
9 338
9 574
9 143
9 204
9 209
9 233
9 347
9 549
9 590
10 185
10 234
10 191
10 439
10 16
10 24
10 25
10 39
10 174
10 178
10 188
10 189
10 205
10 251
10 272
10 315
10 336
10 342
10 394
10 427
10 461
10 514
11 342
11 219
11 551
11 476
11 183
11 153
11 205
11 4
11 422
11 400
11 392
11 21
11 149
11 160
11 285
11 543
12 503
12 559
12 108
12 184
12 296
12 129
12 379
12 187
12 239
12 583
12 86
12 203
12 225
12 339
12 350
12 464
12 487
12 599
13 241
13 343
13 462
13 62
13 15
13 377
13 240
13 572
13 100
13 278
13 463
13 593
14 282
14 140
14 251
14 413
15 531
15 391
15 266
15 494
15 81
15 559
15 6
15 104
15 169
15 13
15 94
15 97
15 111
15 227
15 268
15 290
15 396
15 478
15 517
15 543
15 563
16 64
16 10
16 205
16 199
16 544
16 533
16 114
16 139
16 420
16 126
16 143
16 179
16 334
16 383
16 501
16 514
16 578
16 591
17 540
17 392
17 553
17 22
17 391
17 422
17 468
17 335
17 308
17 202
17 51
17 126
17 182
17 194
17 197
17 315
17 341
17 538
17 579
17 585
17 586
18 3
18 62
18 148
18 487
18 124
18 19
18 51
18 59
18 69
18 108
18 285
18 300
18 324
18 328
18 331
18 351
18 363
18 374
19 67
19 489
19 18
19 60
19 561
19 491
19 101
19 590
19 160
19 181
19 136
19 450
19 584
19 349
19 83
19 122
19 130
19 197
19 207
19 266
19 304
19 341
19 434
19 439
19 452
19 493
19 565
20 112
20 116
20 265
20 315
20 224
20 97
20 124
20 83
20 374
20 43
20 46
20 190
20 313
20 348
20 363
20 464
20 473
20 549
20 558
21 11
21 173
21 243
21 137
21 380
21 293
21 503
21 549
21 519
21 275
21 460
21 322
21 564
22 499
22 384
22 28
22 214
22 520
22 255
22 282
22 353
22 555
22 432
22 163
22 84
22 525
22 5
22 17
22 30
22 110
22 112
22 168
22 247
22 306
22 338
22 471
22 563
23 513
23 377
23 187
23 229
23 291
23 309
23 483
23 560
23 568
24 290
24 113
24 78
24 98
24 547
24 10
24 427
24 340
24 89
24 118
24 123
24 128
24 137
24 247
24 336
24 344
24 405
24 430
25 10
25 112
25 155
25 445
25 427
25 330
25 347
25 542
25 568
26 540
26 215
26 419
26 423
26 448
26 349
26 49
26 122
26 299
26 351
26 386
26 387
26 388
26 429
26 477
26 500
27 574
27 187
27 517
27 366
27 158
27 353
27 385
27 441
27 520
28 509
28 488
28 387
28 376
28 448
28 205
28 477
28 508
28 444
28 158
28 429
28 22
28 218
28 287
28 319
28 559
28 577
28 579
29 328
29 396
29 563
29 128
29 510
29 115
29 436
29 122
29 255
29 202
29 57
29 224
29 108
29 119
29 206
29 256
29 262
29 471
29 517
29 518
29 538
29 592
30 437
30 487
30 551
30 162
30 561
30 563
30 320
30 475
30 521
30 223
30 22
30 33
30 83
30 147
30 148
30 248
30 283
30 321
30 396
30 411
30 494
30 499
30 548
30 591
31 265
31 402
31 411
31 453
31 271
31 555
31 132
31 308
31 444
31 543
31 574
31 587
32 538
32 567
32 145
32 272
32 35
32 317
32 348
32 49
32 51
32 123
32 162
32 163
32 290
32 405
32 432
33 228
33 530
33 149
33 408
33 136
33 264
33 30
33 286
33 417
33 309
33 51
33 63
33 193
33 266
33 287
33 293
33 343
33 513
33 546
33 547
33 568
34 156
34 45
34 97
34 442
34 282
34 251
34 305
34 509
34 547
34 541
34 321
34 505
34 324
34 372
34 270
34 87
34 575
34 125
34 163
34 255
34 284
34 330
34 463
34 500
34 546
35 593
35 84
35 199
35 514
35 241
35 517
35 163
35 32
35 36
35 87
35 137
35 169
35 192
35 235
35 316
35 434
35 448
35 482
35 499
35 563
36 125
36 187
36 455
36 432
36 515
36 461
36 359
36 582
36 35
36 97
36 50
36 102
36 122
36 343
36 498
36 543
37 460
37 311
37 228
37 327
37 254
37 462
37 510
37 45
37 116
37 413
37 77
37 197
37 210
37 51
37 166
37 91
37 280
37 318
37 560
38 565
38 597
38 99
38 85
38 293
38 60
38 93
38 434
38 514
38 522
38 547
38 556
39 482
39 466
39 115
39 470
39 477
39 10
39 2
39 44
39 93
39 215
39 267
39 349
39 389
40 258
40 278
40 564
40 155
40 415
40 490
40 53
40 101
40 118
40 174
40 191
40 216
40 287
40 380
41 489
41 485
41 85
41 134
41 394
41 559
41 518
41 341
41 583
41 275
41 339
41 6
41 67
41 188
41 189
41 252
41 357
41 463
41 510
42 54
42 299
42 352
42 319
42 399
42 310
42 521
42 293
42 309
42 509
42 233
42 6
42 112
42 246
42 287
42 330
42 384
42 413
42 423
42 456
42 548
42 573
43 80
43 276
43 271
43 20
43 441
43 258
43 63
43 273
43 343
43 428
43 406
43 86
43 247
43 409
43 566
44 39
44 236
44 270
44 562
44 1
44 75
44 77
44 101
44 127
44 215
44 311
44 402
44 505
45 199
45 345
45 34
45 37
45 182
45 264
45 375
45 491
45 567
46 103
46 535
46 561
46 236
46 382
46 349
46 86
46 167
46 239
46 223
46 405
46 519
46 163
46 20
46 189
46 111
46 271
46 310
46 395
46 528
46 47
46 48
46 357
46 358
46 375
46 402
46 424
46 433
46 435
46 448
46 459
47 182
47 140
47 568
47 46
47 428
47 83
47 290
47 234
47 68
47 217
47 299
47 523
47 94
47 97
47 103
47 158
47 186
47 193
47 203
47 251
47 306
47 558
47 573
48 580
48 46
48 544
48 260
48 100
48 215
48 309
48 410
48 85
48 325
48 162
48 101
48 557
48 208
48 256
48 401
48 465
49 392
49 477
49 191
49 32
49 548
49 284
49 26
49 53
49 108
49 122
49 187
49 293
49 309
49 337
49 382
49 442
49 525
49 534
49 550
50 193
50 339
50 282
50 82
50 583
50 570
50 116
50 36
50 57
50 317
50 287
50 149
50 573
50 144
50 374
50 528
50 529
50 531
50 544
50 572
51 521
51 143
51 546
51 107
51 138
51 123
51 508
51 390
51 18
51 331
51 224
51 595
51 468
51 17
51 67
51 32
51 322
51 33
51 37
51 79
51 94
51 96
51 405
51 438
51 562
52 159
52 378
52 186
52 169
52 141
52 74
52 105
52 166
52 219
52 240
52 454
52 497
52 505
52 538
52 546
53 222
53 71
53 335
53 423
53 189
53 141
53 72
53 459
53 40
53 385
53 49
53 89
53 461
53 401
53 145
53 293
53 334
53 369
53 465
53 467
53 560
54 443
54 216
54 173
54 520
54 184
54 95
54 344
54 42
54 68
54 90
54 91
54 125
54 142
54 199
54 306
54 325
54 387
54 478
54 574
55 272
55 293
55 489
55 427
55 481
55 342
55 89
55 127
55 165
55 240
55 340
55 516
55 553
55 557
55 589
56 569
56 354
56 160
56 343
56 230
56 535
56 494
56 132
56 384
56 57
56 75
56 441
56 455
56 517
57 554
57 574
57 451
57 348
57 177
57 174
57 597
57 56
57 29
57 50
57 101
57 205
57 299
57 476
57 568
57 590
58 535
58 432
58 338
58 263
58 530
58 108
58 147
58 215
58 216
58 374
58 443
58 552
58 566
59 482
59 80
59 284
59 360
59 207
59 212
59 18
59 86
59 87
59 164
59 182
59 341
59 394
59 427
59 471
59 540
59 541
59 581
60 132
60 272
60 200
60 80
60 226
60 152
60 408
60 490
60 553
60 401
60 316
60 38
60 497
60 195
60 296
60 290
60 8
60 330
60 19
60 394
60 426
60 457
60 513
61 477
61 340
61 475
61 582
61 234
61 242
61 137
61 467
61 107
61 76
61 126
61 209
61 556
61 572
62 166
62 575
62 583
62 527
62 436
62 76
62 259
62 431
62 291
62 496
62 13
62 18
62 88
62 156
62 162
62 257
62 264
62 281
62 284
62 304
62 324
63 33
63 384
63 548
63 321
63 270
63 291
63 163
63 441
63 43
63 81
63 82
63 101
63 133
63 186
63 219
63 229
63 302
63 413
63 435
63 562
63 581
64 191
64 169
64 148
64 343
64 578
64 151
64 365
64 65
64 91
64 466
64 424
64 449
64 579
64 263
64 273
64 16
64 67
64 79
64 96
64 341
64 367
64 371
64 384
64 437
64 498
65 88
65 303
65 132
65 240
65 473
65 6
65 413
65 483
65 64
65 84
65 351
65 384
65 418
65 430
65 454
66 481
66 585
66 119
66 120
66 69
66 577
66 522
66 193
66 329
66 301
66 128
66 274
66 317
66 326
67 226
67 64
67 323
67 431
67 490
67 479
67 41
67 382
67 223
67 239
67 75
67 475
67 198
67 435
67 19
67 51
67 182
67 228
67 264
67 278
67 336
67 422
68 195
68 200
68 141
68 186
68 521
68 164
68 475
68 54
68 47
68 72
68 130
68 151
68 170
68 236
68 263
68 287
68 328
68 370
68 518
68 564
69 549
69 203
69 120
69 542
69 545
69 563
69 18
69 109
69 466
69 72
69 490
69 66
69 182
69 285
69 430
69 533
69 546
69 578
70 575
70 447
70 212
70 352
70 231
70 102
70 384
70 293
70 312
70 568
70 81
70 265
70 201
70 96
70 166
70 230
70 247
70 437
70 532
70 586
71 258
71 387
71 565
71 264
71 526
71 320
71 101
71 555
71 380
71 1
71 53
71 77
71 95
71 157
71 228
71 262
71 269
71 325
71 347
71 486
71 500
72 282
72 361
72 151
72 116
72 498
72 68
72 517
72 439
72 408
72 53
72 69
72 92
72 98
72 99
72 127
72 306
72 398
72 442
72 542
73 577
73 172
73 283
73 484
73 331
73 551
73 92
73 496
73 244
73 193
73 241
73 280
74 444
74 464
74 211
74 148
74 275
74 52
74 285
74 576
74 553
74 196
74 201
74 247
74 269
74 306
74 397
74 415
74 429
74 431
74 437
74 439
75 370
75 44
75 490
75 167
75 92
75 56
75 499
75 175
75 67
75 226
75 264
75 335
75 350
75 485
76 137
76 252
76 281
76 61
76 542
76 280
76 428
76 198
76 4
76 62
76 113
76 127
76 148
76 245
76 430
76 460
77 566
77 71
77 451
77 44
77 379
77 270
77 571
77 37
77 138
77 173
77 370
77 407
77 418
77 459
77 467
77 517
77 543
78 235
78 284
78 510
78 486
78 181
78 207
78 530
78 184
78 136
78 99
78 588
78 388
78 24
78 123
78 242
78 251
78 253
78 261
78 286
78 389
78 391
78 418
78 434
78 447
78 466
79 486
79 64
79 426
79 284
79 51
79 505
79 409
79 423
79 193
79 443
79 390
79 285
79 414
79 421
80 351
80 384
80 420
80 43
80 59
80 60
80 100
80 107
80 168
80 212
80 408
80 479
81 441
81 139
81 557
81 402
81 207
81 589
81 63
81 509
81 262
81 260
81 451
81 585
81 15
81 70
81 91
81 172
81 213
81 342
81 444
81 478
81 562
82 63
82 409
82 546
82 586
82 433
82 404
82 50
82 85
82 118
82 152
82 223
82 227
82 379
82 450
82 483
82 529
83 595
83 19
83 131
83 344
83 328
83 30
83 570
83 6
83 20
83 47
83 135
83 175
83 257
83 262
84 167
84 246
84 184
84 65
84 487
84 138
84 481
84 22
84 35
84 112
84 139
84 250
84 275
84 444
84 530
84 574
85 88
85 189
85 573
85 4
85 120
85 138
85 414
85 111
85 569
85 566
85 474
85 478
85 82
85 38
85 41
85 48
85 129
85 143
85 201
85 210
85 285
85 354
85 429
85 435
85 514
85 570
86 5
86 197
86 43
86 535
86 156
86 155
86 403
86 12
86 516
86 46
86 59
86 199
86 247
86 253
86 328
86 342
86 421
86 583
87 35
87 311
87 287
87 498
87 350
87 226
87 285
87 425
87 260
87 430
87 348
87 369
87 34
87 59
87 98
87 99
87 210
87 378
87 535
88 229
88 62
88 362
88 65
88 85
88 127
88 146
88 150
88 162
88 208
88 440
88 464
89 160
89 24
89 384
89 3
89 412
89 378
89 171
89 164
89 413
89 55
89 303
89 53
89 218
89 332
89 532
90 487
90 522
90 364
90 182
90 54
90 481
90 5
90 359
90 172
90 549
90 263
90 236
90 306
90 390
90 450
90 486
90 542
91 291
91 384
91 122
91 481
91 54
91 37
91 81
91 228
91 206
91 419
91 64
91 209
91 325
91 413
91 424
91 432
91 461
91 522
91 537
91 555
92 72
92 485
92 410
92 225
92 389
92 73
92 75
92 163
92 252
92 257
92 418
92 449
92 552
92 555
92 563
93 543
93 430
93 299
93 332
93 163
93 296
93 5
93 39
93 386
93 209
93 484
93 370
93 455
93 538
93 529
93 522
93 586
93 38
93 460
93 587
93 2
93 100
93 127
93 137
93 347
93 600
94 391
94 51
94 400
94 417
94 15
94 584
94 456
94 6
94 310
94 577
94 228
94 381
94 47
94 157
94 227
94 229
94 325
94 377
94 461
95 389
95 71
95 262
95 590
95 358
95 483
95 533
95 54
95 210
95 227
95 297
95 301
95 351
95 414
95 464
95 495
95 547
95 570
95 575
95 593
96 262
96 509
96 392
96 372
96 325
96 64
96 248
96 280
96 201
96 51
96 434
96 70
96 6
96 7
96 109
96 176
96 284
96 385
96 496
96 498
96 527
96 536
96 592
97 6
97 15
97 540
97 228
97 562
97 494
97 411
97 271
97 284
97 484
97 370
97 374
97 20
97 34
97 36
97 47
97 190
97 270
97 473
97 487
97 492
97 585
98 212
98 179
98 461
98 264
98 72
98 87
98 563
98 24
98 163
98 219
98 244
98 432
98 559
98 590
99 443
99 342
99 314
99 397
99 328
99 87
99 72
99 38
99 78
99 262
99 298
99 312
99 321
99 372
99 459
99 472
99 478
99 509
99 534
99 555
100 80
100 93
100 204
100 426
100 478
100 575
100 289
100 258
100 13
100 48
100 122
100 132
100 145
100 162
101 198
101 63
101 44
101 538
101 40
101 519
101 156
101 232
101 578
101 57
101 19
101 48
101 71
101 290
101 299
101 384
101 407
101 539
102 597
102 205
102 520
102 201
102 377
102 425
102 36
102 187
102 569
102 155
102 558
102 530
102 469
102 70
102 442
102 599
103 582
103 47
103 238
103 399
103 568
103 198
103 46
103 151
103 190
103 224
103 235
103 304
103 325
103 333
103 381
103 402
103 485
103 506
104 546
104 208
104 230
104 580
104 477
104 271
104 15
104 210
104 326
104 337
104 370
104 380
104 454
104 479
104 548
105 151
105 595
105 206
105 419
105 324
105 52
105 348
105 403
105 529
105 119
105 219
105 222
105 321
105 518
105 519
105 521
105 561
106 156
106 389
106 8
106 459
106 216
106 224
106 321
106 529
106 575
107 291
107 387
107 518
107 252
107 258
107 297
107 80
107 180
107 341
107 281
107 51
107 61
107 336
107 362
107 368
107 388
107 440
107 511
107 579
108 527
108 220
108 18
108 592
108 293
108 130
108 117
108 49
108 29
108 464
108 58
108 12
108 181
108 211
108 255
108 287
108 336
108 365
109 597
109 511
109 552
109 96
109 585
109 181
109 268
109 144
109 387
109 183
109 533
109 69
109 190
109 200
109 276
109 359
109 418
109 466
109 549
110 498
110 494
110 380
110 338
110 396
110 512
110 410
110 318
110 209
110 342
110 22
110 383
110 463
110 513
110 600
111 146
111 15
111 218
111 202
111 396
111 450
111 46
111 85
111 433
111 509
111 564
112 429
112 42
112 84
112 128
112 177
112 349
112 512
112 427
112 447
112 574
112 586
112 2
112 22
112 179
112 20
112 25
112 242
112 271
112 273
112 310
112 350
112 402
112 428
112 483
112 509
112 516
112 523
113 76
113 235
113 24
113 115
113 122
113 131
113 156
113 266
113 333
113 374
114 385
114 294
114 119
114 391
114 442
114 9
114 16
114 116
114 156
114 163
114 166
114 434
114 439
114 451
114 513
114 518
115 113
115 227
115 29
115 39
115 119
115 360
115 378
115 440
115 451
115 463
115 543
115 546
115 547
115 552
115 597
116 149
116 290
116 114
116 588
116 126
116 464
116 423
116 6
116 186
116 20
116 37
116 50
116 72
116 172
116 357
116 377
116 399
116 528
116 536
117 128
117 278
117 130
117 148
117 378
117 232
117 573
117 470
117 553
117 465
117 418
117 108
117 186
117 257
117 305
117 309
117 398
117 500
117 545
118 170
118 248
118 82
118 243
118 508
118 24
118 156
118 293
118 40
118 390
118 186
118 326
118 154
118 199
118 203
118 259
118 267
118 347
118 388
118 414
118 478
118 518
118 549
118 557
119 338
119 115
119 597
119 327
119 285
119 588
119 105
119 294
119 170
119 559
119 149
119 466
119 29
119 1
119 7
119 66
119 114
119 153
119 365
119 521
119 553
119 555
119 585
119 599
120 245
120 193
120 536
120 253
120 132
120 501
120 66
120 69
120 85
120 190
120 202
120 276
120 313
120 317
120 344
120 384
120 435
120 455
120 511
121 516
121 568
121 252
121 504
121 164
121 525
121 292
121 482
121 575
121 317
121 224
121 439
121 499
121 187
121 372
121 219
121 127
121 195
121 240
121 254
121 280
121 298
121 341
122 100
122 287
122 113
122 195
122 49
122 378
122 349
122 512
122 365
122 398
122 466
122 470
122 263
122 19
122 388
122 596
122 357
122 26
122 36
122 258
122 29
122 91
122 135
122 219
122 266
122 317
122 539
122 576
123 32
123 318
123 568
123 288
123 554
123 24
123 595
123 392
123 334
123 4
123 153
123 596
123 78
123 561
123 169
123 1
123 51
123 141
123 244
123 257
123 262
123 273
123 292
123 323
123 330
123 413
123 557
124 581
124 570
124 271
124 341
124 187
124 194
124 238
124 431
124 311
124 156
124 18
124 20
124 149
124 283
124 328
124 334
125 591
125 433
125 325
125 54
125 34
125 209
125 448
125 566
125 265
125 342
125 454
125 36
125 225
125 517
125 589
126 504
126 434
126 17
126 559
126 61
126 16
126 152
126 116
126 155
126 182
126 273
126 415
126 526
126 586
127 505
127 44
127 72
127 458
127 461
127 93
127 457
127 138
127 184
127 88
127 509
127 528
127 558
127 76
127 574
127 399
127 55
127 450
127 324
127 121
127 202
127 298
127 322
127 376
127 402
127 442
127 521
128 331
128 225
128 335
128 325
128 514
128 227
128 193
128 24
128 143
128 66
128 370
128 9
128 29
128 112
128 117
128 312
128 394
128 561
128 599
129 202
129 491
129 322
129 263
129 409
129 161
129 85
129 190
129 287
129 9
129 12
129 179
129 183
129 336
129 544
130 269
130 212
130 198
130 254
130 403
130 228
130 19
130 167
130 230
130 68
130 108
130 117
130 225
130 282
130 292
130 467
131 547
131 136
131 113
131 285
131 167
131 301
131 518
131 6
131 83
131 182
131 201
131 219
131 239
131 486
131 513
131 517
131 519
131 570
132 417
132 373
132 423
132 100
132 288
132 31
132 209
132 1
132 56
132 60
132 65
132 120
132 154
132 301
132 343
132 387
132 488
132 523
132 544
132 593
133 291
133 230
133 227
133 168
133 63
133 185
133 277
133 2
133 145
133 161
133 162
133 179
133 240
133 302
133 527
133 531
133 538
134 570
134 150
134 287
134 453
134 331
134 503
134 592
134 41
134 155
134 191
134 350
134 490
134 564
135 451
135 353
135 319
135 403
135 83
135 122
135 443
135 425
135 195
135 523
135 457
135 142
135 463
135 161
135 320
135 390
135 405
135 465
135 467
135 470
135 479
135 520
136 567
136 223
136 191
136 19
136 33
136 78
136 131
136 150
136 210
136 310
137 430
137 24
137 358
137 264
137 35
137 391
137 251
137 546
137 93
137 7
137 21
137 61
137 76
137 282
137 398
137 424
137 425
137 490
137 498
137 520
138 77
138 401
138 291
138 355
138 306
138 590
138 51
138 84
138 85
138 127
138 232
138 480
138 538
139 84
139 388
139 305
139 143
139 338
139 219
139 226
139 332
139 506
139 2
139 16
139 81
139 157
139 404
139 438
139 468
140 523
140 14
140 189
140 274
140 209
140 578
140 558
140 415
140 372
140 47
140 174
140 180
140 229
140 379
140 519
140 547
140 582
141 4
141 239
141 123
141 477
141 355
141 52
141 53
141 68
141 149
141 184
141 217
141 262
141 552
141 596
142 316
142 337
142 515
142 54
142 158
142 135
142 155
142 230
142 287
142 322
142 363
142 417
142 425
142 435
142 514
143 333
143 9
143 181
143 151
143 16
143 85
143 569
143 158
143 446
143 357
143 51
143 128
143 139
143 149
143 201
143 222
143 302
143 306
143 341
143 447
143 546
143 559
144 557
144 269
144 297
144 50
144 337
144 514
144 495
144 109
144 182
144 391
144 448
144 456
144 517
145 133
145 290
145 507
145 591
145 53
145 196
145 317
145 439
145 271
145 373
145 100
145 32
145 165
145 315
146 315
146 319
146 88
146 564
146 562
146 111
146 155
146 161
146 176
146 273
146 355
146 384
147 485
147 30
147 270
147 396
147 599
147 58
147 177
147 410
147 468
147 473
147 563
147 576
148 297
148 498
148 263
148 76
148 30
148 153
148 258
148 243
148 18
148 64
148 74
148 117
148 226
148 295
148 396
148 403
148 421
148 515
148 529
148 535
149 124
149 536
149 420
149 430
149 365
149 11
149 516
149 478
149 488
149 143
149 141
149 33
149 50
149 116
149 119
149 218
149 228
149 285
149 470
149 495
150 232
150 281
150 220
150 136
150 302
150 88
150 309
150 509
150 206
150 134
150 175
150 327
150 358
150 428
150 454
150 516
150 517
150 548
151 540
151 501
151 407
151 372
151 589
151 185
151 362
151 68
151 103
151 64
151 72
151 105
151 143
151 154
151 190
151 202
151 269
151 319
151 513
152 455
152 195
152 598
152 477
152 407
152 564
152 82
152 488
152 60
152 126
152 199
152 216
152 283
152 390
152 403
152 433
152 456
152 469
153 243
153 503
153 390
153 220
153 189
153 401
153 525
153 119
153 325
153 586
153 155
153 360
153 172
153 544
153 11
153 123
153 148
153 519
153 553
153 594
154 524
154 534
154 223
154 8
154 151
154 556
154 283
154 464
154 349
154 118
154 482
154 579
154 132
154 368
154 445
155 479
155 142
155 126
155 577
155 508
155 260
155 351
155 146
155 231
155 134
155 25
155 40
155 86
155 102
155 153
155 191
155 220
155 221
155 235
155 247
155 319
155 368
155 388
155 402
155 415
156 394
156 113
156 549
156 359
156 278
156 114
156 62
156 178
156 1
156 34
156 86
156 101
156 106
156 118
156 124
156 255
156 315
156 357
156 411
156 440
156 536
156 585
157 268
157 71
157 238
157 94
157 265
157 139
157 196
157 402
157 517
157 524
157 563
158 395
158 27
158 210
158 363
158 559
158 511
158 47
158 372
158 1
158 28
158 142
158 143
158 376
158 411
158 488
159 229
159 488
159 485
159 570
159 170
159 254
159 417
159 343
159 552
159 510
159 52
159 457
159 459
159 461
159 499
159 515
159 545
160 489
160 561
160 522
160 378
160 11
160 19
160 56
160 89
160 229
160 255
160 287
160 396
160 430
160 437
160 535
160 580
160 583
161 298
161 450
161 429
161 135
161 523
161 483
161 133
161 469
161 417
161 146
161 129
161 258
161 296
161 348
161 404
161 460
161 481
161 490
161 493
161 503
162 210
162 201
162 133
162 32
162 211
162 264
162 62
162 398
162 88
162 312
162 100
162 173
162 30
162 48
162 279
162 352
162 412
162 444
163 578
163 34
163 411
163 197
163 98
163 399
163 114
163 174
163 32
163 368
163 92
163 22
163 35
163 46
163 63
163 93
163 239
163 418
163 531
164 386
164 59
164 495
164 543
164 294
164 315
164 68
164 89
164 121
164 299
164 325
164 372
164 473
165 461
165 55
165 145
165 282
165 314
165 374
165 589
166 385
166 52
166 292
166 356
166 70
166 230
166 453
166 114
166 575
166 37
166 62
166 193
166 199
166 226
166 274
166 278
166 291
166 312
166 413
166 435
166 439
166 477
166 512
166 586
167 526
167 494
167 3
167 564
167 410
167 46
167 75
167 84
167 130
167 131
167 206
167 214
167 283
167 302
167 500
168 22
168 80
168 386
168 327
168 234
168 133
168 174
168 212
168 241
168 391
168 521
169 35
169 411
169 343
169 405
169 381
169 257
169 224
169 417
169 15
169 52
169 64
169 123
169 265
169 331
169 376
169 448
169 492
169 550
170 459
170 525
170 482
170 345
170 494
170 333
170 569
170 68
170 118
170 119
170 159
170 172
170 208
170 242
170 243
170 292
170 351
170 361
170 381
170 382
170 410
170 421
170 432
170 441
170 446
170 512
170 535
171 566
171 386
171 313
171 5
171 586
171 89
171 253
171 344
171 415
171 440
171 486
171 490
171 493
171 540
171 568
172 170
172 464
172 81
172 251
172 116
172 270
172 204
172 451
172 569
172 73
172 90
172 153
172 210
172 287
172 382
172 386
172 501
172 528
172 587
173 228
173 77
173 314
173 479
173 500
173 323
173 21
173 54
173 162
173 286
173 299
173 383
173 407
173 456
173 459
173 460
173 519
173 543
174 522
174 199
174 40
174 168
174 247
174 194
174 437
174 140
174 405
174 10
174 562
174 57
174 163
174 280
174 306
174 321
174 337
174 371
174 412
175 565
175 83
175 150
175 539
175 542
175 75
175 262
175 295
175 374
175 418
175 455
175 467
175 473
175 481
176 237
176 96
176 146
176 485
176 501
176 561
176 598
176 294
176 536
176 280
176 544
176 318
176 424
176 452
176 458
176 488
176 513
176 557
177 219
177 147
177 57
177 112
177 251
177 367
177 415
177 506
177 569
178 498
178 600
178 10
178 245
178 556
178 156
178 189
178 204
178 260
178 268
178 390
178 543
178 587
179 16
179 212
179 284
179 423
179 203
179 129
179 444
179 372
179 518
179 133
179 98
179 112
179 190
179 200
179 220
179 240
179 294
179 330
179 465
179 528
179 552
180 140
180 399
180 572
180 427
180 466
180 550
180 261
180 289
180 566
180 107
180 190
180 238
180 266
180 301
180 358
180 384
180 517
180 549
180 598
181 395
181 368
181 256
181 4
181 526
181 592
181 108
181 19
181 78
181 109
181 143
181 227
181 419
181 454
181 464
181 468
181 572
182 395
182 359
182 253
182 126
182 380
182 59
182 17
182 67
182 45
182 587
182 550
182 144
182 69
182 236
182 420
182 131
182 352
182 205
182 47
182 90
182 221
182 386
182 431
182 498
182 569
183 129
183 583
183 11
183 109
183 391
183 574
184 141
184 12
184 54
184 78
184 84
184 127
184 197
184 303
184 413
184 439
184 455
184 486
184 523
184 563
185 256
185 287
185 542
185 457
185 271
185 10
185 133
185 151
185 581
186 491
186 374
186 407
186 469
186 263
186 531
186 324
186 461
186 117
186 298
186 382
186 47
186 511
186 63
186 395
186 52
186 68
186 116
186 118
186 349
186 442
186 464
186 532
186 600
187 23
187 210
187 407
187 224
187 255
187 526
187 580
187 49
187 557
187 296
187 457
187 462
187 12
187 27
187 36
187 102
187 121
187 124
187 342
187 369
187 413
187 583
188 239
188 324
188 492
188 307
188 10
188 41
188 193
188 357
188 407
188 443
188 572
188 594
189 407
189 386
189 356
189 178
189 41
189 506
189 10
189 46
189 53
189 85
189 140
189 153
189 207
189 268
189 304
189 420
189 552
189 564
190 395
190 427
190 109
190 97
190 179
190 180
190 275
190 20
190 120
190 493
190 151
190 501
190 103
190 129
190 313
190 341
190 410
190 425
190 432
190 512
191 40
191 155
191 134
191 390
191 6
191 10
191 49
191 64
191 136
191 272
191 349
191 382
192 194
192 600
192 384
192 260
192 459
192 513
192 482
192 35
192 272
192 450
192 451
192 507
192 579
192 594
193 7
193 443
193 470
193 188
193 166
193 33
193 47
193 385
193 73
193 488
193 412
193 455
193 515
193 50
193 66
193 79
193 120
193 128
193 399
193 415
193 418
193 520
193 555
193 564
193 570
194 17
194 448
194 497
194 308
194 124
194 174
194 192
194 339
194 393
194 538
195 245
195 518
195 121
195 555
195 3
195 60
195 68
195 122
195 135
195 152
195 310
195 455
196 313
196 74
196 492
196 8
196 157
196 589
196 145
196 233
196 251
196 270
196 310
196 365
196 377
196 525
196 526
196 549
197 590
197 389
197 184
197 19
197 17
197 318
197 314
197 367
197 423
197 326
197 455
197 37
197 86
197 163
197 290
197 490
197 503
197 557
198 408
198 67
198 76
198 101
198 103
198 130
198 244
198 280
198 310
198 457
199 551
199 210
199 352
199 219
199 594
199 268
199 166
199 496
199 54
199 566
199 118
199 317
199 152
199 374
199 86
199 292
199 283
199 16
199 35
199 45
199 174
199 269
199 341
199 347
199 363
199 376
199 405
199 423
199 493
199 520
200 532
200 353
200 495
200 251
200 109
200 338
200 273
200 445
200 396
200 430
200 522
200 452
200 179
200 543
200 60
200 68
200 428
200 464
200 562
201 476
201 420
201 436
201 498
201 143
201 131
201 85
201 554
201 511
201 264
201 513
201 446
201 287
201 74
201 70
201 96
201 102
201 162
201 322
201 406
201 564
202 120
202 592
202 416
202 205
202 127
202 492
202 151
202 17
202 29
202 111
202 129
202 314
202 355
202 378
202 410
202 465
202 526
203 345
203 297
203 12
203 599
203 316
203 307
203 47
203 259
203 490
203 118
203 69
203 179
203 270
203 288
203 292
203 330
203 352
203 480
203 547
203 556
203 579
204 443
204 178
204 9
204 395
204 451
204 100
204 172
204 271
204 324
204 363
204 372
204 406
204 432
204 437
204 498
205 57
205 469
205 216
205 481
205 10
205 411
205 227
205 389
205 415
205 11
205 16
205 28
205 102
205 182
205 202
205 218
205 404
205 425
205 435
205 479
205 495
205 586
206 167
206 29
206 311
206 550
206 468
206 91
206 105
206 150
206 210
206 249
206 299
206 300
206 339
206 342
206 365
206 385
206 503
207 189
207 234
207 19
207 300
207 229
207 284
207 391
207 347
207 59
207 78
207 81
207 295
207 361
207 432
207 565
208 403
208 316
208 88
208 426
208 556
208 359
208 363
208 343
208 170
208 462
208 48
208 215
208 474
208 600
208 104
208 213
208 293
208 295
208 450
208 593
209 91
209 61
209 571
209 492
209 517
209 9
209 379
209 417
209 361
209 584
209 6
209 93
209 110
209 125
209 132
209 140
209 320
209 437
209 456
209 504
210 136
210 515
210 595
210 390
210 172
210 85
210 580
210 206
210 95
210 87
210 271
210 104
210 389
210 37
210 158
210 162
210 187
210 199
210 215
210 317
210 329
210 340
210 428
210 493
210 529
210 558
211 108
211 347
211 405
211 542
211 593
211 289
211 502
211 74
211 162
211 295
211 503
211 598
212 357
212 432
212 485
212 236
212 530
212 287
212 450
212 325
212 228
212 168
212 80
212 59
212 70
212 98
212 130
212 179
212 225
212 239
212 484
213 599
213 532
213 403
213 492
213 4
213 208
213 81
213 246
213 256
213 290
213 296
213 392
213 414
213 453
213 531
214 297
214 167
214 433
214 345
214 529
214 269
214 429
214 514
214 327
214 585
214 22
214 227
214 263
214 324
214 342
214 365
214 369
214 394
214 470
214 560
215 458
215 210
215 44
215 260
215 58
215 39
215 26
215 48
215 208
215 365
215 418
215 499
215 553
215 561
216 344
216 106
216 576
216 230
216 40
216 58
216 402
216 152
216 54
216 205
216 266
216 314
216 349
216 462
216 582
217 589
217 364
217 141
217 47
217 302
217 372
217 409
217 509
217 525
217 570
218 333
218 555
218 390
218 219
218 357
218 385
218 205
218 506
218 336
218 89
218 400
218 28
218 407
218 149
218 562
218 1
218 111
218 307
218 353
218 383
218 411
218 455
218 505
218 522
219 404
219 326
219 52
219 332
219 105
219 539
219 467
219 131
219 2
219 237
219 63
219 122
219 98
219 511
219 583
219 11
219 121
219 139
219 177
219 199
219 218
219 265
219 305
219 306
219 457
219 600
220 155
220 307
220 179
220 225
220 506
220 539
220 471
220 338
220 108
220 150
220 153
220 309
220 341
220 392
220 406
220 411
220 457
220 459
221 155
221 182
221 348
221 408
221 405
221 305
221 482
222 484
222 4
222 478
222 143
222 480
222 105
222 467
222 293
222 494
222 419
222 53
222 367
222 370
222 394
222 398
222 439
222 514
223 455
223 236
223 593
223 526
223 82
223 250
223 255
223 493
223 357
223 330
223 566
223 529
223 308
223 400
223 1
223 30
223 46
223 67
223 136
223 154
223 341
223 405
224 267
224 529
224 544
224 425
224 103
224 106
224 20
224 29
224 51
224 121
224 169
224 187
224 264
224 302
224 366
224 451
224 523
224 582
225 541
225 125
225 414
225 425
225 283
225 580
225 12
225 450
225 212
225 325
225 130
225 92
225 128
225 220
225 348
225 382
225 461
225 480
225 483
225 553
225 593
226 240
226 166
226 311
226 148
226 75
226 355
226 235
226 60
226 67
226 87
226 139
226 275
226 588
227 94
227 303
227 181
227 82
227 95
227 15
227 214
227 115
227 128
227 133
227 205
227 405
227 450
227 529
228 426
228 336
228 485
228 323
228 449
228 67
228 522
228 71
228 149
228 33
228 37
228 91
228 94
228 97
228 130
228 173
228 212
228 252
228 253
228 318
228 358
228 363
228 368
228 455
228 459
229 285
229 63
229 590
229 160
229 492
229 94
229 140
229 23
229 88
229 159
229 207
229 280
229 309
229 372
229 410
229 448
229 576
229 585
230 242
230 271
230 584
230 70
230 142
230 56
230 104
230 130
230 133
230 166
230 216
230 339
230 367
230 452
230 503
230 544
231 310
231 346
231 412
231 70
231 155
231 274
231 394
231 444
231 592
232 323
232 138
232 297
232 6
232 296
232 473
232 101
232 117
232 150
232 239
232 259
232 260
232 362
232 417
232 498
233 353
233 415
233 196
233 9
233 522
233 42
233 236
233 265
233 361
233 368
233 431
233 443
233 544
233 576
234 436
234 1
234 10
234 47
234 61
234 168
234 207
234 353
234 355
234 359
234 569
235 356
235 155
235 103
235 423
235 573
235 35
235 78
235 113
235 226
235 258
235 319
235 347
235 413
235 492
235 549
235 559
235 594
236 502
236 275
236 68
236 90
236 233
236 320
236 5
236 44
236 46
236 182
236 212
236 223
236 242
236 273
236 510
237 441
237 557
237 383
237 453
237 425
237 442
237 176
237 219
237 293
237 345
237 363
237 412
237 451
237 467
237 488
237 504
238 180
238 439
238 425
238 301
238 103
238 124
238 157
238 315
238 418
238 452
238 472
238 519
238 553
238 564
239 417
239 163
239 232
239 131
239 325
239 212
239 553
239 12
239 46
239 67
239 141
239 188
239 413
239 479
239 495
239 529
239 578
240 121
240 52
240 179
240 334
240 249
240 133
240 280
240 299
240 400
240 55
240 352
240 361
240 13
240 65
240 226
240 390
240 397
240 419
240 478
240 481
241 570
241 358
241 472
241 168
241 73
241 522
241 474
241 13
241 35
241 270
241 300
241 347
241 364
241 512
241 597
242 498
242 170
242 78
242 580
242 112
242 236
242 449
242 295
242 61
242 230
242 322
242 333
242 488
243 170
243 21
243 118
243 148
243 153
243 273
243 318
243 455
243 546
244 487
244 198
244 98
244 592
244 340
244 371
244 267
244 123
244 386
244 343
244 1
244 73
244 469
245 281
245 345
245 294
245 76
245 506
245 498
245 120
245 178
245 195
245 276
245 432
245 559
245 598
246 42
246 492
246 84
246 213
246 316
246 332
246 353
246 388
246 441
246 466
246 469
246 479
246 498
246 513
246 577
247 24
247 43
247 512
247 86
247 514
247 155
247 74
247 365
247 463
247 579
247 552
247 22
247 70
247 380
247 174
247 277
247 378
247 471
247 568
248 480
248 30
248 537
248 319
248 580
248 501
248 96
248 118
248 307
248 418
248 442
249 503
249 508
249 275
249 432
249 206
249 478
249 240
249 318
249 357
249 392
249 425
249 481
249 497
249 498
249 506
250 443
250 84
250 506
250 223
250 328
250 364
250 481
250 563
251 78
251 350
251 280
251 47
251 528
251 300
251 10
251 423
251 14
251 433
251 583
251 177
251 506
251 196
251 323
251 34
251 137
251 172
251 200
251 266
251 344
251 351
251 357
251 428
251 453
251 471
251 494
251 545
252 254
252 521
252 534
252 41
252 348
252 92
252 544
252 228
252 256
252 273
252 76
252 107
252 121
252 506
252 507
252 511
252 518
252 594
253 78
253 467
253 228
253 171
253 86
253 372
253 120
253 182
253 355
253 370
253 378
254 121
254 37
254 130
254 159
254 252
254 256
254 259
254 268
254 281
254 304
254 380
254 384
254 426
254 457
254 482
255 594
255 459
255 156
255 160
255 34
255 355
255 108
255 577
255 22
255 29
255 187
255 223
255 375
255 439
255 525
255 540
256 412
256 29
256 319
256 213
256 549
256 463
256 424
256 254
256 353
256 48
256 181
256 185
256 252
256 291
256 393
256 524
256 556
256 584
257 527
257 291
257 92
257 83
257 62
257 380
257 547
257 461
257 123
257 117
257 169
257 267
257 410
257 464
257 494
257 570
258 235
258 511
258 387
258 161
258 284
258 40
258 43
258 71
258 100
258 107
258 122
258 148
258 340
258 425
258 467
258 486
258 532
259 305
259 232
259 254
259 118
259 586
259 62
259 203
259 317
259 377
259 483
259 486
259 548
260 6
260 232
260 178
260 48
260 81
260 87
260 155
260 192
260 215
260 394
260 511
261 307
261 532
261 515
261 442
261 268
261 78
261 380
261 535
261 180
262 303
262 99
262 587
262 471
262 505
262 83
262 8
262 123
262 175
262 29
262 511
262 71
262 431
262 141
262 2
262 81
262 95
262 96
262 385
262 515
263 214
263 471
263 356
263 68
263 58
263 64
263 90
263 122
263 129
263 148
263 186
263 278
263 365
263 539
263 553
263 568
264 67
264 75
264 224
264 62
264 353
264 542
264 476
264 447
264 370
264 556
264 547
264 45
264 283
264 574
264 33
264 71
264 98
264 137
264 162
264 201
264 279
264 314
264 326
264 376
264 400
264 483
264 525
264 564
265 219
265 515
265 233
265 560
265 518
265 401
265 169
265 20
265 31
265 70
265 125
265 157
265 272
265 307
265 322
265 380
265 413
265 554
265 564
266 122
266 301
266 180
266 19
266 349
266 251
266 33
266 113
266 216
266 500
266 15
266 324
266 480
266 483
266 550
266 572
267 596
267 39
267 257
267 568
267 467
267 419
267 118
267 478
267 3
267 224
267 244
267 276
267 289
267 520
267 535
267 544
268 280
268 536
268 577
268 529
268 254
268 552
268 522
268 583
268 178
268 15
268 189
268 109
268 157
268 199
268 261
268 289
268 300
268 310
268 311
268 323
268 431
268 433
268 464
268 484
268 501
268 574
269 415
269 409
269 490
269 199
269 428
269 74
269 71
269 524
269 525
269 461
269 151
269 130
269 144
269 214
269 449
269 531
270 573
270 346
270 367
270 196
270 241
270 543
270 203
270 97
270 34
270 44
270 63
270 77
270 147
270 172
270 285
270 336
270 402
270 553
271 358
271 539
271 505
271 284
271 544
271 397
271 204
271 343
271 112
271 31
271 43
271 46
271 97
271 104
271 124
271 145
271 185
271 210
271 230
271 313
271 411
271 442
271 459
271 556
272 192
272 568
272 265
272 481
272 442
272 191
272 10
272 32
272 55
272 60
272 312
272 321
272 419
272 463
272 513
273 123
273 112
273 526
273 482
273 146
273 498
273 236
273 379
273 126
273 243
273 43
273 64
273 200
273 252
273 487
273 505
273 569
273 596
274 66
274 166
274 333
274 283
274 565
274 280
274 231
274 588
274 536
274 140
274 476
274 583
275 343
275 226
275 487
275 352
275 447
275 84
275 21
275 41
275 74
275 190
275 236
275 249
275 416
275 455
275 456
275 492
276 267
276 433
276 307
276 109
276 120
276 558
276 289
276 245
276 453
276 374
276 43
276 335
276 380
276 473
276 495
276 549
277 283
277 543
277 600
277 373
277 247
277 133
277 290
277 316
277 351
277 435
277 478
278 445
278 582
278 67
278 166
278 263
278 419
278 423
278 13
278 282
278 393
278 347
278 406
278 40
278 117
278 156
278 518
278 527
278 574
279 300
279 362
279 291
279 489
279 457
279 414
279 264
279 420
279 162
279 465
279 588
279 284
279 367
279 437
279 497
280 37
280 174
280 507
280 377
280 198
280 73
280 229
280 121
280 76
280 96
280 176
280 240
280 251
280 268
280 274
280 295
280 342
280 508
280 551
280 552
280 565
281 384
281 399
281 550
281 599
281 254
281 62
281 282
281 366
281 317
281 453
281 590
281 76
281 107
281 150
281 245
281 350
281 386
281 411
281 438
281 542
282 379
282 130
282 289
282 347
282 137
282 165
282 526
282 14
282 22
282 34
282 50
282 72
282 278
282 281
282 288
282 364
282 366
282 403
282 468
282 477
282 527
283 30
283 562
283 152
283 167
283 341
283 124
283 73
283 154
283 199
283 225
283 264
283 274
283 277
283 323
283 358
283 389
284 504
284 96
284 575
284 481
284 62
284 410
284 34
284 279
284 6
284 49
284 59
284 78
284 79
284 97
284 179
284 207
284 258
284 271
284 291
284 544
285 429
285 149
285 85
285 270
285 11
285 293
285 18
285 69
285 79
285 393
285 2
285 74
285 87
285 119
285 131
285 229
285 349
285 401
285 473
286 337
286 501
286 78
286 566
286 173
286 33
286 350
286 397
286 438
287 405
287 42
287 414
287 361
287 142
287 407
287 293
287 160
287 40
287 172
287 28
287 33
287 108
287 68
287 50
287 87
287 122
287 129
287 134
287 185
287 201
287 212
287 570
287 592
288 282
288 203
288 581
288 345
288 592
288 123
288 132
288 381
288 411
288 507
288 536
288 583
289 379
289 339
289 267
289 591
289 268
289 391
289 100
289 180
289 211
289 276
289 282
289 367
289 382
290 101
290 277
290 302
290 32
290 463
290 15
290 442
290 197
290 481
290 8
290 406
290 213
290 24
290 47
290 60
290 116
290 145
290 309
290 324
290 423
290 566
290 574
291 166
291 313
291 588
291 284
291 592
291 343
291 598
291 553
291 293
291 495
291 571
291 23
291 8
291 256
291 62
291 63
291 91
291 107
291 133
291 138
291 257
291 279
291 356
291 426
291 427
291 447
291 454
291 569
291 590
292 535
292 203
292 352
292 123
292 295
292 526
292 360
292 358
292 170
292 130
292 439
292 525
292 121
292 166
292 199
292 368
292 429
292 522
293 526
293 49
293 497
293 506
293 208
293 550
293 53
293 237
293 33
293 512
293 21
293 38
293 42
293 55
293 70
293 108
293 118
293 222
293 285
293 287
293 291
293 324
293 400
293 435
293 481
294 305
294 399
294 348
294 535
294 179
294 114
294 119
294 164
294 176
294 245
294 347
294 392
294 507
295 554
295 207
295 175
295 556
295 280
295 148
295 211
295 318
295 208
295 577
295 499
295 242
295 292
295 346
295 366
295 369
296 490
296 161
296 213
296 12
296 60
296 93
296 187
296 232
296 353
296 414
296 435
297 328
297 95
297 107
297 144
297 148
297 203
297 214
297 232
297 319
297 332
297 348
297 439
297 462
297 571
298 312
298 544
298 483
298 331
298 121
298 589
298 99
298 369
298 525
298 127
298 319
298 161
298 186
298 368
298 532
299 26
299 57
299 101
299 206
299 164
299 582
299 331
299 587
299 173
299 398
299 397
299 42
299 47
299 93
299 240
299 416
299 444
299 479
299 505
299 510
299 552
300 390
300 18
300 268
300 564
300 206
300 507
300 523
300 241
300 353
300 302
300 207
300 251
300 279
300 306
300 311
300 321
301 422
301 357
301 521
301 95
301 306
301 467
301 180
301 132
301 430
301 66
301 131
301 238
301 266
301 370
301 378
301 427
301 487
301 565
302 559
302 403
302 167
302 143
302 133
302 224
302 217
302 389
302 63
302 314
302 150
302 290
302 300
302 318
302 363
302 419
303 184
303 431
303 65
303 89
303 227
303 262
303 390
303 408
303 424
303 426
303 428
303 439
304 103
304 475
304 575
304 19
304 189
304 254
304 62
304 307
304 465
305 577
305 419
305 398
305 403
305 221
305 512
305 219
305 378
305 117
305 559
305 404
305 34
305 139
305 259
305 294
305 319
305 357
305 426
305 588
306 22
306 74
306 396
306 47
306 527
306 143
306 54
306 333
306 90
306 300
306 491
306 72
306 174
306 219
306 553
306 138
306 301
306 332
306 371
306 404
306 419
306 476
306 528
306 564
306 593
307 218
307 265
307 341
307 304
307 248
307 442
307 478
307 188
307 203
307 220
307 261
307 276
307 415
307 440
307 465
307 487
307 493
307 505
308 439
308 479
308 395
308 31
308 17
308 194
308 223
308 347
308 379
308 529
308 572
308 574
309 577
309 220
309 598
309 229
309 117
309 479
309 23
309 412
309 290
309 49
309 501
309 525
309 526
309 562
309 379
309 33
309 42
309 48
309 150
309 347
309 410
309 434
309 497
309 500
309 535
309 590
309 596
310 448
310 478
310 112
310 356
310 196
310 198
310 195
310 136
310 268
310 408
310 575
310 557
310 42
310 46
310 94
310 231
310 325
310 331
310 374
310 447
310 458
310 467
311 300
311 268
311 44
311 37
311 87
311 124
311 206
311 226
311 418
311 426
311 440
311 488
311 597
312 433
312 553
312 386
312 128
312 99
312 353
312 166
312 272
312 70
312 162
312 298
312 372
312 483
312 511
312 564
312 595
313 190
313 450
313 271
313 482
313 120
313 493
313 430
313 20
313 171
313 196
313 291
313 323
313 348
313 382
313 412
313 456
313 461
314 216
314 598
314 165
314 477
314 580
314 404
314 585
314 443
314 440
314 530
314 264
314 202
314 99
314 173
314 197
314 302
314 456
314 517
315 461
315 557
315 423
315 238
315 437
315 156
315 381
315 17
315 466
315 145
315 10
315 20
315 146
315 164
315 401
315 486
315 535
315 583
316 35
316 246
316 538
316 277
316 386
316 570
316 60
316 142
316 203
316 208
316 449
316 453
316 510
316 558
317 66
317 372
317 122
317 120
317 210
317 449
317 259
317 513
317 32
317 50
317 121
317 145
317 199
317 281
317 405
317 462
318 176
318 302
318 228
318 349
318 322
318 249
318 521
318 510
318 37
318 243
318 110
318 123
318 197
318 295
318 527
319 28
319 305
319 235
319 297
319 151
319 155
319 42
319 135
319 146
319 248
319 256
319 298
319 400
319 510
320 488
320 335
320 332
320 447
320 515
320 209
320 341
320 135
320 30
320 71
320 236
320 344
320 425
320 498
320 520
321 300
321 554
321 430
321 439
321 105
321 526
321 174
321 30
321 106
321 588
321 525
321 356
321 493
321 517
321 272
321 533
321 99
321 455
321 1
321 34
321 63
321 415
321 448
321 528
322 21
322 423
322 1
322 437
322 471
322 127
322 265
322 201
322 412
322 242
322 142
322 51
322 129
322 318
322 324
322 327
322 399
322 481
323 452
323 268
323 364
323 123
323 283
323 313
323 67
323 173
323 228
323 232
323 251
323 367
323 388
323 535
323 579
323 591
324 563
324 538
324 516
324 379
324 18
324 532
324 62
324 322
324 358
324 214
324 266
324 290
324 293
324 204
324 34
324 105
324 127
324 186
324 188
324 333
324 430
325 482
325 54
325 91
325 492
325 94
325 310
325 71
325 103
325 164
325 48
325 96
325 125
325 128
325 153
325 212
325 225
325 239
325 398
325 441
326 580
326 264
326 66
326 448
326 104
326 547
326 118
326 197
326 219
326 403
326 409
326 471
327 350
327 330
327 322
327 453
327 150
327 586
327 367
327 470
327 1
327 37
327 119
327 168
327 214
327 336
327 506
328 124
328 476
328 453
328 428
328 18
328 444
328 250
328 68
328 509
328 86
328 518
328 29
328 83
328 99
328 297
328 376
328 501
328 539
328 574
329 446
329 210
329 66
329 362
329 530
330 42
330 349
330 425
330 359
330 538
330 25
330 498
330 203
330 179
330 123
330 34
330 7
330 60
330 223
330 327
330 367
330 384
330 414
330 467
330 486
331 362
331 470
331 169
331 474
331 532
331 310
331 18
331 365
331 409
331 410
331 51
331 73
331 128
331 134
331 298
331 299
331 400
331 406
331 424
331 430
331 514
331 591
332 335
332 371
332 588
332 423
332 297
332 246
332 89
332 306
332 372
332 486
332 93
332 139
332 219
332 320
332 376
332 415
332 450
332 565
333 419
333 560
333 336
333 324
333 411
333 536
333 113
333 242
333 574
333 103
333 143
333 170
333 218
333 274
333 306
333 363
333 389
333 430
333 509
334 53
334 395
334 16
334 124
334 408
334 536
334 541
334 348
334 123
334 240
334 369
334 457
334 460
334 559
335 451
335 401
335 276
335 75
335 440
335 17
335 53
335 128
335 320
335 332
335 357
335 495
335 503
335 536
335 571
336 129
336 434
336 363
336 479
336 366
336 10
336 327
336 67
336 428
336 108
336 24
336 107
336 270
336 375
336 218
336 228
336 333
336 362
336 377
337 104
337 419
337 174
337 49
337 575
337 7
337 142
337 144
337 286
337 371
337 452
337 471
338 22
338 538
338 9
338 58
338 110
338 119
338 139
338 200
338 220
338 447
338 566
338 575
339 454
339 538
339 230
339 387
339 12
339 595
339 545
339 375
339 194
339 206
339 391
339 41
339 50
339 289
339 415
339 471
339 524
339 562
340 210
340 577
340 377
340 258
340 55
340 24
340 61
340 244
340 370
340 419
340 473
340 490
341 59
341 416
341 143
341 64
341 396
341 586
341 190
341 415
341 17
341 19
341 199
341 220
341 121
341 1
341 425
341 524
341 518
341 223
341 41
341 107
341 124
341 283
341 307
341 320
341 437
341 456
341 519
341 522
341 567
342 10
342 600
342 490
342 524
342 187
342 81
342 469
342 214
342 206
342 86
342 280
342 416
342 550
342 11
342 55
342 99
342 110
342 125
342 565
342 578
342 592
343 418
343 431
343 33
343 577
343 424
343 132
343 544
343 357
343 531
343 36
343 13
343 43
343 56
343 64
343 159
343 169
343 208
343 244
343 271
343 275
343 291
343 345
343 551
344 320
344 120
344 24
344 552
344 171
344 251
344 1
344 2
344 54
344 83
344 216
344 477
345 374
345 343
345 237
345 484
345 45
345 170
345 203
345 214
345 245
345 288
345 352
345 487
345 570
345 591
346 514
346 295
346 530
346 599
346 560
346 583
346 231
346 270
346 357
346 393
346 448
346 454
346 513
347 9
347 71
347 93
347 118
347 235
347 294
347 308
347 309
347 582
347 241
347 6
347 25
347 376
347 199
347 207
347 211
347 278
347 282
347 358
347 514
347 534
348 508
348 20
348 225
348 524
348 434
348 161
348 511
348 556
348 297
348 313
348 32
348 57
348 87
348 105
348 221
348 252
348 294
348 334
348 371
348 395
348 509
348 585
349 472
349 39
349 409
349 499
349 285
349 462
349 186
349 353
349 420
349 191
349 374
349 216
349 509
349 19
349 26
349 46
349 112
349 122
349 154
349 266
349 318
349 330
349 417
349 423
350 286
350 554
350 112
350 12
350 281
350 75
350 134
350 473
350 87
350 251
350 327
350 363
350 368
350 382
350 464
351 251
351 512
351 277
351 65
351 18
351 170
351 476
351 26
351 95
351 3
351 80
351 155
351 581
351 591
351 593
352 415
352 460
352 538
352 162
352 345
352 558
352 203
352 434
352 42
352 70
352 182
352 199
352 240
352 275
352 292
352 406
352 431
352 528
353 218
353 27
353 246
353 234
353 296
353 22
353 135
353 200
353 233
353 256
353 264
353 300
353 312
353 349
353 364
353 529
354 508
354 499
354 360
354 85
354 518
354 569
354 56
354 496
354 597
355 528
355 416
355 253
355 146
355 234
355 202
355 425
355 138
355 141
355 226
355 255
355 397
355 423
355 566
355 572
356 539
356 291
356 445
356 416
356 546
356 530
356 166
356 189
356 235
356 263
356 310
356 321
356 380
356 388
356 412
356 474
356 502
357 305
357 249
357 496
357 358
357 156
357 46
357 188
357 41
357 116
357 251
357 346
357 335
357 122
357 143
357 212
357 218
357 223
357 301
357 343
357 378
357 430
357 561
357 565
357 572
358 228
358 542
358 150
358 46
358 283
358 600
358 180
358 347
358 95
358 137
358 241
358 271
358 292
358 324
358 357
358 370
358 391
358 430
358 456
358 595
359 400
359 417
359 360
359 234
359 580
359 109
359 36
359 90
359 156
359 182
359 208
359 330
359 398
359 399
359 493
359 524
359 559
359 587
360 115
360 441
360 59
360 153
360 292
360 354
360 359
360 379
360 486
360 513
360 563
361 445
361 233
361 207
361 546
361 170
361 493
361 72
361 209
361 240
361 287
361 386
361 410
361 477
361 484
361 555
362 336
362 107
362 232
362 450
362 371
362 329
362 88
362 151
362 279
362 331
362 470
362 572
363 350
363 228
363 20
363 18
363 142
363 204
363 302
363 473
363 333
363 199
363 552
363 237
363 542
363 158
363 208
363 336
363 390
363 392
363 447
363 454
363 457
363 524
363 536
363 570
364 529
364 353
364 241
364 250
364 498
364 523
364 567
364 282
364 90
364 217
364 323
364 437
364 487
364 533
365 215
365 502
365 407
365 436
365 206
365 263
365 522
365 551
365 119
365 556
365 108
365 389
365 214
365 196
365 64
365 122
365 149
365 247
365 331
365 470
365 524
365 526
366 295
366 461
366 419
366 224
366 282
366 27
366 281
366 336
366 456
367 222
367 330
367 230
367 581
367 587
367 289
367 323
367 566
367 279
367 64
367 177
367 197
367 270
367 327
368 233
368 350
368 298
368 292
368 155
368 107
368 154
368 228
368 7
368 163
368 181
368 370
368 376
368 392
368 403
369 334
369 214
369 382
369 569
369 53
369 295
369 187
369 417
369 473
369 87
369 298
369 432
369 502
369 515
369 518
370 253
370 104
370 68
370 222
370 510
370 358
370 379
370 77
370 593
370 368
370 340
370 301
370 392
370 460
370 6
370 75
370 93
370 97
370 128
370 264
370 388
370 471
370 541
371 459
371 64
371 306
371 348
371 337
371 174
371 244
371 332
371 362
371 409
371 426
371 434
371 482
371 525
371 544
371 568
371 589
372 164
372 217
372 429
372 565
372 229
372 204
372 482
372 99
372 312
372 520
372 34
372 96
372 121
372 140
372 151
372 158
372 179
372 253
372 317
372 332
372 379
372 422
372 458
372 535
373 516
373 132
373 145
373 277
373 377
374 310
374 58
374 165
374 18
374 50
374 113
374 175
374 546
374 529
374 519
374 20
374 97
374 186
374 199
374 276
374 345
374 349
374 492
375 45
375 428
375 255
375 46
375 444
375 9
375 336
375 339
375 423
375 507
375 538
375 574
376 368
376 332
376 496
376 328
376 158
376 169
376 264
376 199
376 127
376 6
376 28
376 347
376 543
376 575
377 496
377 259
377 196
377 597
377 336
377 116
377 421
377 384
377 94
377 559
377 578
377 407
377 373
377 13
377 23
377 102
377 280
377 340
377 512
378 253
378 115
378 247
378 466
378 87
378 357
378 497
378 301
378 202
378 52
378 89
378 117
378 122
378 160
378 305
378 393
378 412
378 563
379 140
379 360
379 308
379 414
379 594
379 82
379 372
379 12
379 77
379 209
379 273
379 282
379 289
379 309
379 324
379 370
380 276
380 515
380 254
380 265
380 104
380 356
380 406
380 40
380 21
380 71
380 110
380 182
380 247
380 257
380 261
380 414
380 431
380 445
380 477
380 587
380 599
381 288
381 458
381 504
381 170
381 103
381 2
381 94
381 169
381 315
381 413
381 424
381 475
381 537
382 384
382 350
382 225
382 553
382 574
382 388
382 170
382 289
382 313
382 172
382 49
382 191
382 46
382 67
382 186
382 369
382 463
382 542
383 218
383 16
383 110
383 173
383 465
383 237
383 475
384 488
384 120
384 64
384 42
384 330
384 180
384 254
384 146
384 428
384 101
384 65
384 9
384 22
384 56
384 63
384 70
384 80
384 89
384 91
384 192
384 281
384 377
384 382
384 509
385 554
385 494
385 27
385 206
385 96
385 262
385 53
385 114
385 166
385 193
385 218
385 437
386 172
386 527
386 361
386 571
386 477
386 531
386 26
386 281
386 182
386 93
386 164
386 168
386 171
386 189
386 244
386 312
386 316
386 442
387 54
387 504
387 132
387 26
387 459
387 28
387 71
387 107
387 109
387 258
387 339
387 424
387 440
387 540
387 552
388 26
388 509
388 323
388 356
388 155
388 118
388 246
388 370
388 563
388 107
388 78
388 122
388 139
388 382
388 394
388 476
388 540
389 78
389 39
389 283
389 333
389 522
389 92
389 95
389 106
389 197
389 205
389 210
389 302
389 365
389 595
390 472
390 152
390 90
390 240
390 135
390 303
390 516
390 1
390 178
390 363
390 2
390 51
390 79
390 118
390 153
390 191
390 210
390 218
390 300
390 525
390 592
391 168
391 432
391 144
391 590
391 488
391 358
391 183
391 394
391 78
391 15
391 17
391 94
391 114
391 137
391 207
391 289
391 339
391 393
391 441
392 368
392 294
392 249
392 414
392 220
392 563
392 213
392 511
392 363
392 11
392 17
392 49
392 96
392 123
392 370
392 527
392 552
393 194
393 496
393 346
393 391
393 378
393 256
393 538
393 278
393 285
393 408
393 549
393 576
393 584
394 583
394 440
394 388
394 214
394 534
394 60
394 10
394 231
394 128
394 465
394 479
394 59
394 260
394 222
394 41
394 156
394 391
394 513
394 570
395 348
395 3
395 46
395 158
395 181
395 182
395 186
395 190
395 204
395 308
395 334
395 406
395 422
395 443
395 465
395 589
396 148
396 30
396 465
396 514
396 15
396 160
396 29
396 110
396 111
396 147
396 200
396 306
396 341
396 456
396 459
396 589
397 240
397 286
397 355
397 448
397 74
397 489
397 572
397 485
397 459
397 548
397 99
397 271
397 299
397 458
397 461
398 448
398 72
398 117
398 325
398 222
398 359
398 137
398 122
398 162
398 299
398 305
398 411
398 478
399 440
399 193
399 359
399 422
399 500
399 116
399 322
399 562
399 42
399 103
399 127
399 163
399 180
399 281
399 294
399 481
399 526
399 540
400 264
400 596
400 580
400 540
400 507
400 319
400 511
400 331
400 293
400 530
400 11
400 94
400 218
400 223
400 240
400 359
400 572
401 48
401 315
401 285
401 53
401 60
401 138
401 153
401 265
401 335
401 423
401 481
401 488
401 530
402 103
402 567
402 44
402 503
402 127
402 157
402 270
402 112
402 46
402 544
402 155
402 571
402 31
402 81
402 216
402 487
402 516
402 546
402 599
403 506
403 408
403 282
403 152
403 148
403 368
403 326
403 573
403 589
403 86
403 105
403 130
403 135
403 208
403 213
403 302
403 305
404 442
404 139
404 456
404 205
404 558
404 306
404 161
404 82
404 219
404 305
404 314
404 523
404 540
405 223
405 227
405 317
405 135
405 24
405 199
405 453
405 427
405 51
405 32
405 548
405 2
405 46
405 169
405 174
405 211
405 221
405 287
405 498
405 585
406 434
406 220
406 204
406 331
406 513
406 201
406 352
406 395
406 1
406 43
406 278
406 290
406 380
406 459
407 77
407 188
407 555
407 101
407 173
407 151
407 152
407 186
407 187
407 189
407 218
407 287
407 365
407 377
407 444
408 448
408 80
408 393
408 598
408 303
408 524
408 492
408 594
408 3
408 33
408 60
408 72
408 198
408 221
408 310
408 334
408 403
408 528
409 421
409 217
409 43
409 326
409 585
409 371
409 79
409 82
409 129
409 269
409 331
409 349
409 451
409 481
409 584
410 361
410 309
410 589
410 514
410 229
410 202
410 430
410 257
410 170
410 147
410 190
410 48
410 92
410 110
410 167
410 284
410 331
410 483
411 445
411 398
411 501
411 562
411 218
411 30
411 281
411 158
411 220
411 271
411 288
411 156
411 521
411 459
411 549
411 31
411 97
411 163
411 169
411 205
411 333
411 505
411 544
411 553
411 595
412 356
412 414
412 496
412 378
412 162
412 313
412 174
412 580
412 237
412 89
412 193
412 231
412 256
412 309
412 322
412 481
412 498
412 522
412 530
412 558
412 574
413 459
413 512
413 381
413 42
413 461
413 187
413 91
413 166
413 239
413 63
413 123
413 579
413 184
413 14
413 235
413 560
413 428
413 265
413 589
413 37
413 65
413 89
413 491
413 498
413 499
413 532
413 537
414 535
414 118
414 330
414 79
414 213
414 495
414 296
414 544
414 380
414 95
414 85
414 225
414 279
414 287
414 379
414 392
414 412
414 541
415 307
415 193
415 339
415 74
415 177
415 533
415 126
415 321
415 171
415 513
415 450
415 332
415 155
415 5
415 40
415 140
415 205
415 233
415 269
415 341
415 352
415 465
415 501
415 559
415 562
416 275
416 299
416 202
416 341
416 342
416 355
416 356
416 441
416 457
417 142
417 232
417 496
417 535
417 467
417 349
417 507
417 33
417 94
417 132
417 159
417 161
417 169
417 209
417 239
417 359
417 369
417 484
417 530
418 65
418 453
418 215
418 193
418 175
418 92
418 109
418 440
418 238
418 163
418 78
418 584
418 77
418 311
418 248
418 117
418 343
418 495
418 574
419 272
419 306
419 302
419 240
419 340
419 512
419 510
419 181
419 26
419 91
419 105
419 222
419 267
419 278
419 305
419 333
419 337
419 366
419 433
419 490
419 522
420 189
420 16
420 80
420 149
420 182
420 201
420 279
420 349
420 434
420 441
420 455
420 521
420 528
420 577
421 551
421 86
421 170
421 148
421 79
421 429
421 566
421 462
421 377
421 409
421 451
421 513
421 543
422 476
422 372
422 545
422 67
422 395
422 11
422 17
422 301
422 399
422 504
423 401
423 513
423 375
423 199
423 42
423 349
423 561
423 355
423 290
423 465
423 5
423 26
423 53
423 79
423 116
423 132
423 179
423 197
423 235
423 251
423 278
423 315
423 322
423 332
423 428
423 440
423 458
424 387
424 303
424 91
424 46
424 331
424 381
424 176
424 513
424 137
424 64
424 256
424 343
424 475
424 500
424 537
424 569
424 593
425 560
425 249
425 506
425 448
425 142
425 190
425 320
425 205
425 258
425 582
425 481
425 137
425 490
425 87
425 102
425 135
425 224
425 225
425 237
425 238
425 330
425 341
425 355
425 477
425 547
426 464
426 60
426 311
426 498
426 254
426 291
426 449
426 371
426 305
426 303
426 79
426 100
426 208
426 228
426 497
426 533
426 575
427 301
427 10
427 59
427 291
427 1
427 24
427 25
427 55
427 112
427 180
427 190
427 405
427 445
427 523
427 548
428 210
428 423
428 595
428 524
428 303
428 251
428 503
428 112
428 200
428 3
428 150
428 457
428 579
428 43
428 47
428 76
428 269
428 328
428 336
428 375
428 384
428 413
428 467
428 515
429 26
429 74
429 85
429 292
429 2
429 28
429 112
429 161
429 214
429 285
429 372
429 421
429 593
430 480
430 592
430 65
430 160
430 333
430 543
430 24
430 331
430 358
430 76
430 357
430 324
430 69
430 87
430 93
430 137
430 149
430 200
430 301
430 313
430 321
430 410
431 182
431 352
431 233
431 521
431 268
431 594
431 498
431 380
431 74
431 512
431 1
431 62
431 67
431 124
431 262
431 303
431 343
431 451
432 32
432 245
432 207
432 170
432 91
432 190
432 369
432 98
432 204
432 579
432 436
432 22
432 36
432 58
432 212
432 249
432 391
432 505
433 463
433 111
433 479
433 446
433 152
433 268
433 46
433 419
433 82
433 125
433 214
433 251
433 276
433 312
433 523
433 565
434 78
434 525
434 114
434 452
434 19
434 35
434 420
434 371
434 38
434 309
434 96
434 126
434 336
434 348
434 352
434 406
435 85
435 277
435 296
435 597
435 293
435 63
435 469
435 46
435 552
435 559
435 120
435 205
435 142
435 166
435 67
435 457
435 507
436 3
436 29
436 62
436 201
436 234
436 365
436 432
436 487
436 564
437 64
437 279
437 209
437 204
437 70
437 341
437 364
437 385
437 160
437 74
437 30
437 174
437 315
437 322
437 503
437 525
437 582
438 51
438 473
438 139
438 281
438 286
438 479
438 508
438 538
438 560
438 571
438 589
439 543
439 297
439 303
439 19
439 184
439 255
439 74
439 222
439 485
439 114
439 506
439 166
439 10
439 72
439 121
439 145
439 238
439 292
439 308
439 321
439 441
439 547
439 550
440 423
440 311
440 107
440 387
440 88
440 156
440 171
440 307
440 115
440 314
440 335
440 394
440 399
440 418
441 445
441 391
441 325
441 420
441 170
441 56
441 416
441 27
441 439
441 246
441 540
441 43
441 63
441 81
441 237
441 360
441 581
442 49
442 72
442 248
442 102
442 593
442 127
442 271
442 186
442 386
442 555
442 34
442 114
442 237
442 261
442 272
442 290
442 307
442 404
442 543
442 564
443 58
443 188
443 233
443 395
443 490
443 54
443 79
443 99
443 135
443 193
443 204
443 250
443 314
443 462
443 541
443 591
444 516
444 162
444 31
444 84
444 407
444 299
444 496
444 81
444 231
444 28
444 74
444 179
444 328
444 375
444 487
444 504
444 597
445 380
445 154
445 487
445 448
445 427
445 493
445 25
445 200
445 278
445 356
445 361
445 411
445 441
445 498
445 509
445 523
445 593
446 170
446 143
446 201
446 329
446 433
446 486
446 505
446 594
447 5
447 143
447 310
447 291
447 570
447 468
447 363
447 4
447 78
447 338
447 591
447 70
447 112
447 264
447 275
447 320
447 533
448 321
448 229
448 544
448 169
448 144
448 46
448 574
448 35
448 346
448 491
448 552
448 586
448 514
448 26
448 28
448 125
448 194
448 310
448 326
448 397
448 398
448 408
448 425
448 445
448 478
448 482
448 597
449 576
449 564
449 316
449 545
449 269
449 1
449 92
449 528
449 7
449 64
449 228
449 242
449 317
449 426
449 502
450 332
450 208
450 90
450 481
450 469
450 82
450 227
450 577
450 581
450 192
450 19
450 111
450 127
450 161
450 212
450 225
450 313
450 362
450 415
450 464
451 114
451 192
451 409
451 237
451 224
451 431
451 540
451 496
451 421
451 115
451 57
451 77
451 81
451 135
451 172
451 204
451 335
451 457
451 570
452 176
452 337
452 230
452 238
452 19
452 454
452 564
452 200
452 323
452 434
452 558
452 565
453 499
453 213
453 251
453 457
453 316
453 31
453 134
453 166
453 237
453 276
453 281
453 327
453 328
453 405
453 418
453 519
453 549
453 558
453 585
453 590
454 496
454 346
454 600
454 363
454 6
454 181
454 291
454 150
454 546
454 52
454 104
454 65
454 125
454 339
454 452
454 472
454 513
454 539
455 218
455 275
455 596
455 228
455 597
455 195
455 540
455 184
455 243
455 120
455 56
455 420
455 572
455 175
455 36
455 93
455 152
455 193
455 197
455 223
455 321
455 482
455 510
455 571
456 152
456 209
456 566
456 554
456 396
456 313
456 479
456 314
456 366
456 508
456 572
456 275
456 173
456 358
456 144
456 341
456 594
456 42
456 94
456 404
456 555
456 574
456 590
457 220
457 219
457 198
457 451
457 159
457 497
457 363
457 561
457 334
457 416
457 254
457 60
457 463
457 435
457 127
457 135
457 185
457 187
457 279
457 428
457 453
457 595
458 176
458 423
458 587
458 517
458 310
458 372
458 549
458 485
458 464
458 397
458 127
458 215
458 381
458 592
458 596
459 77
459 406
459 99
459 173
459 520
459 159
459 46
459 460
459 271
459 220
459 500
459 228
459 396
459 586
459 53
459 106
459 170
459 192
459 255
459 371
459 387
459 397
459 411
459 413
459 506
459 546
459 573
460 595
460 173
460 76
460 334
460 530
460 2
460 161
460 21
460 37
460 93
460 352
460 370
460 459
460 465
460 479
460 509
460 527
460 594
461 91
461 225
461 10
461 488
461 159
461 94
461 397
461 313
461 36
461 53
461 98
461 127
461 165
461 186
461 257
461 269
461 315
461 366
461 413
461 514
461 525
461 583
462 548
462 297
462 317
462 216
462 443
462 13
462 37
462 187
462 208
462 349
462 421
462 467
463 41
463 382
463 561
463 110
463 13
463 272
463 34
463 115
463 5
463 135
463 247
463 256
463 290
463 433
463 457
463 568
464 88
464 12
464 95
464 20
464 200
464 501
464 181
464 450
464 268
464 186
464 580
464 257
464 350
464 74
464 108
464 116
464 154
464 172
464 426
464 458
464 472
465 53
465 415
465 202
465 304
465 179
465 48
465 460
465 395
465 307
465 525
465 135
465 117
465 279
465 383
465 394
465 396
465 423
465 512
465 527
466 78
466 109
466 246
466 39
466 64
466 69
466 119
466 122
466 180
466 315
466 378
466 467
466 489
466 505
467 466
467 462
467 428
467 237
467 258
467 130
467 555
467 533
467 77
467 330
467 53
467 561
467 488
467 553
467 135
467 175
467 310
467 9
467 61
467 219
467 222
467 253
467 267
467 301
467 417
467 550
468 282
468 147
468 503
468 139
468 181
468 17
468 51
468 206
468 447
468 521
469 484
469 559
469 152
469 246
469 244
469 566
469 102
469 161
469 186
469 205
469 342
469 435
469 450
469 586
470 149
470 580
470 514
470 362
470 135
470 365
470 576
470 214
470 7
470 39
470 117
470 122
470 193
470 327
470 331
470 513
470 551
470 599
471 522
471 326
471 29
471 251
471 22
471 594
471 519
471 339
471 370
471 247
471 59
471 538
471 337
471 550
471 220
471 262
471 263
471 322
471 484
471 499
471 507
471 598
472 574
472 548
472 454
472 99
472 238
472 464
472 241
472 349
472 390
472 494
473 97
473 506
473 147
473 285
473 589
473 20
473 276
473 164
473 175
473 340
473 65
473 232
473 350
473 363
473 369
473 438
473 546
473 596
474 356
474 85
474 208
474 241
474 331
474 540
475 383
475 511
475 515
475 381
475 491
475 424
475 30
475 61
475 67
475 68
475 304
475 561
476 526
476 57
476 388
476 515
476 274
476 306
476 9
476 11
476 201
476 264
476 328
476 351
476 422
477 166
477 361
477 425
477 380
477 282
477 344
477 26
477 28
477 39
477 49
477 61
477 104
477 141
477 152
477 314
477 386
478 497
478 54
478 277
478 448
478 240
478 118
478 480
478 398
478 99
478 15
478 81
478 85
478 100
478 149
478 222
478 249
478 267
478 307
478 310
478 484
478 506
478 526
478 561
478 577
479 104
479 239
479 600
479 460
479 246
479 299
479 535
479 595
479 205
479 135
479 80
479 67
479 155
479 173
479 308
479 309
479 336
479 394
479 433
479 438
479 456
479 533
479 534
480 538
480 556
480 266
480 138
480 573
480 225
480 203
480 567
480 533
480 594
480 523
480 528
480 222
480 248
480 430
480 478
481 409
481 399
481 249
481 412
481 401
481 175
481 240
481 293
481 322
481 250
481 161
481 7
481 9
481 55
481 66
481 84
481 90
481 91
481 205
481 272
481 284
481 290
481 425
481 450
481 502
481 582
482 448
482 35
482 559
482 221
482 254
482 371
482 487
482 455
482 39
482 59
482 121
482 154
482 170
482 192
482 273
482 313
482 325
482 372
482 501
483 225
483 410
483 23
483 266
483 112
483 312
483 592
483 259
483 558
483 4
483 82
483 486
483 264
483 584
483 65
483 95
483 161
483 298
483 557
484 478
484 212
484 471
484 417
484 592
484 502
484 579
484 268
484 361
484 73
484 93
484 97
484 222
484 345
484 469
484 597
485 75
485 103
485 6
485 41
485 92
485 147
485 159
485 176
485 212
485 228
485 397
485 439
485 458
485 544
486 508
486 184
486 315
486 330
486 360
486 171
486 258
486 71
486 90
486 446
486 131
486 522
486 259
486 78
486 79
486 332
486 483
486 592
487 402
487 498
487 273
487 301
487 12
487 436
487 364
487 345
487 444
487 307
487 493
487 97
487 18
487 30
487 84
487 90
487 244
487 275
487 445
487 482
488 132
488 401
488 242
488 237
488 3
488 311
488 158
488 176
488 498
488 28
488 149
488 152
488 159
488 193
488 320
488 384
488 391
488 461
488 467
488 501
488 547
489 466
489 19
489 41
489 55
489 160
489 279
489 397
490 580
490 419
490 134
490 340
490 161
490 171
490 137
490 521
490 197
490 574
490 40
490 60
490 67
490 69
490 75
490 203
490 269
490 296
490 342
490 425
490 443
490 492
490 505
491 413
491 45
491 584
491 499
491 19
491 129
491 186
491 306
491 448
491 475
491 516
491 596
492 374
492 235
492 490
492 97
492 535
492 275
492 169
492 188
492 196
492 202
492 209
492 213
492 229
492 246
492 325
492 408
492 588
493 210
493 19
493 597
493 531
493 161
493 199
493 171
493 359
493 307
493 190
493 223
493 313
493 321
493 361
493 445
493 487
494 251
494 472
494 30
494 257
494 592
494 15
494 56
494 97
494 110
494 167
494 170
494 222
494 385
494 518
495 418
495 276
495 335
495 149
495 95
495 205
495 239
495 144
495 164
495 200
495 291
495 414
495 515
495 520
495 534
496 354
496 96
496 62
496 73
496 199
496 357
496 376
496 377
496 393
496 412
496 417
496 444
496 451
496 454
496 508
496 568
496 573
497 52
497 426
497 279
497 249
497 540
497 309
497 60
497 194
497 293
497 378
497 457
497 478
497 506
497 521
498 320
498 246
498 577
498 413
498 445
498 182
498 561
498 204
498 96
498 137
498 36
498 551
498 405
498 412
498 64
498 249
498 232
498 72
498 87
498 110
498 148
498 178
498 201
498 242
498 245
498 273
498 330
498 364
498 426
498 431
498 487
498 488
498 541
498 575
499 30
499 159
499 215
499 2
499 567
499 35
499 413
499 471
499 22
499 75
499 121
499 295
499 349
499 354
499 453
499 491
499 504
499 518
499 553
500 519
500 26
500 309
500 34
500 167
500 71
500 117
500 424
500 541
500 173
500 266
500 399
500 459
500 515
501 482
501 415
501 16
501 328
501 268
501 488
501 172
501 120
501 151
501 176
501 190
501 248
501 286
501 309
501 411
501 464
501 514
502 369
502 449
502 481
502 356
502 211
502 236
502 365
502 484
503 335
503 515
503 571
503 161
503 197
503 211
503 230
503 437
503 206
503 536
503 551
503 12
503 21
503 134
503 153
503 249
503 402
503 428
503 468
503 596
504 595
504 237
504 579
504 444
504 577
504 499
504 209
504 422
504 121
504 126
504 284
504 381
504 387
504 544
505 510
505 466
505 218
505 44
505 446
505 273
505 299
505 490
505 560
505 411
505 52
505 307
505 432
505 34
505 79
505 127
505 262
505 271
505 578
506 459
506 177
506 103
506 478
506 327
506 524
506 497
506 588
506 252
506 249
506 7
506 139
506 189
506 218
506 220
506 245
506 250
506 251
506 293
506 403
506 425
506 439
506 473
506 518
506 527
507 471
507 521
507 192
507 435
507 294
507 375
507 252
507 288
507 587
507 145
507 280
507 300
507 400
507 417
507 594
508 280
508 531
508 438
508 496
508 570
508 28
508 51
508 118
508 155
508 249
508 348
508 354
508 456
508 486
508 561
509 460
509 111
509 112
509 333
509 348
509 99
509 445
509 384
509 217
509 28
509 34
509 42
509 81
509 96
509 127
509 150
509 328
509 349
509 388
509 585
510 236
510 316
510 319
510 545
510 455
510 555
510 299
510 41
510 29
510 37
510 78
510 159
510 318
510 370
510 419
510 505
511 107
511 260
511 312
511 120
511 252
511 539
511 530
511 109
511 158
511 186
511 201
511 219
511 258
511 262
511 348
511 392
511 400
511 475
511 564
511 579
511 588
512 241
512 166
512 465
512 532
512 190
512 590
512 377
512 170
512 110
512 112
512 122
512 247
512 293
512 305
512 351
512 413
512 419
512 431
512 513
512 568
513 110
513 535
513 246
513 454
513 176
513 470
513 114
513 33
513 394
513 421
513 566
513 60
513 272
513 346
513 151
513 576
513 360
513 512
513 131
513 23
513 192
513 201
513 317
513 406
513 415
513 423
513 424
514 461
514 501
514 331
514 568
514 532
514 222
514 10
514 38
514 85
514 142
514 347
514 16
514 35
514 128
514 144
514 214
514 247
514 346
514 396
514 410
514 448
514 470
514 600
515 495
515 262
515 148
515 583
515 2
515 369
515 428
515 500
515 159
515 36
515 142
515 193
515 210
515 261
515 265
515 320
515 380
515 475
515 476
515 503
515 564
515 585
516 55
516 112
516 150
516 588
516 491
516 402
516 576
516 86
516 121
516 149
516 324
516 373
516 390
516 444
516 517
516 593
517 150
517 314
517 538
517 144
517 77
517 56
517 537
517 125
517 157
517 29
517 15
517 131
517 180
517 516
517 27
517 35
517 72
517 209
517 321
517 458
517 587
518 278
518 494
518 536
518 499
518 105
518 118
518 114
518 29
518 506
518 369
518 252
518 570
518 68
518 41
518 107
518 131
518 179
518 195
518 265
518 328
518 341
518 354
518 549
518 592
519 453
519 105
519 153
519 238
519 173
519 140
519 341
519 131
519 21
519 46
519 101
519 374
519 471
519 500
519 547
520 267
520 193
520 495
520 5
520 27
520 320
520 543
520 599
520 199
520 137
520 135
520 523
520 22
520 54
520 102
520 372
520 459
520 536
520 547
521 497
521 127
521 168
521 105
521 468
521 420
521 119
521 5
521 30
521 42
521 51
521 68
521 252
521 301
521 318
521 411
521 431
521 490
521 507
522 341
522 91
522 38
522 412
522 292
522 419
522 218
522 66
522 90
522 93
522 160
522 174
522 200
522 228
522 233
522 241
522 268
522 365
522 389
522 471
522 486
523 404
523 445
523 132
523 555
523 433
523 224
523 112
523 427
523 184
523 9
523 47
523 135
523 140
523 161
523 300
523 364
523 480
523 520
524 363
524 563
524 543
524 365
524 157
524 256
524 533
524 359
524 339
524 154
524 269
524 341
524 342
524 348
524 408
524 428
524 506
524 557
524 579
525 461
525 264
525 196
525 437
525 217
525 371
525 255
525 49
525 390
525 22
525 121
525 153
525 170
525 269
525 292
525 298
525 309
525 321
525 434
525 465
525 548
526 126
526 196
526 399
526 365
526 478
526 202
526 9
526 71
526 167
526 181
526 187
526 223
526 273
526 282
526 292
526 293
526 309
526 321
526 476
526 561
526 571
527 96
527 583
527 278
527 549
527 460
527 465
527 282
527 133
527 392
527 506
527 318
527 7
527 62
527 108
527 257
527 306
527 386
527 572
528 352
528 588
528 179
528 408
528 5
528 116
528 50
528 581
528 306
528 420
528 321
528 567
528 172
528 46
528 127
528 251
528 355
528 449
528 480
528 540
529 148
529 564
529 308
529 239
529 210
529 106
529 50
529 227
529 353
529 82
529 93
529 105
529 214
529 223
529 224
529 268
529 364
529 374
529 577
530 329
530 84
530 561
530 412
530 401
530 417
530 33
530 58
530 78
530 102
530 212
530 314
530 346
530 356
530 400
530 460
530 511
530 545
531 133
531 269
531 163
531 213
531 50
531 15
531 186
531 343
531 386
531 493
531 508
531 568
532 89
532 413
532 186
532 571
532 258
532 70
532 298
532 200
532 213
532 261
532 324
532 331
532 512
532 514
533 447
533 364
533 69
533 479
533 426
533 16
533 95
533 109
533 321
533 415
533 467
533 480
533 524
533 550
533 562
534 495
534 347
534 49
534 479
534 99
534 561
534 154
534 252
534 394
534 554
534 556
535 372
535 309
535 148
535 315
535 87
535 160
535 569
535 267
535 170
535 323
535 46
535 56
535 58
535 86
535 261
535 292
535 294
535 414
535 417
535 479
535 492
535 513
536 156
536 116
536 520
536 335
536 363
536 96
536 288
536 120
536 149
536 176
536 268
536 274
536 333
536 334
536 503
536 518
537 381
537 91
537 413
537 424
537 248
537 517
537 552
537 569
538 133
538 29
538 194
538 438
538 375
538 52
538 17
538 138
538 32
538 93
538 101
538 316
538 324
538 330
538 338
538 339
538 352
538 393
538 471
538 480
538 517
539 328
539 454
539 122
539 263
539 101
539 175
539 219
539 220
539 271
539 356
539 511
539 554
539 582
540 388
540 171
540 255
540 387
540 528
540 399
540 59
540 404
540 474
540 17
540 26
540 97
540 151
540 400
540 441
540 451
540 455
540 497
540 556
541 443
541 591
541 370
541 59
541 498
541 414
541 547
541 34
541 225
541 334
541 500
542 281
542 382
542 90
542 72
542 1
542 561
542 577
542 25
542 69
542 76
542 175
542 185
542 211
542 264
542 358
542 363
542 569
543 15
543 173
543 77
543 442
543 11
543 376
543 178
543 31
543 545
543 36
543 115
543 421
543 93
543 164
543 200
543 270
543 277
543 430
543 439
543 520
543 524
544 230
544 284
544 132
544 129
544 371
544 485
544 411
544 50
544 504
544 267
544 233
544 16
544 48
544 153
544 176
544 224
544 252
544 271
544 298
544 343
544 402
544 414
544 448
544 563
545 117
545 159
545 251
545 530
545 6
545 69
545 339
545 422
545 449
545 510
545 543
546 143
546 52
546 69
546 34
546 459
546 243
546 473
546 33
546 115
546 573
546 402
546 7
546 51
546 82
546 104
546 137
546 356
546 361
546 374
546 454
546 571
547 115
547 519
547 439
547 33
547 140
547 425
547 554
547 520
547 488
547 550
547 38
547 203
547 95
547 24
547 34
547 131
547 257
547 264
547 326
547 541
547 569
548 8
548 427
548 30
548 525
548 259
548 589
548 42
548 104
548 150
548 49
548 63
548 397
548 405
548 462
548 472
549 518
549 276
549 453
549 393
549 20
549 180
549 235
549 9
549 118
549 196
549 109
549 21
549 69
549 90
549 156
549 256
549 411
549 458
549 527
550 533
550 49
550 439
550 266
550 169
550 580
550 467
550 180
550 182
550 206
550 281
550 293
550 342
550 471
550 547
550 577
551 280
551 558
551 343
551 470
551 593
551 2
551 11
551 30
551 73
551 199
551 365
551 421
551 498
551 503
552 92
552 582
552 392
552 189
552 581
552 58
552 179
552 537
552 141
552 387
552 299
552 280
552 115
552 109
552 159
552 247
552 268
552 344
552 363
552 435
552 448
552 571
553 215
553 499
553 238
553 119
553 411
553 575
553 225
553 263
553 55
553 270
553 153
553 17
553 60
553 74
553 117
553 239
553 291
553 306
553 312
553 382
553 467
554 534
554 539
554 265
554 2
554 57
554 123
554 201
554 295
554 321
554 350
554 385
554 456
554 547
554 555
555 119
555 91
555 193
555 99
555 6
555 92
555 456
555 361
555 554
555 580
555 22
555 31
555 71
555 195
555 218
555 407
555 442
555 467
555 510
555 523
555 562
556 534
556 540
556 256
556 271
556 61
556 38
556 203
556 154
556 178
556 208
556 264
556 295
556 348
556 365
556 480
557 55
557 118
557 197
557 524
557 176
557 483
557 123
557 6
557 48
557 81
557 144
557 187
557 237
557 310
557 315
558 586
558 452
558 453
558 210
558 589
558 412
558 316
558 20
558 47
558 102
558 127
558 140
558 276
558 352
558 404
558 483
558 551
558 561
558 574
559 28
559 359
559 245
559 98
559 334
559 143
559 235
559 415
559 12
559 15
559 41
559 119
559 126
559 158
559 302
559 305
559 377
559 435
559 469
559 482
559 566
560 3
560 53
560 214
560 438
560 23
560 37
560 5
560 265
560 333
560 346
560 413
560 425
560 505
561 478
561 215
561 357
561 128
561 558
561 526
561 105
561 475
561 508
561 1
561 19
561 30
561 46
561 123
561 160
561 176
561 423
561 457
561 463
561 467
561 498
561 530
561 534
561 542
562 339
562 598
562 415
562 200
562 51
562 533
562 63
562 81
562 555
562 7
562 44
562 97
562 146
562 174
562 218
562 283
562 309
562 399
562 411
562 588
563 157
563 544
563 360
563 15
563 92
563 35
563 574
563 250
563 184
563 147
563 378
563 22
563 29
563 30
563 69
563 98
563 324
563 388
563 392
563 524
564 238
564 515
564 111
564 68
564 573
564 312
564 134
564 264
564 189
564 511
564 436
564 442
564 21
564 193
564 306
564 582
564 201
564 265
564 40
564 146
564 152
564 167
564 300
564 449
564 452
564 529
564 594
565 19
565 5
565 280
565 433
565 207
565 332
565 452
565 342
565 301
565 357
565 38
565 71
565 175
565 274
565 372
566 355
566 290
566 58
566 43
566 559
566 338
566 77
566 85
566 125
566 171
566 180
566 199
566 223
566 286
566 367
566 421
566 456
566 469
566 513
567 45
567 341
567 32
567 136
567 364
567 402
567 480
567 499
567 528
567 573
568 512
568 531
568 263
568 57
568 247
568 463
568 25
568 23
568 371
568 33
568 171
568 8
568 496
568 47
568 70
568 103
568 121
568 123
568 267
568 272
568 514
569 182
569 542
569 177
569 234
569 424
569 273
569 537
569 291
569 547
569 56
569 85
569 102
569 143
569 170
569 172
569 354
569 369
569 535
570 85
570 4
570 363
570 95
570 394
570 131
570 193
570 257
570 345
570 217
570 451
570 287
570 581
570 3
570 50
570 83
570 124
570 134
570 159
570 241
570 316
570 447
570 508
570 518
570 596
571 297
571 546
571 455
571 335
571 438
571 526
571 552
571 77
571 209
571 291
571 386
571 402
571 503
571 532
572 400
572 266
572 357
572 181
572 61
572 50
572 308
572 188
572 362
572 355
572 527
572 5
572 13
572 180
572 397
572 455
572 456
573 496
573 47
573 567
573 459
573 42
573 50
573 85
573 117
573 235
573 270
573 403
573 480
573 546
573 564
574 598
574 412
574 456
574 328
574 558
574 54
574 268
574 31
574 375
574 418
574 183
574 308
574 278
574 290
574 84
574 9
574 27
574 57
574 112
574 127
574 264
574 333
574 382
574 448
574 472
574 490
574 563
575 596
575 376
575 95
575 106
575 426
575 498
575 338
575 34
575 62
575 70
575 100
575 121
575 166
575 284
575 304
575 310
575 337
575 553
576 122
576 393
576 229
576 147
576 233
576 74
576 216
576 449
576 470
576 513
576 516
577 529
577 550
577 28
577 246
577 590
577 478
577 420
577 66
577 73
577 94
577 155
577 255
577 268
577 295
577 305
577 309
577 340
577 343
577 450
577 498
577 504
577 542
578 239
578 342
578 16
578 69
578 505
578 64
578 101
578 140
578 163
578 377
578 587
579 28
579 203
579 192
579 323
579 524
579 17
579 107
579 511
579 64
579 154
579 247
579 413
579 428
579 432
579 484
579 504
580 160
580 48
580 104
580 187
580 210
580 225
580 242
580 248
580 314
580 326
580 359
580 400
580 412
580 464
580 470
580 490
580 550
580 555
580 586
581 63
581 59
581 441
581 351
581 185
581 124
581 288
581 367
581 450
581 528
581 552
581 570
582 216
582 224
582 539
582 140
582 437
582 481
582 36
582 61
582 103
582 278
582 299
582 347
582 425
582 552
582 564
582 586
582 592
583 86
583 274
583 315
583 187
583 461
583 288
583 160
583 12
583 41
583 50
583 62
583 183
583 219
583 251
583 268
583 346
583 394
583 515
583 527
584 409
584 256
584 393
584 19
584 94
584 209
584 230
584 418
584 483
584 491
585 509
585 598
585 97
585 453
585 348
585 119
585 4
585 156
585 515
585 17
585 229
585 405
585 3
585 66
585 81
585 109
585 214
585 314
585 409
586 6
586 17
586 126
586 166
586 469
586 580
586 582
586 205
586 70
586 82
586 93
586 112
586 153
586 171
586 259
586 327
586 341
586 448
586 459
586 558
587 359
587 178
587 517
587 172
587 31
587 592
587 599
587 380
587 578
587 93
587 182
587 262
587 299
587 367
587 458
587 507
588 511
588 305
588 562
588 492
588 226
588 78
588 116
588 119
588 274
588 279
588 291
588 321
588 332
588 506
588 516
588 528
589 395
589 396
589 55
589 371
589 165
589 125
589 438
589 81
589 151
589 196
589 217
589 298
589 403
589 410
589 413
589 473
589 548
589 558
590 291
590 309
590 456
590 453
590 57
590 98
590 9
590 19
590 95
590 138
590 197
590 229
590 281
590 391
590 512
590 577
590 591
591 323
591 30
591 443
591 16
591 331
591 345
591 590
591 351
591 125
591 145
591 289
591 447
591 541
592 287
592 342
592 29
592 231
592 518
592 582
592 390
592 458
592 486
592 96
592 108
592 134
592 181
592 202
592 244
592 288
592 291
592 430
592 483
592 484
592 494
592 587
593 208
593 13
593 429
593 351
593 424
593 95
593 225
593 132
593 445
593 306
593 516
593 35
593 211
593 223
593 370
593 442
593 551
594 153
594 235
594 446
594 188
594 460
594 507
594 564
594 192
594 252
594 199
594 255
594 379
594 408
594 431
594 456
594 471
594 480
595 358
595 389
595 312
595 457
595 411
595 51
595 83
595 105
595 123
595 210
595 339
595 428
595 460
595 479
595 504
596 473
596 273
596 491
596 309
596 141
596 458
596 503
596 570
596 122
596 123
596 267
596 400
596 455
596 575
597 354
597 115
597 311
597 448
597 444
597 484
597 241
597 38
597 57
597 102
597 109
597 119
597 377
597 435
597 455
597 493
598 180
598 211
598 471
598 245
598 152
598 176
598 291
598 309
598 314
598 408
598 562
598 574
598 585
599 128
599 119
599 470
599 102
599 402
599 12
599 380
599 147
599 203
599 213
599 281
599 346
599 520
599 587
600 514
600 93
600 219
600 186
600 110
600 178
600 192
600 208
600 277
600 342
600 358
600 454
600 479
