1 40
1 13
1 27
1 32
1 8
1 24
1 22
1 21
1 30
1 34
1 36
2 11
2 36
2 45
2 26
2 44
2 16
2 17
2 5
2 7
2 10
2 12
2 15
2 22
2 24
2 50
3 47
3 11
3 40
3 25
3 15
3 16
3 9
3 35
3 19
3 20
3 21
3 22
3 26
3 27
3 32
3 39
3 42
3 45
3 48
4 31
4 20
4 42
4 33
4 8
4 11
4 17
4 13
4 37
4 6
4 22
4 36
4 38
4 15
4 28
4 45
5 16
5 2
5 47
5 18
5 36
5 43
5 7
5 9
5 48
5 29
5 39
5 34
5 14
5 32
5 35
5 37
5 45
5 46
6 13
6 7
6 19
6 43
6 24
6 18
6 36
6 35
6 32
6 4
6 12
6 14
6 20
6 28
6 29
6 33
6 45
6 47
7 35
7 2
7 16
7 46
7 21
7 42
7 5
7 6
7 22
7 23
7 27
7 34
7 38
7 41
7 45
8 46
8 36
8 17
8 41
8 39
8 28
8 19
8 50
8 21
8 9
8 1
8 4
8 26
8 42
8 48
9 20
9 3
9 5
9 8
9 10
9 13
9 14
9 19
9 21
9 23
9 27
9 32
9 34
9 36
9 38
10 2
10 14
10 23
10 34
10 41
10 9
10 19
10 45
10 15
10 22
10 12
10 21
10 33
10 37
10 17
10 18
10 44
10 11
10 13
10 29
10 30
10 43
11 31
11 41
11 20
11 15
11 16
11 12
11 45
11 27
11 10
11 2
11 3
11 4
11 17
11 19
11 21
11 26
11 28
11 47
11 48
12 48
12 42
12 22
12 46
12 50
12 43
12 6
12 2
12 26
12 28
12 34
12 49
12 21
12 18
12 29
12 10
12 11
12 39
12 45
12 47
13 32
13 48
13 24
13 45
13 25
13 9
13 33
13 50
13 43
13 42
13 10
13 1
13 4
13 6
13 14
13 20
13 26
13 27
13 29
13 39
13 41
13 46
14 9
14 33
14 23
14 21
14 13
14 5
14 40
14 36
14 6
14 10
14 17
14 48
14 50
15 49
15 38
15 29
15 2
15 21
15 35
15 4
15 3
15 10
15 11
15 24
15 25
15 30
15 40
16 20
16 2
16 3
16 5
16 7
16 11
16 17
16 21
16 23
16 25
16 26
16 32
16 36
16 37
16 41
16 45
16 46
16 50
17 11
17 39
17 18
17 38
17 41
17 50
17 16
17 14
17 37
17 25
17 48
17 2
17 4
17 8
17 10
17 21
17 26
17 27
17 43
17 46
17 49
18 21
18 48
18 31
18 39
18 43
18 32
18 40
18 37
18 34
18 26
18 5
18 6
18 10
18 12
18 17
18 25
18 27
18 29
18 38
18 45
19 40
19 49
19 37
19 11
19 9
19 3
19 31
19 22
19 42
19 6
19 8
19 10
19 21
19 27
19 47
19 48
20 47
20 13
20 40
20 34
20 49
20 6
20 21
20 39
20 3
20 29
20 4
20 9
20 11
20 16
20 24
20 30
20 35
21 22
21 17
21 3
21 29
21 32
21 39
21 26
21 47
21 23
21 35
21 45
21 44
21 33
21 11
21 9
21 41
21 16
21 43
21 19
21 1
21 7
21 8
21 10
21 12
21 14
21 15
21 18
21 20
21 27
21 34
21 37
22 41
22 44
22 50
22 38
22 32
22 31
22 2
22 23
22 35
22 7
22 3
22 34
22 33
22 1
22 4
22 10
22 12
22 19
22 21
23 49
23 28
23 50
23 7
23 26
23 9
23 16
23 25
23 38
23 43
23 45
23 35
23 29
23 10
23 14
23 21
23 22
23 41
23 48
24 15
24 20
24 25
24 2
24 28
24 43
24 50
24 35
24 1
24 6
24 13
24 26
24 33
24 45
24 46
24 49
25 44
25 47
25 16
25 34
25 18
25 15
25 3
25 13
25 17
25 23
25 24
25 32
25 35
25 39
26 28
26 31
26 8
26 38
26 16
26 17
26 3
26 42
26 13
26 34
26 11
26 45
26 39
26 24
26 2
26 12
26 18
26 21
26 23
26 37
26 41
26 44
27 19
27 17
27 13
27 18
27 7
27 21
27 46
27 9
27 28
27 3
27 1
27 11
27 32
27 40
27 47
28 4
28 6
28 11
28 47
28 30
28 8
28 12
28 23
28 24
28 26
28 27
28 31
28 32
28 34
28 38
28 45
29 46
29 18
29 13
29 6
29 34
29 10
29 5
29 12
29 15
29 20
29 21
29 23
29 31
29 36
29 45
30 15
30 41
30 10
30 20
30 1
30 28
30 32
30 34
30 48
30 49
31 45
31 28
31 29
31 4
31 11
31 18
31 19
31 22
31 26
31 34
31 35
31 37
31 43
31 47
31 50
32 9
32 28
32 16
32 27
32 3
32 34
32 36
32 30
32 5
32 37
32 25
32 1
32 6
32 13
32 18
32 21
32 22
32 42
32 47
33 6
33 24
33 4
33 10
33 13
33 14
33 21
33 22
33 34
33 44
34 1
34 31
34 50
34 47
34 7
34 30
34 28
34 21
34 9
34 40
34 33
34 5
34 10
34 12
34 18
34 20
34 22
34 25
34 26
34 29
34 32
34 35
34 38
34 45
34 48
35 25
35 37
35 31
35 34
35 20
35 5
35 49
35 3
35 6
35 7
35 15
35 21
35 22
35 23
35 24
35 36
35 41
35 50
36 43
36 35
36 16
36 44
36 29
36 1
36 42
36 9
36 2
36 4
36 5
36 6
36 8
36 14
36 32
36 46
36 47
37 26
37 5
37 31
37 21
37 45
37 41
37 16
37 4
37 10
37 17
37 18
37 19
37 32
37 35
38 34
38 18
38 9
38 28
38 7
38 4
38 15
38 17
38 22
38 23
38 26
38 41
38 46
38 49
39 25
39 3
39 50
39 13
39 12
39 5
39 8
39 17
39 18
39 20
39 21
39 26
39 43
39 49
40 44
40 15
40 50
40 42
40 43
40 27
40 1
40 3
40 14
40 18
40 19
40 20
40 34
40 49
41 49
41 35
41 47
41 45
41 38
41 23
41 13
41 16
41 7
41 26
41 8
41 10
41 11
41 17
41 21
41 22
41 30
41 37
41 44
41 46
42 45
42 8
42 3
42 48
42 32
42 4
42 7
42 12
42 13
42 19
42 26
42 36
42 40
42 50
43 10
43 31
43 17
43 39
43 5
43 6
43 12
43 13
43 18
43 21
43 23
43 24
43 36
43 40
43 45
43 49
44 45
44 33
44 26
44 41
44 2
44 10
44 21
44 22
44 25
44 36
44 40
44 49
45 43
45 16
45 4
45 12
45 5
45 6
45 29
45 34
45 18
45 24
45 50
45 3
45 28
45 7
45 2
45 10
45 11
45 13
45 21
45 23
45 26
45 31
45 37
45 41
45 42
45 44
45 46
45 47
46 13
46 24
46 36
46 45
46 16
46 38
46 17
46 5
46 41
46 7
46 8
46 12
46 27
46 29
46 47
47 49
47 11
47 45
47 12
47 46
47 6
47 36
47 31
47 32
47 19
47 27
47 3
47 5
47 20
47 21
47 25
47 28
47 34
47 41
48 14
48 3
48 19
48 30
48 11
48 34
48 23
48 8
48 5
48 12
48 13
48 17
48 18
48 42
49 40
49 39
49 38
49 17
49 44
49 43
49 30
49 24
49 12
49 15
49 19
49 20
49 23
49 35
49 41
49 47
50 16
50 31
50 42
50 14
50 2
50 35
50 8
50 12
50 13
50 17
50 22
50 23
50 24
50 34
50 39
50 40
50 45
